0 0.818191778125 0.7271454890625 0.7891318015625 0.725441959375 0.7738034828125 0.71947960625 0.7773162453125 0.901331390625 0.7862577390625 0.9089972890625001 0.807334228125 0.9136819921875 0.827772015625 0.9107008125 0.835436153125 0.9047384812500001 0.8389489156250001 0.7203313687499999 0.818191778125 0.7271454890625
0 0.9050523546875 0.71564666875 0.8884466359375001 0.7233125484375 0.861941415625 0.7224607796875 0.841184278125 0.7173501921875001 0.8376715593749999 0.8949431499999999 0.853319228125 0.903886690625 0.8708829546875 0.9060161093750001 0.8849339171875 0.9047384812500001 0.8938754546875 0.9009055109374999 0.8993042296875 0.898350240625 0.9050523546875 0.71564666875
0 0.721112328125 0.702018425 0.699716534375 0.6998890140625 0.7057840078125001 0.8578913765625 0.7233477125000001 0.8600207953125001 0.73644066875 0.8587431531249999 0.748894925 0.8540584359375 0.7463402140625 0.69733371875 0.7437855 0.6998890140625 0.721112328125 0.702018425
0 0.6869429265625 0.6940952984375001 0.6326550875 0.697076471875 0.63680650625 0.841024728125 0.6891783328125001 0.8384694578125 0.6869429265625 0.6940952984375001
0 0.6301003749999999 0.70602001875 0.5716610734375001 0.712408253125 0.5780479 0.8601894359375001 0.6316970828125 0.8529494203124999 0.6301003749999999 0.70602001875
0 0.5141136921875 0.7578754671875 0.480184921875 0.7593195781250001 0.45997207656250005 0.7569127375 0.463942434375 0.92635379375 0.48487721562499997 0.9287606343749999 0.505090109375 0.9292419828125 0.530717109375 0.9258724453125 0.5433501671875 0.9234656046874999 0.5357703578125 0.7540245234375 0.5141136921875 0.7578754671875
0 0.4318184171875 0.70925743125 0.377315846875 0.713589746875 0.3852566125 0.8825494468749999 0.4393982515625 0.877254384375 0.4318184171875 0.70925743125
0 0.374483634375 0.7074550953125 0.316060103125 0.711715625 0.3223998921875 0.8701912328124999 0.3789479484375 0.8646343968749999 0.374483634375 0.7074550953125
0 0.3042449625 0.7138057765625 0.26585179375 0.715707790625 0.2712089796875 0.8658251453125001 0.30781640625 0.8638405515625 0.3042449625 0.7138057765625
0 0.2509475796875 0.7219923234375 0.21239181093749998 0.7219923234375 0.219048915625 0.8836483984375001 0.2542761234375 0.88290855625 0.2509475796875 0.7219923234375
0 0.2073989578125 0.7208825421875 0.1682884296875 0.72421184375 0.1788288546875 0.8847581734375 0.2148882078125 0.88401830625 0.2073989578125 0.7208825421875
0 0.1688431875 0.710524715625 0.12279816562500001 0.7134071328125 0.1338933484375 0.8843882390625 0.1768871953125 0.8810589375 0.1688431875 0.710524715625
0 0.1211189359375 0.71039185625 0.07539646718750001 0.7136380375 0.0867820140625 0.8857448765625 0.13312290468750002 0.8805327046875 0.1211189359375 0.71039185625
0 0.9011650031249999 0.8615379265625001 0.9361424156249999 0.859234359375 0.9527674859375 0.8511719078125 0.9560061453124999 0.6844521015625 0.9376537718750001 0.6913627625000001 0.9050513812500001 0.691938659375 0.9011650031249999 0.8615379265625001
0 0.9760789624999999 0.12309369218749999 0.9175688640624999 0.12097302031249998 0.89750789375 0.9034856359375001 0.9534398734374999 0.8946055921875 0.9760789624999999 0.12309369218749999
0 0.846236915625 0 0.8369149109375 0.94024563125 0.8508979171875 0.9526776921875 0.8815273015624999 0.9491257359375 0.89750789375 0.94646163125 0.9174835640625 0.000363875 0.8469027468749999 0 0.846236915625 0
0 0.77577420625 0.944685684375 0.8004109265625001 0.958005840625 0.8217183968749999 0.9562297718749999 0.8357013125 0.9491257359375 0.8416940687500001 0 0.7693082453125 0.0011098437500000002 0.77577420625 0.944685684375
0 0.7303778296875 0.9052617046875 0.7530169625 0.8999336187500001 0.7410315875 0.1793898 0.6890947328125 0.1829418484375 0.70307769375 0.9017096265625 0.7303778296875 0.9052617046875
0 0.6791068499999999 0.16518170000000001 0.6218432078125 0.1678456828125 0.6331627515625 0.8946055921875 0.6897605640625 0.889277565625 0.6791068499999999 0.16518170000000001
0 0.616516328125 0.1616296203125 0.5580642859375 0.161926271875 0.5765649390625 0.9146781515625 0.632496875 0.9093501249999999 0.616516328125 0.1616296203125
0 0.42907512499999995 0.0229188453125 0.399268184375 0.0308125 0.44765413125000003 0.9632274031250001 0.46065945468749997 0.9756162234374999 0.504320190625 0.9830494640625 0.538691265625 0.976855053125 0.5656308906249999 0.9632274031250001 0.5433360328125 0.016724446875 0.42907512499999995 0.0229188453125
0 0.40678033124999996 0.2176282765625 0.3532925515625 0.2205182234375 0.3863433671875 0.9451797171875 0.4420804484375 0.9439408421875 0.40678033124999996 0.2176282765625
0 0.32410368906250003 0.9107238828125 0.3826275796875 0.9108537296874999 0.35278244375 0.21950808125000001 0.35622492031249997 0.21915493125 0.35661699687500004 0.1934134265625 0.2934483390625 0.1955106734375 0.32410368906250003 0.9107238828125
0 0.286786246875 0.2308421578125 0.24608093593749997 0.232438815625 0.2736168734375 0.912226025 0.3095333234375 0.912384084375 0.286786246875 0.2308421578125
0 0.22119746093749998 0.0446008265625 0.183724765625 0.045580721875 0.21972794843750001 0.9494545750000001 0.2594049390625 0.946514925 0.22119746093749998 0.0446008265625
0 0.18005100937500002 0.0479285296875 0.13596543125 0.0495003171875 0.182989984375 0.95004645 0.21972794843750001 0.9471067671875 0.18005100937500002 0.0479285296875
0 0.13596543125 0.0935957328125 0.087471315625 0.094187625 0.13743494375 0.9451469765624999 0.1793161765625 0.940247471875 0.13596543125 0.0935957328125
0 0.086001803125 0.0951675109375 0.03480359375 0.0971179203125 0.091145121875 0.95004645 0.13596543125 0.9406354921875 0.086001803125 0.0951675109375