0 0 0.5622686234375001 0.0026707171875000003 0.8299651859375 0.007424946875 0.83540229375 0.0291584046875 0.8363085124999999 0.04885438125 0.833773865625 0.0325542609375 0.1816652125 0.0189708359375 0.17713421875 0 0.1780144609375 0 0.5622686234375001
0 0.083289275 0.8393007062500001 0.09250938125 0.8363716265625 0.08372832031250001 0.1784916875 0.0415792359375 0.1773200515625 0.0547508265625 0.8328567187499999 0.06221471562500001 0.8398865125 0.083289275 0.8393007062500001
0 0.08987506875 0.8456257375 0.09338747343750001 0.846797396875 0.115779171875 0.8503122828125 0.12060878125 0.8473832031249999 0.11621825156250001 0.1772011421875 0.10743719062499998 0.1726335296875 0.0894359890625 0.1702902734375 0.085045459375 0.1767342328125 0.08987506875 0.8456257375
0 0.16451408437499998 0.2984649921875 0.16451408437499998 0.180130221875 0.1522205875 0.1742720640625 0.14036616875000002 0.17544367656249998 0.13334129374999998 0.181301834375 0.138170903125 0.8326188765625 0.13685373125 0.84082030625 0.1526596328125 0.842577771875 0.1469519640625 0.2984649921875 0.16451408437499998 0.2984649921875
0 0.177246596875 0.30080830937499997 0.14783005625 0.2997555609375 0.1526596328125 0.8585137125 0.17197797343750001 0.8614427906250001 0.1855886109375 0.8590995203125 0.177246596875 0.30080830937499997
0 0.208858434375 0.29916973125 0.1930525328125 0.3020988109375 0.19480871718749998 0.8573420531249999 0.22861582187499999 0.8573420531249999 0.2259815109375 0.303270446875 0.208858434375 0.29916973125
0 0.25715426875 0.1802491296875 0.220770553125 0.18023058593750002 0.24442172499999998 0.8714016421874999 0.25232469218750003 0.8743307218749999 0.2813021859375 0.8690583703125 0.25715426875 0.1802491296875
0 0.2834974515625 0.8725733 0.3199388671875 0.8714016421874999 0.2909613390625 0.10151196250000001 0.2569984421875 0.10409743906249999 0.2834974515625 0.8725733
0 0.34803823437500003 0.0956538046875 0.309144646875 0.091652596875 0.32476840937499996 0.88663284375 0.3576973875 0.88663284375 0.36340509062500004 0.8772598 0.34803823437500003 0.0956538046875
0 0.37191163125000004 0.872511165625 0.42166810000000005 0.8747744656249999 0.419406434375 0.155804746875 0.3685191546875 0.155804746875 0.37191163125000004 0.872511165625
0 0.4318455296875 0.8830729703125 0.451635028125 0.8830729703125 0.4652049765625 0.8808097296874999 0.4702937140625 0.18598138125000002 0.45389669374999997 0.1791916546875 0.42497932031249996 0.1821366359375 0.4233643171875 0.8762832453125 0.4318455296875 0.8830729703125
0 0.513830590625 0.1852269765625 0.47092685312500004 0.1840221078125 0.46633583125 0.87763895 0.482732809375 0.8806565687499999 0.5110035203125001 0.8768844890624999 0.513830590625 0.1852269765625
0 0.5132651859374999 0.8791477593750001 0.5500171093749999 0.8799021640625 0.552278775 0.1708930640625 0.51609225625 0.170138659375 0.5132651859374999 0.8791477593750001
0 0.5545404406250001 0.87763895 0.58846529375 0.8814110296875001 0.5912923640625001 0.1677223140625 0.5536324125000001 0.168938328125 0.5545404406250001 0.87763895
0 0.6212593359375 0.21691244843750002 0.593217978125 0.21701787499999997 0.5935539875 0.21706558125000003 0.5895961046875 0.8753756796875001 0.617866815625 0.873866871875 0.6212593359375 0.21691244843750002
0 0.624024728125 0.8798405875 0.6506406359375 0.88143073125 0.653024175 0.21568927656249998 0.6268054843749999 0.21568927656249998 0.624024728125 0.8798405875
0 0.6534153734375 0.8793222546875 0.706321021875 0.88015275 0.713167625 0.2094526625 0.656917090625 0.20880194843750002 0.6534153734375 0.8793222546875
0 0.7716750078125 0.20596217343749998 0.712944134375 0.2077641640625 0.7119227578125 0.8769994359375 0.7249935546875 0.8853041968750001 0.7673180921875 0.8861346609374999 0.7716750078125 0.20596217343749998
0 0.7778992015624999 0.8932717859375 0.8090201703125001 0.896593703125 0.8177341 0.17772596875 0.7810112984375001 0.17772596875 0.7754095624999999 0.59745363125 0.7729199234374999 0.8899498671874999 0.7778992015624999 0.8932717859375
0 0.8103305578125 0.8902502765625 0.8466383437499999 0.8919804421875 0.8589570703125 0.1864138890625 0.822086634375 0.1872333578125 0.8103305578125 0.8902502765625
0 0.9049901609375001 0.189874203125 0.8609943046874999 0.191557453125 0.8459899999999999 0.886965575 0.8550669109375001 0.8921560375 0.890726403125 0.8895608062499999 0.9049901609375001 0.189874203125
0 0.9497265140625 0.18554880625 0.908818315625 0.185071309375 0.8900780109375 0.8861004749999999 0.9134187765625 0.8930211375000001 0.9348144625 0.8912909718750001 0.9497265140625 0.18554880625