0 0.8918705984375 0.6474853359375 0.8399357265624999 0.6462367921875 0.83220850625 0.8284454390624999 0.8801190546875001 0.829650978125 0.8918705984375 0.6474853359375
0 0.82362089375 0.6436299890625 0.75960829375 0.64216861875 0.75627496875 0.8220535296874999 0.8154850937499999 0.8214506874999999 0.82362089375 0.6436299890625
0 0.746331296875 0.6267520703125 0.70368413125 0.6238618406249999 0.7002288078125 0.804572809375 0.7431673953125 0.8081894890625 0.746331296875 0.6267520703125
0 0.6975168734375 0.6351910078125 0.6589448015625 0.6333542453125001 0.6577421859375 0.8093950484375 0.694804971875 0.8112034093749999 0.6975168734375 0.6351910078125
0 0.6482504828125 0.6327798890625 0.6125436640624999 0.63338266875 0.6107356984375001 0.8039700515625 0.6464425484375 0.80276445 0.6482504828125 0.6327798890625
0 0.6084757640625 0.63458825 0.5564974390625 0.6339854484375 0.5551414734375 0.8039700515625 0.6062158296875 0.8057783703125001 0.6084757640625 0.63458825
0 0.5451978015625001 0.638204928125 0.493205921875 0.636066359375 0.49547941093750003 0.8039700515625 0.5456498 0.8063811703124999 0.5451978015625001 0.638204928125
0 0.443049103125 0.811806209375 0.44892490625 0.8172312484375001 0.478303953125 0.8178340078125 0.48463175625000005 0.8112034093749999 0.482823821875 0.63699936875 0.4403321671875 0.6367443890625 0.443049103125 0.811806209375
0 0.4280984296875 0.6326232328125 0.3826371703125 0.63579138125 0.38478605625 0.8127072343749999 0.43149549687500005 0.8093094171875 0.4280984296875 0.6326232328125
0 0.9156213859375001 0.157472084375 0.8632010203125 0.1613132609375 0.8292142328125 0.8830062578125 0.8804824671875 0.878396859375 0.9156213859375001 0.157472084375
0 0.8459195734374999 0.0855621328125 0.7848585453125 0.0817209546875 0.752599834375 0.878701065625 0.8125088125 0.8771646000000001 0.8459195734374999 0.0855621328125
0 0.75432803125 0.241818209375 0.7088202124999999 0.242586415625 0.6961471703125001 0.87025053125 0.7410788828125 0.8771646000000001 0.75432803125 0.241818209375
0 0.7065160296874999 0.0305533546875 0.6684968625 0.0313216 0.65870406875 0.8633363578125 0.69211483125 0.8610316328125001 0.7065160296874999 0.0305533546875
0 0.655823821875 0.035931009375 0.6189567859375 0.033930490625 0.6103160421875 0.8556539765625001 0.6460310265625 0.8564222359375 0.655823821875 0.035931009375
0 0.6155004734375 0.0996945671875 0.55674360625 0.1004628 0.5527112671875 0.858262934375 0.6068597687499999 0.85595815625 0.6155004734375 0.0996945671875
0 0.546323084375 0.1004628 0.48797767968750005 0.10119996093750001 0.49332667187499996 0.858262934375 0.548627265625 0.8590311406250001 0.546323084375 0.1004628
0 0.479087671875 0.0218958171875 0.42961244218749994 0.019720362499999998 0.44402271718749997 0.8623882593750001 0.4882141875 0.8598258718749999 0.479087671875 0.0218958171875
0 0.418911434375 0.082659153125 0.3674483046875 0.08669643437499999 0.38712535625 0.8689294375 0.4325340234375 0.8659015296874999 0.418911434375 0.082659153125