0 0.15447265625 0.89143389375 0.19598293125 0.8887112671875 0.1279333015625 0.176290184375 0.08370104375000001 0.181735440625 0.15447265625 0.89143389375
0 0.20346838906250003 0.88508109375 0.2477006484375 0.8805433812500001 0.185094990625 0.17356755625 0.1401822359375 0.1760632984375 0.20346838906250003 0.88508109375
0 0.26607404843750004 0.84514926875 0.306223328125 0.8397039562499999 0.26125343437500004 0.2387149375 0.2211612921875 0.24231392187499998 0.26607404843750004 0.84514926875
0 0.30851550156249996 0.8453198437499999 0.351302321875 0.8393132578125 0.30175970625000004 0.137400675 0.254147284375 0.14040396875 0.30851550156249996 0.8453198437499999
0 0.3529108484375 0.837168046875 0.3982713140625 0.833306696875 0.3529108484375 0.135255465625 0.304976740625 0.13772245624999999 0.3529108484375 0.837168046875
0 0.39987984062500004 0.83673900625 0.43848449218749996 0.8298743343749999 0.3979496078125 0.111229125 0.3567713140625 0.1145541921875 0.39987984062500004 0.83673900625
0 0.4394496078125 0.828587209375 0.4786976703125 0.825583915625 0.4429883671875 0.110371034375 0.4011666625 0.1129452921875 0.4394496078125 0.828587209375
0 0.479019375 0.7813925984375001 0.517624025 0.7805345140625 0.49960852187500004 0.145552471875 0.4468488328125 0.148555778125 0.479019375 0.7813925984375001
0 0.529205459375 0.841029425 0.5623410796874999 0.8341647546875001 0.538534878125 0.08334139375 0.50089534375 0.08377043437500001 0.529205459375 0.841029425
0 0.5624289124999999 0.8140471703125 0.6024384328125 0.8096735109375001 0.5899764515625 0.13962904375000001 0.542424153125 0.1400664171875 0.5624289124999999 0.8140471703125
0 0.6001428046874999 0.7965525359375001 0.6427759 0.7952404390625001 0.6362169625 0.139191678125 0.5906323453125 0.14039443437500002 0.6001428046874999 0.7965525359375001
0 0.6614520796875001 0.8418726890625001 0.7134309234375 0.8336336578125 0.7155612031249999 0.15916955625 0.6512267328125 0.1642834328125 0.6614520796875001 0.8418726890625001
0 0.723869296875 0.8427250015625001 0.78053475625 0.8393157484374999 0.791186159375 0.1517828390625 0.7264256328124999 0.1540556796875 0.723869296875 0.8427250015625001
0 0.790422821875 0.8473564984375 0.8483398078125 0.8411417296874999 0.8703083250000001 0.14597349375 0.802627553125 0.149228853125 0.790422821875 0.8473564984375
0 0.8485617124999999 0.8183541625 0.899377778125 0.811843434375 0.9248967625000001 0.1450856625 0.8705302296875 0.148267040625 0.8485617124999999 0.8183541625
0 1 0.1423354859375 0.9320651156249999 0.146188909375 0.9152104124999999 0.82310529375 0.951327634375 0.8179674078125 0.970590153125 0.8150773484375 1 0.1423354859375