0 0.8395216265625001 0.853385584375 0.860584371875 0.8668452953125 0.8877903515625001 0.8709417828125 0.9005157640625001 0.8615784390625001 0.9931039578125 0.19923501562499998 0.9623874796875 0.20625750312500002 0.9299157828125001 0.20625750312500002 0.9102116515625 0.2008420640625 0.8395216265625001 0.853385584375
0 0.77916933125 0.85254004375 0.7902681359375 0.861996671875 0.8047581890625001 0.8665194218750001 0.826339159375 0.864463625 0.8365130359374999 0.8595297328125 0.9064970890625 0.2010007078125 0.87875013125 0.2075792265625 0.826339159375 0.2065941171875 0.77916933125 0.85254004375
0 0.7548136875 0.85451031875 0.772386746875 0.8561549171875 0.8155486640625 0.2770649609375 0.7890349203125 0.27665381875 0.7548136875 0.85451031875
0 0.7153513296875 0.8514693843750001 0.7498808718750001 0.852291696875 0.7921179046875 0.2322487171875 0.753272184375 0.23356775000000002 0.7153513296875 0.8514693843750001
0 0.6694146953125 0.33635726093749996 0.6543080125 0.8409420828125 0.6712644859375 0.8495763843749999 0.6925371671875 0.8508098671875001 0.7067189328125 0.846287159375 0.71350151875 0.8392974296875 0.7400152828125 0.327722946875 0.734157603125 0.3334791515625 0.7057940484375 0.3371795734375 0.6694146953125 0.33635726093749996
0 0.5945886546875 0.8326163765624999 0.6089732921875 0.8402007046875 0.6394152046875 0.8419852078125001 0.65012003125 0.8361854578125 0.6661773281250001 0.3322204796875 0.65379981875 0.33623571874999997 0.6307175046875 0.33623571874999997 0.5960715953125 0.33326896875 0.5945886546875 0.8326163765624999
0 0.5935850687500001 0.21157836875 0.534708440625 0.2138090359375 0.5454132671874999 0.84171575 0.5554490671875 0.8488539156250001 0.5912434046875 0.8506384484374999 0.5935850687500001 0.21157836875
0 0.5316977031250001 0.21898600625000003 0.47884252656250004 0.22032440625 0.504601053125 0.8326163765624999 0.5333703171875 0.8410929406250001 0.5454132671874999 0.8379700234374999 0.5316977031250001 0.21898600625000003
0 0.441357503125 0.8375548921875 0.49353651562499995 0.8446145109375 0.4731186453125 0.34902378125 0.41602422499999997 0.34902378125 0.441357503125 0.8375548921875
0 0.3914471609375 0.817888825 0.4406012890625 0.82343565625 0.4141336765625 0.33802485312499997 0.356877 0.3335798546875 0.3914471609375 0.817888825
0 0.3415368453125 0.8042738625 0.3903128265625 0.8083079453125 0.35250196875 0.2391903265625 0.2939320640625 0.2394237421875 0.3415368453125 0.8042738625
0 0.3022135078125 0.795197221875 0.342671128125 0.799231303125 0.2961637640625 0.2714628265625 0.2458727546875 0.2706200453125 0.3022135078125 0.795197221875
0 0.2617631484375 0.7956256828125 0.29745702500000004 0.798361465625 0.23550561406249998 0.24003589218750002 0.1947975125 0.241943125 0.2617631484375 0.7956256828125
0 0.21991516875 0.8078797609375 0.256019303125 0.8067854562500001 0.1883240765625 0.24681840625 0.14080388906250002 0.24686678281250002 0.21991516875 0.8078797609375
0 0.1821699453125 0.8242944171875 0.207606990625 0.8242944171875 0.1247315765625 0.25710049687500003 0.0947815734375 0.257761496875 0.1821699453125 0.8242944171875
0 0.0820630515625 0.237950096875 0.023586960937500002 0.241943125 0.13498840625 0.8363318140624999 0.154681578125 0.8390675968749999 0.1756055546875 0.8325017265625 0.0820630515625 0.237950096875
0 0 0.3374294484375 0.0964226359375 0.821341953125 0.100935678125 0.8279078625 0.12144939531250001 0.83447369375 0.133347315625 0.8317379125000001 0.0258554734375 0.2434216234375 0 0.2450631 0 0.3374294484375