0 0.906232709375 0.002256621875 0.8278427484374999 0.000132459375 0.8037166484375 0.8291486078125001 0.8402727999999999 0.8323280656250001 0.8728554484375 0.8270288718750001 0.906232709375 0.002256621875
0 0.8267628421875 0.0020361 0.7491803078125 0 0.7385513515625 0.8234297421875001 0.756829428125 0.8308485609374999 0.8045113703125001 0.8276690671875 0.8267628421875 0.0020361
0 0.6543133125 0.8323280656250001 0.7385513515625 0.8312682703125001 0.7496771421874999 0.057147539062499995 0.65979116875 0.053778615625000005 0.6543133125 0.8323280656250001
0 0.62888295 0.8403870781249999 0.655108034375 0.8361477531249999 0.6559027015625001 0.094241775 0.626498890625 0.09488196875 0.62888295 0.8403870781249999
0 0.6225253875 0.8361477531249999 0.6177572687499999 0.044009837499999996 0.5883533484375 0.039770493750000004 0.550207859375 0.046129500000000004 0.5589495359375001 0.8340281265625 0.6018632515625 0.8414469078125 0.6225253875 0.8361477531249999
0 0.5605389265625 0.8435666078124999 0.5438502421875 0.0387106453125 0.51126759375 0.033411471875 0.4707380453125 0.040830326562500005 0.493784240625 0.8478059312499999 0.5263669421875 0.8531051234374999 0.5605389265625 0.8435666078124999
0 0.441334125 0.867942796875 0.49219485 0.861583809375 0.461996315625 0.088522909375 0.40477802812499997 0.09382210156250001 0.441334125 0.867942796875
0 0.43974473437499995 0.8620034828125 0.40477802812499997 0.1535925734375 0.3769635515625 0.1504130078125 0.3570960859375 0.15465236875 0.392857515625 0.8694223375 0.4262348859375 0.8715420734375 0.43974473437499995 0.8620034828125
0 0.366632484375 0.9171149203125 0.38729467500000003 0.9128755234374999 0.3396127328125 0.0009762328125000001 0.31497709218750003 0 0.366632484375 0.9171149203125
0 0.3404074546875 0.9156353812500001 0.3618643125 0.9113960562500001 0.30782480625 0 0.287038459375 0.001324596875 0.3404074546875 0.9156353812500001
0 0.2847785578125 0 0.228041628125 0.001324596875 0.2911361484375 0.8662428796875 0.3205399875 0.8673026015625 0.338023340625 0.863063278125 0.2847785578125 0
0 0.1472957078125 0 0.22358679375 0.863703471875 0.2577588046875 0.8668829656250001 0.2847785578125 0.8594641109375001 0.22358679375 0 0.1472957078125 0
0 0.187031021875 0.8709582156250001 0.219936740625 0.867196859375 0.151304790625 0.058474467187500004 0.11839900781249998 0.0622359734375 0.187031021875 0.8709582156250001
0 0.15036459687499998 0.87949949375 0.18421050781249998 0.873230309375 0.1165186859375 0.0572206390625 0.084553096875 0.0614786375 0.15036459687499998 0.87949949375
0 0.117458878125 0.86920798125 0.151304790625 0.8616850125 0.0825036796875 0.044792625 0.0424180625 0.0495190171875 0.117458878125 0.86920798125
0 0 0.0864634171875 0.0670808515625 0.8842936421875001 0.10865647656249999 0.8781328828125 0.0387862984375 0.0394878625 0 0.0410280671875 0 0.0864634171875
0 0 0.46905415 0.03647655 0.8822882640625 0.0653485203125 0.8785980562500001 0.000721684375 0.130029790625 0 0.46905415