0 0.7861234828125 0.715199915625 0.7376064343750001 0.716322328125 0.7317255734375 0.8439969656249999 0.7808727046875 0.841471525 0.7861234828125 0.715199915625
0 0.73038250625 0.7285449374999999 0.728412453125 0.7298609390624999 0.7160012250000001 0.7335457453124999 0.704378 0.7343353359375 0.68999671875 0.7345985328125 0.6826835625000001 0.731779021875 0.6797705546875 0.8584769890624999 0.6870698546875 0.8629017984375 0.6954308671875 0.86378675 0.710693025 0.8639637468749999 0.7202484671875 0.8616628499999999 0.72728233125 0.8582999921875001 0.73038250625 0.7285449374999999
0 0.6776195890625 0.7240583468749999 0.6609340687499999 0.729429609375 0.6407963984375 0.730196925 0.627179478125 0.7271276359375001 0.627613765625 0.85918495625 0.633055053125 0.8618398359375 0.643804925 0.8629017984375 0.65999609375 0.8611318703125 0.6711441140625001 0.858830984375 0.6768508375 0.8544061765625001 0.6776195890625 0.7240583468749999
0 0.5841140625000001 0.8546710624999999 0.616500821875 0.850164071875 0.6158130359375 0.722523709375 0.5826252609375 0.7270568640625 0.5839763140625001 0.8059060046875001 0.5841140625000001 0.8546710624999999
0 0.5820018765625 0.7285495515625 0.5589086890625 0.7298640921875 0.56158413125 0.8591780531250001 0.5827059390625 0.8578635109375 0.5820018765625 0.7285495515625
0 0.5582046359375 0.7371879671875 0.5233315375 0.74018704375 0.5272259734375 0.870183384375 0.5617249296875 0.8660519750000001 0.5582046359375 0.7371879671875
0 0.83722559375 0.7318866234375 0.8306803953124999 0.7349227546875 0.820293459375 0.7379588953125 0.7998041515625001 0.7385281640625 0.7932100656250001 0.73619983125 0.786856053125 0.8548500078125001 0.7901286437499999 0.858834921875 0.7980967062500001 0.8609222624999999 0.81260996875 0.8601632328125 0.82057803125 0.8573168484375 0.829257521875 0.8546602421875 0.83722559375 0.7318866234375
0 0.868386409375 0.7160220734375 0.8383432828125 0.7165627765625 0.8301112500000001 0.8374317171874999 0.85814175625 0.83610340625 0.868386409375 0.7160220734375
0 0.9269905296875001 0.7056631421875 0.921783265625 0.7084044265625 0.90328371875 0.7091354359375 0.880399115625 0.7084044265625 0.8747807484375001 0.7058078734375 0.8645032296874999 0.8269763296875 0.8750548140625 0.8326416546875001 0.890676634375 0.8319106421875 0.9009541531249999 0.8320933937499999 0.9110946249999999 0.8302658718749999 0.916301925 0.827524590625 0.9269905296875001 0.7056631421875
0 0.5162278406249999 0.7333243703125001 0.4818533125 0.7373833875 0.4852549640625 0.8682268515624999 0.5192714125 0.8639290578125 0.5162278406249999 0.7333243703125001
0 0.47272258437500003 0.715416965625 0.42187693125000003 0.7185209171875 0.42706891562499993 0.8539009312499999 0.47666132812499995 0.8491256249999999 0.47272258437500003 0.715416965625
0 0.4207970234375 0.724268215625 0.37966673281249996 0.7295379 0.3855938015625 0.8569685796875 0.4263648765625 0.849543096875 0.4207970234375 0.724268215625
0 0.378229871875 0.7302565000000001 0.374817309375 0.7326518125 0.3656572921875 0.7364843109375 0.35398275625000003 0.7386400921875 0.3426674234375 0.7391191546875 0.3347806484375 0.7382751234375 0.3417693796875 0.87349621875 0.3512886375 0.8746938796875 0.361885515625 0.8756520015625 0.37086591874999997 0.873256696875 0.378589075 0.87014279375 0.38451615625 0.8665498296875 0.378229871875 0.7302565000000001
0 0.3319086640625 0.7340133296875 0.304268771875 0.735942125 0.3126250109375 0.8647429109375 0.33865795 0.8621711609375 0.3319086640625 0.7340133296875
0 0.303465284375 0.7355135046875 0.273897021875 0.73808523125 0.2835388546875 0.8660287546875001 0.309893165625 0.8647429109375 0.303465284375 0.7355135046875
0 0.25236360625 0.748372146875 0.2270484109375 0.7490115890625 0.23790086718749998 0.8769586140625 0.24384666406250002 0.878458790625 0.262487521875 0.8778158546875 0.270361678125 0.874601196875 0.2824139625 0.8688148078125 0.27325422499999996 0.7410855828125 0.25236360625 0.748372146875
0 0.201718290625 0.7513755390625 0.17826263281250002 0.75189189375 0.19036611718750002 0.8780921640624999 0.19456486875 0.8814104390624999 0.21322597812500002 0.8797512953125001 0.2275328328125 0.8758108515625 0.23421974531249998 0.8708334296875 0.22333408124999998 0.743079853125 0.201718290625 0.7513755390625
0 0.164240546875 0.7443242046874999 0.14371332187500002 0.7461907375 0.1354073015625 0.74419360625 0.1497781890625 0.8797512953125001 0.158175690625 0.8826548031250001 0.169683378125 0.8814104390624999 0.17808088125 0.8780921640624999 0.188966534375 0.872699959375 0.175748234375 0.7399689703125001 0.164240546875 0.7443242046874999
0 0.100931696875 0.7569659296875 0.046772678125 0.75781706875 0.0544260953125 0.8937058984374999 0.10569209375 0.895170965625 0.100931696875 0.7569659296875
0 0.8560755234374999 0.851409834375 0.87249185 0.855319365625 0.897702575 0.85766506875 0.914705215625 0.851409834375 0.9721622796875 0.21408138437500002 0.911187409375 0.2095201296875 0.8560755234374999 0.851409834375
0 0.9012203812499999 0.233689884375 0.867945465625 0.2322886015625 0.827933265625 0.8639203046875 0.8566618390625 0.8647022328125 0.9012203812499999 0.233689884375
0 0.7863062140625 0.8822137281250001 0.8062402687500001 0.8892508640625 0.827933265625 0.8845594578125 0.8660425500000001 0.2067955234375 0.8507988531249999 0.2067955234375 0.8185525140625 0.2067955234375 0.7863062140625 0.8822137281250001
0 0.8103443499999999 0.18208422500000002 0.7571532703125 0.183035990625 0.7288491109375 0.892378521875 0.7775117375 0.886905134375 0.8103443499999999 0.18208422500000002
0 0.71008760625 0.902233590625 0.7259176187499999 0.894414553125 0.74936951875 0.1997583984375 0.6958218781250001 0.19974669843749998 0.6801864859375 0.8991059874999999 0.71008760625 0.902233590625
0 0.6756609124999999 0.8972325937500001 0.686800528125 0.20601362031249998 0.6284686765624999 0.21079138749999998 0.6299297796875 0.9003601703124999 0.6756609124999999 0.8972325937500001
0 0.6158913046875 0.22381568125 0.5813130203125 0.2257436296875 0.5833441296874999 0.8781061875 0.61688763125 0.8741199296875 0.6158913046875 0.22381568125
0 0.5747091796875 0.2856487953125 0.549468528125 0.2867099984375 0.559764053125 0.8798778828125 0.5833441296874999 0.8794349515625 0.5747091796875 0.2856487953125
0 0.5491364265625001 0.28210544375 0.5082864015624999 0.28228082187500003 0.526220553125 0.9098208906249999 0.561092503125 0.9067204640625001 0.5491364265625001 0.28210544375
0 0.50430105 0.28095207499999997 0.46810062500000005 0.28299126874999997 0.4866990015625 0.9053917312499999 0.52090675 0.902291303125 0.50430105 0.28095207499999997
0 0.45614454843749996 0.178721325 0.4023420625 0.17898883906250002 0.42824695 0.8947617171875001 0.4790603765625 0.8890037625 0.45614454843749996 0.178721325
0 0.4003493859375 0.2170797671875 0.354557359375 0.21827050781250001 0.38905751093749996 0.902291303125 0.4292432984375 0.8956475171875 0.4003493859375 0.2170797671875
0 0.36928311875 0.9165708296874999 0.386797603125 0.9116819109375 0.3460660453125 0.14726301875 0.2969359296875 0.1473234390625 0.3444367890625 0.9154843781249999 0.36928311875 0.9165708296874999
0 0.3020760046875 0.22820115 0.27356391874999997 0.22820115 0.31266619375000004 0.90233435 0.341178278125 0.9001614859375 0.3020760046875 0.22820115
0 0.2719346359375 0.22744284375 0.2409786671875 0.2279860609375 0.28741264843750003 0.9032056468749999 0.313480821875 0.9032056468749999 0.2719346359375 0.22744284375
0 0.2405713671875 0.9151562328124999 0.2560493515625 0.9216747906249999 0.2727492921875 0.9184155109375001 0.2849687359375 0.909724165625 0.229981178125 0.21114657499999998 0.182732571875 0.21440583906250002 0.2405713671875 0.9151562328124999
0 0.1941373875 0.9160275656250001 0.20961539999999998 0.9230892734375 0.22550068437499998 0.9192868437499999 0.2405713671875 0.9105954984375 0.1806959875 0.21223299375 0.13154165 0.212091440625 0.1941373875 0.9160275656250001
0 0.1534058578125 0.914726053125 0.1635887484375 0.91852851875 0.1806959875 0.9179853124999999 0.19291545937500001 0.91201001875 0.130188896875 0.212663196875 0.0820608140625 0.212091440625 0.1534058578125 0.914726053125
0 0.07927445 0.280021084375 0.0189917546875 0.27621861718749996 0.0568720875 0.9236324984375001 0.108193834375 0.9198300328125001 0.07927445 0.280021084375