0 0.477294846875 0.7421606296875 0.4294578171875 0.7439141359375 0.43050918281249995 0.885246584375 0.474403603125 0.885246584375 0.477294846875 0.7421606296875
0 0.3758383171875 0.8978252 0.3787295609375 0.9002800953125 0.42157259375 0.8981758953125001 0.42420099999999994 0.8929153828124999 0.4247266953125 0.7530323515624999 0.3746759890625 0.7547441640625 0.3758383171875 0.8978252
0 0.3282641234375 0.909749034375 0.3316810609375 0.9132560421875 0.36900444062500004 0.9108011203125 0.372684215625 0.9062420250000001 0.37031864531249997 0.7621039781250001 0.3253851640625 0.76523915 0.3282641234375 0.909749034375
0 0.2917292625 0.883797153125 0.32694991875 0.8848492671875 0.3248472046875 0.7424647171875 0.28252983593750003 0.741643803125 0.287523815625 0.8799394765624999 0.2917292625 0.883797153125
0 0.24986870312499998 0.8778005562500001 0.25008473593749997 0.8783185281250001 0.2861627484375 0.8763593046875 0.28162599843749997 0.73707576875 0.2427395265625 0.738805278125 0.24986870312499998 0.8778005562500001
0 0.2427395265625 0.8516282625 0.24641213125 0.8498987625 0.23755466093750002 0.6986799312499999 0.201692696875 0.699197925 0.209902053125 0.8513400156250001 0.2427395265625 0.8516282625
0 0.202556828125 0.7258340109375 0.18074406875 0.7258846906249999 0.1911069328125 0.8613117421875 0.2105501671875 0.8621765031249999 0.202556828125 0.7258340109375
0 0.1790207640625 0.7236711328125 0.1514452546875 0.7244457296875 0.1613143890625 0.866583703125 0.18801908437499998 0.863098025 0.1790207640625 0.7236711328125
0 0.14883283281249998 0.6733225328125 0.1325295796875 0.6757266546875 0.1430274625 0.8115875656249999 0.157250625 0.8092637625 0.14883283281249998 0.6733225328125
0 0.13170698593750002 0.6764209125 0.08353863125 0.6829862875 0.09252073281249999 0.8189461843749999 0.1389636984375 0.8123621343749999 0.13170698593750002 0.6764209125
0 0.019663335937500002 0.74652165625 0.0007983640624999999 0.7468710609375 0 0.9012103781249999 0.032725420312499996 0.899661184375 0.019663335937500002 0.74652165625
0 0.480520671875 0.3292529421875 0.4299537265625 0.331005415625 0.423386603125 0.9368378843749999 0.4752669515625 0.9359616640624999 0.480520671875 0.3292529421875
0 0.35640194531249997 0.10143249375 0.307805209375 0.10055625937499998 0.32816333750000004 0.9513912359375001 0.37478991562499997 0.9513912359375001 0.35640194531249997 0.10143249375
0 0.30714850625 0.10230873124999999 0.25986522500000003 0.104759528125 0.28744713125 0.92580261875 0.327506584375 0.924926365625 0.30714850625 0.10230873124999999
0 0.2519846453125 0.9236943953125 0.28744713125 0.9210656703125 0.26643235 0.3296087125 0.2251255734375 0.328707371875 0.234253428125 0.5565529406249999 0.2519846453125 0.9236943953125
0 0.208641628125 0.0444773859375 0.168582175 0.043601134375 0.21455205156249998 0.9265009453124999 0.24870108281249997 0.9238722875000001 0.208641628125 0.0444773859375
0 0.18105972343750001 0.3311833078125 0.1508509578125 0.328554615625 0.1948506765625 0.9030205515624999 0.213238646875 0.9021443328125001 0.18105972343750001 0.3311833078125
0 0.1521643625 0.31558898750000003 0.1291794234375 0.31558898750000003 0.16201505 0.9079221828125 0.18959695625 0.9070459625 0.1521643625 0.31558898750000003
0 0.10488108125 0.2787872375 0.0530007828125 0.2787872375 0.09765720312500001 0.8535957906249999 0.14165697187499998 0.8500908468749999 0.10488108125 0.2787872375
0 0.10816464374999998 0.2810213125 0.142313675 0.844833465625 0.1587314875 0.846585903125 0.12523915937500002 0.3120840609375 0.13771670625000001 0.3050742140625 0.155447925 0.303321734375 0.1541345203125 0.27791099375 0.10816464374999998 0.2810213125
0 0 0.9591989468750001 0.040561679687500005 0.9534943218749999 0.0001781578125 0.5384510046875 0 0.9591989468750001
0 0.41652693125000007 0.9496576453125 0.424093634375 0.9466288421875 0.427120328125 0.33137045625 0.3673433578125 0.33238004375 0.3741534015625 0.9516768593749999 0.41652693125000007 0.9496576453125