0 0.5367128375 0.742685109375 0.46683499062499995 0.7393551765625 0.4556046 0.9133402921875 0.5261063953125 0.9183350656249999 0.5367128375 0.742685109375
0 0.46433934375 0.7293656281249999 0.3917242140625 0.728395371875 0.3894702015625 0.9075130031249999 0.4581002484375 0.9100104218749999 0.46433934375 0.7293656281249999
0 0.3913419484375 0.711051403125 0.34336319843749996 0.7127913578125 0.345796534375 0.8833715203124999 0.3894702015625 0.8800417140624999 0.3913419484375 0.711051403125
0 0.2971315734375 0.8833715203124999 0.34205308749999996 0.8800417140624999 0.3414291875 0.716046178125 0.29344215 0.717992696875 0.2958837734375 0.8209366859375 0.2971315734375 0.8833715203124999
0 0.25532965625 0.716046178125 0.24586115 0.711751090625 0.25033835937500004 0.8833715203124999 0.26156875 0.889198809375 0.2796621359375 0.8900312625 0.2958837734375 0.8817066171875 0.28964467968749996 0.7093865312500001 0.282781684375 0.7152137265625 0.25532965625 0.716046178125
0 0.2384841171875 0.7168786609375 0.17253960937499999 0.7221537671875 0.177964865625 0.9008533249999999 0.2397319171875 0.8950260359375 0.2384841171875 0.7168786609375
0 0.1667345234375 0.7102189203125 0.11682176250000001 0.711051403125 0.12368475625 0.8858689390625001 0.1717257703125 0.8833715203124999 0.1667345234375 0.7102189203125
0 0.07751544375 0.87171706875 0.121189109375 0.873381971875 0.11557391406249999 0.69107224375 0.0680174140625 0.6909457390625 0.06566115312500001 0.6935696296875 0.07751544375 0.87171706875
0 0.06254160625 0.610323184375 0.0001559890625 0.6098048656249999 0.0101332203125 0.8009575890624999 0.0687807015625 0.79762771875 0.06254160625 0.610323184375
0 0.460518415625 0.96759508125 0.5271480671875 0.9700994218749999 0.5703165671875 0.111130378125 0.4965203296875 0.10201883125 0.45957998437500003 0.9438043765625 0.460518415625 0.96759508125
0 0.4802257671875 0.1023653796875 0.40617990624999994 0.09263059375 0.3910733984375 0.96759508125 0.4558261859375 0.96759508125 0.4802257671875 0.1023653796875
0 0.3910733984375 0.1236517921875 0.34039730156250003 0.11613893906249999 0.346966465625 0.9312829624999999 0.3891965359375 0.9325351812499999 0.3910733984375 0.1236517921875
0 0.336643503125 0.119895378125 0.284161671875 0.112971771875 0.2981672328125 0.933787303125 0.34039730156250003 0.935039425 0.336643503125 0.119895378125
0 0.29629036875 0.9312829624999999 0.2728292203125 0.0522797359375 0.25124493281250004 0.047271164062499996 0.22080605156250002 0.048818828125000005 0.25499873125 0.94130013125 0.29629036875 0.9312829624999999
0 0.222153121875 0.057288320312499995 0.15158416875 0.047254121875 0.1846152828125 0.9560834437500001 0.2427989046875 0.9448142484375 0.222153121875 0.057288320312499995
0 0.16085485625 0.9388308343749999 0.1744329859375 0.934739934375 0.15016738125 0.099515771875 0.088095740625 0.09202155468749999 0.12800452499999998 0.9388308343749999 0.16085485625 0.9388308343749999
0 0.087808546875 0.0954136296875 0.037391053125000004 0.0937620609375 0.077519265625 0.9265568249999999 0.12587889531250002 0.924497553125 0.087808546875 0.0954136296875
0 0 0.5810560078125 0.0171418578125 0.9159074515625001 0.07523425781250001 0.9126778265625 0.0403788328125 0.092858075 0.048608575 0.0922121234375 0.0457039625 0.0030744640625 0 0.0024285359375 0 0.5810560078125