0 0.5434577890625001 0.767384178125 0.5055246437500001 0.76875130625 0.48399505937500004 0.9519466953125001 0.520390340625 0.9478452531249999 0.5434577890625001 0.767384178125
0 0.47784371718749996 0.73047170625 0.4214566296875 0.729104596875 0.3989018125 0.9246040984375 0.4532384609375 0.92597116875 0.47784371718749996 0.73047170625
0 0.3768595671875 0.76670064375 0.35174168125 0.7639663671875 0.331549684375 0.758769896875 0.31790941093749997 0.9492123609374999 0.33585075 0.9546809125 0.3640443078125 0.9546809125 0.3840361140625 0.9464781062500001 0.4050531265625 0.7584978375 0.3968513453125 0.762599240625 0.3768595671875 0.76670064375
0 0.299968071875 0.767384178125 0.27126191093749996 0.7660170500000001 0.24819446250000002 0.7584978375 0.23435396874999997 0.9505795078125001 0.253833175 0.9587823140625 0.27331235 0.9622001640625 0.2968924 0.9574151671875001 0.3081698234375 0.9539973187499999 0.3245733859375 0.7653334968750001 0.299968071875 0.767384178125
0 0.20308476875 0.7584978375 0.17488933125 0.7510792281249999 0.16566424062500001 0.9519466953125001 0.18924430625 0.9587823140625 0.21128655 0.9574151671875001 0.23179092968749998 0.9498959546875 0.246144025 0.75576358125 0.22358917812499998 0.7584978375 0.20308476875 0.7584978375
0 0.15055134375 0.7605006015625 0.1249208546875 0.7577663265625 0.1100146453125 0.75172011875 0.10031559999999999 0.9553165109374999 0.1090299234375 0.9621521296875001 0.13055956562499998 0.9648863859375 0.15157660625 0.9621521296875001 0.1638792046875 0.95668361875 0.1736187921875 0.755715625 0.15055134375 0.7605006015625
0 0.11159299375000001 0.7256387734375 0.0187095328125 0.7183938875 0.018297964062499998 0.9040491656249999 0.10390384374999999 0.9019984640625 0.11159299375000001 0.7256387734375
0 0.512410434375 1 0.630374784375 0.09950125 0.583809984375 0.08971314687500001 0.477524071875 1 0.512410434375 1
0 0.5708824578125 0.0008028765625 0.5064361500000001 0.0008028765625 0.3898190078125 0.9850662484375 0.44505870156249994 0.9768815609375 0.5708824578125 0.0008028765625
0 0.37263330781250004 1 0.3781572984375 0.9889979796875 0.48004383281249996 0.052366292187499996 0.40100928125 0.029108881250000003 0.3051181390625 0.99472725625 0.3186212140625 1 0.37263330781250004 1
0 0.24067182968749998 0.9989801187499999 0.3051181390625 0.9981616640625001 0.3904327734375 0.0317441015625 0.30880079843749997 0.012919340625000001 0.2302376484375 0.99406934375 0.24067182968749998 0.9989801187499999
0 0.2179621734375 1 0.23146521406249998 0.9948877984375001 0.2959115234375 0 0.2203364515625 0.0022509484374999998 0.16395002812499998 0.9981616640625001 0.2179621734375 1
0 0.16022457968749998 1 0.21669182031249998 0.00735060625 0.1988923546875 0 0.14595126249999998 0.0022509484374999998 0.101916009375 0.9988196234375 0.16022457968749998 1
0 0.012503217187499999 0.9480746375000001 0.10334180781249999 0.944800771875 0.14078206875 0.0633274265625 0.0262690921875 0.04752575 0.0174134078125 0.04745549375 0.012503217187499999 0.9480746375000001