0 0.7662559734375 0 0.7345549046875 0.0012655171875 0.647053046875 0.8863216906250001 0.691089790625 0.8853091624999999 0.7852373906250001 0.0076047765625 0.7662559734375 0
0 0.7060709593750001 0 0.6764363546875 0.0007904390625000001 0.594153175 0.8795869796875 0.633039825 0.876424740625 0.7212462640624999 0.0047703 0.7060709593750001 0
0 0.552421071875 0.879336565625 0.5884623953125 0.8768067484375001 0.6728749921875 0 0.6236277343750001 0.0007904390625000001 0.552421071875 0.879336565625
0 0.4826508171875 0.8772767828125 0.5393133828125001 0.87344366875 0.6185589046875 0.00297478125 0.5475253484375 0.0018796109375000002 0.4826508171875 0.8772767828125
0 0.41079608125 0.8720177281250001 0.467869271875 0.86708944375 0.5376710234375001 0.00089836875 0.4688277171875 0.001300325 0.41079608125 0.8720177281250001
0 0.42264285 0 0.37753760625 0.8663250437500001 0.4054582921875 0.8619443625000001 0.46006788906249996 0 0.42264285 0
0 0.30851377812499997 0.8652512421875 0.3323337171875 0.8699824625 0.3531128234375 0.865927065625 0.3673034421875 0.8557886640625 0.4073411875 0.002388078125 0.33355203125 0 0.3024320796875 0.859168146875 0.30851377812499997 0.8652512421875
0 0.2502309375 0.859168146875 0.2948299828125 0.8584922781250001 0.324224796875 0 0.27654541718750003 0.0016050093750000001 0.2502309375 0.859168146875
0 0.206138715625 0.8645752812499999 0.25225819375 0.859844015625 0.25935346875 0 0.208707546875 0.0016050093750000001 0.206138715625 0.8645752812499999
0 0.14582865312499999 0.8618717609375001 0.2046182828125 0.8632234984375 0.20867275937500002 0.000360415625 0.1437200078125 0.0000844734375 0.14582865312499999 0.8618717609375001
0 0.09970919218749999 0.8298370437499999 0.1473490515625 0.8311888265625 0.14481504218750002 0.002388078125 0.086532184375 0.0017121875000000002 0.09970919218749999 0.8298370437499999
0 0.03437715625 0.8517803296875 0.0878317703125 0.853438259375 0.071671053125 0.000943815625 0.0105649046875 0.0001036015625 0.03437715625 0.8517803296875