0 0.584668175 0.88747868125 0.6120643765625 0.8773039718750001 0.6443156109375 0.13971470156250002 0.6101176578125 0.1399970765625 0.584668175 0.88747868125
0 0.5198188625 0.8909954578124999 0.5635141046875 0.8757333812500001 0.5850149265625 0.147576984375 0.5324931140625 0.146239721875 0.5198188625 0.8909954578124999
0 0.46121175000000003 0.877583321875 0.495543725 0.8720334828125 0.51461705625 0.1491475828125 0.47543007187499997 0.146835140625 0.46121175000000003 0.877583321875
0 0.4130082640625 0.8785083078125 0.44144484687499996 0.8757333812500001 0.46953464531250005 0.1551599078125 0.43419469375 0.151441925 0.4130082640625 0.8785083078125
0 0.3673685953125 0.8825861921874999 0.40180355 0.8812355296875 0.43117452500000003 0.1579261109375 0.391950715625 0.152014646875 0.3673685953125 0.8825861921874999
0 0.3871180609375 0.17034974218750001 0.34011676875 0.16492871874999998 0.3430615984375 0.16697301250000002 0.32533774375 0.9010879640624999 0.360279040625 0.8977112234375 0.3871180609375 0.17034974218750001
0 0.295966734375 0.183448740625 0.2200072890625 0.8946019749999999 0.2564678375 0.8973033031250001 0.335465665625 0.1912854765625 0.295966734375 0.183448740625
0 0.16126532031250002 0.9000046765624999 0.2038026 0.90203073125 0.29900509999999997 0.0013726734375 0.24613213906250003 0 0.16126532031250002 0.9000046765624999
0 0.11652084843749999 0.9224316765625 0.15265659843749999 0.9231069734374999 0.23519917031249998 0.0017806171874999999 0.1904547 0 0.11652084843749999 0.9224316765625
0 0.0694260203125 0.9186469921875 0.1124696765625 0.9206729984375001 0.1783012015625 0.0016400843750000002 0.12916262812499998 0.00084405625 0.0694260203125 0.9186469921875
0 0.0186098953125 0.9244576609375 0.06638761875 0.9217562859375 0.115001665625 0.0006973296875 0.0602405671875 0.00084405625 0.0186098953125 0.9244576609375