0 0.54393085 0.79353806875 0.50504830625 0.7874374875 0.48126138125000006 0.9625243093750001 0.5169418015625 0.96679468125 0.54393085 0.79353806875
0 0.5013887890625 0.7831670734375 0.46365635625 0.77892849375 0.4414639578125 0.95215325 0.4762294984375 0.9533734046875001 0.5013887890625 0.7831670734375
0 0.4231663078125 0.7807268484375001 0.3998368078125 0.777676546875 0.3783370640625 0.7727960781250001 0.3612631953125 0.766576653125 0.3444863734375 0.942392353125 0.3499756796875 0.9484929140625 0.374677515625 0.9545935171875 0.40626081562499994 0.9588879875 0.4249960671875 0.9545935171875 0.44786814531249997 0.777066490625 0.4231663078125 0.7807268484375001
0 0.3107702421875 0.7363358375 0.28481162968749996 0.7338630171875 0.25969864062500003 0.7278740078125 0.2455647015625 0.899540771875 0.26256140625 0.908607678125 0.28666581875 0.9131411453125 0.3082979828125 0.9131411453125 0.3280759765625 0.9127290265625 0.345072671875 0.73468728125 0.3107702421875 0.7363358375
0 0.23364990625 0.70882418125 0.1836858109375 0.7065988453125 0.179843596875 0.89509973125 0.22591065625 0.8955911703125 0.23364990625 0.70882418125
0 0.179843596875 0.6989943421875 0.12233438125 0.69775330625 0.12235186093749999 0.869050596875 0.17578967343750002 0.869050596875 0.179843596875 0.6989943421875
0 0.1205091734375 0.684741065625 0.0626244015625 0.6872702296875 0.0645964421875 0.8617280609375 0.119772103125 0.8592207578125001 0.1205091734375 0.684741065625
0 0.0461904671875 0.673243475 0 0.6730745234375 0.002147525 0.8718097874999999 0.0504632609375 0.8718097874999999 0.0461904671875 0.673243475
0 0.6311813609375 0.24364880156250002 0.5970904390625 0.23443701093749997 0.47498803437500003 0.999356484375 0.5115108421875 0.999356484375 0.6311813609375 0.24364880156250002
0 0.58222525 0.226851753125 0.5457024421875001 0.2164883546875 0.430694390625 1 0.4711026171875 0.9997668187500001 0.58222525 0.226851753125
0 0.42603192187500005 1 0.5270524578125 0.177107434375 0.4222754125 0.1423460078125 0.3312280109375 0.9921020953124999 0.3405530015625 1 0.42603192187500005 1
0 0.23642409999999997 0.9579028921875 0.291596890625 0.9703389265625001 0.330450959375 0.963084609375 0.4042736265625 0.1387628140625 0.36852792343749996 0.124254071875 0.29903081875000004 0.1132032859375 0.23642409999999997 0.9579028921875
0 0.2535199265625 0.21171700625 0.2045638140625 0.2044626171875 0.1742576328125 0.9396591015625001 0.22476790000000002 0.9396591015625001 0.2535199265625 0.21171700625
0 0.1890221984375 0.042793556249999996 0.1303343171875 0.0374322078125 0.119861946875 0.9282593671875 0.1742576328125 0.9261866953125001 0.1890221984375 0.042793556249999996
0 0.1291869109375 0.0214408296875 0.0709058609375 0.012739662500000002 0.0646891828125 0.9195582375000001 0.12063902343749999 0.9174855640624999 0.1291869109375 0.0214408296875
0 0.0036178578125 0.9311931093749999 0.053351075000000005 0.928084065625 0.0440260828125 0.00053873125 0.000097121875 0 0 0.624631175 0.0036178578125 0.9311931093749999