0 0.5507561828124999 0.9148938078125 0.5582886499999999 0.9190302562499999 0.609686653125 0.919621178125 0.6251946703125 0.703934925 0.6167760312499999 0.7051167859375 0.5680365468749999 0.7031962734375 0.5507561828124999 0.9148938078125
0 0.56493494375 0.7116169015625 0.5104353359375 0.7092532171875 0.496256578125 0.9255303906250001 0.5489838390624999 0.9273031906250001 0.56493494375 0.7116169015625
0 0.506890646875 0.7399811203125 0.45283412656250005 0.738799278125 0.43821228124999995 0.96630395625 0.49315497343750003 0.9639402703125001 0.506890646875 0.7399811203125
0 0.43776919531249997 0.7092532171875 0.37706638125 0.7091054875 0.36864774375 0.913711965625 0.428021325 0.912530159375 0.43776919531249997 0.7092532171875
0 0.3757371234375 0.727571775 0.31060344687499997 0.7269808531249999 0.306172584375 0.93853065625 0.3646599671875 0.9355760515625 0.3757371234375 0.727571775
0 0.29908321875 0.9243485828125 0.30440024062500004 0.9219848624999999 0.309717275 0.7139806046875 0.2467990296875 0.71279874375 0.24192508125 0.9237576265625 0.29908321875 0.9243485828125
0 0.5775085078125 0.99490610625 0.6033801875 0.9896428265624999 0.6779257046875 0.0013158203125 0.6156582734375 0 0.5511983265625 0.9925668703125 0.5775085078125 0.99490610625
0 0.4920004140625 0.9908124796875001 0.4985779609375 0.998414959375 0.5126100578125 0.997245340625 0.5454977859375 0.9925668703125 0.6143427640625 0.0007310109375 0.55470635 0.0001462015625 0.4920004140625 0.9908124796875001
0 0.4871769078125 0 0.43674905781250006 1 0.491123409375 1 0.55470635 0 0.4871769078125 0
0 0.4725105375 0.0417918984375 0.40355321406250005 0.0354494953125 0.366526865625 0.98590370625 0.42325530625 0.9854506765625001 0.4725105375 0.0417918984375
0 0.362450571875 1 0.40389290468750005 0.034090409375000005 0.3967593875 0.0300131515625 0.3322180484375 0.023670749999999997 0.3047030578125 1 0.362450571875 1
0 0.3315360828125 0.0268027234375 0.2627894421875 0.0201482546875 0.243385159375 0.996876475 0.30048919375 0.9961370890625 0.3315360828125 0.0268027234375
0 0.19958691875 0.9266348546875 0.242830784375 0.9295923953124999 0.260571809375 0.018669506250000002 0.277204053125 0.018669506250000002 0.27664964531249997 0.00092423125 0.2145559375 0.0007393859375 0.19958691875 0.9266348546875
0 0.1541254875 0 0.1452549234375 0.911107759375 0.19958691875 0.9118471453125 0.21344712187499998 0 0.1541254875 0
0 0.1541254875 0.0009242765625 0.08981411406249999 0.0007393859375 0.08870529687499999 0.9118471453125 0.145809365625 0.908889603125 0.1541254875 0.0009242765625
0 0.0875232640625 0.00018486875000000002 0.0343000859375 0 0.037626534375 0.9081502171875 0.0858600390625 0.9081502171875 0.0875232640625 0.00018486875000000002
0 0.0343733203125 0.00092423125 0.002772040625 0.0029575421875 0.007207304687500001 0.880793 0.0410262 0.880793 0.0343733203125 0.00092423125
0 0.2469184625 0.6892466234375 0.2031652140625 0.6892466234375 0.19923235156250002 0.8905238984375 0.2429856 0.8885570484375 0.2469184625 0.6892466234375
0 0.20267359062499998 0.670233440625 0.1495797421875 0.6689221921875 0.1466300953125 0.8675769953125 0.20021556718750003 0.8656101015625 0.20267359062499998 0.670233440625
0 0.1461385046875 0.6748228296875001 0.08911176093749999 0.674167228125 0.09058660156250001 0.8721663843749999 0.1441720390625 0.8695438890625 0.1461385046875 0.6748228296875001
0 0.0871453296875 0.6649884484374999 0.0376635125 0.6638046765625 0.043883671875 0.8583982609374999 0.0866537046875 0.85512011875 0.0871453296875 0.6649884484374999
0 0.0374927375 0.6400746296875 0.0045549109375 0.6348296375 0.007996165625 0.8210275421875 0.041425615625 0.8236500375 0.0374927375 0.6400746296875