0 0.0657477515625 0.7274552453124999 0.0115230171875 0.7281645796875 0.01258623125 0.9260645437499999 0.0662794 0.9196806640625 0.0657477515625 0.7274552453124999
0 0.1630333515625 0.713978203125 0.07903813125 0.7153968453124999 0.0795697796875 0.8991104062499999 0.16250174374999998 0.8969824828125 0.1630333515625 0.713978203125
0 0.1755950609375 0.693327890625 0.16994436562499998 0.8735749390624999 0.182171490625 0.8764122265625 0.201841278125 0.8764122265625 0.22629556874999998 0.8707376531250001 0.23108007343749998 0.6926986390625001 0.201841278125 0.697663875 0.1755950609375 0.693327890625
0 0.2326749359375 0.7083036578125 0.225763921875 0.8835054140624999 0.2507499015625 0.8927265265625 0.2757358 0.8891799312499999 0.287962965625 0.8799588203125 0.29593719375 0.7054663718749999 0.279457090625 0.7097222734375 0.2326749359375 0.7083036578125
0 0.34963028125 0.6948265890624999 0.2985952703125 0.691989303125 0.29274747031250004 0.8657724437500001 0.339529625 0.8650631359375 0.34963028125 0.6948265890624999
0 0.3522883578125 0.697663875 0.3427192671875 0.8671910593750001 0.37514782812499997 0.8707376531250001 0.395349221875 0.8679003671875 0.40438666406249996 0.6941172812499999 0.40172858749999996 0.696954540625 0.3719581046875 0.6990824921875001 0.3522883578125 0.697663875
0 0 0.9264999218750001 0.011743304687500001 0.9259122359375 0.009100542187500001 0.7366744703125 0 0.7360867625 0 0.9264999218750001
0 0.4335244453125 0.16066239375 0.37980126875 0.15211750625 0.34587929375000004 0.9284418999999999 0.3886666796875 0.9210754546875 0.4335244453125 0.16066239375
0 0.376244509375 0.15863385000000002 0.32448555 0.15218819687500001 0.29066968437499996 0.9208885125 0.3375978296875 0.9172053078125 0.376244509375 0.15863385000000002
0 0.257284725 0.025544695312499997 0.2251083359375 0.9418801468750001 0.2706562625 0.9446425953125 0.2844586515625 0.9299096359375 0.326555928125 0.044266925 0.322415221875 0.0322964484375 0.275487078125 0.0230883828125 0.257284725 0.025544695312499997
0 0.16713834375 0.9204427265625 0.18232094999999998 0.929650790625 0.2126862171875 0.9278091015625 0.22579849687500003 0.9213634484375 0.255473603125 0.0329583078125 0.191292525 0.0226424921875 0.16713834375 0.9204427265625
0 0.17127905000000002 0.0475042734375 0.08156351875 0.0401378296875 0.083633846875 0.950642321875 0.16368774531250002 0.9453044390625 0.17127905000000002 0.0475042734375
0 0.0442970578125 0.987661521875 0.07052161875 0.9756910796874999 0.06569074999999999 0.030008971875000002 0.0044865046875 0.020942046875000002 0.0118614640625 0.9830574890625 0.0442970578125 0.987661521875