0 0.6779257046875 0.0013158203125 0.6156582734375 0 0.5511983265625 0.9925668703125 0.5775085078125 0.99490610625 0.6033801875 0.9896428265624999 0.6779257046875 0.0013158203125
0 0.5126100578125 0.997245340625 0.5454977859375 0.9925668703125 0.6143427640625 0.0007310109375 0.55470635 0.0001462015625 0.4920004140625 0.9908124796875001 0.4985779609375 0.998414959375 0.5126100578125 0.997245340625
0 0.4871769078125 0 0.43674905781250006 1 0.491123409375 1 0.55470635 0 0.4871769078125 0
0 0.366526865625 0.98590370625 0.42325530625 0.9854506765625001 0.4725105375 0.0417918984375 0.40355321406250005 0.0354494953125 0.366526865625 0.98590370625
0 0.362450571875 1 0.40389290468750005 0.034090409375000005 0.3967593875 0.0300131515625 0.3322180484375 0.023670749999999997 0.3047030578125 1 0.362450571875 1
0 0.243385159375 0.996876475 0.30048919375 0.9961370890625 0.3315360828125 0.0268027234375 0.2627894421875 0.0201482546875 0.243385159375 0.996876475
0 0.260571809375 0.018669506250000002 0.277204053125 0.018669506250000002 0.27664964531249997 0.00092423125 0.2145559375 0.0007393859375 0.19958691875 0.9266348546875 0.242830784375 0.9295923953124999 0.260571809375 0.018669506250000002
0 0.1541254875 0 0.1452549234375 0.911107759375 0.19958691875 0.9118471453125 0.21344712187499998 0 0.1541254875 0
0 0.08870529687499999 0.9118471453125 0.145809365625 0.908889603125 0.1541254875 0.0009242765625 0.08981411406249999 0.0007393859375 0.08870529687499999 0.9118471453125
0 0.037626534375 0.9081502171875 0.0858600390625 0.9081502171875 0.0875232640625 0.00018486875000000002 0.0343000859375 0 0.037626534375 0.9081502171875
0 0.007207304687500001 0.880793 0.0410262 0.880793 0.0343733203125 0.00092423125 0.002772040625 0.0029575421875 0.007207304687500001 0.880793