0 0.61381766875 0.8988411265625 0.663129175 0.90187641875 0.691957384375 0.0024149437499999997 0.6456804734375 0.0014032015625 0.61381766875 0.8988411265625
0 0.564241421875 0.9113829796875 0.6120996062499999 0.9113829796875 0.642425603125 0.0017560437500000001 0.5916756953125 0 0.564241421875 0.9113829796875
0 0.5064325125 0.9036683296874999 0.5561860656250001 0.902404425 0.5708752375 0.000110475 0.5255852062499999 0.00007897968750000001 0.5064325125 0.9036683296874999
0 0.4495712890625 0.8895155640624999 0.502167921875 0.8939390968750001 0.5154355859375 0.057866584374999995 0.46375862031250004 0.05907690156249999 0.4495712890625 0.8895155640624999
0 0.3917624125 0.8939390968750001 0.444359046875 0.8958348890625001 0.4576266453125 0.05635251249999999 0.4045969734375 0.056944446875 0.3917624125 0.8939390968750001
0 0.31736898125 0.9031678640624999 0.36664869218749996 0.9139107234375 0.387497821875 0.0200821 0.34043593125 0.0234492171875 0.31736898125 0.9031678640624999
0 0.265848459375 0.896939315625 0.315237484375 0.9009719125 0.337916109375 0.0247934203125 0.2849992953125 0.026137621875 0.265848459375 0.896939315625
0 0.23460236874999998 0.8660222015624999 0.26786432968749996 0.8700549359374999 0.28399139375 0.0906601765625 0.25224128437500004 0.0906601765625 0.23460236874999998 0.8660222015624999
0 0.17563797812499998 0.8896858906249999 0.1968046484375 0.8957348796875 0.2134356640625 0.8903580218749999 0.23712222343749997 0.07882831875 0.199324503125 0.0698247625 0.1859976890625 0.07190501875000001 0.1645506234375 0.8876695703124999 0.17563797812499998 0.8896858906249999
0 0.1146576484375 0.8839030453125 0.1338084828125 0.8906241406250001 0.15396725312499998 0.892640484375 0.16656649375000002 0.8859193671875 0.1837014578125 0.087971725 0.1731181234375 0.0839390828125 0.1554791734375 0.08125061875 0.132711525 0.08702523281249999 0.1146576484375 0.8839030453125
0 0.0627487859375 0.8805425093749999 0.11717746874999999 0.8865914968749999 0.12574496875000002 0.117810675 0.072055996875 0.11953369375 0.0627487859375 0.8805425093749999
0 0.058717028125 0.11377805468749999 0.0051648546875 0.1119735875 0.003784359375 0.161903790625 0.001264521875 0.8872636046875 0.0501495453125 0.8865914968749999 0.058717028125 0.11377805468749999