0 0.451875628125 0.9435817953125 0.503932384375 0.9467123656249999 0.586572509375 0.26521151718749997 0.5319128421875 0.2518553328125 0.451875628125 0.9435817953125
0 0.3946131625 0.9397705609375 0.44797131874999996 0.945844609375 0.5169465265625 0.2464788375 0.4599118546875 0.2383152328125 0.3946131625 0.9397705609375
0 0.37248899999999996 0.9538242734375 0.388756753125 0.9503533953125001 0.441464246875 0.25792938125 0.38243974375 0.2480778046875 0.3353985609375 0.9399407640625 0.34711134062500004 0.952088809375 0.37248899999999996 0.9538242734375
0 0.2918010125 0.9364698359375 0.332795725 0.9408084703125 0.38485248125 0.220957778125 0.332795725 0.21054514531250001 0.2918010125 0.9364698359375
0 0.243648490625 0.9390730062499999 0.28659534062500003 0.9408084703125 0.3308435875 0.20846931249999998 0.2756868359375 0.1984513953125 0.243648490625 0.9390730062499999
0 0.1954960078125 0.9399407640625 0.23714142031250002 0.9451470546875 0.27358116093749996 0.192152821875 0.21892153125 0.1859085828125 0.1954960078125 0.9399407640625
0 0.16686477500000002 0.9658021671875 0.18768746249999999 0.962331290625 0.2085101875 0.1859085828125 0.1870367625 0.18487067343750002 0.16686477500000002 0.9658021671875
0 0.14474065 0.967707784375 0.162960503125 0.9661425250000001 0.181180390625 0.182267528125 0.1597069671875 0.1813998203125 0.14474065 0.967707784375
0 0.09008105937500001 0.9531267203124999 0.14604206875 0.9539944765625 0.151247721875 0.1621398140625 0.08780171718749999 0.158587559375 0.09008105937500001 0.9531267203124999
0 0.027253778125 0.949485640625 0.0874781859375 0.9503533953125001 0.08516690625 0.15119979375 0.016842396875000002 0.150332075 0.027253778125 0.949485640625
0 0 0.9397705609375 0.0174931328125 0.938035146875 0.027253778125 0.9354319265625 0.0148902984375 0.16595107343749999 0.0187945328125 0.14599346562499999 0.0055722078125 0.1431301546875 0 0.141314475 0 0.9397705609375