0 0.5265264859375 0.7668511687499999 0.472866425 0.7621641203125 0.45529216874999995 0.9015257 0.5110611625 0.9062127484375001 0.5265264859375 0.7668511687499999
0 0.465602403125 0.7596643624999999 0.41053639531249997 0.7559147187499999 0.395539696875 0.8968386515625 0.45318326249999996 0.9030880609375 0.465602403125 0.7596643624999999
0 0.4039753453125 0.7468531046875 0.4011634671875 0.7527900234375 0.39015025937500003 0.7568521328125 0.360391184375 0.7543523750000001 0.3503152765625 0.7477905 0.34000505 0.89496384375 0.3437542203125 0.89996335625 0.3566420140625 0.9055878187499999 0.37398195 0.906837696875 0.3852294625 0.9037129921875 0.39249349843750003 0.8980885296875 0.4039753453125 0.7468531046875
0 0.3493561453125 0.7297854671875 0.3028384796875 0.7283018953125 0.29299306875000003 0.8813533437500001 0.33981224062500004 0.8842348765624999 0.3493561453125 0.7297854671875
0 0.3005561625 0.73084481875 0.2521163359375 0.7279632859375 0.244913390625 0.8831284437500001 0.2910122578125 0.8840889484375 0.3005561625 0.73084481875
0 0.196555021875 0.8852796796875 0.2386725796875 0.8873739203125 0.2436695828125 0.8845181500000001 0.24980874062499997 0.729167334375 0.24581115312500001 0.7322508359375 0.199124915625 0.7290142859375 0.196555021875 0.8852796796875
0 0.1902730796875 0.7255873453125 0.171443925 0.726123934375 0.1672868875 0.893540934375 0.1857044 0.8943024749999999 0.1902730796875 0.7255873453125
0 0.1677152046875 0.7217796375 0.14772721093750002 0.7219700234374999 0.1453000984375 0.8919431640625 0.164288690625 0.8932758749999999 0.1677152046875 0.7217796375
0 0.147496915625 0.7312639 0.08847586406249999 0.7304648765625 0.0914718625 0.8990602359375 0.1442013390625 0.9018568671875 0.147496915625 0.7312639
0 0.027357626562499997 0.8850771937499999 0.0315520203125 0.8894718609375 0.080087078125 0.8902709015625 0.0860790734375 0.887074784375 0.08697787500000001 0.7171241515625 0.025258975 0.7165331296875 0.027357626562499997 0.8850771937499999
0 0 0.8854767265625 0.02016724375 0.8854767265625 0.0249608265625 0.882280609375 0.0210660453125 0.715283296875 0 0.7150348390625 0 0.8854767265625
0 0.586572509375 0.26521151718749997 0.5319128421875 0.2518553328125 0.451875628125 0.9435817953125 0.503932384375 0.9467123656249999 0.586572509375 0.26521151718749997
0 0.5169465265625 0.2464788375 0.4599118546875 0.2383152328125 0.3946131625 0.9397705609375 0.44797131874999996 0.945844609375 0.5169465265625 0.2464788375
0 0.3353985609375 0.9399407640625 0.34711134062500004 0.952088809375 0.37248899999999996 0.9538242734375 0.388756753125 0.9503533953125001 0.441464246875 0.25792938125 0.38243974375 0.2480778046875 0.3353985609375 0.9399407640625
0 0.38485248125 0.220957778125 0.332795725 0.21054514531250001 0.2918010125 0.9364698359375 0.332795725 0.9408084703125 0.38485248125 0.220957778125
0 0.3308435875 0.20846931249999998 0.2756868359375 0.1984513953125 0.243648490625 0.9390730062499999 0.28659534062500003 0.9408084703125 0.3308435875 0.20846931249999998
0 0.27358116093749996 0.192152821875 0.21892153125 0.1859085828125 0.1954960078125 0.9399407640625 0.23714142031250002 0.9451470546875 0.27358116093749996 0.192152821875
0 0.2085101875 0.1859085828125 0.1870367625 0.18487067343750002 0.16686477500000002 0.9658021671875 0.18768746249999999 0.962331290625 0.2085101875 0.1859085828125
0 0.181180390625 0.182267528125 0.1597069671875 0.1813998203125 0.14474065 0.967707784375 0.162960503125 0.9661425250000001 0.181180390625 0.182267528125
0 0.151247721875 0.1621398140625 0.08780171718749999 0.158587559375 0.09008105937500001 0.9531267203124999 0.14604206875 0.9539944765625 0.151247721875 0.1621398140625
0 0.08516690625 0.15119979375 0.016842396875000002 0.150332075 0.027253778125 0.949485640625 0.0874781859375 0.9503533953125001 0.08516690625 0.15119979375
0 0 0.9397705609375 0.0174931328125 0.938035146875 0.027253778125 0.9354319265625 0.0148902984375 0.16595107343749999 0.0187945328125 0.14599346562499999 0.0055722078125 0.1431301546875 0 0.141314475 0 0.9397705609375