0 0.6026563453125 0.7371757156250001 0.5063698015625 0.7389037953125001 0.4943352734375 0.9372668671875 0.5831451453125001 0.9336778000000001 0.6026563453125 0.7371757156250001
0 0.492989675 0.7219220609375 0.3940877921875 0.722819328125 0.3839957796875 0.9238078375000001 0.4802064203125 0.9139378125000001 0.492989675 0.7219220609375
0 0.388032575 0.720127528125 0.2869036484375 0.71871823125 0.27971150312500004 0.9175269406250001 0.3759221890625 0.9139378125000001 0.388032575 0.720127528125
0 0.23059694999999997 0.9220132421875 0.25818188124999997 0.9094515109374999 0.26894666875 0.6967985671875 0.21310412343750001 0.6923121421875 0.20704890625 0.9157324078125001 0.23059694999999997 0.9220132421875
0 0.135059109375 0.897786953125 0.1478423421875 0.90406785 0.1693719859375 0.9058623828125001 0.18888325781249998 0.9004787828125 0.19628407187500002 0.688723075 0.140088359375 0.684402771875 0.135059109375 0.897786953125
0 0.0778709421875 0.8816360937500001 0.09267261875 0.8950951843749999 0.12093025625 0.89150611875 0.1330406890625 0.8879169906250001 0.135059109375 0.6815449124999999 0.08105953125000001 0.6773378234375 0.0778709421875 0.8816360937500001
0 0.07880926875000001 0.6750202140625 0.06784825312500001 0.677831353125 0.047190909375 0.6800802640625 0.02358254375 0.6750202140625 0.007639868750000001 0.6697970140625 0.007984175 0.8616804968749999 0.016837321875 0.8667406046874999 0.0324356921875 0.8718006359375 0.04929880625 0.870113971875 0.0627893078125 0.8678650609374999 0.0771229625 0.8628049921875001 0.07880926875000001 0.6750202140625
0 0.0041900015625 0.6699601265624999 0.0005268890625 0.6716942578125 0 0.8661783578125 0.005876278125 0.86449165625 0.0041900015625 0.6699601265624999
0 0.6617904593749999 0.1602531296875 0.5490661203125 0.1443766234375 0.4914814734375 0.9930610796874999 0.5784672375000001 0.9857344359375 0.6617904593749999 0.1602531296875
0 0.541841671875 0.1473043359375 0.42856453125 0.130641003125 0.38252038125 0.9830626499999999 0.4759156296875 0.9732936375 0.541841671875 0.1473043359375
0 0.42372415781250006 0.1363141390625 0.3101228 0.115531821875 0.2781375640625 0.973777178125 0.372448353125 0.9701137718749999 0.42372415781250006 0.1363141390625
0 0.20030815781250003 0.9566813937499999 0.21495833437499998 0.9676715703125 0.241511934375 0.973777178125 0.2579933828125 0.9627870015625 0.30652231093750004 0.0879526140625 0.245237328125 0.07157783906250001 0.20030815781250003 0.9566813937499999
0 0.189437078125 0.065439259375 0.163663053125 0.0648312171875 0.13377214375 0.9488715015625001 0.1511674171875 0.9544392437500001 0.172041803125 0.959079003125 0.1901328140625 0.9562951468750001 0.23466477187499998 0.081214471875 0.22561919531250002 0.0737908265625 0.189437078125 0.065439259375
0 0.11846431718749999 0.0555991921875 0.0963542328125 0.0596122453125 0.0774114953125 0.934759078125 0.08993606562499999 0.941254771875 0.1170727015625 0.94218275625 0.1323805265625 0.931975253125 0.1623003953125 0.0667346140625 0.140730271875 0.0620948546875 0.11846431718749999 0.0555991921875
0 0.053058115625 0.0388959625 0.00947889375 0.0408239515625 0.005742975 0.9204723484375 0.027313096874999998 0.93067985 0.057232965625 0.9325357546875 0.0794989203125 0.9186164437500001 0.0941109375 0.0546712078125 0.0913277046875 0.051887353125 0.053058115625 0.0388959625