0 0.6485725140625 0.8008017171875 0.5966287015625 0.7974895921875 0.5815482421875 0.9508583671874999 0.62913546875 0.95398655625 0.6485725140625 0.8008017171875
0 0.5875804109375 0.7974895921875 0.5368854015625 0.796880340625 0.524912725 0.9512176 0.573170184375 0.948983190625 0.5875804109375 0.7974895921875
0 0.519550809375 0.7760391765625 0.47296893124999995 0.7729109859375 0.463920659375 0.9342360218750001 0.5074864156250001 0.9328953656250001 0.519550809375 0.7760391765625
0 0.45420215468749997 0.9074229984375 0.463920659375 0.756376290625 0.4183441484375 0.7536949921875 0.4106363609375 0.908316765625 0.45420215468749997 0.9074229984375
0 0.37109204687499997 0.8921412984374999 0.406950025 0.8916944203125 0.4119768453125 0.7419883640625 0.3702024265625 0.7407501937500001 0.36688646875 0.8910916859375 0.37109204687499997 0.8921412984374999
0 0.36771545781250004 0.745908965625 0.3251608203125 0.7466459390625 0.32377916562500003 0.90030379375 0.364399515625 0.90140925 0.36771545781250004 0.745908965625
0 0.31825259375 0.74848835625 0.2626576359375 0.7482850484375 0.2643684734375 0.9087789234375 0.3146603109375 0.9084104453125 0.31825259375 0.74848835625
0 0.25900295624999997 0.7568971906249999 0.201303203125 0.7562374171874999 0.20690862187499998 0.9197974484375001 0.258547965625 0.9161572046875 0.25900295624999997 0.7568971906249999
0 0.1957618015625 0.7608407765625 0.1152317109375 0.759020659375 0.1234212046875 0.91373040625 0.1994015765625 0.9158538578125001 0.1957618015625 0.7608407765625
0 0.1101747953125 0.7625589640625 0.027119534374999997 0.7550051812499999 0.040856415624999996 0.912822646875 0.11799424843749999 0.9147953671875 0.1101747953125 0.7625589640625
0 0.011269296875 0.910004471875 0.040222403125 0.9074681265625 0.025851521875 0.7451415906250001 0 0.7464118421875 0.0004911421875000001 0.798123178125 0.011269296875 0.910004471875
0 0.57435115 0.99313676875 0.5814256531249999 0.9983430468750001 0.590593796875 0.999701453125 0.6242751984375 0.9975749796875 0.7355345265625 0.121860946875 0.6627755 0.116472828125 0.57435115 0.99313676875
0 0.5202235374999999 0.9941550984375 0.5238130296875 0.9993099171875001 0.55943206875 0.9993099171875001 0.5679916781250001 0.9967325078125 0.6638041328125001 0.11469591875 0.5914531765625 0.1097549828125 0.5202235374999999 0.9941550984375
0 0.5624693359374999 0.18627134218750002 0.5011714890625 0.179643721875 0.45864952968750006 0.9805316812499999 0.5039326421875 0.980163465625 0.5624693359374999 0.18627134218750002
0 0.49730585312500003 0.1803079203125 0.43517963593750003 0.17478490625 0.40867244375 0.9546131640625 0.45147049843750003 0.9549814 0.49730585312500003 0.1803079203125
0 0.38034665156249997 0.9392931625 0.40646350625 0.9363475578125 0.4299334078125 0.170734684375 0.38034665156249997 0.1663162765625 0.3651602375 0.9348747453125 0.38034665156249997 0.9392931625
0 0.378966075 0.167052678125 0.32788452343749996 0.16079326249999998 0.32180995 0.94614454375 0.3632274359375 0.948353759375 0.378966075 0.167052678125
0 0.324655415625 0.259658453125 0.26053981875 0.253665596875 0.2656331375 0.95361550625 0.316566084375 0.952416953125 0.324655415625 0.259658453125
0 0.2566449703125 0.2573474171875 0.188725484375 0.2513188625 0.20840845 0.9657579359374999 0.2596410328125 0.9613631859374999 0.2566449703125 0.2573474171875
0 0.18408145 0.10899180312500001 0.08571881406250001 0.09685746875 0.1242839015625 0.9590642578124999 0.20011412812499998 0.959642075 0.18408145 0.10899180312500001
0 0.047153725 0.9606843843749999 0.1229839765625 0.9606843843749999 0.08008569843749999 0.0989421203125 0.0007853484375 0.09097811875 0 0.41280357343749996 0.047153725 0.9606843843749999
0 0 0.7836491624999999 0.0170992203125 0.9559260328124999 0.0453128421875 0.9542539015625 0.0458336609375 0.9505219437499999 0 0.4589524390625 0 0.7836491624999999