0 0.649293759375 0.7163800390625 0.5961024109374999 0.7177619359375 0.5943754125 0.8840509531249999 0.642731178125 0.881747775 0.649293759375 0.7163800390625
0 0.58332265625 0.7186832015625 0.5338566265625 0.7176765296875 0.530131284375 0.881747775 0.581595659375 0.879444628125 0.58332265625 0.7186832015625
0 0.5225325234375 0.738490484375 0.46795956250000004 0.73756921875 0.463124003125 0.90524015 0.5190785515624999 0.90524015 0.5225325234375 0.738490484375
0 0.45806726875 0.7470657625 0.40010591250000005 0.745488221875 0.39803588125 0.9138898687499999 0.45688436875000005 0.9134954734375 0.45806726875 0.7470657625
0 0.398331571875 0.733656715625 0.36094336875 0.7324576203125 0.3587049390625 0.89732578125 0.397444421875 0.9000864406250001 0.398331571875 0.733656715625
0 0.35279051875 0.7435163 0.3125724359375 0.7431219312499999 0.3140510359375 0.909946025 0.35279051875 0.909946025 0.35279051875 0.7435163
0 0.3110228359375 0.708370296875 0.252379078125 0.7041427546875 0.258190634375 0.85703815625 0.3120794765625 0.8637317687499999 0.3110228359375 0.708370296875
0 0.2513224390625 0.69970244375 0.1881183046875 0.6951036453125 0.19690526875 0.8497133109374999 0.25660565625 0.8525316484375001 0.2513224390625 0.69970244375
0 0.1041891828125 0.7047768249999999 0.082489303125 0.7080654203125001 0.0612826 0.706421128125 0.0494463140625 0.701159371875 0.06670756562499999 0.8675623640625 0.06892687187499999 0.87117981875 0.0906267515625 0.8770992921874999 0.118244790625 0.8715086875000001 0.1355060421875 0.8649314968749999 0.11873798437500001 0.699186209375 0.1041891828125 0.7047768249999999
0 0 0.8724952515625001 0.018622615625 0.876770421875 0.043034978125 0.8731529921875 0.0612826 0.863616040625 0.042541801562499995 0.6972130484375 0.032924803125 0.702145946875 0 0.7077365624999999 0 0.8724952515625001
0 0.6727961359375 0.0302336546875 0.6213197453125 0.028387884375 0.5912884671875 0.93279815625 0.642382809375 0.934420584375 0.6727961359375 0.0302336546875
0 0.6107529984375 0.0333096953125 0.5529676890624999 0.031044895312499998 0.5268122328125 0.9336093562500001 0.5791231453125001 0.9323081468750001 0.6107529984375 0.0333096953125
0 0.5469813359375 0.0246690828125 0.48715095 0.022389290625 0.4615093703125 0.9556309359374999 0.5166388000000001 0.9579106906250001 0.5469813359375 0.0246690828125
0 0.4730480859375 0.0218193703125 0.41108089531249997 0.0186254046875 0.39911483593749997 0.967029746875 0.45210742968749995 0.9664597890625 0.4730480859375 0.0218193703125
0 0.40637993906250003 0.036293559375 0.3653534046875 0.0340137859375 0.3550967484375 0.9442321265625001 0.39697805937499997 0.945372003125 0.40637993906250003 0.036293559375
0 0.3508231671875 0.029798529687500002 0.3085145265625 0.029228592187500003 0.310223975 0.9579106906250001 0.3516778828125 0.961330321875 0.3508231671875 0.029798529687500002
0 0.3068837875 0.0857404140625 0.232533175 0.08615972968749999 0.256399975 0.9084075593750001 0.3120616234375 0.913586546875 0.3068837875 0.0857404140625
0 0.2330997546875 0.0911472546875 0.159731740625 0.0893961140625 0.19556051875 0.892295140625 0.258125940625 0.8957478234374999 0.2330997546875 0.0911472546875
0 0.086826125 0.060073354687500004 0.0008273984375 0.0583470140625 0 0.15777894374999998 0.07115954687500001 0.9099060171875 0.0806522515625 0.9248675562500001 0.1121506828125 0.9288956609374999 0.14076182343750002 0.915660465625 0.086826125 0.060073354687500004
0 0 0.9171589234375 0.0034163171875 0.9223379109375 0.0224017 0.926366015625 0.054331628124999996 0.92291335 0.0698651390625 0.9148571609375 0 0.20525865625 0 0.9171589234375