0 0.185546875 0.6468896484375 0.19140625 0.5936572265625 0.19921875 0.4270166015625 0.201171875 0.4247021484375 0.205078125 0.33906738281250004 0.212890625 0.2557470703125 0.212890625 0.2326025390625 0.1884765625 0.22681640625 0.1845703125 0.22681640625 0.177734375 0.2395458984375 0.177734375 0.2534326171875 0.171875 0.2719482421875 0.16796875 0.30435058593750003 0.158203125 0.5705126953125 0.15625 0.5728271484375 0.150390625 0.6816064453124999 0.146484375 0.7001220703125 0.146484375 0.7232666015625 0.142578125 0.7510400390624999 0.14453125 0.7649267578125001 0.138671875 0.8065869140625 0.138671875 0.8366748046874999 0.1416015625 0.8424609375 0.171875 0.8413037109375001 0.17578125 0.8297314453125001 0.17578125 0.7996435546875 0.177734375 0.7973291015624999 0.17578125 0.7927001953125 0.1796875 0.7695556640625 0.185546875 0.6468896484375
0 0.4619140625 0.25921875 0.45703125 0.2603759765625 0.453125 0.27426269531249997 0.443359375 0.2881494140625 0.4375 0.3089794921875 0.408203125 0.6630908203125 0.3984375 0.8320458984375 0.4052734375 0.835517578125 0.41796875 0.8343603515625 0.421875 0.8297314453125001 0.4296875 0.7070654296875001 0.439453125 0.6237451171874999 0.443359375 0.5404248046875 0.462890625 0.3159228515625 0.4619140625 0.25921875
0 0.43717768437500004 0.8291666671875 0.4852320671875 0.827777778125 0.5332864500000001 0.222222221875 0.484060009375 0.21805555625 0.43717768437500004 0.8291666671875
0 0.462890625 0.5195947265624999 0.466796875 0.4247021484375 0.48046875 0.2696337890625 0.48046875 0.2534326171875 0.4775390625 0.24996093749999998 0.462890625 0.28120605468750004 0.462890625 0.3112939453125 0.4453125 0.5126513671875 0.44140625 0.5936572265625 0.43359375 0.6630908203125 0.42578125 0.7903857421875 0.421875 0.8112158203125001 0.421875 0.8320458984375 0.4248046875 0.835517578125 0.43359375 0.8343603515625 0.4375 0.8320458984375 0.439453125 0.8251025390625 0.439453125 0.7880712890625 0.4453125 0.7440966796875 0.453125 0.6052294921875 0.462890625 0.5195947265624999
0 1 0.2580615234375 0.9951171875 0.25458984375 0.9619140625 0.24996093749999998 0.95703125 0.27426269531249997 0.95703125 0.3066650390625 0.953125 0.33906738281250004 0.953125 0.39229980468750003 0.94921875 0.4223876953125 0.94921875 0.46173339843749994 0.947265625 0.46404785156250006 0.94140625 0.5982861328125 0.9375 0.6283740234375 0.93359375 0.7487255859374999 0.9296875 0.7649267578125001 0.9365234375 0.7776562499999999 0.9443359375 0.7799707031249999 0.9765625 0.7788134765625 0.98046875 0.7741845703125 0.982421875 0.7533544921875001 0.984375 0.6839208984375 0.986328125 0.6816064453124999 0.9921875 0.5496826171875 0.994140625 0.5473681640625 0.9921875 0.5450537109375 0.994140625 0.5427392578125 0.994140625 0.5033935546875 1 0.4571044921875 1 0.2580615234375
0 0.593061415625 0.8208333328125 0.6598687296875 0.8291666671875 0.7067510546875 0.24722222187499998 0.643459915625 0.240277778125 0.593061415625 0.8208333328125
0 0.5379746828124999 0.8194444437499999 0.589545240625 0.8291666671875 0.643459915625 0.23194444375 0.58368495 0.222222221875 0.5379746828124999 0.8194444437499999
0 0.484060009375 0.8166666671874999 0.5356305671875 0.8222222218749999 0.5825128921875 0.23194444375 0.5391467421875 0.22916666718749998 0.484060009375 0.8166666671874999
0 0.34575714999999996 0.8416666671874999 0.3949835921875 0.8416666671874999 0.4348335671875 0.20833333281250002 0.390295359375 0.20416666718749998 0.34575714999999996 0.8416666671874999
0 0.2848101265625 0.8333333328125001 0.3141115796875 0.8388888890624999 0.36333802187500003 0.1888888890625 0.3293483359375 0.1888888890625 0.2848101265625 0.8333333328125001
0 0.312939521875 0.8388888890624999 0.3410689171875 0.8388888890624999 0.3891233 0.225 0.35747773125000004 0.21805555625 0.312939521875 0.8388888890624999
0 0.3082512890625 0.8375 0.3445850921875 0.8416666671874999 0.38560712656249996 0.222222221875 0.35630567343749997 0.21805555625 0.3082512890625 0.8375
0 0 0.89305555625 0.052742615625 0.8916666671875 0.094936709375 0.1625 0.021097046875 0.15694444375 0 0.5625 0 0.89305555625
0 0.0668073140625 0.847222221875 0.1371308015625 0.8388888890624999 0.168776371875 0.24305555625 0.10431317343749999 0.23194444375 0.0668073140625 0.847222221875
0 0.1758087203125 0.8444444437499999 0.200421940625 0.847222221875 0.24378809218750003 0.2166666671875 0.212142521875 0.21805555625 0.1758087203125 0.8444444437499999
0 0.20393811562500003 0.8444444437499999 0.2555086734375 0.8486111109375001 0.29770276562500003 0.22638888906250001 0.2473042671875 0.222222221875 0.20393811562500003 0.8444444437499999
0 0.2519924984375 0.8430555562500001 0.2871542421875 0.8486111109375001 0.3293483359375 0.23194444375 0.29770276562500003 0.22777777812500002 0.2519924984375 0.8430555562500001
0 0.6715893109375 0.784722221875 0.7219878109375 0.7833333328125 0.7536333796875 0.2736111109375 0.7126113453125 0.26805555625 0.6715893109375 0.784722221875
0 0.720815753125 0.7763888890625 0.781762775 0.7805555562500001 0.811064228125 0.272222221875 0.75011720625 0.2708333328125 0.720815753125 0.7763888890625
0 0.7864510078125 0.7805555562500001 0.841537740625 0.7805555562500001 0.8696671359374999 0.27777777812500004 0.8098921703125 0.26527777812500003 0.7864510078125 0.7805555562500001
0 0.84388185625 0.772222221875 0.9282700421875001 0.7736111109375 0.9552273796874999 0.27777777812500004 0.873183309375 0.2611111109375 0.84388185625 0.772222221875