0 0.0703125 0.250417146875 0.072265625 0.247587575 0.0693359375 0.243343215625 0.0126953125 0.243343215625 0.00390625 0.250417146875 0.0078125 0.8785821921875 0.009765625 0.881411765625 0.009765625 0.9040483437500001 0.068359375 0.9040483437500001 0.076171875 0.8983891984374999 0.07421875 0.6239206875 0.072265625 0.621091115625 0.072265625 0.406043621875 0.0703125 0.40321405 0.0703125 0.250417146875
0 0.123046875 0.26456500781250003 0.126953125 0.247587575 0.1220703125 0.24051364375 0.1162109375 0.24051364375 0.1142578125 0.243343215625 0.0791015625 0.2461727890625 0.0703125 0.2589058640625 0.072265625 0.4569759234375 0.07421875 0.4598054953125 0.07421875 0.660705128125 0.076171875 0.6635347 0.07421875 0.66919384375 0.076171875 0.6748529890625 0.076171875 0.9040483437500001 0.0869140625 0.911122275 0.123046875 0.9097074890625001 0.126953125 0.9068779156250001 0.126953125 0.5446926640624999 0.125 0.5418630921875 0.125 0.31832688125 0.123046875 0.315497309375 0.123046875 0.26456500781250003
0 0.126953125 0.25324671875 0.125 0.26173543593750004 0.125 0.32681559843749997 0.126953125 0.32964517031249996 0.125 0.3437930328125 0.126953125 0.3466226046875 0.126953125 0.6324094046875001 0.12890625 0.6352389765625001 0.12890625 0.9181962046875001 0.1318359375 0.9224405625 0.162109375 0.9210257765625001 0.1748046875 0.919610990625 0.1796875 0.9125370609375001 0.17578125 0.2447580015625 0.1728515625 0.24051364375 0.1376953125 0.24051364375 0.126953125 0.25324671875
0 0.248046875 0.42868019999999996 0.24609375 0.42585062812499996 0.248046875 0.420191484375 0.24609375 0.406043621875 0.24609375 0.32964517031249996 0.248046875 0.32681559843749997 0.248046875 0.31266773593749997 0.24609375 0.3070085921875 0.248046875 0.3041790203125 0.248046875 0.26173543593750004 0.2607421875 0.243343215625 0.2685546875 0.237684071875 0.271484375 0.230610140625 0.2685546875 0.2263657828125 0.2041015625 0.2263657828125 0.2021484375 0.2291953546875 0.1865234375 0.2291953546875 0.17578125 0.247587575 0.177734375 0.250417146875 0.17578125 0.256076290625 0.177734375 0.26173543593750004 0.177734375 0.49376036250000005 0.1796875 0.4965899359375 0.181640625 0.8559456140625 0.18359375 0.8587751875 0.181640625 0.9181962046875001 0.1865234375 0.9280997078125001 0.2421875 0.926684921875 0.25 0.9153666328125001 0.25 0.7144670015625 0.248046875 0.711637428125 0.25 0.672023415625 0.248046875 0.66919384375 0.248046875 0.42868019999999996
0 0.7119140625 0.2518319328125 0.7080078125 0.2518319328125 0.703125 0.2589058640625 0.703125 0.386236615625 0.701171875 0.3890661890625 0.69921875 0.9125370609375001 0.7021484375 0.9224405625 0.724609375 0.9238553484375001 0.73046875 0.9181962046875001 0.73046875 0.6550459828124999 0.732421875 0.652216409375 0.734375 0.26456500781250003 0.7197265625 0.26032065000000004 0.7119140625 0.2518319328125
0 0.7373046875 0.26315022187500003 0.734375 0.2787128703125 0.736328125 0.2843720140625 0.736328125 0.31832688125 0.734375 0.3211564546875 0.734375 0.59279539375 0.732421875 0.595624965625 0.732421875 0.7427627234374999 0.734375 0.7455922953125 0.734375 0.7597401578125 0.732421875 0.7625697296875 0.732421875 0.9210257765625001 0.7353515625 0.9252701359375 0.759765625 0.9238553484375001 0.763671875 0.9012187703125001 0.765625 0.2673945796875 0.7607421875 0.26032065000000004 0.7568359375 0.26032065000000004 0.7548828125 0.26315022187500003 0.7373046875 0.26315022187500003
0 0.83203125 0.6324094046875001 0.830078125 0.6126023984375 0.83203125 0.6097728265625 0.833984375 0.270224153125 0.8291015625 0.26597979375 0.7705078125 0.26597979375 0.76953125 0.315497309375 0.767578125 0.31832688125 0.765625 0.9210257765625001 0.7685546875 0.9280997078125001 0.7763671875 0.9309292796875 0.8125 0.92951449375 0.8232421875 0.9280997078125001 0.828125 0.9181962046875001 0.828125 0.8785821921875 0.830078125 0.8757526203125 0.830078125 0.6352389765625001 0.83203125 0.6324094046875001
0 0.246223878125 0.9307553953125 0.29484792031249996 0.9382493999999999 0.2907097046875 0.2652877703125 0.24415476875 0.26678657031249997 0.246223878125 0.9307553953125
0 0.29277881250000004 0.9337529968749999 0.31967721875 0.9262589921875 0.3176081109375 0.2517985609375 0.2886405953125 0.24880095937500002 0.29277881250000004 0.9337529968749999
0 0.32898820624999997 0.9352517984375 0.4293399546875 0.9307553953125 0.4293399546875 0.27577937656249996 0.31967721875 0.2712829734375 0.32898820624999997 0.9352517984375
0 0.4386509421875 0.9337529968749999 0.5358990265625 0.932254196875 0.532795365625 0.25929256562499997 0.4386509421875 0.25929256562499997 0.4386509421875 0.9337529968749999
0 0.53693358125 0.92775779375 0.6279743437499999 0.9307553953125 0.63107800625 0.2607913671875 0.5379681359374999 0.2532973625 0.53693358125 0.92775779375
0 0.7003931296875 0.2652877703125 0.6290088968750001 0.26229016875 0.6300434515625 0.9262589921875 0.698324021875 0.923261390625 0.7034967921875 0.2652877703125 0.6931512515625 0.25929256562499997 0.7003931296875 0.2652877703125
0 0.915580384375 0.9367506000000001 0.9579971031250001 0.9367506000000001 0.950755225 0.26229016875 0.921787709375 0.26229016875 0.915580384375 0.9367506000000001
0 0.9590316578125 0.932254196875 0.9993792671874999 0.9352517984375 1 0.2817745796875 0.9528243328125001 0.2817745796875 0.9590316578125 0.932254196875
0 0.8328160562500001 0.9367506000000001 0.9135112765625 0.932254196875 0.9197186015625001 0.26378896875 0.8348851640625 0.26378896875 0.8328160562500001 0.9367506000000001