0 0.041015625 0.3603515625 0.041015625 0.0615234375 0.00146484375 0.060546875 0 0.3603515625 0.041015625 0.3603515625
0 0.08496093593750001 0.0888671875 0.08203124843750001 0.3583984375 0.1552734359375 0.3603515625 0.1552734359375 0.0634765625 0.09228515625 0.060546875 0.08496093593750001 0.0888671875
0 0.08203124843750001 0.3603515625 0.08496093593750001 0.1123046875 0.07763671875 0.107421875 0.05126953125 0.107421875 0.0439453125 0.1103515625 0.0439453125 0.3603515625 0.0703125 0.3623046875 0.08203124843750001 0.3603515625
0 0.205078125 0.3603515625 0.2080078125 0.0791015625 0.16259765625 0.076171875 0.158203125 0.3583984375 0.205078125 0.3603515625
0 0.28564453125 0.044921875 0.21533203125 0.044921875 0.2080078125 0.1181640625 0.2080078125 0.3583984375 0.287109375 0.3603515625 0.2900390640625 0.0498046875 0.28564453125 0.044921875
0 0.2900390640625 0.3564453125 0.2944335921875 0.361328125 0.3662109359375 0.3603515625 0.3662109359375 0.0458984375 0.2944335921875 0.044921875 0.2900390640625 0.3564453125
0 0.42626953125 0.04296875 0.37939453125 0.04296875 0.369140625 0.0478515625 0.369140625 0.3583984375 0.4335937515625 0.3603515625 0.4365234359375 0.0478515625 0.42626953125 0.04296875
0 0.44384765625 0.04296875 0.439453125 0.3603515625 0.5039062484375 0.3603515625 0.5009765640625 0.0498046875 0.49365234375 0.04296875 0.44384765625 0.04296875
0 0.50830078125 0.044921875 0.5039062484375 0.3583984375 0.5771484359375 0.3603515625 0.5830078125 0.3330078125 0.580078125 0.0478515625 0.50830078125 0.044921875
0 0.5830078125 0.3505859375 0.58740234375 0.361328125 0.6357421875 0.3603515625 0.6357421875 0.0634765625 0.58740234375 0.060546875 0.5830078125 0.3505859375
0 0.7119140640625 0.3603515625 0.7177734359375 0.0791015625 0.6430664078125 0.076171875 0.6416015640625 0.3603515625 0.7119140640625 0.3603515625
0 0.8056640640625 0.0498046875 0.79833984375 0.04296875 0.72802734375 0.04296875 0.720703125 0.0458984375 0.7177734359375 0.0810546875 0.7177734359375 0.3583984375 0.802734375 0.3603515625 0.8056640640625 0.0498046875
0 0.8671875 0.3603515625 0.8671875 0.0458984375 0.8100585921875 0.04296875 0.8056640640625 0.3583984375 0.8671875 0.3603515625
0 0.93603515625 0.04296875 0.87158203125 0.044921875 0.8701171875 0.3525390625 0.8774414078125 0.361328125 0.9492187515625 0.3603515625 0.9492187515625 0.0478515625 0.93603515625 0.04296875
0 0.9990234359375 0.3603515625 0.9990234359375 0.0771484375 0.95654296875 0.076171875 0.955078125 0.3603515625 0.9990234359375 0.3603515625
0 0.9990234359375 0.8798828125 1 0.7314453125 0.9990234359375 0.5849609375 0.93310546875 0.58203125 0.9140625 0.5849609375 0.9140625 0.8798828125 0.9931640640625 0.8818359375 0.9990234359375 0.8798828125
0 0.8583984359375 0.5869140625 0.8583984359375 0.8798828125 0.908203125 0.8818359375 0.908203125 0.5869140625 0.86572265625 0.58203125 0.8583984359375 0.5869140625
0 0.7880859359375 0.5869140625 0.7880859359375 0.8798828125 0.8525390640625 0.8818359375 0.8554687515625 0.5869140625 0.79541015625 0.58203125 0.7880859359375 0.5869140625
0 0.7880859359375 0.8740234375 0.7851562484375 0.5517578125 0.69580078125 0.548828125 0.6884765640625 0.5537109375 0.6884765640625 0.8779296875 0.69580078125 0.8828125 0.7822265640625 0.8818359375 0.7880859359375 0.8740234375
0 0.62841796875 0.548828125 0.626953125 0.8818359375 0.685546875 0.8818359375 0.6884765640625 0.5537109375 0.68115234375 0.548828125 0.62841796875 0.548828125
0 0.6210937515625 0.8818359375 0.6210937515625 0.5517578125 0.55517578125 0.548828125 0.5507812484375 0.8818359375 0.6210937515625 0.8818359375
0 0.54638671875 0.56640625 0.5024414078125 0.564453125 0.486328125 0.5732421875 0.4833984359375 0.8798828125 0.544921875 0.8818359375 0.5507812484375 0.5712890625 0.54638671875 0.56640625
0 0.44384765625 0.58203125 0.439453125 0.8818359375 0.4833984359375 0.8818359375 0.486328125 0.5888671875 0.47607421875 0.58203125 0.44384765625 0.58203125
0 0.42626953125 0.564453125 0.37646484375 0.564453125 0.3662109359375 0.5712890625 0.369140625 0.8818359375 0.4335937515625 0.8818359375 0.4365234359375 0.5693359375 0.42626953125 0.564453125
0 0.2900390640625 0.8779296875 0.2944335921875 0.8828125 0.3632812484375 0.8818359375 0.3662109359375 0.5517578125 0.29736328125 0.548828125 0.2900390640625 0.8779296875
0 0.2900390640625 0.8818359375 0.2900390640625 0.5693359375 0.24169921875 0.56640625 0.2373046875 0.8798828125 0.2900390640625 0.8818359375
0 0.18310546875 0.58203125 0.1757812484375 0.5888671875 0.1728515640625 0.8779296875 0.1772460921875 0.8828125 0.2314453125 0.8818359375 0.2373046875 0.5849609375 0.18310546875 0.58203125
0 0.16845703125 0.548828125 0.10107421875 0.548828125 0.09375 0.5595703125 0.09375 0.8798828125 0.169921875 0.8818359375 0.1728515640625 0.5537109375 0.16845703125 0.548828125
0 0.041015625 0.6240234375 0.041015625 0.8818359375 0.0908203125 0.8818359375 0.0908203125 0.5517578125 0.04833984375 0.548828125 0.041015625 0.6240234375
0 0.00146484375 0.615234375 0 0.8818359375 0.038085935937499996 0.8818359375 0.038085935937499996 0.6201171875 0.03076171875 0.615234375 0.00146484375 0.615234375