0 0.56640625 0.8848612234375001 0.56640625 0.87565989375 0.564453125 0.8725927828125 0.564453125 0.2438352421875 0.5615234375 0.23616746718749998 0.5498046875 0.23310035624999997 0.5478515625 0.230033246875 0.5419921875 0.230033246875 0.5400390625 0.2269661375 0.5341796875 0.2269661375 0.533203125 0.5352106875 0.53515625 0.5382777984375 0.53515625 0.863391453125 0.537109375 0.8664585640625001 0.537109375 0.940069203125 0.5419921875 0.9446698671875 0.5625 0.9431363125000001 0.564453125 0.940069203125 0.564453125 0.9032638828125 0.56640625 0.9001967734375 0.564453125 0.8940625531249999 0.564453125 0.8879283328125 0.56640625 0.8848612234375001
0 0.591796875 0.8081834750000001 0.58984375 0.8051163640624999 0.58984375 0.30824455 0.587890625 0.30517744062499996 0.5869140625 0.2883083359375 0.5673828125 0.2852412265625 0.564453125 0.289841890625 0.564453125 0.33584854062499997 0.56640625 0.33891565 0.564453125 0.3450498703125 0.56640625 0.351184090625 0.56640625 0.3787880796875 0.564453125 0.3818551890625 0.564453125 0.46773426875 0.56640625 0.470801378125 0.56640625 0.728438615625 0.564453125 0.731505725 0.56640625 0.7345728359375 0.56640625 0.7775123749999999 0.564453125 0.780579484375 0.564453125 0.8081834750000001 0.56640625 0.811250584375 0.56640625 0.8511230140625001 0.564453125 0.8541901234375 0.56640625 0.857257234375 0.56640625 0.8971296625 0.564453125 0.9001967734375 0.564453125 0.9063309937499999 0.56640625 0.9093981031249999 0.56640625 0.9370020921875 0.5693359375 0.9416027578125 0.5732421875 0.9446698671875 0.58984375 0.9431363125000001 0.591796875 0.940069203125 0.591796875 0.8265861343750001 0.58984375 0.8235190234375 0.58984375 0.8173848046875 0.591796875 0.81431769375 0.591796875 0.8081834750000001
0 0.591796875 0.4585329390625 0.591796875 0.46466715937499997 0.58984375 0.46773426875 0.58984375 0.4800027078125 0.591796875 0.48306981875000005 0.591796875 0.4892040390625 0.58984375 0.49227114843750003 0.58984375 0.5045395874999999 0.591796875 0.5076066984375001 0.591796875 0.516808028125 0.58984375 0.5198751374999999 0.58984375 0.5290764671875 0.591796875 0.532143578125 0.591796875 0.940069203125 0.5966796875 0.9477369781249999 0.6025390625 0.9477369781249999 0.6044921875 0.9508040875000001 0.623046875 0.9492705328125 0.626953125 0.9462034218750001 0.626953125 0.31744588125 0.6240234375 0.312845215625 0.5908203125 0.30977810625 0.58984375 0.455465828125 0.591796875 0.4585329390625
0 0.6727272734375 0.9585316109375001 0.6995671 0.9612508500000001 0.696103896875 0.3385452078125 0.671861471875 0.3399048265625 0.6727272734375 0.9585316109375001
0 0.732421875 0.3971907390625 0.7314453125 0.3864558546875 0.7275390625 0.3864558546875 0.7197265625 0.380321634375 0.7138671875 0.380321634375 0.7060546875 0.374187415625 0.7001953125 0.374187415625 0.697265625 0.3787880796875 0.697265625 0.86032434375 0.69921875 0.863391453125 0.69921875 0.8940625531249999 0.697265625 0.8971296625 0.697265625 0.9093981031249999 0.69921875 0.9124652125000001 0.697265625 0.9155323234375 0.69921875 0.9431363125000001 0.697265625 0.9462034218750001 0.7001953125 0.953871196875 0.7041015625 0.953871196875 0.7060546875 0.9569383078125 0.73046875 0.955404753125 0.734375 0.9523376421874999 0.734375 0.418660509375 0.732421875 0.4155934 0.732421875 0.403324959375 0.734375 0.40025785 0.732421875 0.3971907390625
0 0.771484375 0.8327203546874999 0.771484375 0.3481169796875 0.7626953125 0.3373820953125 0.7548828125 0.3373820953125 0.7529296875 0.3343149859375 0.7490234375 0.3343149859375 0.748046875 0.9584718625 0.7529296875 0.9630725281249999 0.76953125 0.961538971875 0.76953125 0.8695256734375001 0.771484375 0.8664585640625001 0.771484375 0.8480559031249999 0.76953125 0.84498879375 0.76953125 0.8357874640625 0.771484375 0.8327203546874999
0 0.7607421875 0.3343149859375 0.7548828125 0.3343149859375 0.7509765625 0.33124787499999997 0.748046875 0.33584854062499997 0.7490234375 0.34351631562499996 0.7666015625 0.34351631562499996 0.76953125 0.3481169796875 0.76953125 0.3542512 0.771484375 0.357318309375 0.771484375 0.713103065625 0.76953125 0.716170175 0.76953125 0.87565989375 0.767578125 0.878727003125 0.76953125 0.8848612234375001 0.76953125 0.8971296625 0.767578125 0.9001967734375 0.767578125 0.9308678734375 0.76953125 0.9339349828125 0.76953125 0.9462034218750001 0.767578125 0.9492705328125 0.767578125 0.9584718625 0.791015625 0.9584718625 0.791015625 0.33891565 0.7880859375 0.3343149859375 0.7724609375 0.3343149859375 0.7705078125 0.3373820953125 0.7626953125 0.3373820953125 0.7607421875 0.3343149859375
0 0.7890625 0.8020492546875 0.791015625 0.8051163640624999 0.791015625 0.857257234375 0.7890625 0.86032434375 0.7890625 0.9339349828125 0.7919921875 0.9446698671875 0.802734375 0.9431363125000001 0.802734375 0.33584854062499997 0.7978515625 0.33124787499999997 0.7900390625 0.33124787499999997 0.791015625 0.7836465953125 0.7890625 0.7867137046875 0.7890625 0.8020492546875
0 0.830078125 0.3542512 0.828125 0.351184090625 0.8271484375 0.33124787499999997 0.8232421875 0.328180765625 0.8173828125 0.328180765625 0.8154296875 0.32511365625 0.8076171875 0.32511365625 0.8056640625 0.3220465453125 0.7958984375 0.3220465453125 0.794921875 0.3266472109375 0.802734375 0.33584854062499997 0.802734375 0.863391453125 0.8046875 0.8664585640625001 0.8046875 0.87565989375 0.802734375 0.878727003125 0.8046875 0.8848612234375001 0.8046875 0.9247336531249999 0.802734375 0.9308678734375 0.8046875 0.9339349828125 0.8046875 0.9431363125000001 0.8076171875 0.9477369781249999 0.8154296875 0.9477369781249999 0.8173828125 0.9508040875000001 0.828125 0.9492705328125 0.83203125 0.9462034218750001 0.83203125 0.651760865625 0.830078125 0.6486937562499999 0.830078125 0.36958674999999996 0.828125 0.36651964062500003 0.830078125 0.3542512
0 0.0822510828125 0.9408565609374999 0.16363636406249998 0.938137321875 0.15064935 0.3072739640625 0.07099567031250001 0.311352821875 0.0822510828125 0.9408565609374999
0 0.1705627703125 0.9503738953124999 0.25367965312499996 0.9462950375 0.24242424218749997 0.322229775 0.16190476250000002 0.322229775 0.1705627703125 0.9503738953124999
0 0.022510821875 0.909585315625 0.06839826875 0.9055064578125 0.0606060609375 0.3031951046875 0.018181818750000002 0.30455472499999997 0.022510821875 0.909585315625
0 0.44415584375000006 0.9598912296875 0.5116883109375 0.955812371875 0.5056277062500001 0.21753908906250002 0.42943722968750003 0.21889870781249998 0.44415584375000006 0.9598912296875
0 0.341125540625 0.953093134375 0.427705628125 0.9449354187499999 0.41298701250000003 0.21346023125000002 0.3229437234375 0.21346023125000002 0.341125540625 0.953093134375
0 0.26320346250000004 0.266485384375 0.2770562765625 0.9571719921874999 0.33419913437500004 0.9503738953124999 0.31861471875 0.26376614531250003 0.26320346250000004 0.266485384375
0 0.6303030296875 0.3371855875 0.628571428125 0.3385452078125 0.6329004328125001 0.953093134375 0.6709956703125 0.9517335140625001 0.66926406875 0.3385452078125 0.6303030296875 0.3371855875
0 0.8337662343750001 0.9571719921874999 0.8735930734374999 0.9598912296875 0.8701298703125 0.29095853125 0.8372294374999999 0.296397009375 0.8337662343750001 0.9571719921874999
0 0.90649350625 0.3562202578125 0.9073593078125001 0.9462950375 0.9471861468749999 0.9490142765625 0.9437229437499999 0.237933378125 0.8900733453124999 0.23135140937499998 0.890909090625 0.35078178125 0.90649350625 0.3562202578125
0 0.8822510828125001 0.9653297078125 0.9099567093750001 0.9653297078125 0.90649350625 0.35757987812500003 0.8796536796875 0.3562202578125 0.8822510828125001 0.9653297078125