0 0.08235294062500001 0.9069444437499999 0.08235294062500001 0.83194444375 0.075 0.07083333281250001 0.06838235312499999 0.055555556250000006 0.00073529375 0.055555556250000006 0 0.9291666671875 0.07647058749999999 0.93194444375 0.08235294062500001 0.9069444437499999
0 0.0904411765625 0.9305555562500001 0.1147058828125 0.93194444375 0.194117646875 0.9236111109375 0.18823529375 0.06805555625000001 0.18161764687499998 0.052777778124999994 0.1713235296875 0.061111110937500004 0.0875 0.052777778124999994 0.0794117640625 0.07083333281250001 0.0838235296875 0.915277778125 0.0904411765625 0.9305555562500001
0 0.28823529375 0.93194444375 0.3014705875 0.9208333328125 0.3 0.0736111109375 0.293382353125 0.061111110937500004 0.1977941171875 0.061111110937500004 0.19264705937499998 0.1041666671875 0.1985294125 0.9125 0.205147059375 0.9305555562500001 0.28823529375 0.93194444375
0 0.3772058828125 0.058333332812500006 0.3125 0.055555556250000006 0.30441176406250003 0.08194444375 0.30441176406250003 0.9236111109375 0.38676470625000003 0.9291666671875 0.3852941171875 0.07638888906249999 0.3772058828125 0.058333332812500006
0 0.4602941171875 0.934722221875 0.47205882343749994 0.9263888890624999 0.469117646875 0.0791666671875 0.4639705875 0.061111110937500004 0.394852940625 0.061111110937500004 0.38823529375 0.0736111109375 0.39117647031249997 0.915277778125 0.394852940625 0.9305555562500001 0.4602941171875 0.934722221875
0 0.4911764703125 0.93194444375 0.542647059375 0.9236111109375 0.5397058828125 0.06805555625000001 0.5125 0.058333332812500006 0.4786764703125 0.058333332812500006 0.47205882343749994 0.07638888906249999 0.4735294125 0.890277778125 0.4764705875 0.9263888890624999 0.4911764703125 0.93194444375
0 0.6102941171875 0.93194444375 0.61176470625 0.0736111109375 0.544852940625 0.06944444375 0.5455882359374999 0.9263888890624999 0.6102941171875 0.93194444375
0 0.6779411765625001 0.9263888890624999 0.6794117640625 0.0736111109375 0.62426470625 0.061111110937500004 0.6147058828125 0.0791666671875 0.6132352937500001 0.9125 0.619852940625 0.9333333328125001 0.6602941171875 0.934722221875 0.6779411765625001 0.9263888890624999
0 0.744117646875 0.9263888890624999 0.7470588234375 0.0736111109375 0.6830882359375 0.06944444375 0.680882353125 0.9069444437499999 0.682352940625 0.9263888890624999 0.6889705875 0.9333333328125001 0.7279411765625 0.93194444375 0.744117646875 0.9263888890624999
0 0.756617646875 0.9361111109375001 0.8044117640625 0.934722221875 0.8088235296875 0.9291666671875 0.8102941171875001 0.79305555625 0.81176470625 0.0736111109375 0.755147059375 0.061111110937500004 0.75 0.06805555625000001 0.7485294125 0.11805555625 0.7455882359375 0.9263888890624999 0.756617646875 0.9361111109375001
0 0.8735294124999999 0.9263888890624999 0.8808823531250001 0.0736111109375 0.8198529406249999 0.0666666671875 0.8147058828124999 0.0736111109375 0.8102941171875001 0.9236111109375 0.8154411765624999 0.9333333328125001 0.8602941171875 0.93194444375 0.8735294124999999 0.9263888890624999
0 0.9338235296875 0.9291666671875 0.9441176468749999 0.0736111109375 0.8875 0.0638888890625 0.8823529406249999 0.08194444375 0.875 0.9236111109375 0.880147059375 0.9333333328125001 0.925 0.934722221875 0.9338235296875 0.9291666671875