0 0.328125 0.5339625453125 0.322265625 0.8817627828125 0.31640625 0.9508769328125 0.318359375 0.966483353125 0.3232421875 0.9698275859375001 0.3515625 0.9687128421875 0.357421875 0.9642538640625 0.359375 0.955335909375 0.375 0.2909482765625 0.37890625 0.016721165625 0.3720703125 0.01114744375 0.3544921875 0.01114744375 0.34375 0.0189506546875 0.328125 0.5339625453125
0 0.4296875 0.034557075 0.4150390625 0.01114744375 0.3876953125 0.0133769328125 0.380859375 0.0211801421875 0.375 0.3823573125 0.361328125 0.8304845421874999 0.359375 0.9597948875 0.3662109375 0.965368609375 0.39453125 0.9642538640625 0.404296875 0.9597948875 0.416015625 0.42471759843749995 0.419921875 0.4046522 0.423828125 0.2508174796875 0.421875 0.0568519625 0.427734375 0.05239298437499999 0.423828125 0.0367865640625 0.4296875 0.034557075
0 0.4423828125 0.03344233125 0.43359375 0.04570451875 0.40625 0.9062871578125 0.408203125 0.977630796875 0.4169921875 0.98320451875 0.447265625 0.9820897734375 0.4541015625 0.9809750296875 0.45703125 0.9709423312500001 0.46875 0.3667508921875 0.48046875 0.0657699171875 0.48046875 0.04570451875 0.4765625 0.0367865640625 0.4638671875 0.0312128421875 0.4423828125 0.03344233125
0 0.5107421875 0.03567181875 0.4853515625 0.0379013078125 0.482421875 0.0434750296875 0.458984375 0.9040576687499999 0.458984375 0.99546670625 0.4619140625 0.9988109390625001 0.5 0.9976961953125001 0.513671875 0.43809452968749996 0.51953125 0.353373959375 0.517578125 0.32216111718749996 0.53125 0.17055588593749998 0.53125 0.0836058265625 0.5234375 0.050163495312499994 0.51953125 0.041245540625 0.5107421875 0.03567181875
0 0.515625 0.5807818078125 0.505859375 0.930811534375 0.505859375 0.9976961953125001 0.556640625 0.9976961953125001 0.560546875 0.962024375 0.56640625 0.60084720625 0.583984375 0.0836058265625 0.583984375 0.0613109390625 0.5732421875 0.053507728125 0.5439453125 0.053507728125 0.537109375 0.0613109390625 0.515625 0.5807818078125
0 0.876953125 0.1192776453125 0.876953125 0.1660969078125 0.88671875 0.3333085609375 0.888671875 0.5005202140625 0.896484375 0.629830559375 0.90625 0.9397294890625 0.9091796875 0.9475326984375 0.919921875 0.94864744375 0.916015625 0.9508769328125 0.9189453125 0.965368609375 0.9326171875 0.9631391203125 0.9404296875 0.9787455406250001 0.951171875 0.9798602859375001 0.955078125 0.9597948875 0.955078125 0.8639268734375 0.921875 0.12819560000000002 0.919921875 0.11035969062499999 0.9150390625 0.10478596874999999 0.8935546875 0.10478596874999999 0.8837890625 0.10701545781249999 0.876953125 0.1192776453125
0 1 0.792583234375 0.98828125 0.6276010703125 0.986328125 0.5295035671874999 0.97265625 0.328849584375 0.97265625 0.26865338906249997 0.9609375 0.0657699171875 0.9541015625 0.0601961953125 0.9345703125 0.0601961953125 0.923828125 0.0657699171875 0.919921875 0.0769173609375 0.912109375 0.0836058265625 0.908203125 0.099212246875 0.921875 0.1081302015625 0.923828125 0.1304250890625 0.9296875 0.2931777640625 0.93359375 0.2976367421875 0.939453125 0.50943816875 0.955078125 0.7658293703125 0.9609375 0.962024375 0.96484375 0.99546670625 0.96875 0.99546670625 0.970703125 0.97317181875 0.9755859375 0.9631391203125 0.982421875 0.966483353125 0.978515625 0.9709423312500001 0.9912109375 0.9898929843750001 1 0.9865487515625 1 0.792583234375
0 0.6301896234375 0.0695118578125 0.58779761875 0.07134363906249999 0.55850346875 0.9975684640625 0.6085223234375 1 0.6301896234375 0.0695118578125
0 0.6633064640625 0.0977346828125 0.63095238125 0.10361814218750001 0.6180692390625 0.99671198125 0.6696670171875 0.9947043624999999 0.6633064640625 0.0977346828125
0 0.7075346078125 0.0877634125 0.6666666671875 0.096823509375 0.6724922546875 0.99892135625 0.7171351109375 0.9997581406249999 0.7075346078125 0.0877634125
0 0.74842525625 0.06428353906249999 0.7068452390625 0.0747409546875 0.7195986796875 0.9967241124999999 0.7628469921875001 0.9971156000000001 0.74842525625 0.06428353906249999
0 0.791598546875 0.08659568906250001 0.7485119046875 0.090028878125 0.7650400796875 0.999351515625 0.8109410609375001 1 0.791598546875 0.08659568906250001
0 0.8304588671875001 0.086495121875 0.7946428578125 0.090028878125 0.8129575828125001 0.9988037859375 0.8557940890625 1 0.8304588671875001 0.086495121875
0 0.8741346078125 0.09118125625 0.8333333328125001 0.0985221671875 0.8623582750000001 0.9974033062500001 0.907614753125 0.9974033062500001 0.8741346078125 0.09118125625
0 0.3365226921875 0.23699929375 0.0148809515625 0.266689315625 0.010701134375 0.8935872421875001 0.3186502 0.8478678984375 0.3365226921875 0.23699929375