0 0.7359095953125 0.6923828140625 0.7498604875 0.7236328140625 0.7847377265625 0.7333984359375 0.9085518984375 0.5371093734375 0.8126395125 0.5498046859375 0.7359095953125 0.6923828140625
0 0.903320309375 0.6611328140625 0.9800502265625 0.5400390640625 0.9678431906249999 0.5332031265625 0.9207589281249999 0.5380859359375 0.8265904046875001 0.6826171859375 0.8021763390625001 0.7255859359375 0.8405412968749999 0.7314453140625 0.903320309375 0.6611328140625
0 0.7359095953125 0.5712890640625 0.6626674109375 0.7236328140625 0.6940569171875001 0.7333984359375 0.8039202031249999 0.546875 0.755092078125 0.55078125 0.7359095953125 0.5712890640625
0 0.428989953125 0.7080078140625 0.4429408453125 0.7607421859375 0.495256696875 0.7666015640625 0.5911690828125 0.5605468734375 0.5231584828125 0.5712890640625 0.428989953125 0.7080078140625
0 0.692313059375 0.5566406265625 0.6155831484375 0.5605468734375 0.5964006671875001 0.5732421859375 0.5161830359375 0.7509765640625 0.5580357140625 0.7646484359375 0.6068638390625 0.7333984359375 0.692313059375 0.5566406265625
0 0.317382809375 0.7978515640625 0.41155133906249997 0.6787109359375 0.42550223281250005 0.6376953140625 0.40631975625 0.6171875 0.2162388390625 0.8056640640625 0.2092633921875 0.8349609359375 0.2580915171875 0.8408203140625 0.317382809375 0.7978515640625
0 0.09765625 0.4716796859375 0.8457728812499999 0.44140625 0.8579799109374999 0.4130859359375 0.706263953125 0.3222656265625 0.10637555937500001 0.3339843734375 0.0697544640625 0.3486328140625 0.0453404046875 0.4267578140625 0.048828125 0.4677734359375 0.09765625 0.4716796859375
0 0.050571987500000005 0.4707031265625 0.048828125 0.5244140640625 0.11858258906250001 0.5263671859375 0.8422851546875 0.4902343734375 0.854492190625 0.4443359359375 0.050571987500000005 0.4707031265625
0 0.8422851546875 0.54296875 0.8754185234375 0.5341796859375 0.8823939765625 0.4990234359375 0.8562360468750001 0.48828125 0.040108815625 0.52734375 0.0348772328125 0.5673828140625 0.0697544640625 0.5830078140625 0.8422851546875 0.54296875
0 0.9957449765625 0.009765626562500001 0.9660993328125 0.0146484359375 0.9242466546875001 0.3642578140625 0.927734375 0.3876953140625 0.9660993328125 0.3896484359375 0.9974888390625001 0.3740234359375 0.9957449765625 0.009765626562500001
0 0.9242466546875001 0.3701171859375 0.9626116078125 0.043945314062500004 0.9504045781249999 0.0019531265625 0.854492190625 0.008789064062500001 0.8719308031249999 0.0517578140625 0.854492190625 0.3818359359375 0.8928571421875 0.3896484359375 0.9242466546875001 0.3701171859375
0 0.8579799109374999 0.07910156406249999 0.8422851546875 0.0546875 0.76555524375 0.0546875 0.7393973218750001 0.07519531406249999 0.76381138125 0.1357421859375 0.7672991078125 0.3466796859375 0.8370535718750001 0.3779296859375 0.8579799109374999 0.07910156406249999
0 0.3766741078125 0.3154296859375 0.29994419687499996 0.0009765640625 0.155203684375 0 0.24762834531250003 0.3232421859375 0.317382809375 0.3271484359375 0.3714425234375 0.3261718734375 0.3766741078125 0.3154296859375
0 0.45340401718749995 0.3251953140625 0.47084263125000003 0.3193359359375 0.37318638125 0.018554685937500003 0.350516184375 0.0019531265625 0.319126671875 0.00390625 0.3034319171875 0.0126953140625 0.38364955312500004 0.2822265640625 0.40806361874999997 0.3232421859375 0.45340401718749995 0.3251953140625
0 0.5650111609375 0.3076171859375 0.50571986875 0.06347656406249999 0.39585658281249997 0.06445312656249999 0.47433035781250005 0.3193359359375 0.526646203125 0.3232421859375 0.559779578125 0.3222656265625 0.5650111609375 0.3076171859375
0 0.07324219062500001 0.3369140640625 0.1081194171875 0.3310546859375 0.1081194171875 0.3076171859375 0.0523158453125 0.0556640640625 0.0017438624999999998 0.0527343734375 0 0.1943359359375 0.055803571875 0.3759765640625 0.07324219062500001 0.3369140640625
0 0.169154578125 0.3300781265625 0.17787388125 0.3076171859375 0.1325334828125 0.049804685937499996 0.08196149375 0.046875 0.059291296874999996 0.0615234359375 0.11160714218750001 0.3193359359375 0.136021203125 0.3310546859375 0.169154578125 0.3300781265625
0 0.1482282375 0.06640625 0.188337053125 0.3251953140625 0.21972655937500002 0.3291015640625 0.1813616078125 0.10449218593750001 0.17089844062499998 0.07128906406249999 0.1482282375 0.06640625
0 0.6138392859375 0.08300781406249999 0.5841936375000001 0.07226562656249999 0.6208147328125 0.3193359359375 0.6522042375 0.3173828140625 0.6487165171875 0.2626953140625 0.6138392859375 0.08300781406249999
0 0.5929129468750001 0.3212890640625 0.5405970953125 0.06738281406249999 0.510951453125 0.0625 0.5650111609375 0.3193359359375 0.5929129468750001 0.3212890640625
0 0.5423409578125 0.0605468734375 0.5929129468750001 0.3056640640625 0.6173270125 0.3193359359375 0.5824497734375 0.07714843593750001 0.5737304703125 0.0605468734375 0.5423409578125 0.0605468734375
0 0.70103236875 0.040039064062500004 0.6888253328125 0.0253906265625 0.5841936375000001 0.02734375 0.56849888125 0.047851564062500004 0.6138392859375 0.08105468593750001 0.6556919640625 0.3134765640625 0.7184709828125 0.3212890640625 0.70103236875 0.040039064062500004
0 0.20228794687499999 0.8193359359375 0.3923688625 0.59375 0.32610211875 0.5800781265625 0.28599330312500004 0.5869140640625 0.1081194171875 0.8056640640625 0.11335100625000001 0.82421875 0.17438616093749998 0.8310546859375 0.20228794687499999 0.8193359359375
0 0.059291296874999996 0.7783203140625 0.059291296874999996 0.7958984359375 0.090680803125 0.8017578140625 0.2807617203125 0.5859375 0.2057756671875 0.5966796859375 0.059291296874999996 0.7783203140625
0 0.07324219062500001 0.7568359359375 0.20054408281249997 0.59375 0.1325334828125 0.5966796859375 0.024414059374999998 0.7509765640625 0.07324219062500001 0.7568359359375
0 0.0697544640625 0.6044921859375 0 0.7119140640625 0.0104631671875 0.7626953140625 0.1011439765625 0.6474609359375 0.11335100625000001 0.59765625 0.0697544640625 0.6044921859375
0 0.0034877265625 0.7060546859375 0.06626673749999999 0.6162109359375 0.0540597078125 0.6035156265625 0.0034877265625 0.6103515640625 0.0034877265625 0.7060546859375