0 0.20587114843749998 0.7895100046875 0.2262468390625 0.776360465625 0.212618184375 0.14071410625 0.19167313749999998 0.14638044375 0.20587114843749998 0.7895100046875
0 0.1812889859375 0.7913987890625 0.1989708921875 0.7866768359375 0.1846020765625 0.151102396875 0.163636559375 0.154879953125 0.1812889859375 0.7913987890625
0 0.15110036093749998 0.8046202484375 0.1678171171875 0.7987294234375 0.1522792421875 0.1651485390625 0.13387465625 0.1718789734375 0.15110036093749998 0.8046202484375
0 0.2360597734375 0.7654299046874999 0.264092065625 0.7640114812500001 0.266472096875 0.2899269890625 0.23092434375 0.291816496875 0.2360597734375 0.7654299046874999
0 0.28157773124999996 0.7621215296875 0.295143221875 0.75793196875 0.3021261609375 0.29487287812499996 0.289154159375 0.2993716140625 0.28157773124999996 0.7621215296875
0 0.2688191734375 0.7592895234375 0.281342709375 0.7692021953125 0.28271736718749996 0.29464966718749996 0.2753515359375 0.288983328125 0.27487371562499996 0.2899277203125 0.2688191734375 0.7592895234375
0 0.295143221875 0.78006610625 0.3106688 0.780058740625 0.31535881718750003 0.297231984375 0.30338811250000003 0.29464966718749996 0.295143221875 0.78006610625
0 0.1329871875 0.7913987890625 0.14786586562499998 0.7980095125 0.13557478437499998 0.2852057671875 0.12395401875 0.2823725984375 0.1329871875 0.7913987890625
0 0.31277773125 0.78573245 0.32619437812499996 0.7844787515625 0.33093830468749996 0.29653845 0.3171907359375 0.29464966718749996 0.31277773125 0.78573245
0 0.921392159375 0.8367313968750001 0.951961415625 0.836487625 0.9563357281249999 0.2663179625 0.9234978578125 0.267262359375 0.921392159375 0.8367313968750001
0 0.8759758296875001 0.844284625 0.916166334375 0.8453292796874999 0.919799175 0.272914978125 0.8813729296874999 0.2757618671875 0.8759758296875001 0.844284625
0 0.9567963125000001 0.8494713921875 0.9774636015624999 0.8463795234375 0.9751507671875 0.2738767296875 0.9588616734375 0.2823725984375 0.9567963125000001 0.8494713921875
0 0.1023672984375 0.8263412171875 0.1179198296875 0.819280428125 0.10826128906250002 0.3248696828125 0.0933294515625 0.32392575625000003 0.1023672984375 0.8263412171875