0 0.44425961562499994 0.0885767203125 0.511341346875 0.7909365078125 0.522228365625 0.7909365078125 0.5283798078124999 0.7857248671875 0.46590144218749996 0.0791957671875 0.454540865625 0.08544973593750001 0.44425961562499994 0.0885767203125
0 0.3418894234375 0.225089946875 0.3347884609375 0.1427619046875 0.300334134375 0.1531851859375 0.35135576875 0.7846825390625 0.364134615625 0.7846825390625 0.37407451875 0.77217989375 0.33526201875 0.25010052968749996 0.3418894234375 0.225089946875
0 0.4171490390625 0.14484656093749998 0.4001081734375 0.159439153125 0.385435096875 0.16256613749999999 0.3863822109375 0.163608465625 0.38602644218750004 0.163608465625 0.444127403125 0.7888518515625 0.46116826875 0.7846825390625 0.47915384687499996 0.7669682546875001 0.4171490390625 0.14484656093749998
0 0.42106009687499996 0.161523809375 0.4862548078125 0.7867671953125 0.4971418265625 0.780513228125 0.51039423125 0.7669682546875001 0.4446009609375 0.1490158734375 0.431822115625 0.15839682500000002 0.42106009687499996 0.161523809375
0 0.47787499999999994 0.166730159375 0.5398293265625 0.7919788359375 0.5582884609375001 0.802396825 0.5829014421875 0.782597884375 0.5227884609375 0.1396402109375 0.49817548125 0.1542275125 0.47787499999999994 0.166730159375
0 0.22450240312499997 0.7815555562500001 0.2032019234375 0.1500582015625 0.19184375 0.157354496875 0.1833918265625 0.157354496875 0.206990384375 0.7951058203125 0.22450240312499997 0.7815555562500001
0 0.1540384609375 0.157354496875 0.180009615625 0.7971904765625 0.194209134375 0.7982328046875 0.17811538437500002 0.1521428578125 0.1540384609375 0.157354496875
0 0.5308990390625 0.1844497359375 0.5904735578125 0.8055238093750001 0.60609375 0.8107354499999999 0.6292884609375 0.7888518515625 0.57059375 0.166730159375 0.55308173125 0.1761111109375 0.5308990390625 0.1844497359375
0 0.169122596875 0.80031216875 0.149716346875 0.1688148140625 0.137408653125 0.1719417984375 0.128947115625 0.1698571421875 0.15113701875000002 0.8107354499999999 0.169122596875 0.80031216875
0 0.5896081734374999 0.24801587343749998 0.6359134609375 0.7940634921874999 0.6789879812499999 0.7909365078125 0.6387548078124999 0.220920634375 0.590002403125 0.24905820156249997 0.5904735578125 0.24801587343749998 0.5896081734374999 0.24801587343749998
0 0.357146634375 0.22613227500000002 0.40626201875 0.8232380953125 0.42330048124999997 0.8180317453124999 0.37738942343750004 0.2125820109375 0.357146634375 0.22613227500000002
0 0.25251442343749997 0.28344444375 0.276096153125 0.7596719578125 0.287927884375 0.7575873015625 0.298814903125 0.751338625 0.2775144234375 0.2792751328125 0.26142307656249997 0.28448677187500004 0.25251442343749997 0.28344444375
0 0.3377355765625 0.25010052968749996 0.37738942343750004 0.80031216875 0.4024759609375 0.7836402109375 0.3570360578125 0.2396772484375 0.3494615390625 0.2386349203125 0.33857451875 0.24801587343749998 0.3377355765625 0.25010052968749996
0 0.220322115625 0.29698941875 0.23586298125 0.769052909375 0.2476947109375 0.773222221875 0.26426201875 0.769052909375 0.247221153125 0.28135978906250003 0.2325480765625 0.29178306875 0.220322115625 0.29698941875
0 0.2945552890625 0.294910053125 0.317747596875 0.7888518515625 0.323427884375 0.7898941796875001 0.33005528906250003 0.7857248671875 0.30638942343750003 0.288656084375 0.29976201874999997 0.295947090625 0.2945552890625 0.294910053125
0 0.12231730781250001 0.2855291 0.13267548125 0.7909365078125 0.1459302890625 0.7940634921874999 0.13267548125 0.2855291 0.12231730781250001 0.2855291
0 0.28035576875 0.3011587296875 0.3021298078125 0.7878095234375 0.3172764421875 0.775306878125 0.293134615625 0.294910053125 0.28035576875 0.3011587296875
0 0.925278846875 0.2740634921875 0.9218918265625 0.8409576718749999 0.9389302890625 0.8461640218750001 0.9531298078124999 0.83574603125 0.9526562500000001 0.2719841265625 0.9422427890625 0.2719841265625 0.925278846875 0.2740634921875
0 0.91194951875 0.8513756609375 0.916685096875 0.2771904765625 0.9001177890625 0.27510582031249997 0.87834375 0.28657142812499997 0.8745576921874999 0.8513756609375 0.91194951875 0.8513756609375
0 0.9734831734375 0.8503333328125 0.9796370187500001 0.84512169375 0.9730096156249999 0.27510582031249997 0.9565264421874999 0.28135978906250003 0.95691826875 0.8555449734374999 0.9734831734375 0.8503333328125
0 0.09244951875 0.33766137500000004 0.1009639421875 0.8305343921875 0.11326923124999999 0.8274074078125 0.10569711562499999 0.3261693125 0.10049038437499999 0.331380953125 0.0924423078125 0.32825396875 0.09244951875 0.33766137500000004