0 0.5513583093750001 0.074323221875 0.5463903250000001 0.059663359375 0.44720524062499994 0.6650616140625 0.45241289374999993 0.678358 0.463696153125 0.689754846875 0.47237557968750005 0.6878553125 0.5730568890625001 0.089519015625 0.5661133406250001 0.089519015625 0.5591697953125 0.0838205921875 0.5513583093750001 0.074323221875
0 0.44460142031250005 0.6802574124999999 0.5331315484375 0.1237096875 0.5227162265625 0.1218102109375 0.5131688609375 0.1180112640625 0.5027535546874999 0.10281540781250001 0.49484079375 0.0847447671875 0.49320619062500004 0.080021640625 0.395996653125 0.6802574124999999 0.404676071875 0.6992522859375 0.41856314375 0.7030512375 0.4350540546875 0.6973527453125 0.44460142031250005 0.6802574124999999
0 0.5721889499999999 0.7619351421875 0.5938875 0.767633503125 0.7041161609375 0.0838205921875 0.6857649859375 0.0617534765625 0.5721889499999999 0.7619351421875
0 0.658115240625 0.729643878125 0.756192715625 0.1408050265625 0.741437684375 0.1370060734375 0.733626196875 0.1256091640625 0.7223429515625 0.108513825 0.7144036125000001 0.086834884375 0.602566925 0.73344283125 0.6086425046875 0.7448398046875 0.619925778125 0.7562366515625001 0.6346807812499999 0.760035603125 0.646831965625 0.7505381640625 0.658115240625 0.729643878125
0 0.47063968437500003 0.71824703125 0.504489434375 0.729643878125 0.5921516203125 0.20348787812500002 0.5549819140625 0.1704395765625 0.47063968437500003 0.71824703125
0 0.6633228796874999 0.722045984375 0.714531465625 0.7448398046875 0.799589846875 0.22248268750000003 0.7573615578124999 0.1578988734375 0.6633228796874999 0.722045984375
0 0.835852340625 0.159986190625 0.817891365625 0.144250190625 0.7161049140625 0.751961884375 0.71975203125 0.761273878125 0.7276541640625 0.7665949890625 0.7355562734375 0.761273878125 0.835852340625 0.159986190625
0 0.661587 0.165498259375 0.646831965625 0.173096159375 0.6381525406249999 0.1597998359375 0.63326083125 0.1390878203125 0.5209803468749999 0.77143245 0.5313956390625 0.782829428125 0.5426789140625 0.7904273234375 0.557433915625 0.786628375 0.5661133406250001 0.77143245 0.6693984859375 0.15030240156250002 0.661587 0.165498259375
0 0.501885615625 0.7562366515625001 0.5218482859375 0.7695330375 0.61558605 0.1977893921875 0.5998490984375 0.17670993125 0.501885615625 0.7562366515625001
0 0.91122633125 0.159986190625 0.908146896875 0.147177771875 0.8054595859375 0.787879534375 0.817008834375 0.80384296875 0.8267345046875001 0.80384296875 0.8370680484375 0.7905400953124999 0.9361484109375 0.1653073015625 0.925814846875 0.174619296875 0.9179127359375 0.1706284609375 0.91122633125 0.159986190625
0 0.758654753125 0.769255634375 0.7695961484375 0.7639344343750001 0.8522644156249999 0.24512428593750002 0.824576959375 0.22036745 0.741634825 0.757283084375 0.758654753125 0.769255634375
0 0.8652771640625 0.8032412375 0.8851715484374999 0.8204541531249999 0.9827928203124999 0.19167583593749998 0.9619388437499999 0.1699578046875 0.8652771640625 0.8032412375
0 0.890723465625 0.8245042437500001 0.8962753875 0.8326044921875001 0.9041406296875 0.8326044921875001 0.91015520625 0.8275418406249999 0.9971352843749999 0.255464953125 0.9962099656250001 0.19876352343749998 0.9858554734375 0.18221340156250002 0.8870221968750001 0.8133664609375 0.890723465625 0.8245042437500001
0 0.8802257625 0.30764755 0.8513193390625 0.2642812484375 0.7762825546875 0.757283084375 0.7835768125 0.769255634375 0.795733915625 0.7745767515625 0.80728314375 0.7679253171875 0.8802257625 0.30764755
0 0.8509347140625 0.8437422703124999 0.8592625859374999 0.8326044921875001 0.9397654234375 0.288878296875 0.920211959375 0.2780299 0.836592246875 0.83867961875 0.8509347140625 0.8437422703124999