0 0.18953365312499998 0.7510370375 0.20915625000000002 0.1461111109375 0.18953365312499998 0.15066137500000001 0.172310096875 0.142703703125 0.1492548078125 0.79651851875 0.1626802890625 0.797656084375 0.18953365312499998 0.7510370375
0 0.7791394234375 0.8329047624999999 0.8664086531249999 0.21888888906249998 0.8576322109375001 0.2177513234375 0.848853365625 0.19273545 0.759002403125 0.8169841265625 0.7610673078125 0.8385925921874999 0.7791394234375 0.8329047624999999
0 0.843689903125 0.2177513234375 0.82323076875 0.19387301562499998 0.724403846875 0.819259259375 0.7466081734375 0.8385925921874999 0.843689903125 0.2177513234375
0 0.9278605765625001 0.2791534390625 0.892197115625 0.25527513281249997 0.8483365390625 0.8533703703125 0.8891298078125001 0.857920634375 0.9278605765625001 0.2791534390625
0 0.87669951875 0.3098518515625 0.8152884609375001 0.803343915625 0.83284375 0.8101640218749999 0.8839663468750001 0.37125396875 0.8891298078125001 0.321222221875 0.87669951875 0.3098518515625
0 0.8700240390625 0.336005290625 0.8542259609375 0.32008465625000004 0.785853365625 0.8147142859375001 0.8044423078125 0.824947090625 0.8700240390625 0.336005290625
0 0.9332668265624999 0.2723280421875 0.899459134375 0.8624708999999999 0.91908173125 0.8727037031249999 0.9314735578125 0.8601957671875 0.9603918265625 0.2802857140625 0.9332668265624999 0.2723280421875
0 0.96245673125 0.2780158734375 0.944384615625 0.8670158734375001 0.9665889421875 0.8613333328125 0.97226923125 0.5770634921875 0.9717524031250001 0.282560846875 0.96245673125 0.2780158734375
0 0.0738990390625 0.31155555625 0.0723125 0.3155396828125 0.05785576875 0.8988571421874999 0.090903846875 0.9022645499999999 0.10742788437499999 0.3098518515625 0.0738990390625 0.31155555625
0 0.4833581734375 0.6577936515625 0.49265384687499997 0.604354496875 0.20408173125 0.6390370375 0.1952139421875 0.6896349203125001 0.192115384375 0.7339788359375 0.482841346875 0.7101005296875 0.4833581734375 0.6577936515625
0 0.160615384375 0.8044761906250001 0.15855048124999999 0.83517989375 0.38524519218750003 0.8294920640625 0.38524519218750003 0.8022063484374999 0.160615384375 0.8044761906250001