0 0.5572861796875 0.18290132812499998 0.569959884375 0.140773978125 0.578409021875 0.087344153125 0.56761291875 0.08837165625 0.5596331906249999 0.08323418593750001 0.5475661171875 0.055006503124999995 0.547428853125 0.06165675625 0.44275346562499995 0.6689072281249999 0.452610790625 0.6894571265625 0.4638763078125 0.699732121875 0.4727948125 0.6853471109375 0.5572861796875 0.18290132812499998
0 0.38085088906250003 0.09591482500000001 0.368815759375 0.060534909375 0.3670325859375 0.0692254546875 0.2646143875 0.681301740625 0.27355563437499997 0.6919774921874999 0.28656114375 0.695536021875 0.3109464296875 0.679522396875 0.402797646875 0.10659057187500001 0.3979205890625 0.1101491859375 0.38085088906250003 0.09591482500000001
0 0.5089383703125 0.10892157656250001 0.5000198218749999 0.08323418593750001 0.49532584375 0.08837165625 0.39346683437499996 0.684319671875 0.41458967500000005 0.7069245343749999 0.4291409375 0.7069245343749999 0.44275346562499995 0.6935671421875 0.5375715265625 0.12022405781250001 0.5202038875 0.117141565625 0.5089383703125 0.10892157656250001
0 0.7023296953125 0.08939916406250001 0.6849217375000001 0.056548740625 0.6807374859374999 0.055491778125 0.5718374859375001 0.77062938125 0.582633590625 0.77576683125 0.5938991062500001 0.7685743281249999 0.7023296953125 0.08939916406250001
0 0.22153374218750002 0.6919774921874999 0.2548602734375 0.707991115625 0.34915001874999996 0.1528521796875 0.3249039734375 0.12463070937500001 0.32070054375 0.13683855 0.22153374218750002 0.6919774921874999
0 0.7483304921875 0.1418014875 0.7342485984375 0.1397464765625 0.7248607265625 0.11508655625 0.7119234109375 0.08122257187500001 0.7089011875 0.08426166093750001 0.5967154421875 0.751106915625 0.617838284375 0.77576683125 0.638961125 0.7716568140625 0.6539818000000001 0.748024428125 0.7624123890625001 0.1469389578125 0.7483304921875 0.1418014875
0 0.8202936062499999 0.159835328125 0.8152334828125 0.1413718625 0.7128017953125 0.7578382859375 0.7221897109375 0.7670857515625 0.734863415625 0.758865809375 0.8334366781250001 0.16086283125 0.8202936062499999 0.159835328125
0 0.714534034375 0.7490519531250001 0.796209021875 0.22194621093750003 0.7713309781250001 0.1798188359375 0.7617000093749999 0.159878725 0.6567982640625 0.7100070265625 0.714534034375 0.7490519531250001
0 0.308975465625 0.6791821328125 0.317893971875 0.6894571265625 0.3939362015625 0.23633117499999998 0.381330596875 0.2246527453125 0.308975465625 0.6791821328125
0 0.468100875 0.7182270578125001 0.5018974234375 0.7367219953124999 0.5901439500000001 0.213726221875 0.5602450984375 0.17992782499999999 0.468100875 0.7182270578125001
0 0.3371392546875 0.6987045921874999 0.3507517375 0.6987045921874999 0.423977590625 0.247633603125 0.4095061078125 0.22619498437500002 0.41177329843750005 0.2301661953125 0.3371392546875 0.6987045921874999
0 0.638491803125 0.163378909375 0.6306838796875 0.13674514843750002 0.521612075 0.7798768468749999 0.5281836125 0.7798768468749999 0.5361633390625 0.797344259375 0.5441431062500001 0.7952892968749999 0.558225003125 0.799399221875 0.6671249593749999 0.1705713703125 0.651634875 0.1777638734375 0.638491803125 0.163378909375
0 0.42538578125 0.24352363437500002 0.3516905171875 0.6689072281249999 0.3620172546875 0.6966496296875 0.3714051703125 0.71103455 0.3864258875 0.703842046875 0.45965173750000005 0.25482611093749996 0.440875865625 0.2568810734375 0.42711580312499997 0.23853289375000003 0.42538578125 0.24352363437500002
0 0.49626466562499993 0.753161878125 0.521612075 0.77782179375 0.6164301375 0.20242378906249997 0.5982820390625 0.17375887343750002 0.49626466562499993 0.753161878125
0 0.317893971875 0.7089795875 0.331506496875 0.715144565625 0.40285475000000004 0.2455786453125 0.3940095765625 0.24161737031250002 0.39205864375 0.23735865625 0.317893971875 0.7089795875
0 0.8080892687500001 0.7907182374999999 0.81184446875 0.807158115625 0.8240487640625 0.807158115625 0.8371918796875001 0.7917456671875 0.9306017531249999 0.1731927890625 0.9249689953125 0.1762752859375 0.9113565093749999 0.1629178203125 0.9068038984375001 0.1475408203125 0.8080892687500001 0.7907182374999999
0 0.8625392906249999 0.805103153125 0.887417290625 0.8277081109375001 0.9864599640625 0.1865502546875 0.9617461468749999 0.1660476765625 0.8625392906249999 0.805103153125
0 0.740965584375 0.7660583234375 0.7672517734375 0.774278259375 0.8517431421874999 0.25025505312499996 0.8257993000000001 0.2246527453125 0.8221711640624999 0.23484257656250002 0.740965584375 0.7660583234375
0 0.9118259203125 0.8297630687499999 0.9986642578125 0.266694978125 0.9981948468749999 0.19374271406250002 0.9871041078125 0.1753011109375 0.888825478125 0.8277081109375001 0.9118259203125 0.8297630687499999
0 0.773823353125 0.7711957671875 0.80339533125 0.774278259375 0.8799069296875001 0.30676734375 0.8560879765625 0.267835428125 0.852212553125 0.2728599578125 0.773823353125 0.7711957671875
0 1 0.4429437296875 0.992739209375 0.2894267625 0.977541415625 0.7855806875 0.9925620890625 0.7886631796875 1 0.5264475125 1 0.4429437296875
0 0.8404776249999999 0.8420930265625 0.8592535 0.84312055625 0.94327545625 0.2862174015625 0.921596040625 0.28017333906249997 0.9179280453124999 0.289299884375 0.8404776249999999 0.8420930265625