0 0.501715403125 0.8470648828125 0.47474495 0.0468024125 0.4411902421875 0.0425785484375 0.4423803484375 0.05040180625 0.470549540625 0.8494645000000001 0.501715403125 0.8470648828125
0 0.48852984375 0.08759539375 0.48054542031249997 0.0763115578125 0.48193702812500006 0.08759539375 0.5089074859375 0.82066948125 0.5155003 0.830267753125 0.532281865625 0.8122708453125 0.5041127421875 0.0755974703125 0.48852984375 0.08759539375
0 0.334197509375 0.7644479703125 0.33314184375 0.21136985468749997 0.3124223203125 0.21425081562499998 0.3142939234375 0.22334132968749998 0.31326901406249996 0.7651355046874999 0.334197509375 0.7644479703125
0 0.6167893078125 0.8254685828125 0.6149913031249999 0.1823791453125 0.5480114375 0.179759446875 0.549063503125 0.18717828125 0.5472654968749999 0.8194695671875 0.6167893078125 0.8254685828125
0 0.8593570937499999 0.114051965625 0.8561054953125 0.10884455312500001 0.847651196875 0.116655703125 0.8313276484375001 0.114525640625 0.8268406796875001 0.10624081562500001 0.8404976078124999 0.901677053125 0.8561054953125 0.9081863203125 0.8684617109375001 0.9068844078125 0.8593570937499999 0.114051965625
0 0.433389634375 0.8347862578124999 0.43283722343750003 0.181299834375 0.3817302546875 0.18639186875 0.38091589375 0.192357140625 0.387544115625 0.8325748296875 0.433389634375 0.8347862578124999
0 0.901628521875 0.91860119375 0.8905729421874999 0.12446686874999999 0.8630499515625001 0.129166703125 0.8619584453125 0.133579859375 0.871713384375 0.9199030296874999 0.901628521875 0.91860119375
0 0.372535325 0.8825415921875001 0.37068328125 0.21270843281250001 0.335152959375 0.2175926984375 0.3342591953125 0.22630283437499998 0.33487654375 0.8813057531249999 0.372535325 0.8825415921875001
0 0.69612448125 0.147900334375 0.71108205 0.9433365140625 0.7188860312500001 0.9602608015625 0.7266899375 0.96677 0.74294821875 0.96677 0.754654115625 0.9641663203125 0.7644090546875 0.9459402671875001 0.7442488578125 0.1426928828125 0.736444878125 0.1609189171875 0.7182356375000001 0.1648244953125 0.7084806968749999 0.1635226546875 0.69711790625 0.1413675875 0.69612448125 0.147900334375
0 0.7514024453125 0.1622207765625 0.765059375 0.942034675 0.784569253125 0.969373684375 0.7995268203125 0.9758831015625 0.8255400406250001 0.9810904609375 0.8417982468749999 0.9680719124999999 0.8307426703124999 0.1400891890625 0.8229386906249999 0.153107753125 0.800827459375 0.1609189171875 0.7813175796875 0.1687300671875 0.77286335625 0.1687300671875 0.750801803125 0.151128296875 0.7514024453125 0.1622207765625
0 0.9744654031250001 0.936827315625 0.966011103125 0.23642680624999998 0.9313749140625 0.2511755625 0.9308933359375 0.26246395625 0.9406482765625 0.9355253250000001 0.9744654031250001 0.936827315625
0 0.9295927 0.953751378125 0.9295927 0.3106328015625 0.8996526109375 0.30485945625 0.9009782765625 0.3106328015625 0.903579553125 0.951147703125 0.9295927 0.953751378125