0 0.8966922234375 0.04121304375 0.8720042140625001 0.0433265265625 0.8253759953124999 0.7333807828125 0.8322434859375001 0.7418347390625 0.8385827046875001 0.7450049703125 0.8496763406250001 0.7428914828125001 0.8966922234375 0.04121304375
0 0.804256028125 0.750843796875 0.820324009375 0.7611293328125 0.8698133921875 0.0424278171875 0.84428745 0.041142125 0.793972521875 0.7379868843749999 0.804256028125 0.750843796875
0 0.7129898984375 0.7598436375000001 0.725201565625 0.7624150234375 0.7746909453125 0.048856275 0.7605511218750001 0.05014196562499999 0.7504319765624999 0.041142125 0.74705401875 0.057856115625 0.7027063921875001 0.746986725 0.7129898984375 0.7598436375000001
0 0.63586359375 0.051427656249999995 0.6180057578125 0.0462848890625 0.5838033359375 0.763700709375 0.6056557890625001 0.781700396875 0.6300791203125 0.7829860875 0.6602869234375001 0.047570579687499996 0.63586359375 0.051427656249999995
0 0.768906471875 0.740558265625 0.793972521875 0.7495581062500001 0.8318929562499999 0.1414260578125 0.7997569953125 0.12856914531250002 0.7703601921875001 0.10799808281250001 0.7290578796875 0.7212728937499999 0.7438404234375 0.727701353125 0.768906471875 0.740558265625
0 0.632649996875 0.7971286906249999 0.650646134375 0.8189854499999999 0.675712184375 0.8305566671875001 0.6962792 0.8202711359375 0.734199634375 0.07714148750000001 0.724558846875 0.07971287031249999 0.7027063921875001 0.0719987203125 0.6687905703125 0.052713348437499995 0.632649996875 0.7971286906249999
0 0.565807196875 0.057856115625 0.5524354953125 0.052713348437499995 0.538812990625 0.9295549078124999 0.5503819375 0.9411261296875001 0.5709489515625 0.9436975125 0.583160615625 0.060427503125000004 0.565807196875 0.057856115625
0 0.46168668281249997 0.8716987921875001 0.4886808921875 0.8768415562499999 0.48739545156249997 0.1619971203125 0.46115140156249995 0.15942573437500002 0.46168668281249997 0.8716987921875001
0 0.49382264375 0.21728185 0.49189448750000003 0.8716987921875001 0.4996071171875 0.8768415562499999 0.5182459765625 0.8806986328124999 0.5407411484375 0.8794129421875001 0.5471683406250001 0.218567540625 0.524673165625 0.2147104734375 0.5010078359375 0.2147104734375 0.49382264375 0.21728185
0 0.92204910625 0.885552009375 0.9368406171875 0.8844952656249999 0.9532169375 0.2155759078125 0.925898190625 0.21663265156249997 0.9093706640624999 0.885552009375 0.92204910625 0.885552009375
0 0.87820283125 0.8549064156249999 0.890353003125 0.6826570390625 0.9035597109375001 0.49138626093750004 0.9188794953125001 0.25467545937499997 0.897366084375 0.248334990625 0.8718636109375 0.60974165625 0.8565438296875 0.841168734375 0.87820283125 0.8549064156249999