0 0.276369084375 0.8209184015625001 0.29807096875 0.8144275343749999 0.2259268703125 0.0446111609375 0.20290370625 0.0632183046875 0.276369084375 0.8209184015625001
0 0.176657728125 0.1315887265625 0.16551351875 0.13288689843749998 0.2259268703125 0.8001476359374999 0.239417228125 0.8001476359374999 0.2499749015625 0.78976225625 0.2611191125 0.7754823578125001 0.2013392421875 0.10302893125000001 0.18956155 0.11860699999999999 0.176657728125 0.1315887265625
0 0.1942538515625 0.7780787 0.21360958437500002 0.7806750484375 0.16551351875 0.14976314375 0.149711915625 0.158417625 0.1942538515625 0.7780787
0 0.6566012015625 0.1269515453125 0.6421862593750001 0.09994955625 0.55229139375 0.7993011171875 0.5657113703125 0.8209027109375 0.5797413437500001 0.8290033109375001 0.591941321875 0.8330536046875 0.6029213 0.8222528125 0.693811134375 0.16745452968750002 0.671851175 0.1512533421875 0.6566012015625 0.1269515453125
0 0.071081 0.1393777640625 0.06404255 0.13288689843749998 0.079292521875 0.8144275343749999 0.089263659375 0.8248129140625 0.1015809421875 0.826111090625 0.1115520796875 0.8131293640624999 0.09982133125 0.1199051765625 0.0927828828125 0.1276942140625 0.083984821875 0.1354832453125 0.071081 0.1393777640625
0 0.145571246875 0.7845695609375001 0.181936565625 0.7832713953125 0.150850084375 0.17572659375 0.1113825359375 0.21034453437499998 0.145571246875 0.7845695609375001
0 0.7682309968750001 0.17960543281250002 0.763400965625 0.1647543375 0.7639610078125 0.1607040375 0.666361184375 0.8074017171874999 0.6700211781250001 0.823602909375 0.6791711609375 0.83440370625 0.686491146875 0.8357538078125 0.7804309765624999 0.1836557265625 0.7767709828125 0.182305625 0.7682309968750001 0.17960543281250002
0 0.6102412890625 0.7817498234375 0.6608711953124999 0.8209027109375 0.738341053125 0.25656110625 0.69099755 0.1917563265625 0.6102412890625 0.7817498234375
0 0.7693425125 0.8567102734375001 0.7783672546875 0.874465203125 0.787893371875 0.8844523578124999 0.796416740625 0.8800136203125 0.8881682953125001 0.20532610624999997 0.8816504249999999 0.20532610624999997 0.8706201828125 0.1931195875 0.8601520218750001 0.179803390625 0.7693425125 0.8567102734375001
0 0.6962511296875 0.8317035078125 0.721871084375 0.8479047 0.8017809375 0.27681259375 0.7715361828125 0.2511607 0.6962511296875 0.8317035078125
0 0.8345212109375 0.8833426687499999 0.8520693218750001 0.9066460265625 0.942818128125 0.2253004125 0.9203310078125 0.20347663593749998 0.8345212109375 0.8833426687499999
0 0.9593634906249999 0.23306819218750002 0.9484145343750001 0.216792834375 0.8575844421875001 0.8844523578124999 0.8676119343750001 0.9133041234375 0.8821517999999999 0.9166331765625 0.9693909828124999 0.243055346875 0.9593634906249999 0.23306819218750002
0 0.7322407890625 0.8367359671875001 0.7623232671875 0.850052171875 0.828504715625 0.3440365296875 0.7989236125 0.3085266625 0.7322407890625 0.8367359671875001
0 0.9398503 0.871063684375 0.9586518484375001 0.87853270625 0.96829366875 0.3108869671875 0.9605802109375 0.3108869671875 0.9461174828125 0.41972129999999996 0.9398503 0.871063684375
0 0.8204827218749999 0.9244009578125001 0.8300088390625 0.9244009578125001 0.90621778125 0.32739128281249996 0.884223615625 0.3159245515625 0.8109566031250001 0.9144138078124999 0.8204827218749999 0.9244009578125001