0 0.36414573125 0.7828365609375 0.381206471875 0.7714785562500001 0.34522391875 0.1322145921875 0.31158341875 0.143547275 0.35250153906250004 0.7772329359375 0.36414573125 0.7828365609375
0 0.20630224687499998 0.7838436671875 0.22355290156250002 0.7725109890625 0.21150524062499998 0.1470887359375 0.19210446875 0.1520467828125 0.20630224687499998 0.7838436671875
0 0.179995 0.7942319578125 0.199833253125 0.7902183015625 0.18472545468749998 0.1503941 0.160185903125 0.15299117499999998 0.179995 0.7942319578125
0 0.15110015625 0.81028658125 0.168350809375 0.8003704921875 0.1517470546875 0.16715702187499998 0.13085533124999998 0.1681014125 0.15110015625 0.81028658125
0 0.274011065625 0.75551196875 0.2828448703125 0.7593190421875 0.270069428125 0.2956989625 0.2619802453125 0.28426138125 0.2593994234375 0.28426138125 0.274011065625 0.75551196875
0 0.2869490546875 0.7580638515625 0.299455778125 0.7484290421875001 0.2869490546875 0.288983328125 0.2719008796875 0.30220478906250003 0.2869490546875 0.7580638515625
0 0.2356283609375 0.7659002593750001 0.2648920859375 0.760993046875 0.254588159375 0.2840847984375 0.225317028125 0.2870945453125 0.2356283609375 0.7659002593750001
0 0.315412634375 0.7819844015624999 0.32824280781250004 0.775344159375 0.3174573578125 0.2880389359375 0.30252545 0.291816496875 0.315412634375 0.7819844015624999
0 0.3007495765625 0.7791055124999999 0.31476573281250003 0.7764065921875 0.30082033125 0.2926668140625 0.286997496875 0.29653845 0.3007495765625 0.7791055124999999
0 0.1321244375 0.7913987890625 0.1487012625 0.7953017453125 0.1364640546875 0.2852057671875 0.1243853515625 0.28426138125 0.1321244375 0.7913987890625
0 0.923185990625 0.8423958468749999 0.950667959375 0.8369655984375 0.954171996875 0.2700955234375 0.9262314515625001 0.2682067453125 0.923185990625 0.8423958468749999
0 0.8760973046875 0.8473774765625001 0.915735384375 0.846409496875 0.9181225124999999 0.274079671875 0.8805102640625 0.273873090625 0.8760973046875 0.8473774765625001
0 0.9584307531249999 0.8518411374999999 0.9778377375 0.8465669265625 0.9735250750000001 0.276706259375 0.9577186843750001 0.28142821093750003 0.9584307531249999 0.8518411374999999
0 0.10193579374999999 0.8249246296875 0.11616758125 0.8206748734374999 0.10689535624999999 0.3267589265625 0.090310128125 0.3295920953125 0.10193579374999999 0.8249246296875