0 0.5231077140625 0.9391671593750001 0.5531041203125 0.9391671593750001 0.6430933343749999 0.09780674843750001 0.6171533078125 0.0761336625 0.5231077140625 0.9391671593750001
0 0.45839219218749994 0.1450429859375 0.37506884375 0.87414789375 0.37784627187500003 0.8841508546875 0.3928444765625 0.8830393859375001 0.47794539843750006 0.159491690625 0.4789453 0.1661603328125 0.4778342890625 0.153934503125 0.45839219218749994 0.1450429859375
0 0.6928334953124999 0.1544902125 0.6646673828125 0.13615144375 0.5961784109375 0.9024896234374999 0.6378400859375 0.9158269078125001 0.667836490625 0.8991553046874999 0.727273846875 0.16004742968750002 0.6928334953124999 0.1544902125
0 0.7803732984375 0.9069354203125 0.7975934734375 0.8991553046874999 0.8181465812500001 0.15226733750000002 0.79220516875 0.14782156562499998 0.7692635359375 0.9002667734375001 0.7803732984375 0.9069354203125
0 0.4039542890625 0.9119368984375 0.4911660234375 0.226178115625 0.5011648265625 0.21617514999999998 0.5067197328125 0.1661603328125 0.4771118171875 0.1511558890625 0.390622553125 0.8874851781249999 0.3889560859375 0.9019339375 0.4039542890625 0.9119368984375
0 0.5072752375 0.9247184015625001 0.5278282953125 0.9213840765624999 0.61115164375 0.167827496875 0.5854772578125 0.144487246875 0.493387996875 0.9058239468749999 0.5072752375 0.9247184015625001
0 0.54838140625 0.1783861984375 0.5279602156250001 0.156157371875 0.43395069218750004 0.9152712218750001 0.45617021874999997 0.934165671875 0.4867221296875 0.9274970343750001 0.5744893703125 0.1783861984375 0.54838140625 0.1783861984375
0 0.88454725 0.9102697390625 0.9117662281250001 0.8902638109375 0.922320534375 0.19005631875 0.887880184375 0.19339063750000002 0.8605587531250001 0.1861662609375 0.8539953890625 0.8969324593750001 0.8651051531249999 0.9091582656250001 0.88454725 0.9102697390625
0 0.926783159375 0.844694690625 0.947891721875 0.8458061640625001 0.95122465625 0.2878630578125 0.929745915625 0.2878630578125 0.926783159375 0.844694690625
0 0.9473362671875 0.8346917250000001 0.9656674031250001 0.8491404875 0.9656674031250001 0.3056461359375 0.95122465625 0.30008891718749997 0.9473362671875 0.8346917250000001
0 0.6994993625 0.9080467921875 0.76893551875 0.9002667734375001 0.788933121875 0.2611884875 0.72135084375 0.2495183625 0.6994993625 0.9080467921875
0 0.4028432765625 0.9252741890625 0.430617759375 0.9386114734375001 0.511163628125 0.23395820781249999 0.490449103125 0.2211766328125 0.4028432765625 0.9252741890625
0 0.8598082578125 0.3078689859375 0.8222140578125 0.306201821875 0.8203685046875 0.312314778125 0.8231459828125001 0.3112033046875 0.8175910765625 0.8702578843750001 0.852031378125 0.8702578843750001 0.8598082578125 0.3078689859375