0 0.5206774656250001 0.930913353125 0.5518868671875 0.9402097734374999 0.6387909875 0.097092115625 0.6164007625 0.0722092125 0.5206774656250001 0.930913353125
0 0.77824665625 0.9016393484374999 0.799222934375 0.8967603437499999 0.8206870343749999 0.14197892343750002 0.7910689875 0.140515221875 0.7704653203125 0.89480874375 0.77824665625 0.9016393484374999
0 0.618729371875 0.9094457437499999 0.6439498718750001 0.9110365171874999 0.67141398125 0.8932192562499999 0.729258009375 0.15723515 0.66323916875 0.13856361875 0.6626332109375 0.13856361875 0.5972652734375 0.895784540625 0.618729371875 0.9094457437499999
0 0.5945976015625 0.162897221875 0.5826306609375 0.1483216234375 0.48311529062499997 0.9074941453125 0.5060428515625001 0.9240827484375 0.5211652859375 0.910665496875 0.606046040625 0.16686182656249998 0.5945976015625 0.162897221875
0 0.4748242328125 0.922025434375 0.5723864328125 0.1766198265625 0.553346190625 0.1768027921875 0.5389859765625 0.1718628015625 0.528090846875 0.1561280234375 0.4201864546875 0.913348946875 0.44332383125 0.9338407484375001 0.4748242328125 0.922025434375
0 0.889469715625 0.19418423125 0.8613266015625 0.187353628125 0.853858825 0.900663540625 0.8845915124999999 0.9094286515625001 0.9123972765625 0.8879247781249999 0.9186169874999999 0.187353628125 0.889469715625 0.19418423125
0 0.9465153515625 0.8323575312499999 0.950935090625 0.2937158453125 0.9296326109375 0.2878610484375 0.9278717546875 0.8363414875 0.9465153515625 0.8323575312499999
0 0.945229284375 0.8401639328125 0.967033165625 0.8430913375 0.9658788484375 0.2956070875 0.9520760140625001 0.2927400484375 0.945229284375 0.8401639328125
0 0.7006679609375001 0.900663540625 0.7689780671875 0.8967603437499999 0.7875762234375 0.2567574203125 0.7212992781249999 0.2527322421875 0.7006679609375001 0.900663540625
0 0.4845631828125 0.23629544375 0.4768613390625 0.22248243906249998 0.373706084375 0.9240827484375 0.40493109687500006 0.9360635500000001 0.501516221875 0.2400468359375 0.49457907187499994 0.2390710390625 0.4845631828125 0.23629544375
0 0.821113878125 0.8704137390625 0.849956259375 0.8665105359374999 0.856297925 0.3064012515625 0.8247340937500001 0.309328646875 0.821113878125 0.8704137390625