0 0.1609855765625 0.06577127656250001 0.1417043265625 0.07866489374999999 0.2426947109375 0.7117287234375 0.2570480765625 0.7117287234375 0.1609855765625 0.06577127656250001
0 0.1979759609375 0.7361489359375 0.2023918265625 0.725159575 0.11129807656249999 0.068212765625 0.10577884687500001 0.08164361718749999 0.095841346875 0.096297871875 0.086447115625 0.096132978125 0.175341346875 0.738590425 0.1880384609375 0.741031915625 0.1979759609375 0.7361489359375
0 0.271403846875 0.11950000000000001 0.22549999999999998 0.1794361703125 0.3172259609375 0.7324840421875 0.36194471093749997 0.7190531921875001 0.271403846875 0.11950000000000001
0 0.339966346875 0.0573191484375 0.3303701921875 0.056968084375000005 0.46130048125 0.8195531921875 0.485122596875 0.8171010640624999 0.3482764421875 0.0450638296875 0.34772355781250003 0.0487393609375 0.339966346875 0.0573191484375
0 0.266435096875 0.769117021875 0.27195673125000003 0.7801063828125 0.28023798125 0.770340425 0.286310096875 0.7569042546875 0.179959134375 0.105537234375 0.175341346875 0.11583510625 0.16871634687499998 0.12438297812500002 0.162091346875 0.13048936093750002 0.266435096875 0.769117021875
0 0.1217884609375 0.71050531875 0.1317259609375 0.7117287234375 0.1400072109375 0.7031808515625 0.1135072109375 0.31487234062499997 0.095841346875 0.18665957500000002 0.0755168265625 0.1969042546875 0.10688221093750001 0.6958510640625 0.11129807656249999 0.7007340421875 0.1217884609375 0.71050531875
0 0.06878846093749999 0.15125 0.0406322109375 0.1732287234375 0.0665793265625 0.74591489375 0.0776201921875 0.7495797875 0.087560096875 0.7495797875 0.0969447109375 0.738590425 0.06878846093749999 0.15125
0 0.2860769234375 0.1473191484375 0.40257211562500006 0.8220000000000001 0.4108822109375 0.8293563828125 0.4225168265625 0.8318031921875001 0.43636778906250007 0.8293563828125 0.446341346875 0.8195531921875 0.45298798125 0.8060691484375001 0.33442548125 0.08549999999999999 0.3211298078125 0.11613829843750001 0.308939903125 0.1320691484375 0.2978605765625 0.1467765953125 0.2860769234375 0.1473191484375
0 0.1493918265625 0.1622393609375 0.1295576921875 0.188840425 0.208466346875 0.770340425 0.2288918265625 0.74591489375 0.1493918265625 0.1622393609375
0 0.3865048078125 0.148 0.37930288437500004 0.15657978749999998 0.3721009609375 0.1529042546875 0.4967572109375 0.8293563828125 0.5078389421875 0.836707446875 0.51891826875 0.828127659375 0.5266754812500001 0.8207765953124999 0.530552884375 0.8109734046874999 0.40026923124999997 0.1166914890625 0.3975865390625 0.133297871875 0.3865048078125 0.148
0 0.2239230765625 0.22085106406250002 0.2078894234375 0.2331808515625 0.29017548125000003 0.7434734046875 0.307841346875 0.738590425 0.2239230765625 0.22085106406250002
0 0.44135336562500005 0.20804787187499998 0.422415865625 0.22848404218749999 0.5488365390625 0.8979787234375 0.5704447109374999 0.8943031921875001 0.44135336562500005 0.20804787187499998
0 0.4873389421875 0.20682446875 0.4546514421875 0.25216489375 0.5815240390625 0.932292553125 0.61864423125 0.9188138296874999 0.4873389421875 0.20682446875