0 0.521612115625 0.934012946875 0.5542749062500001 0.9441153531250001 0.642225378125 0.10399802968750001 0.6187147000000001 0.08173760937499999 0.6195287421875 0.0872480140625 0.521612115625 0.934012946875
0 0.3664081734375 0.8908481453125001 0.375730759375 0.8908481453125001 0.4801702109375 0.168067459375 0.4616682734375 0.1515360234375 0.3602879140625 0.8835009421875 0.3664081734375 0.8908481453125001
0 0.59741876875 0.8963585406250001 0.60965805 0.90829774375 0.625636815625 0.9128896765625001 0.6460327359375 0.91126640625 0.6700330343750001 0.89796574375 0.7255877546875 0.1588832265625 0.6943477812500001 0.1525780296875 0.66738990625 0.13500482187500001 0.59741876875 0.8963585406250001
0 0.783438121875 0.90370574375 0.7985894109375 0.88901134375 0.8187911281250001 0.1460256234375 0.7950475265625 0.145107221875 0.7711563984375001 0.8954401453124999 0.783438121875 0.90370574375
0 0.504545396875 0.17725123125 0.4804954765625 0.1634752265625 0.373894240625 0.90370574375 0.39042291875 0.9095568593750001 0.4891358484375 0.22498650781250001 0.500154965625 0.21560110625 0.504545396875 0.17725123125
0 0.5035727109375 0.921809159375 0.5212749421875 0.9165633484375 0.6108052765624999 0.1699040296875 0.5888666953125 0.1515360234375 0.48867671875 0.90829774375 0.5035727109375 0.921809159375
0 0.4495912671875 0.9330945453125 0.4703760859375 0.9322191984374999 0.47811673125 0.9220737437500001 0.48322006249999994 0.91782698125 0.5712294203125 0.17816962812499998 0.5523823921875 0.17725123125 0.5396401390625 0.1736350296875 0.530089084375 0.157046425 0.528621021875 0.1616384296875 0.52953928125 0.1616384296875 0.42440032499999997 0.91380815 0.43181791875000003 0.9239105453124999 0.4495912671875 0.9330945453125
0 0.8793962734375 0.9089991015625 0.9119944999999999 0.8866579421875 0.9229309906250001 0.189793221875 0.8616315390624999 0.19102723125 0.854683771875 0.9000321453125 0.8793962734375 0.9089991015625
0 0.9496431515625 0.8375809328124999 0.9634170484375 0.8459778703125 0.964213353125 0.2865408453125 0.953012353125 0.2819488453125 0.9496431515625 0.8375809328124999
0 0.92863795625 0.8449281359375 0.946888371875 0.8426321359375001 0.950413625 0.28837772500000003 0.9314299500000001 0.28562245 0.92863795625 0.8449281359375
0 0.699388653125 0.9014599703125 0.7696642265625 0.8983101453125 0.78731203125 0.258988840625 0.722953115625 0.2507232421875 0.699388653125 0.9014599703125
0 0.235764396875 0.8926849421874999 0.2826131703125 0.9135099375 0.355774084375 0.26909085 0.31747945 0.2442944390625 0.235764396875 0.8926849421874999
0 0.3906818515625 0.9257473484375 0.4183598578125 0.9379151296874999 0.510772346875 0.2433186375 0.49105707968749995 0.2240896328125 0.3906818515625 0.9257473484375
0 0.179590846875 0.9184001500000001 0.2257327 0.922200203125 0.29492389375 0.27092804375 0.2642122421875 0.24704963750000003 0.179590846875 0.9184001500000001
0 0.8167106953125 0.8715617390625001 0.8509302218749999 0.8660513375000001 0.8596536875 0.3058272515625 0.8235179328125 0.306745646875 0.8167106953125 0.8715617390625001
0 0.3139315265625 0.900950540625 0.33349080781249996 0.9101345406249999 0.41409680312499997 0.3308536515625 0.3937066640625 0.315929646875 0.3139315265625 0.900950540625
0 0.29221429374999996 0.8972769421875 0.311337790625 0.906934496875 0.387884428125 0.3334381359375 0.36890985781249996 0.3241952515625 0.29221429374999996 0.8972769421875