0 0.70777349375 0.0713913046875 0.674491565625 0.052140096875 0.6111855421875 0.9288260875000001 0.6462072296875 0.9526135265625 0.70777349375 0.0713913046875
0 0.523 0.9069275359375 0.5292144578125 0.9046618359374999 0.5817421687500001 0.1367101453125 0.5777903609374999 0.1378454109375 0.56705783125 0.135579709375 0.5592385546875 0.12462801875 0.5071855421875 0.8978647343749999 0.5139614453125 0.9035314015625 0.523 0.9069275359375
0 0.58711084375 0.1155700484375 0.5377566265625 0.8982415453125 0.5547012046875001 0.9163671499999999 0.5739060234375 0.9310917875 0.5936771078125 0.9344879234375 0.607231325 0.9231642515624999 0.6631518078124999 0.15294685937500002 0.6529831328125 0.15294685937500002 0.639428915625 0.148415459375 0.6179638546875 0.13708695625 0.6032771078125 0.1291594203125 0.58711084375 0.1155700484375
0 0.651855421875 0.8959758453125 0.6648457828125001 0.9141014500000001 0.6834843375 0.9208985500000001 0.698171084375 0.9265603859375 0.7478771078124999 0.13935265624999998 0.7365807234374999 0.1416183578125 0.7202 0.13255555624999998 0.7061301203125 0.12462801875 0.7072096390625 0.12689372031249999 0.651855421875 0.8959758453125
0 0.28915662656249996 0.937507246875 0.29706506093749996 0.9341111109375 0.35637349375 0.14237198125 0.349028915625 0.14463768125 0.33434457812499996 0.1378454109375 0.31893735 0.1291594203125 0.2609156625 0.9193864734374999 0.27559999999999996 0.9329806765624999 0.28915662656249996 0.937507246875
0 0.40099518125 0.14463768125 0.33547228906250004 0.9307149765625 0.3620216875 0.95110145 0.430366265625 0.16162801875 0.40104578281250003 0.1427536234375 0.40099518125 0.14463768125
0 0.8953518078125 0.960917875 0.908908434375 0.9563864734375 0.8930939765625 0.1453961359375 0.8784072296875 0.1487922703125 0.8631566265625 0.14766183593749999 0.8462433734375001 0.13972946875 0.86202650625 0.9427971015625 0.8806674703124999 0.9575217390624999 0.8953518078125 0.960917875
0 0.772166265625 0.1835265703125 0.7475614453125 0.1774879234375 0.737144578125 0.9141014500000001 0.7653879515625001 0.9231642515624999 0.772166265625 0.1835265703125
0 0.3727518078125 0.9624299515624999 0.3817903609375 0.9760193234375001 0.39082650625 0.9782850234374999 0.3987349390625 0.9726231890625 0.4653855421875 0.18768115937500002 0.4580433734375 0.1820193234375 0.44900722968749995 0.1774879234375 0.437144578125 0.16729468593750002 0.3688 0.9499710140625 0.3727518078125 0.9624299515624999
0 0.5484168671874999 0.2658357484375 0.47611807187500005 0.2284589375 0.43432048125 0.912589371875 0.5049253015625 0.9341111109375 0.5484168671874999 0.2658357484375
0 0.3015831328125 0.9216521734375 0.316833734375 0.9307149765625 0.33039036093749996 0.927314009375 0.37840240937499997 0.2511111109375 0.354113253125 0.2488454109375 0.3015831328125 0.9216521734375
0 0.9218987953125 0.9665797093749999 0.935455421875 0.9835700484375 0.952966265625 0.991497584375 0.9693469875 0.991497584375 0.986291565625 0.9801739125 0.97160481875 0.20542512031250001 0.962568675 0.21109178750000002 0.947318071875 0.2156183578125 0.9275469875000001 0.212222221875 0.9049542171875 0.20429468593750003 0.9218987953125 0.9665797093749999
0 0.47046987968750004 0.30434782656250003 0.4567903609375 0.2967971015625 0.40494939687500003 0.9114589375 0.4162457828125 0.9193864734374999 0.47046987968750004 0.30434782656250003
0 0.29706506093749996 0.3247343 0.2564144578125 0.30736715000000003 0.21516385468750002 0.9103236718750001 0.255831325 0.9182560390625 0.29706506093749996 0.3247343
0 0.84559518125 0.2673478265625 0.7905012046875 0.2620579703125 0.7953228921875 0.9696038640625 0.8450289156249999 0.9775314015625 0.84559518125 0.2673478265625