0 0.7077060234375 0.07464734375 0.6740168671875 0.053869565625000004 0.6139301203125 0.9309468593749999 0.6451879515625001 0.9508260875 0.7077060234375 0.07464734375
0 0.5681855421875001 0.13428502343749998 0.5577686749999999 0.12646376875 0.5094771078125 0.897309178125 0.523202409375 0.9064830921875 0.53006265 0.9018937203125 0.576571084375 0.1373429953125 0.5681855421875001 0.13428502343749998
0 0.6207903609375001 0.14192753593750002 0.6032554218749999 0.12663768125 0.5863542171875 0.1130917875 0.5841951812499999 0.1159323671875 0.5338746984375 0.8911932359374999 0.5437879515625 0.904951690625 0.556749396875 0.91718840625 0.581144578125 0.929420290625 0.5971566265625 0.93400483125 0.607831325 0.9263623187500001 0.6634867468750001 0.1541642515625 0.65586265 0.155690821875 0.6413759031249999 0.15263285 0.6207903609375001 0.14192753593750002
0 0.6794987953125 0.9248309171875 0.700081928125 0.9263623187500001 0.7465903609375 0.138869565625 0.73667951875 0.1373429953125 0.723718071875 0.13428502343749998 0.7054626500000001 0.12455555625 0.6474771078125 0.895777778125 0.6619614453125 0.9110724640625 0.6794987953125 0.9248309171875
0 0.26245542187500004 0.9156570046875 0.276939759375 0.93400483125 0.2868530125 0.9355362312500001 0.296 0.929420290625 0.35852048124999997 0.1449855078125 0.344033734375 0.148048309375 0.3333590359375 0.1449855078125 0.3211614453125 0.131227053125 0.3188746984375 0.131227053125 0.26245542187500004 0.9156570046875
0 0.43323614531250004 0.16333816406249999 0.3986409640625 0.1474782609375 0.332597590625 0.9370628015625 0.361568675 0.955415459375 0.43323614531250004 0.16333816406249999
0 0.7709879515625 0.17862801875 0.7464361453125 0.176130434375 0.7351542171875 0.9125990343750001 0.76488915625 0.9278888890625 0.7709879515625 0.17862801875
0 0.89831084375 0.9661159421875001 0.9097469874999999 0.9584734296875 0.8929759031250001 0.1434589375 0.8777253015625 0.1495748796875 0.8624771078125001 0.1449855078125 0.8455325296874999 0.1417439609375 0.864766265625 0.9492995171875 0.8807759031250001 0.9615314015624999 0.89831084375 0.9661159421875001
0 0.250255421875 0.22908695625000003 0.21283373437500003 0.2181594203125 0.1709638546875 0.895777778125 0.184686746875 0.904951690625 0.19764819218750002 0.9064830921875 0.2090843375 0.9003671499999999 0.250255421875 0.22908695625000003
0 0.3745301203125 0.9645893718749999 0.3813927703125 0.9737632843749999 0.392828915625 0.97682125625 0.4004530125 0.972236715625 0.46525783125000003 0.1847439609375 0.45839518124999995 0.183217390625 0.44848433749999994 0.17709661875 0.43580240937500003 0.166579709375 0.3676674703125 0.9447101453125001 0.3745301203125 0.9645893718749999
0 0.5491228921875 0.26272946875000003 0.4748698796875 0.2238888890625 0.4347614453125 0.91718840625 0.50414216875 0.938594203125 0.5491228921875 0.26272946875000003
0 0.38367951875 0.25355555625 0.35385783125 0.24872463749999998 0.3043879515625 0.9248309171875 0.3097253015625 0.9309468593749999 0.320397590625 0.93400483125 0.33031084375 0.9278888890625 0.38367951875 0.25355555625
0 0.9303325296875 0.97835265625 0.9493927703124999 0.989053140625 0.9692168671875001 0.990584540625 0.9852265062500001 0.9829371984374999 0.9692168671875001 0.20462318906250002 0.9509180718750001 0.21227053125 0.9280457828124999 0.215328503125 0.9036481921874999 0.2030917875 0.9211855421875 0.96917874375 0.9303325296875 0.97835265625
0 0.2952385546875 0.32236231875 0.25380722968749997 0.30412560312500003 0.21137349374999997 0.9034251203125001 0.2540674703125 0.9141304343750001 0.2952385546875 0.32236231875
0 0.46820000000000006 0.30221256093750004 0.457633734375 0.29636714999999997 0.4035012046875 0.9156570046875 0.41722650625 0.9233043484375001 0.46820000000000006 0.30221256093750004
0 0.8457060234375 0.267314009375 0.7908096390625 0.26272946875000003 0.7923349390625 0.972236715625 0.8464674703125 0.9829371984374999 0.8457060234375 0.267314009375