0 0.6729566265625 0.050584540624999993 0.6706650609375 0.05365217343749999 0.6676072296875 0.1318309171875 0.6171542171875 0.9412125609374999 0.6446722890625 0.9580772953125001 0.7065927703125 0.0705120765625 0.6708409640624999 0.0475217390625 0.6729566265625 0.050584540624999993
0 0.5743445781250001 0.1471594203125 0.5546192765625 0.11803381718749999 0.5544698796875001 0.127231884375 0.55294216875 0.1195700484375 0.552175903125 0.1195700484375 0.5070746984375 0.9013574875 0.5177783125000001 0.9197536234375001 0.52847951875 0.91055555625 0.5743445781250001 0.1471594203125
0 0.5827542171875 0.11037198125 0.5330650609375 0.9044251203125 0.5621156625 0.9320193234374999 0.5850481921874999 0.94428019375 0.606450603125 0.92435265625 0.658433734375 0.16708695625 0.5888698796875 0.1257004828125 0.583518071875 0.11650241562500001 0.5827542171875 0.11037198125
0 0.6989469875000001 0.9350821249999999 0.7455783125 0.1425603859375 0.727231325 0.1410289859375 0.7060144578124999 0.1302995171875 0.7058289156249999 0.13489855 0.702771084375 0.150227053125 0.652318071875 0.9090241546875 0.6676072296875 0.92435265625 0.6851879515625 0.9350821249999999 0.6989469875000001 0.9350821249999999
0 0.7715686749999999 0.190082125 0.7471084343750001 0.17782125625 0.746539759375 0.16708695625 0.7409927703125 0.27285990312499997 0.737168675 0.916685990625 0.76468915625 0.92282125625 0.7715686749999999 0.190082125
0 0.393286746875 0.14409661875 0.393939759375 0.150227053125 0.3266698796875 0.9320193234374999 0.3541879515625 0.9565458937500001 0.42375180781250005 0.16708695625 0.393286746875 0.14409661875
0 0.89387951875 0.14409661875 0.8785903609375 0.150227053125 0.8602433734374999 0.1532946859375 0.8436457828125 0.13949758437499998 0.8441903609375 0.1471594203125 0.8464843375 0.1870144921875 0.8663590359375 0.951946859375 0.8915855421875 0.9749371984374999 0.915281928125 0.9703381640625001 0.89387951875 0.14409661875
0 0.367949396875 0.97953623125 0.3801783125 0.985671496875 0.3893518078125 0.9764734296875 0.4612096390625 0.1931497578125 0.42910361406249997 0.1701545890625 0.42845783125 0.16555555625 0.358775903125 0.9473478265624999 0.367949396875 0.97953623125
0 0.4728072296875 0.2207391296875 0.47344096406249997 0.226874396875 0.4359831328125 0.92282125625 0.5078409640625 0.939681159375 0.5452963859375 0.262130434375 0.4728072296875 0.2207391296875
0 0.3067927703125 0.9381497578125 0.3259036140625 0.9350821249999999 0.36489156562499997 0.2529323671875 0.33823373437500004 0.24526569999999998 0.337371084375 0.251400965625 0.299913253125 0.9320193234374999 0.3067927703125 0.9381497578125
0 0.969024096875 1 0.9894337343749999 0.97953623125 0.9703228921875 0.20387922656250002 0.9573277109375 0.21614009687500002 0.9244554218750001 0.21767632812499998 0.9048144578124999 0.20081159375 0.9030506031250001 0.206946859375 0.905344578125 0.2529323671875 0.9221614453125 0.973405796875 0.9298072296875001 0.9826038640625001 0.955255421875 1 0.969024096875 1
0 0.4528 0.29585507187500004 0.45509397656250006 0.298917875 0.45127228906249994 0.294318840625 0.3977614453125 0.916685990625 0.41152048125 0.9197536234375001 0.46808915625 0.3019855078125 0.4521614453125 0.2897246375 0.4528 0.29585507187500004
0 0.7899156625 0.271328503125 0.79373735 0.973405796875 0.8220216875 0.9841352656250001 0.8472481921874999 0.9703381640625001 0.8464843375 0.27285990312499997 0.8074987953124999 0.2636618359375 0.7893566265625 0.2636618359375 0.7899156625 0.271328503125