0 0.6576055453125 0.7856271953125 0.7334296109375 0.11223246093749999 0.7188110625 0.0810288046875 0.718724309375 0.079015671875 0.6350880812499999 0.7785811796875 0.6576055453125 0.7856271953125
0 0.6713917406250001 0.116258740625 0.671851253125 0.116258740625 0.58729595625 0.7443578890625 0.6010821515625 0.771535259375 0.6190042015625 0.7856271953125 0.6355476343750001 0.761469534375 0.7113717015625001 0.1615543484375 0.698964128125 0.1575280640625 0.6856374453125 0.1373966875 0.671228896875 0.10971602656249999 0.669553565625 0.116258740625 0.6713917406250001 0.116258740625
0 0.19210121093750002 0.1509222015625 0.171116321875 0.1343978734375 0.1739955390625 0.1377027359375 0.1528722578125 0.794269503125 0.16594860625000002 0.7964727140625001 0.1890835984375 0.7435948625 0.2061834609375 0.1509222015625 0.19210121093750002 0.1509222015625
0 0.7472158046875 0.1716200265625 0.7381197687500001 0.14444265625 0.6608222953125 0.77052865625 0.664958153125 0.7826074875 0.6741489781250001 0.79267320625 0.6851779328125 0.779587778125 0.7614615125 0.17564630625 0.7472158046875 0.1716200265625
0 0.776416440625 0.1855775078125 0.763179159375 0.1625547359375 0.6885076421874999 0.7702165453125 0.6948778625 0.7897509781250001 0.7063442281250001 0.8078901796875 0.7235437734375 0.7939369359375 0.7948900671875 0.1897634765625 0.776416440625 0.1855775078125
0 0.7267288578125 0.7897509781250001 0.7464765046874999 0.79812289375 0.8146376562500001 0.23580902187500002 0.79663664375 0.20860029062500002 0.7267288578125 0.7897509781250001
0 0.8477627312499999 0.1981353921875 0.84585166875 0.1981353921875 0.84585166875 0.193949434375 0.84585166875 0.1911588359375 0.84585166875 0.182786915625 0.8452146296875 0.1925541328125 0.7694092359375 0.8190526874999999 0.775779459375 0.8357965234375 0.7910679453125 0.8274246078124999 0.867510378125 0.2079026671875 0.8541329515625 0.20650730624999997 0.8473008359374999 0.1855775078125 0.8477627312499999 0.1981353921875
0 0.763676053125 0.8260292484375 0.8433035703125 0.20929796875 0.8224467046875 0.18767049687499998 0.7464765046874999 0.8162620953124999 0.752846728125 0.83300593125 0.763676053125 0.8260292484375
0 0.8783397046875001 0.31394694218749997 0.8764286421874999 0.30697032812499997 0.8273781015624999 0.8064948140625001 0.8413925078125001 0.8078901796875 0.8923541687500001 0.3223188625 0.8778905359375001 0.3027843703125 0.8783397046875001 0.31394694218749997
0 0.8522218921875 0.8525403656250001 0.8917171296875 0.86509824375 0.9280272859375 0.2720873546875 0.8950972421875001 0.250459878125 0.8522218921875 0.8525403656250001
0 0.9012724343749999 0.8609122859375 0.932486446875 0.8678888359375 0.961789340625 0.2776686078125 0.92951065625 0.2651107296875 0.9012724343749999 0.8609122859375
0 0.8120896125 0.8246340109375 0.8732435593749999 0.3362720375 0.854948259375 0.3111562859375 0.8541329515625 0.316737603125 0.7955270484375 0.8023088515625 0.8120896125 0.8246340109375
0 0.9597452109375 0.28205803125 0.9441160390625001 0.8580814812499999 0.9658609828125 0.85510465625 0.97401534375 0.45322776718749996 0.9699381640625001 0.28354644375000004 0.961967240625 0.2783369046875 0.9597452109375 0.28205803125
0 0.061338090624999994 0.8934154875000001 0.08849659843749999 0.8868057515625001 0.10660226875 0.30514934843749997 0.0745125484375 0.30294603750000004 0.061338090624999994 0.8934154875000001
0 0.4858154640625 0.6025872796875 0.1961247234375 0.6378391531250001 0.19411301406249998 0.7347819203125 0.486821365625 0.7083429890625 0.482797853125 0.670887809375 0.4858154640625 0.6025872796875
0 0.1594479921875 0.798544121875 0.157344759375 0.8320338578124999 0.38226926250000004 0.8290570374999999 0.3836283 0.8022652546875 0.38430785156249997 0.7948231328124999 0.157344759375 0.7933346515624999 0.157344759375 0.7963114765625 0.1594479921875 0.798544121875