0 0.706716346875 0.0634299515625 0.6367427890624999 0.5630289859375 0.59486298125 0.8964685984375 0.627810096875 0.900961353125 0.7350240390625 0.0858840578125 0.706716346875 0.0634299515625
0 0.9187235578124999 0.1644734296875 0.920978365625 0.859420290625 0.951689903125 0.8650338171874999 0.9701177890625001 0.8571787437499999 0.9684423078125001 0.1689661828125 0.9187235578124999 0.1644734296875
0 0.80308173125 0.14089855 0.7333485578125 0.8773864734375 0.772439903125 0.8897343 0.7886322109374999 0.8762608703125 0.8556418265625 0.1611062796875 0.80308173125 0.14089855
0 0.6111875 0.14089855 0.504341346875 0.8796328499999999 0.5501298078125 0.90545410625 0.6545552890625 0.1644734296875 0.6311009609375 0.1644734296875 0.6111875 0.14089855
0 0.7310168265625 0.1341642515625 0.6306009609375 0.8874879234374999 0.6775072109375 0.91218840625 0.703752403125 0.9032077296875001 0.7958918265625 0.17121256093749998 0.7310168265625 0.1341642515625
0 0.5923076921875 0.902082125 0.6933822109375 0.1611062796875 0.677747596875 0.1611062796875 0.6581129812500001 0.1442657 0.5554543265625 0.89310145 0.5738822109374999 0.9088212562500001 0.5923076921875 0.902082125
0 0.48616346093749996 0.1611062796875 0.37448076874999997 0.9043285031250001 0.410778846875 0.920048309375 0.41859615312500004 0.9088212562500001 0.528603365625 0.188053140625 0.48616346093749996 0.1611062796875
0 0.34879326875 0.1947874390625 0.3220865390625 0.17794685937500002 0.19634615312499998 0.8987149765625 0.22259134687499998 0.9065748796875001 0.34879326875 0.1947874390625
0 0.59840625 0.2194879234375 0.573478365625 0.2065748796875 0.47443749999999996 0.8886135265625 0.50180048125 0.8953478265625 0.59840625 0.2194879234375
0 0.9170673078125 0.24306280156249999 0.848334134375 0.23857004843750002 0.8400072109375 0.883 0.909810096875 0.8841207734375001 0.9170673078125 0.24306280156249999
0 0.55708173125 0.2756231890625 0.5215240390625 0.25541062812500004 0.42418028906250005 0.8874879234374999 0.46773557656250003 0.902082125 0.55708173125 0.2756231890625
0 0.36889663437500003 0.35308695625 0.330466346875 0.326140096875 0.233759615625 0.8886135265625 0.280665865625 0.900961353125 0.36889663437500003 0.35308695625
0 0.3069134609375 0.86391304375 0.38453125 0.3800338171875 0.38732451874999996 0.3620676328125 0.37057211562500003 0.345227053125 0.2856923078125 0.8740193234375001 0.29741826875 0.8863671500000001 0.3069134609375 0.86391304375
0 0.39123317343749997 0.357579709375 0.30188701875 0.89310145 0.32757451875 0.8964685984375 0.40966105781250006 0.3699275359375 0.39123317343749997 0.357579709375
0 0.41174999999999995 0.35308695625 0.32645673125 0.90545410625 0.33036538437499996 0.9189227046875 0.3482355765625 0.9189227046875 0.42920432656249996 0.364314009375 0.41174999999999995 0.35308695625
0 0.45210096093749996 0.35308695625 0.43269951874999996 0.34635265625 0.3499110578125 0.9211690828125001 0.3700144234375 0.9267826093749999 0.45210096093749996 0.35308695625