0 0.5080409640625 0.0713649296875 0.5135614453125 0.9039620859375 0.5420698796875 0.9030142187499999 0.5382048187499999 0.07146919375 0.5080409640625 0.0713649296875
0 0.72085783125 0.14369194375 0.716508434375 0.8982606640625 0.7339060234375 0.8982606640625 0.747918071875 0.8992132703125 0.748402409375 0.1408436015625 0.737286746875 0.14274407656250002 0.72085783125 0.14369194375
0 0.687033734375 0.9011137437500001 0.7068457828125 0.8992132703125 0.71554216875 0.8925592421875 0.7179590359375 0.1408436015625 0.703944578125 0.149393365625 0.6841349390625 0.150345971875 0.6684891562499999 0.1474786734375 0.6677060234375001 0.891606634375 0.67592048125 0.9001611374999999 0.687033734375 0.9011137437500001
0 0.5406192765625 0.157 0.5435204812500001 0.8973127968749999 0.5531831328125 0.9001611374999999 0.5628481921875 0.9001611374999999 0.5700963859375 0.8906587671875 0.5696120484375 0.15414691875 0.5406192765625 0.157
0 0.493749396875 0.9049146921875 0.5096939765624999 0.9039620859375 0.505344578125 0.15414691875 0.4806457828125 0.1543175359375 0.4860168671875 0.9030142187499999 0.493749396875 0.9049146921875
0 0.446231325 0.1508246453125 0.43216385468749996 0.1528767765625 0.40944337343750004 0.1525450234375 0.41705542187500005 0.9049289093749999 0.4253927703125 0.9090284359374999 0.44571084375 0.9080047390624999 0.45196144531250004 0.9069810421875 0.446231325 0.1508246453125
0 0.27431084375000003 0.9100521328125 0.2868144578125 0.9049289093749999 0.2753518078125 0.16312322343750002 0.26649638593749997 0.16414691875 0.254513253125 0.167218009375 0.2420096390625 0.1692701421875 0.230028915625 0.167218009375 0.24565783125 0.8977582937499999 0.25607710781250004 0.9090284359374999 0.27431084375000003 0.9100521328125
0 0.3764216875 0.9274739343749999 0.39830120468749997 0.9223507109375 0.41288915625 0.9049289093749999 0.4061156625 0.161071090625 0.3915277109375 0.1702938390625 0.3675638546875 0.17336966874999998 0.333966265625 0.17006635 0.34412048125 0.9090284359374999 0.35506024062499997 0.9223507109375 0.3764216875 0.9274739343749999
0 0.7836746984375 0.20451658749999999 0.780775903125 0.8887582937499999 0.818949396875 0.8840047390624999 0.8204 0.20261611406250002 0.7836746984375 0.20451658749999999
0 0.3003590359375 0.9172274874999999 0.3154674703125 0.9202985781249999 0.332660240625 0.9202985781249999 0.3415156625 0.9090284359374999 0.332660240625 0.1723412328125 0.3243228921875 0.180540284375 0.3029638546875 0.18463981093749998 0.287855421875 0.18463981093749998 0.27864819218750003 0.18020853125 0.2888963859375 0.9080047390624999 0.3003590359375 0.9172274874999999
0 0.44831566250000005 0.200009478125 0.4535253015625 0.8957109000000001 0.4806144578125 0.8926350703124999 0.47540481874999996 0.200009478125 0.44831566250000005 0.200009478125
0 0.24466987968749998 0.8914170609375001 0.2289831328125 0.1987156390625 0.2104457828125 0.20292417031249999 0.18620481875 0.20712796249999998 0.168344578125 0.207507109375 0.1840650609375 0.8942227484374999 0.1997518078125 0.9082464453125001 0.22256626562499998 0.9082464453125001 0.24466987968749998 0.8914170609375001
0 0.8232987953125 0.23777725156249999 0.8228168671875 0.8868578203125 0.860024096875 0.8830568718749999 0.8629228921875001 0.23777725156249999 0.8232987953125 0.23777725156249999
0 0.780775903125 0.245379146875 0.7735277109375 0.2472796203125 0.7489301203125 0.23812796249999998 0.7488843375 0.8859052125 0.759997590625 0.8897061609374999 0.771113253125 0.8906587671875 0.7793277109375001 0.8840047390624999 0.780775903125 0.245379146875
0 0.5776120484375 0.30740284375 0.5749277109375 0.9001611374999999 0.60053735 0.9001611374999999 0.60053735 0.3080995265625 0.5776120484375 0.30740284375
0 0.602831325 0.3253601890625 0.6024722890625 0.8840047390624999 0.6425783125 0.8830568718749999 0.6425783125 0.3242559234375 0.602831325 0.3253601890625
0 0.6449927703125 0.3242559234375 0.64402650625 0.8849573453125 0.6643228921875 0.8840047390624999 0.665771084375 0.3261563984375 0.6449927703125 0.3242559234375