0 0.077103365625 0.1063563828125 0.061665865625 0.1053297875 0.0633052890625 0.10951595781250001 0.0614014421875 0.7063457453125 0.07139423125 0.7379255312499999 0.083290865625 0.7547659578125 0.094709134375 0.7516117015625 0.10137019218750001 0.7473989359375001 0.1089831734375 0.7273989359375 0.1089831734375 0.09267553125 0.09899038437499999 0.1021489359375 0.084240384375 0.10530319218749999 0.077103365625 0.1063563828125
0 0.039990384375 0.796872340625 0.058072115625 0.8000319156250001 0.060927884375 0.09688297812499999 0.049507210937500004 0.11056914843750001 0.032377403124999996 0.1137234046875 0.020966346875 0.1053297875 0.025240384375 0.11162234062500001 0.029048076562500004 0.7947659578125 0.039990384375 0.796872340625
0 0.185028846875 0.0485 0.1564855765625 0.0454042546875 0.19235576875 0.832797871875 0.22385096093749998 0.861962765625 0.185028846875 0.0485
0 0.128966346875 0.13582978750000002 0.10736298124999999 0.1337659578125 0.117072115625 0.7789787234375 0.136103365625 0.7789787234375 0.128966346875 0.13582978750000002
0 0.33518990312499997 0.21054255312499998 0.403310096875 0.7939042546875 0.458247596875 0.78742553125 0.38206971093750003 0.1570691484375 0.33345432656249996 0.20350000000000001 0.33518990312499997 0.21054255312499998
0 0.18726201874999998 0.1548510640625 0.19015625 0.1586914890625 0.27585817343749996 0.837659575 0.28757692343749996 0.8457606390624999 0.294903846875 0.8457606390624999 0.3110168265625 0.8263138296875001 0.2304447109375 0.16841489375000002 0.22312019218749998 0.1181808515625 0.2150625 0.137622340625 0.20773798124999998 0.1538297875 0.1960168265625 0.1635531921875 0.18726201874999998 0.1548510640625
0 0.128490384375 0.20425 0.146096153125 0.7916063828125 0.18511298125 0.7831861703125 0.164177884375 0.180042553125 0.13163701875 0.198547871875 0.128490384375 0.20425
0 0.3959855765625 0.8603457453125 0.4069735578125 0.837659575 0.3080865390625 0.1554468078125 0.305158653125 0.1716542546875 0.30076201875 0.18299468125 0.294903846875 0.178132978125 0.384997596875 0.849 0.390125 0.8684468078125 0.3959855765625 0.8603457453125
0 0.3513052890625 0.9170585109375 0.362290865625 0.905718084375 0.38206971093750003 0.8976117015625 0.283915865625 0.13924468125 0.27073076875 0.178132978125 0.25608173125 0.1878563828125 0.250221153125 0.20892553125000002 0.235572115625 0.2040638296875 0.32346875 0.9008563828125 0.3513052890625 0.9170585109375
0 0.889752403125 0.22637765937499998 0.858240384375 0.1812712765625 0.7627764421875 0.8558457453124999 0.7646298078125 0.8701968078125001 0.78409375 0.89275 0.7961418265625 0.89275 0.889752403125 0.22637765937499998
0 0.936560096875 0.2769840421875 0.898435096875 0.2643031921875 0.9035985578125001 0.2737393609375 0.851591346875 0.865207446875 0.8647764421874999 0.8846489359374999 0.8786947109375 0.891132978125 0.936560096875 0.2769840421875