0 0.510845815625 0.785594709375 0.5282977718749999 0.7827637359375 0.4662463703125 0.07502075625 0.445668071875 0.083513671875 0.510845815625 0.785594709375
0 0.2999971640625 0.1566150734375 0.3480156203125 0.770769909375 0.362318990625 0.7774819843749999 0.374579021875 0.775244625 0.3362664234375 0.24722808437500002 0.3439289421875 0.228210534375 0.337798928125 0.134241496875 0.3006135 0.1510216765625 0.2999971640625 0.1566150734375
0 0.56514079375 0.7926721375 0.5806536437500001 0.77710179375 0.5282977718749999 0.1273937359375 0.5005039140624999 0.1500415078125 0.479285865625 0.16844283124999998 0.5379933046875001 0.7785172796875 0.5463960984375 0.794087625 0.56514079375 0.7926721375
0 0.46042905 0.7799327625 0.47529553125 0.7671933921874999 0.41453686718749994 0.144379565625 0.3829579609375 0.1656118578125 0.4410379875 0.7785172796875 0.46042905 0.7799327625
0 0.21417694531249998 0.785312740625 0.22592614218749998 0.7830753859375 0.20753609687500002 0.1420722484375 0.183098409375 0.15214035937499998 0.207025259375 0.7819566984375 0.21417694531249998 0.785312740625
0 0.431988825 0.1557034609375 0.41916173749999996 0.159949915625 0.4824055890625 0.7799327625 0.494040228125 0.785594709375 0.5089067093749999 0.770024365625 0.44620893749999996 0.14579505312500002 0.431988825 0.1557034609375
0 0.19016771875 0.794262175 0.2003844109375 0.7875500953125 0.179440190625 0.15214035937499998 0.1575516515625 0.155496396875 0.1804618609375 0.788668778125 0.19016771875 0.794262175
0 0.5483352046875 0.175520259375 0.53100554375 0.1797667140625 0.590349175 0.798334084375 0.6058620265625 0.8054115078124999 0.624606721875 0.794087625 0.569665375 0.1571189421875 0.5483352046875 0.175520259375
0 0.15185512031249998 0.16444583125 0.128428346875 0.166683190625 0.14981178125 0.8065676406250001 0.153898459375 0.8132797140625 0.16105014374999999 0.8099236765625 0.170756003125 0.8032116031250001 0.15185512031249998 0.16444583125
0 0.3761115234375 0.7897874546875 0.4031857625 0.7819566984375 0.356699809375 0.236041296875 0.3384227015625 0.244990725 0.3761115234375 0.7897874546875
0 0.40484133437500003 0.8153199156250001 0.42293966093749996 0.813904428125 0.377047478125 0.21232289375 0.35903761093750003 0.22506227031249998 0.40484133437500003 0.8153199156250001
0 0.253000378125 0.2919752484375 0.2739445984375 0.7495150109375001 0.2892696375 0.752871046875 0.300508 0.745040290625 0.2800746125 0.30428072031250003 0.28211795156249997 0.2886192109375 0.2662820796875 0.2964499625 0.2541183984375 0.290856565625 0.253000378125 0.2919752484375
0 0.2504462046875 0.7730072703124999 0.265260409375 0.775244625 0.248402865625 0.2785511 0.2183529375 0.28973788906250003 0.235632 0.7640578359375 0.2504462046875 0.7730072703124999
0 0.32604973125000003 0.7819566984375 0.3316689140625 0.7786006609375 0.30817051875 0.2919752484375 0.293971340625 0.2975686453125 0.32043055 0.7786006609375 0.32604973125000003 0.7819566984375
0 0.1344867421875 0.2830258140625 0.1217861875 0.285263175 0.13091089843749998 0.7875500953125 0.1467467734375 0.794262175 0.1401059234375 0.561576915625 0.13755175 0.4508276828125 0.1344867421875 0.2830258140625
0 0.292334646875 0.3009246828125 0.279154221875 0.3065180796875 0.301018834375 0.7774819843749999 0.30459467500000004 0.77971934375 0.3102138578125 0.780838021875 0.31787637812499997 0.774125946875 0.292334646875 0.3009246828125
0 0.912887196875 0.8804322703125 0.927107309375 0.8719393546875001 0.927107309375 0.24629455625 0.907069878125 0.251956503125 0.8839923562499999 0.24912552968749999 0.8805687578124999 0.86910838125 0.897374346875 0.8860942109375 0.912887196875 0.8804322703125
0 0.10230416093750001 0.8233478249999999 0.11405335624999999 0.8255851906249999 0.107923340625 0.327772978125 0.0931738171875 0.3300103390625 0.097195815625 0.8177544343750001 0.10230416093750001 0.8233478249999999
0 0.972353125 0.8705238671875 0.97429223125 0.2915901109375 0.9542547984375 0.29017461875 0.9370050265625001 0.29442107968750003 0.9335709968750001 0.8662774125 0.972353125 0.8705238671875
0 0.8191637234375 0.8790167828125 0.8747514375 0.8860942109375 0.8773369140625 0.30574496875 0.8251612187499999 0.3043294875 0.8191637234375 0.8790167828125