0 0.17487299218750002 0.31971166093750003 0.1975277328125 0.2866380421875 0.2016181734375 0.1404078515625 0.1844383265625 0.1510362015625 0.1648413890625 0.14552393125000002 0.1490986171875 0.7992791640625 0.163797340625 0.799830396875 0.17487299218750002 0.31971166093750003
0 0.3368667265625 0.8407925609375001 0.35467510625 0.83081551875 0.339817534375 0.167795709375 0.314990334375 0.17233072968750002 0.3368667265625 0.8407925609375001
0 0.283855728125 0.5197132015625 0.2817849859375 0.3800346078125 0.29778146875 0.1950625125 0.2813174859375 0.2031622171875 0.2549231328125 0.19591283125 0.246737678125 0.8235594921875 0.283855728125 0.8099706296875 0.283855728125 0.5197132015625
0 0.4221812984375 0.809047428125 0.4379189375 0.8126754437500001 0.41820805937500005 0.2829852015625 0.4011557 0.28752022187500004 0.4221812984375 0.809047428125
0 0.8546948921874999 0.8444205765625 0.893624840625 0.85155065625 0.920777446875 0.2702587984375 0.885007365625 0.2539610734375 0.8546948921874999 0.8444205765625
0 0.4453736078125 0.814511153125 0.4575909875 0.811004703125 0.44418293281250004 0.296590259375 0.4300501171875 0.2984042640625 0.4453736078125 0.814511153125
0 0.9014888265625001 0.85722965625 0.92924160625 0.8568965765625001 0.9561612531250001 0.27663617500000004 0.9268472781250001 0.263938121875 0.9279991609374999 0.2693801421875 0.9014888265625001 0.85722965625
0 0.21310955781250002 0.7999773921875 0.22090516875000002 0.8086822796875 0.22744095 0.3265213859375 0.21764004374999998 0.3156373390625 0.21310955781250002 0.7999773921875
0 0.2240237015625 0.8081390640624999 0.245339925 0.792721359375 0.24936807187499999 0.321069434375 0.22882496875 0.3319634078125 0.2240237015625 0.8081390640624999
0 0.9423075031250001 0.8547944390625 0.9656866656249999 0.85068103125 0.9736007843750001 0.27482216406250004 0.9595735453125 0.27663617500000004 0.9423075031250001 0.8547944390625
0 0.1654767015625 0.826280503125 0.173693253125 0.830610909375 0.1836318125 0.324707375 0.173728846875 0.3228933703125 0.1654767015625 0.826280503125
0 0.28592646875 0.83081551875 0.3153310078125 0.8305791796875001 0.32154323281249997 0.32561438125 0.28723514375 0.32833539218749996 0.28592646875 0.83081551875
0 0.1754661875 0.8353505390624999 0.1823893671875 0.8362575390625 0.195642115625 0.3437544609375 0.183256746875 0.33921943906249996 0.1754661875 0.8353505390624999
0 0.059339264062499994 0.8929877562499999 0.092576646875 0.8874754921875001 0.10111739687500002 0.30684372031249996 0.072486571875 0.3123619734375 0.070762940625 0.3160368203125 0.059339264062499994 0.8929877562499999