0 0.34582517031250004 0.222777090625 0.3375687015625 0.137646190625 0.3216833890625 0.1488387671875 0.301947459375 0.1487864015625 0.349582809375 0.7762768515625 0.36350891406249997 0.77870241875 0.375325 0.7742846250000001 0.33861072812500004 0.2530711109375 0.34582517031250004 0.222777090625
0 0.44242349687500004 0.782745825 0.45803761249999997 0.7864423859375 0.477872584375 0.7699540796875 0.418844071875 0.14070017968749998 0.401911196875 0.1543312328125 0.3859419296875 0.1561795078125 0.44242349687500004 0.782745825
0 0.5145803531250001 0.7661382015625 0.450019553125 0.1441656984375 0.435891653125 0.1584888203125 0.42343335625 0.1561795078125 0.42343335625 0.15987606875 0.483779803125 0.7781251328125001 0.4901098515625 0.7864423859375 0.5019259375 0.78013348125 0.5145803531250001 0.7661382015625
0 0.2095569015625 0.788096121875 0.23074785625 0.7690455125 0.20455895468750002 0.14714858125000002 0.184611753125 0.1556613171875 0.2095569015625 0.788096121875
0 0.180124553125 0.79533203125 0.2001163359375 0.7910756671875 0.17842451406249998 0.15020944375 0.1584667890625 0.1556613171875 0.180124553125 0.79533203125
0 0.1518028578125 0.8100053234375 0.17248880312499998 0.8035407296875 0.15457949531249998 0.15809351875 0.1296239734375 0.167822359375 0.1518028578125 0.8100053234375
0 0.4069752359375 0.8178254546874999 0.42584925937499996 0.8162004609375 0.3816550484375 0.21624854999999998 0.3618832109375 0.21809683125 0.4069752359375 0.8178254546874999
0 0.37827902343750003 0.7956837718750001 0.40317720625 0.7887527296875 0.3613988984375 0.2384278890625 0.34077907500000004 0.2513658359375 0.37827902343750003 0.7956837718750001
0 0.2895587421875 0.7514762796875 0.2988257671875 0.7479039734375 0.2779243515625 0.29308106875 0.26635366875 0.302157603125 0.2895587421875 0.7514762796875
0 0.2750855234375 0.7552005984375 0.2856367453125 0.7564166984375 0.2677354421875 0.29629207343749997 0.25404076875000003 0.2918649625 0.2750855234375 0.7552005984375
0 0.2362126125 0.768577740625 0.2678315625 0.7613571265625 0.248330028125 0.28456834375 0.21793767968750002 0.2955132796875 0.2362126125 0.768577740625
0 0.30007525468749996 0.778306571875 0.3157393890625 0.7746582640625 0.293688990625 0.2921689890625 0.2801460796875 0.2979454875 0.30007525468749996 0.778306571875
0 0.3211776921875 0.7816508625 0.3322769875 0.7775180421875 0.31243926875 0.2888254546875 0.29680904375 0.29429717499999997 0.3211776921875 0.7816508625
0 0.1318110765625 0.7977836609375 0.146516315625 0.797409053125 0.1342941953125 0.2846553234375 0.12240335625000001 0.2906488625 0.1318110765625 0.7977836609375
0 0.9301148671874999 0.2513658359375 0.9182977265625001 0.256910671875 0.897936065625 0.2571908203125 0.8839995937499999 0.24397272499999997 0.8809504499999999 0.8742355984374999 0.89361054375 0.8908887453125001 0.911756675 0.8907728578125 0.9277927953124999 0.8756218046875001 0.9301148671874999 0.2513658359375
0 0.803723878125 0.23657960781249998 0.761595590625 0.23750375156249998 0.75994573125 0.8936425187499999 0.768275615625 0.902883909375 0.7796697 0.9065804703125 0.799503846875 0.894519396875 0.806255896875 0.8792558578125 0.803723878125 0.23657960781249998
0 0.0984914375 0.8306482171875 0.1155818171875 0.8245185234375001 0.10904265625000001 0.324699771875 0.09129915625 0.330780296875 0.0984914375 0.8306482171875
0 0.9340705406250001 0.8696149 0.9752186953124999 0.87514710625 0.9740171468750001 0.292950915625 0.9342274453125 0.2938762375 0.9340705406250001 0.8696149
0 0.8193379921874999 0.8862494078125 0.8773634234375001 0.8895416515625 0.8759391609374999 0.311319365625 0.823219675 0.307738328125 0.8193379921874999 0.8862494078125