0 0.798015009375 0.7943668671874999 0.8158282984375 0.801459434375 0.842278334375 0.141851228125 0.8181486874999999 0.138304946875 0.798015009375 0.7943668671874999
0 0.5447770859375 0.834558046875 0.5771896921875 0.8372177625000001 0.6457923625 0.183224496875 0.612987259375 0.166675190625 0.5447770859375 0.834558046875
0 0.8617110125 0.17494984687499998 0.8408244249999999 0.1702214765625 0.8428181296874999 0.17494984687499998 0.8125771640625 0.8321938624999999 0.8166937453124999 0.8487119468750001 0.8318872468749999 0.8415767296875 0.8617110125 0.17494984687499998
0 0.8109701296875 0.17731403125 0.7889941687500001 0.17494984687499998 0.7882986703125 0.179678221875 0.7661846921875 0.8440147984375 0.7745644296875 0.8522894546875 0.7899180593749999 0.837399809375 0.8109701296875 0.17731403125
0 0.8800048468749999 0.7754567359375 0.8865564156250001 0.7731261265625 0.897067690625 0.2766098890625 0.8888753921875001 0.27779198437499997 0.8800048468749999 0.7754567359375
0 0.938459740625 0.8168286828125 0.9653519640624999 0.8085519953125001 0.9684557937499999 0.243511275 0.9417854453125001 0.23996498906250002 0.938459740625 0.8168286828125
0 0.8881610453125001 0.8268744437500001 0.925946809375 0.815692465625 0.9333690140625001 0.24942174062500003 0.8996733609374999 0.23996498906250002 0.8881610453125001 0.8268744437500001
0 0.639314803125 0.776635465625 0.663065853125 0.355810159375 0.6729159921875 0.297887571875 0.6609361875 0.2883938890625 0.627878084375 0.780175328125 0.639314803125 0.776635465625
0 0.499531528125 0.834558046875 0.5345942578125 0.8416506078125 0.5876813984375 0.286064778125 0.56007720625 0.261242671875 0.499531528125 0.834558046875
0 0.7229740765625 0.23878216874999997 0.700450815625 0.22577986718749998 0.665258778125 0.8782955078124999 0.68681690625 0.8924806343749999 0.7138067359375 0.862932915625 0.74875540625 0.24036009531250002 0.7229740765625 0.23878216874999997
0 0.63659753125 0.8203729265625 0.649308909375 0.82879555 0.677910259375 0.33689666093750004 0.6658973125000001 0.3286220109375 0.63659753125 0.8203729265625
0 0.6541752859375001 0.82864758125 0.666177065625 0.829461428125 0.694970028125 0.33454161875 0.68101446875 0.343989228125 0.6541752859375001 0.82864758125
0 0.581586084375 0.8369222374999999 0.598290259375 0.8333759578125 0.64471276875 0.3298041 0.6297241125 0.32743991562499997 0.581586084375 0.8369222374999999
0 0.8474064015625 0.8806596984375 0.8676487734375 0.335714565625 0.8609499859374999 0.335706984375 0.8527021921875001 0.332168290625 0.8285082546875 0.8723850421874999 0.8474064015625 0.8806596984375
0 0.7241145343750001 0.8698915656249999 0.7575302625 0.8618939624999999 0.77261334375 0.35462806874999997 0.7425628984375 0.352263878125 0.7241145343750001 0.8698915656249999