0 0.4423798078125 0.050893203124999994 0.47055048125 0.8577135921875 0.501716346875 0.8552864078125 0.4747451921875 0.04725728125 0.441189903125 0.042990290625 0.4423798078125 0.050893203124999994
0 0.53228125 0.8201553390624999 0.50411298125 0.076330096875 0.488528846875 0.0884466015625 0.48054567343750004 0.0770533984375 0.4819375 0.0884466015625 0.508908653125 0.828635921875 0.5155000000000001 0.8383300968749999 0.53228125 0.8201553390624999
0 0.31429326875 0.22550970937499998 0.31326923125 0.77256310625 0.334197115625 0.7718689328125 0.3331418265625 0.21342232968750002 0.3124230765625 0.21633009687500002 0.31429326875 0.22550970937499998
0 0.5490625 0.1889951453125 0.5472644234375 0.8274271843750001 0.6167884609375001 0.8334805828125 0.614990384375 0.1841504859375 0.5480120187499999 0.1815048546875 0.5490625 0.1889951453125
0 0.85610576875 0.9170048546875 0.8684615390625 0.9156893203124999 0.8593581734375 0.11516019375 0.85610576875 0.10990291249999999 0.8476514421875001 0.11778640781250001 0.8313269234374999 0.115635921875 0.826841346875 0.1072718453125 0.8404975968749999 0.9104320390625 0.85610576875 0.9170048546875
0 0.380915865625 0.1942233015625 0.38754326875 0.84066019375 0.43338942343750003 0.8428932031249999 0.43283653906249997 0.183058253125 0.38173076875 0.1882038828125 0.380915865625 0.1942233015625
0 0.861959134375 0.134878640625 0.8717139421875 0.9288349515625001 0.9016274031249999 0.9275194171875001 0.8905721156249999 0.12567475781249998 0.86305048125 0.1304223296875 0.861959134375 0.134878640625
0 0.334259615625 0.2285 0.33487740312500003 0.889864078125 0.3725360578125 0.89111165 0.3706826921875 0.2147718453125 0.335153846875 0.21970388281250003 0.334259615625 0.2285
0 0.70848076875 0.16511165 0.6971177890625 0.1427378640625 0.696125 0.1493349515625 0.71108173125 0.9524951453125 0.71888701875 0.9695825250000001 0.726689903125 0.9761553390625 0.742947115625 0.9761553390625 0.7546538468749999 0.9735291265624999 0.7644086531250001 0.9551262140624999 0.74425 0.14407767031250002 0.7364447109375 0.1624805828125 0.7182355765625 0.16642232968749998 0.70848076875 0.16511165
0 0.7728629812500001 0.1703689328125 0.750802884375 0.1525970875 0.7514014421875 0.1637961171875 0.765060096875 0.9511796109375 0.7845697109375 0.9787864078125 0.7995264421875 0.9853592234375 0.825540865625 0.9906165046875 0.8417980765624999 0.9774708734375 0.8307427890625 0.14145145625 0.8229374999999999 0.1545922328125 0.8008269234375 0.1624805828125 0.7813173078125 0.1703689328125 0.7728629812500001 0.1703689328125
0 0.9308942312499999 0.2650145625 0.9406490390625001 0.944606796875 0.974466346875 0.9459223296875001 0.9660120187500001 0.23872330156250002 0.9313750000000001 0.25361650468749997 0.9308942312499999 0.2650145625
0 0.9009783656250001 0.3136504859375 0.9035793265625 0.9603834953125 0.9295937500000001 0.9630097093750001 0.9295937500000001 0.3136504859375 0.8996514421875 0.30782038906250003 0.9009783656250001 0.3136504859375