0 0.2022140140625 0.144908296875 0.1649659859375 0.151150365625 0.15031876875 0.792160296875 0.16593712968750002 0.7913995296875 0.176013490625 0.31774674531249997 0.1981814828125 0.28354484062499996 0.2022140140625 0.144908296875
0 0.7997717109375 0.79657344375 0.813847128125 0.7985041953125 0.8296893531249999 0.1434273546875 0.8084530093750001 0.1401174921875 0.7997717109375 0.79657344375
0 0.77555695625 0.8407049359375 0.790671496875 0.8284998203124999 0.793757384375 0.1754226828125 0.7751952625 0.1754226828125 0.7659844140625001 0.8373950734375001 0.77555695625 0.8407049359375
0 0.83963751875 0.18217720625 0.8301209374999999 0.1732161109375 0.813343309375 0.8340852109375 0.8216454828125 0.846040365625 0.8305868468750001 0.8364907625000001 0.851529815625 0.174319396875 0.83963751875 0.18217720625
0 0.8765409859375 0.776714275 0.8869007421875 0.778920846875 0.894332059375 0.276925115625 0.8870622328125 0.280234978125 0.8765409859375 0.776714275
0 0.9347634593749999 0.8175359046875 0.9675116296875 0.8092612484374999 0.969023084375 0.24051663437499998 0.9394683796875001 0.24051663437499998 0.9347634593749999 0.8175359046875
0 0.88804220625 0.8274654921875 0.9256947328124999 0.8197424812499999 0.9326191250000001 0.244998740625 0.8981481484374999 0.24603307343749997 0.88804220625 0.8274654921875
0 0.6959316640625001 0.23720934843750002 0.6784454515625 0.2283804765625 0.6683559296875 0.868287121875 0.6889002546875 0.8804232796875 0.716106428125 0.8546577203125001 0.719633153125 0.2283804765625 0.6959316640625001 0.23720934843750002
0 0.21014716406249997 0.788850434375 0.2213571125 0.8056280687499999 0.231803465625 0.3220909421875 0.21888384843750003 0.3100237359375 0.21014716406249997 0.788850434375
0 0.22614338437499998 0.8065030312499999 0.24554037968750003 0.7943668671874999 0.254609103125 0.31885003749999996 0.232489290625 0.32767633281249997 0.22614338437499998 0.8065030312499999
0 0.165278434375 0.8274654921875 0.17702112812499998 0.8274654921875 0.188105121875 0.3243664765625 0.1765558078125 0.31885003749999996 0.165278434375 0.8274654921875
0 0.1769581484375 0.8351885031249999 0.189112759375 0.8362917890625001 0.20006674218749998 0.3342960578125 0.189153440625 0.33760592031250003 0.1769581484375 0.8351885031249999
0 0.0608428515625 0.8936627250000001 0.09137205937500001 0.886491365625 0.10598278125 0.30395565625 0.073255228125 0.3067138734375 0.0608428515625 0.8936627250000001
0 0.827687709375 0.868287121875 0.8481067546875 0.8760101328125 0.8658328203125001 0.338117534375 0.8482615265625 0.3331927671875 0.827687709375 0.868287121875
0 0.7187967375000001 0.864977259375 0.7498622375 0.8593229093750001 0.750869871875 0.3519486515625 0.7212773984374999 0.3519486515625 0.7187967375000001 0.864977259375