0 0.6435697109375 0.1062995171875 0.6206298078125 0.08093236718749999 0.5240072109375 0.9470241546875 0.5558509609375 0.9542753625 0.6435697109375 0.1062995171875
0 0.37587259687499996 0.872135265625 0.37707451875000003 0.893874396875 0.389091346875 0.8926666671874999 0.48221634687500003 0.16790338124999998 0.4610456734375 0.153410628125 0.37587259687499996 0.872135265625
0 0.8190793265625 0.153410628125 0.7919326921875001 0.1479710140625 0.7704134609375 0.9023333328125 0.7740192312499999 0.9119951687500001 0.785435096875 0.9119951687500001 0.79805048125 0.8950869562499999 0.8190793265625 0.153410628125
0 0.644814903125 0.9216570046875001 0.6694471156249999 0.9095797093750001 0.728927884375 0.16428019375 0.7036947109375 0.1570338171875 0.6850697109375 0.1461594203125 0.6648076921875 0.13891304375 0.5961490390625 0.9011256031249999 0.6237860578125 0.922869565625 0.644814903125 0.9216570046875001
0 0.5056490390625 0.170318840625 0.4816177890625 0.1570338171875 0.3860865390625 0.9095797093750001 0.4041105765625 0.9180338171875 0.49002884687500003 0.22709178749999998 0.50084375 0.2150144921875 0.5056490390625 0.170318840625
0 0.515596153125 0.9289082125 0.52701201875 0.9252850234375 0.6081201921875 0.1691111109375 0.587271634375 0.1461594203125 0.585290865625 0.1558260875 0.49576923125 0.90837198125 0.50478125 0.926492753125 0.515596153125 0.9289082125
0 0.430865384375 0.926492753125 0.44708894218750006 0.93736231875 0.466915865625 0.943400965625 0.48674278906249996 0.934946859375 0.5732596156249999 0.178772946875 0.5570384609375 0.18240096562500002 0.5402139421875 0.1739420296875 0.5313701921875 0.155222221875 0.5287980765625 0.1558260875 0.430865384375 0.926492753125
0 0.8677451921875001 0.9156183578125001 0.876759615625 0.9168260874999999 0.8917788468750001 0.90837198125 0.9146105765625 0.8890434781250001 0.9212187500000001 0.19327053125 0.89898798125 0.19810144999999998 0.8827668265625 0.195685990625 0.8613581734375 0.1878357484375 0.8515240390625 0.8987101453124999 0.8677451921875001 0.9156183578125001
0 0.9518990390625 0.2924589375 0.93142548125 0.29029951718749997 0.9257427890625 0.8435265703124999 0.9475985578125 0.8392028984375 0.9518990390625 0.2924589375
0 0.9655144234374999 0.3097487921875 0.95010576875 0.30110627968750003 0.9465240390625 0.8399227046875 0.9647956734375001 0.8500096625 0.9655144234374999 0.3097487921875
0 0.5146610578125 0.24038164218750002 0.489896634375 0.22226087031250003 0.40050721093749997 0.93736231875 0.429947115625 0.934946859375 0.5146610578125 0.24038164218750002
0 0.7854062500000001 0.2657487921875 0.7207067312500001 0.25849758437500003 0.6982884609375 0.9059565218750001 0.770384615625 0.9107874390624999 0.7854062500000001 0.2657487921875
0 0.3500264421875 0.26937198125 0.3095769234375 0.2512512078125 0.23947596093749998 0.9180338171875 0.2941514421875 0.9277004828125 0.3500264421875 0.26937198125
0 0.8587331734375001 0.312855071875 0.82529326875 0.311043478125 0.8154759609375001 0.8757584546875 0.8509230765625 0.8769661828125 0.8587331734375001 0.312855071875
0 0.3950889421875 0.334599034375 0.37539423125 0.3201062796875 0.31217548125 0.8975024156250001 0.3314014421875 0.8999178750000001 0.3950889421875 0.334599034375
0 0.3518293265625 0.9180338171875 0.4233269234375 0.32976811562499997 0.41311298125 0.326144928125 0.39973798125000004 0.307420290625 0.39989423125 0.3140628015625 0.39929326875000004 0.312855071875 0.32959855781249997 0.9023333328125 0.3518293265625 0.9180338171875