0 0.6808076921875 0.068428571875 0.567502403125 0.7690264546875001 0.5910168265625 0.777269840625 0.703790865625 0.0802010578125 0.68321875 0.0572380953125 0.6808076921875 0.068428571875
0 0.599033653125 0.747835978125 0.6182764421875 0.7678518515625 0.6375168265625 0.771380953125 0.65355048125 0.741947090625 0.7572379812500001 0.142608465625 0.7363918265625 0.13201058125 0.726771634375 0.1273015875 0.7122980765625 0.07930687812500001 0.7086009609375 0.08256084687500001 0.599033653125 0.747835978125
0 0.755634615625 0.15791534375 0.6621009609375 0.716042328125 0.712341346875 0.74312169375 0.7951850968749999 0.2226772484375 0.7604278843750001 0.1499312171875 0.755634615625 0.15791534375
0 0.7385312500000001 0.75725396875 0.8384759609374999 0.1614497359375 0.828322115625 0.1649841265625 0.81758173125 0.154343915625 0.812822115625 0.15791534375 0.7118076921875 0.7560740734375 0.72516826875 0.7690264546875001 0.7385312500000001 0.75725396875
0 0.5851394234375 0.19795238125 0.5538677890625 0.16758730156249999 0.457935096875 0.74548148125 0.4953485578125 0.760788359375 0.5851394234375 0.19795238125
0 0.59529326875 0.1532063484375 0.5012283656250001 0.7643174609375001 0.5183293265625 0.777269840625 0.6129302890625 0.19441798906250002 0.597966346875 0.1614497359375 0.59529326875 0.1532063484375
0 0.525278846875 0.7831587296875 0.5332956734375001 0.7949312171875 0.54451923125 0.8055291 0.561622596875 0.785513228125 0.66263701875 0.1649841265625 0.6492740390625 0.1755767203125 0.63805048125 0.1649841265625 0.63007451875 0.14110582031250002 0.624689903125 0.1484973546875 0.525278846875 0.7831587296875
0 0.8090793265625 0.7937566140625 0.818165865625 0.8114179890625 0.8288557687500001 0.80082010625 0.8416826921875 0.7690264546875001 0.9336105765625 0.170867725 0.9229206734375 0.170867725 0.91330048125 0.1649841265625 0.90682451875 0.1499312171875 0.806408653125 0.7631428578125 0.8090793265625 0.7937566140625
0 0.9619375 0.1661587296875 0.8657331734374999 0.8102380953124999 0.8849735578125 0.8267248671875 0.9801105765625 0.1885291 0.96407451875 0.16969312187500002 0.9619375 0.1661587296875
0 0.851302884375 0.24858201093750001 0.825603365625 0.22055555624999998 0.7385312500000001 0.75725396875 0.769528846875 0.772560846875 0.851302884375 0.24858201093750001
0 0.91009375 0.833788359375 0.999884615625 0.25917989375 0.99828125 0.19795238125 0.9880456734375 0.1830370375 0.9838509609375 0.173222221875 0.888716346875 0.8137724875 0.8956634609374999 0.833788359375 0.91009375 0.833788359375
0 0.8796298078125 0.3051005296875 0.8506730765625001 0.2646984125 0.775408653125 0.771380953125 0.8080120187500001 0.7702063484375 0.8796298078125 0.3051005296875
0 0.9945408656250001 0.790222221875 0.999884615625 0.7360582015625 0.999884615625 0.3039259265625 0.9929375 0.3039259265625 0.9763677890625001 0.790222221875 0.9945408656250001 0.790222221875
0 0.9400240390624999 0.29214814843750003 0.9198605765625001 0.2801481484375 0.8352692312500001 0.8373227515625 0.858252403125 0.8373227515625 0.9400240390624999 0.29214814843750003