0 0.842278846875 0.142603175 0.8181490390624999 0.13903703750000002 0.7980144234375001 0.798571428125 0.8158293265625 0.8056984125 0.842278846875 0.142603175
0 0.64579326875 0.1841957671875 0.61298798125 0.16755555625000002 0.5447764421875 0.8389735453125 0.5771899031250001 0.8416455031250001 0.64579326875 0.1841957671875
0 0.8166947109375 0.8532010578125 0.83188701875 0.8460317453125 0.8617115390625001 0.175873015625 0.8408245187500001 0.17112169375 0.8428173078125001 0.175873015625 0.8125769234375 0.8365978843749999 0.8166947109375 0.8532010578125
0 0.774564903125 0.8567989421875 0.7899182687499999 0.8418306875000001 0.8109711531249999 0.17825396875 0.7889951921875 0.175873015625 0.7882980765625 0.18062962968750002 0.7661850968749999 0.84848148125 0.774564903125 0.8567989421875
0 0.8970673078125 0.2780740734375 0.888875 0.27925925937499996 0.8800048078125 0.779560846875 0.8865552890625 0.77721693125 0.8970673078125 0.2780740734375
0 0.9684567312500001 0.2447989421875 0.9417860578124999 0.2412328046875 0.938459134375 0.8211481484375 0.9653509609375 0.8128306875 0.9684567312500001 0.2447989421875
0 0.9333701921875001 0.250740740625 0.8996730765625 0.2412328046875 0.8881610578125001 0.8312486765625 0.9259471156249999 0.82001058125 0.9333701921875001 0.250740740625
0 0.6609350968750001 0.289920634375 0.6278774031250001 0.7843015875 0.6393149031250001 0.78074603125 0.663064903125 0.357693121875 0.672915865625 0.2994656078125 0.6609350968750001 0.289920634375
0 0.5876802890625 0.28757672031250003 0.5600769234375 0.2626243390625 0.49953125 0.8389735453125 0.53459375 0.8461058203125 0.5876802890625 0.28757672031250003
0 0.7138076921875001 0.8674973546875 0.7487548078125 0.2416296296875 0.7229735578125001 0.24004761874999997 0.7004519234375 0.2269735453125 0.6652596156249999 0.8829417984375001 0.6868173078125 0.8972010578124999 0.7138076921875001 0.8674973546875
0 0.6779110578124999 0.33867724843749997 0.665896634375 0.33035978906249996 0.6365985578125 0.8247142859375 0.6493100968750001 0.83317989375 0.6779110578124999 0.33867724843749997
0 0.694971153125 0.33631216875000003 0.6810144234375 0.3458095234375 0.65417548125 0.8330317453125 0.6661778843749999 0.8338518515625 0.694971153125 0.33631216875000003
0 0.6447139421875 0.3315502640625 0.6297235578125 0.329174603125 0.5815865390625 0.84134920625 0.598290865625 0.83778306875 0.6447139421875 0.3315502640625
0 0.8527019234375001 0.3339259265625 0.8285072109374999 0.877 0.84740625 0.8853174609375 0.8676490390625 0.3374920640625 0.86094951875 0.33748148125 0.8527019234375001 0.3339259265625
0 0.77261298125 0.35650264531250003 0.7425625 0.354126984375 0.724115384375 0.8744920640625 0.75753125 0.8664550265625 0.77261298125 0.35650264531250003