0 0.37904695624999996 0.732228290625 0.3926524546875 0.7421598671875 0.4037842234375 0.746674221875 0.48376805 0.120081825 0.477171446875 0.11647034375000001 0.467362175 0.0957043171875 0.37904695624999996 0.732228290625
0 0.343590209375 0.72410245 0.36008171875 0.7376455078124999 0.3782223828125 0.73403403125 0.45861849687499995 0.1336248890625 0.4421269859375 0.1300134125 0.4273623890625 0.10744163437500001 0.343590209375 0.72410245
0 0.34070419531249996 0.7349369 0.39306474062499996 0.21307752343750003 0.362620471875 0.169739725 0.290817375 0.7168794875 0.31885294218750004 0.733131159375 0.34070419531249996 0.7349369
0 0.5328556921875001 0.16341962968749998 0.5225485 0.1399449890625 0.44050323281250003 0.7620230265625 0.445450684375 0.774663221875 0.454108728125 0.78008045 0.4677142265625 0.771954603125 0.5493472046875 0.158905275 0.5328556921875001 0.16341962968749998
0 0.41656514375000003 0.824321115625 0.49654897187499997 0.1264019265625 0.4834445625 0.1029272796875 0.39677533125000003 0.814389534375 0.40667023750000003 0.8252239890625 0.41656514375000003 0.824321115625
0 0.797569353125 0.7882062859375 0.8148854406250001 0.7981378625 0.8528159140625 0.148070825 0.835607615625 0.139042115625 0.797569353125 0.7882062859375
0 0.8618862453125 0.31058758124999997 0.8680705625 0.1778655609375 0.8598248078124999 0.181477046875 0.850452896875 0.169739725 0.8140608625000001 0.8279325984374999 0.8185960281250001 0.8450871484375 0.8317892375 0.8396699203125 0.8590002312499999 0.3295478734375 0.8618862453125 0.31058758124999997
0 0.7658231953125 0.8351555656249999 0.7761303890625 0.842378534375 0.787674446875 0.8351555656249999 0.82395576875 0.1778655609375 0.8111748484374999 0.1832827890625 0.8046799468750001 0.175156953125 0.7658231953125 0.8351555656249999
0 0.6445856796875 0.3349651 0.6631386296875 0.19863159218749998 0.6462348312499999 0.1950201109375 0.6335468468750001 0.17967130625 0.550171778125 0.81890389375 0.5571806734375 0.8360584390625 0.56996159375 0.8396699203125 0.5815056515625 0.8297383437500001 0.6445856796875 0.3349651
0 0.8808514828125 0.77285748125 0.8899218156250001 0.77737183125 0.901465871875 0.2726670046875 0.8937516328124999 0.2672497828125 0.8808514828125 0.77285748125
0 0.9434582109375 0.2390320796875 0.9379662953125001 0.810303703125 0.9510095937499999 0.810303703125 0.9667988515625 0.8072970109375 0.9716042781249999 0.2375287296875 0.9436688921874999 0.2375287296875 0.9434582109375 0.2390320796875
0 0.5072938515625001 0.8297383437500001 0.577795059375 0.24467801093750002 0.5663307140625 0.22120337031249998 0.4887409015625 0.8198067625000001 0.4986358078125 0.8279325984374999 0.5072938515625001 0.8297383437500001
0 0.8899120343750001 0.8178204390625 0.9283554421875 0.8208271328125001 0.940712253125 0.2420387671875 0.90384466875 0.24053542343749998 0.8899120343750001 0.8178204390625
0 0.5110044421875 0.8288354765625 0.5143027421874999 0.833349825 0.529969678125 0.838767053125 0.5394522984375001 0.8378641796874999 0.605006053125 0.2853072015625 0.5840625765625 0.262735428125 0.5110044421875 0.8288354765625
0 0.7546665140625 0.3412851953125 0.76167540625 0.2428722703125 0.7365258531250001 0.23926078281250002 0.71931958125 0.22120337031249998 0.66561235625 0.8658531796875 0.6755072625 0.8857163390625 0.6932356375000001 0.8821048515625 0.7130254500000001 0.8649503062499999 0.7546665140625 0.3412851953125
0 0.6928233484375 0.337673709375 0.6834434859375 0.32503351875000003 0.6779809875 0.337673709375 0.6388136515625 0.7954292484375001 0.6520068609375 0.81890389375 0.6672615078125 0.824321115625 0.7072534203124999 0.33586796875 0.6928233484375 0.337673709375
0 0.643761103125 0.33857658125 0.585216240625 0.8261268578125 0.5889268296875 0.8378641796874999 0.5988217375 0.8396699203125 0.658191175 0.3439938046875 0.645093175 0.33677084062499996 0.643761103125 0.33857658125
0 0.8763163171875 0.337673709375 0.8664214109374999 0.33406222812499997 0.8591126421874999 0.32864499999999996 0.8309646640624999 0.8667560468750001 0.8486930359375 0.8757847562500001 0.8763163171875 0.337673709375
0 0.72459441875 0.8649503062499999 0.74232279375 0.8676589203124999 0.757989728125 0.8631445609374999 0.7860252953125 0.3557311265625 0.769533784375 0.352119640625 0.7556080453125 0.3467024234375 0.72459441875 0.8649503062499999