0 0.5126964296875001 0.7871236765625 0.5304399109375 0.7853166828125 0.474814 0.07134555000000001 0.4512887 0.08314054531250001 0.5126964296875001 0.7871236765625
0 0.373982615625 0.7703914921874999 0.3372835234375 0.2485179359375 0.342247440625 0.23095811562500002 0.33469808125 0.1366848671875 0.3014610578125 0.1518218671875 0.300146003125 0.15634038125 0.35090061562499997 0.77809424375 0.373982615625 0.7703914921874999
0 0.4586407046875 0.7807981796875 0.4770934109375 0.7645315453125 0.418614709375 0.14097745 0.38442347187500003 0.1644736875 0.4437856953125 0.781701878125 0.4586407046875 0.7807981796875
0 0.43311026874999997 0.15634038125 0.4215708203125 0.15543667187500002 0.48381169062499996 0.7807981796875 0.4933023890625 0.7835092859375 0.5098079546875 0.7708574609375 0.448737365625 0.141881153125 0.43311026874999997 0.15634038125
0 0.20135451875000002 0.1499949203125 0.18424053437500001 0.1545329734375 0.208127478125 0.78803251875 0.21431706562500002 0.7871312859375 0.2250972625 0.778990771875 0.20503268437500002 0.14639965625 0.20135451875000002 0.1499949203125
0 0.179582878125 0.7946616828125 0.199666846875 0.7892127359375001 0.17911234843749999 0.1515686671875 0.155524559375 0.1534586515625 0.179582878125 0.7946616828125
0 0.15235794062500002 0.812866634375 0.170210353125 0.8006782375 0.1516884734375 0.165187978125 0.128292415625 0.17007519531249998 0.15235794062500002 0.812866634375
0 0.378547434375 0.794366634375 0.3943308828125 0.7881407515625 0.3565744015625 0.2368263015625 0.33902115625 0.246710534375 0.378547434375 0.794366634375
0 0.40578161718750005 0.81694624375 0.42517565625 0.81287958125 0.3774505578125 0.2176808890625 0.3600713203125 0.2223105875 0.40578161718750005 0.81694624375
0 0.290655303125 0.751879725 0.2997333625 0.7451019624999999 0.2795598625 0.293469909375 0.2692666875 0.29822152343749997 0.290655303125 0.751879725
0 0.2737370984375 0.7554945296875 0.287354190625 0.7554945296875 0.263330759375 0.290991915625 0.253995 0.290991915625 0.2737370984375 0.7554945296875
0 0.25351778125 0.7735676828125 0.263870409375 0.7667908046874999 0.2484914109375 0.2819548515625 0.21726039843749997 0.290991915625 0.23577430000000002 0.7672426515625 0.25351778125 0.7735676828125
0 0.3178894859375 0.781701878125 0.3315065765625 0.7857711593750001 0.3082167671875 0.290877603125 0.29361883906249997 0.2955104234375 0.3178894859375 0.781701878125
0 0.1315145890625 0.7890110531250001 0.14534314375 0.7945899203125 0.132788271875 0.28292820625 0.120258378125 0.2869131109375 0.1315145890625 0.7890110531250001
0 0.3050976703125 0.7794431796875 0.3171358 0.7749160374999999 0.29261533906250004 0.29822152343749997 0.284538378125 0.30002893125 0.2811644203125 0.30274003125000004 0.3050976703125 0.7794431796875
0 0.8802862015624999 0.8747831421875001 0.8920190187499999 0.8933079953125 0.9060487500000001 0.891955534375 0.92709334375 0.8740771265625 0.9314260546875 0.249421640625 0.9167442984375 0.2512290421875 0.899864721875 0.25414027968749997 0.8838489453125 0.24490313281249998 0.8802862015624999 0.8747831421875001
0 0.7851454875 0.9061868140625 0.8004131343750001 0.8946363390625001 0.8026769828125 0.2367698203125 0.77685966875 0.2413003328125 0.7600244468749999 0.235866115625 0.760799778125 0.899183090625 0.7715283937499999 0.905509 0.7851454875 0.9061868140625
0 0.10021838281249999 0.8260506140625001 0.112423853125 0.8264697453125001 0.1060859765625 0.3261764875 0.09222994062499999 0.32915309531250003 0.10021838281249999 0.8260506140625001
0 0.9328702906249999 0.872975740625 0.9728962890625 0.8747831421875001 0.9737215656249999 0.2946067203125 0.9342042375 0.30274003125000004 0.9328702906249999 0.872975740625
0 0.8197289968750001 0.8865312640624999 0.876751371875 0.8895733171875 0.8776282312499999 0.31355621093749997 0.821523946875 0.31087334843750003 0.8197289968750001 0.8865312640624999