0 0.0633918265625 0.0993191484375 0.06758653906249999 0.7153404250000001 0.074002403125 0.729531915625 0.084084134375 0.7396702125 0.09508413437499999 0.747781915625 0.106084134375 0.74575531875 0.11341826875000001 0.7376436171874999 0.106084134375 0.09491489374999999 0.101502403125 0.101 0.089584134375 0.1091063828125 0.0758365390625 0.1070797875 0.0633918265625 0.0993191484375
0 0.163834134375 0.05233510625 0.196834134375 0.8329361703125 0.22158413437500002 0.84307446875 0.184 0.0442287234375 0.16301201875 0.0461117015625 0.163834134375 0.05233510625
0 0.0318365390625 0.7883297875 0.0428365390625 0.8025265953125 0.05291826875 0.8025265953125 0.060252403125 0.79441489375 0.056586539062499996 0.0989734046875 0.0483365390625 0.1111382984375 0.035502403125 0.1091063828125 0.026750000000000003 0.1043882984375 0.024502403125 0.7781968078125 0.0318365390625 0.7883297875
0 0.128084134375 0.135468084375 0.1080480765625 0.1398617015625 0.11708413437500001 0.7721117015625001 0.13816826875 0.7863031921875 0.128084134375 0.135468084375
0 0.3810793265625 0.1577712765625 0.33591346093749996 0.21840425468750002 0.41041346093750003 0.7802234046875001 0.46174519218750004 0.7802234046875001 0.3810793265625 0.1577712765625
0 0.29308173125 0.834962765625 0.305915865625 0.830909575 0.31508173125 0.8187446812499999 0.224334134375 0.12330319218750001 0.218834134375 0.141547871875 0.20966586562499998 0.153712765625 0.199584134375 0.159797871875 0.189346153125 0.15506382968750002 0.278415865625 0.828882978125 0.29308173125 0.834962765625
0 0.17575000000000002 0.7964414890625 0.18583413437500002 0.7964414890625 0.17116826875 0.1861542546875 0.1565 0.1861542546875 0.14366826875 0.190207446875 0.12991826875 0.2003457453125 0.14825 0.7863031921875 0.16291826874999998 0.7923882984375 0.17575000000000002 0.7964414890625
0 0.3920793265625 0.8532127656249999 0.40491346093749997 0.8572659578125 0.4113293265625 0.84307446875 0.31233173125 0.1699361703125 0.297665865625 0.184127659375 0.3920793265625 0.8532127656249999
0 0.40582932656250004 0.17196276562499999 0.387439903125 0.188 0.4864951921875 0.8653776593750001 0.5075793265625 0.8633510640625 0.40582932656250004 0.17196276562499999
0 0.3334134609375 0.907957446875 0.35083173125 0.9099840421875 0.36824759687499997 0.9059308515625 0.379247596875 0.889707446875 0.285747596875 0.1516861703125 0.2665 0.18007446875 0.25 0.2003457453125 0.23629326874999998 0.203202128125 0.32608173125 0.895792553125 0.3334134609375 0.907957446875
0 0.7675576921875 0.85217553125 0.772915865625 0.8640265953125 0.7800625 0.8732446812499999 0.7883990390625 0.8851010640625001 0.79554326875 0.883781915625 0.8902187500000001 0.2239414890625 0.8848581734375 0.2252606390625 0.8765240390625 0.21867553125 0.8652091343749999 0.20813829843749998 0.85861298125 0.19618617031250002 0.7675576921875 0.85217553125
0 0.9402355765625 0.296377659375 0.90569951875 0.27135638281249996 0.856278846875 0.8745638296875 0.86163701875 0.8785159578125 0.87235576875 0.8916861703125001 0.8818822109375001 0.893 0.9402355765625 0.296377659375