0 0.73498798125 0.0800144921875 0.70738701875 0.062869565625 0.706790865625 0.062869565625 0.5969615390625 0.8925700484375 0.61153125 0.901140096875 0.62575 0.904951690625 0.73498798125 0.0800144921875
0 0.8295264421875 0.15068115937499998 0.8045576921875 0.1352657 0.73569951875 0.8744685984375 0.77090625 0.88590338125 0.787528846875 0.8779806765625 0.8558221156249999 0.15336715 0.8295264421875 0.15068115937499998
0 0.917435096875 0.8525603859374999 0.9361706734374999 0.8649420296875 0.9688701921874999 0.85637198125 0.9660264421875 0.1619371984375 0.918790865625 0.1619371984375 0.917435096875 0.8525603859374999
0 0.6807235578124999 0.906125603125 0.7020504812499999 0.8973333328124999 0.794939903125 0.1667004828125 0.7864014421875 0.166130434375 0.7599110578125 0.1522850234375 0.7367764421875 0.129550725 0.6356514421874999 0.8697053140625 0.6442764421875 0.8878067640625 0.6807235578124999 0.906125603125
0 0.549447115625 0.8973333328124999 0.6497644234375 0.1646183578125 0.6252764421875 0.15336715 0.6111658656250001 0.1409806765625 0.504896634375 0.8735169078125 0.511060096875 0.8820917875 0.5281225968750001 0.8944734296875 0.549447115625 0.8973333328124999
0 0.670935096875 0.157135265625 0.658564903125 0.1400289859375 0.55365625 0.8878067640625 0.5726706734375 0.9059033812499999 0.59185576875 0.8997149765625 0.6909134609375001 0.1609855078125 0.670935096875 0.157135265625
0 0.49589423125 0.1657487921875 0.4827115390625 0.15527053125 0.377009615625 0.8954251203125001 0.388115384375 0.9097149765625 0.4177259609375 0.9162946859375 0.5233822109374999 0.174323671875 0.49589423125 0.1657487921875
0 0.596810096875 0.21814009687499997 0.5713485578124999 0.200043478125 0.474396634375 0.8830434781250001 0.5001610578125 0.8936425124999999 0.596810096875 0.21814009687499997
0 0.91689423125 0.24010145 0.848165865625 0.23528985468750002 0.8413846156250001 0.8791159421874999 0.90915625 0.87828019375 0.91689423125 0.24010145
0 0.428153846875 0.8878067640625 0.4490865390625 0.9012028984375 0.4660384609375 0.8982850234375 0.55134375 0.2691062796875 0.5196826921875 0.2514830921875 0.428153846875 0.8878067640625
0 0.45418990312499996 0.347690821875 0.42819951874999995 0.33816425156249996 0.3532427890625 0.923053140625 0.3702764421875 0.9224396140625 0.45418990312499996 0.347690821875