0 0.46210576875 0.7655873015625 0.47685336562499997 0.769005290625 0.5979423078125 0.208486771875 0.5816418265625 0.1828518515625 0.4566706734375 0.734825396875 0.46210576875 0.7655873015625
0 0.8115480765624999 0.17095238125 0.778271634375 0.8314391531249999 0.7954134609375 0.8325502640625 0.7989423078125 0.83587830625 0.832221153125 0.18649206406250002 0.812052884375 0.1731693125 0.8115480765624999 0.17095238125
0 0.7752451921875 0.8603015875000001 0.8075144234374999 0.20425396875000001 0.798439903125 0.2064709 0.791884615625 0.2031428578125 0.785427884375 0.1998095234375 0.7490264421874999 0.8603015875000001 0.7601177890625 0.8691798937499999 0.7712115390625 0.862523809375 0.7752451921875 0.8603015875000001
0 0.81457451875 0.8669629625 0.819615384375 0.8636296296875001 0.8523894234375 0.200920634375 0.8423052890625 0.20425396875000001 0.8372644234375001 0.1998095234375 0.831716346875 0.2020317453125 0.8318269234375 0.2075820109375 0.7989423078125 0.8558624343749999 0.8014639421875 0.8747301593750001 0.81457451875 0.8669629625
0 0.5482644234375 0.8629947093749999 0.565341346875 0.8647037031249999 0.6895360578124999 0.2717142859375 0.6586634609375001 0.2341164015625 0.535846153125 0.8390687828125 0.5482644234375 0.8629947093749999
0 0.95373798125 0.8381005296874999 0.9567620187499999 0.267523809375 0.9456706734375 0.26641798906249997 0.9355841343750001 0.267523809375 0.9266418265624999 0.2730740734375 0.9224759609375001 0.8458730156250001 0.9370985578125 0.8458730156250001 0.9497043265625 0.8469788359375 0.95373798125 0.8381005296874999
0 0.8735673078125 0.814788359375 0.8836514421875 0.3141481484375 0.8801225968749999 0.3141481484375 0.8755841343749999 0.3141481484375 0.8711634609375001 0.305269840625 0.85944951875 0.8181164015625001 0.8665072109375 0.8214497359375 0.8725576921875 0.8181164015625001 0.8735673078125 0.814788359375
0 0.9007956734375 0.275296296875 0.8917187500000001 0.27751851875 0.88629326875 0.275296296875 0.8755841343749999 0.8525290999999999 0.9164254812499999 0.848089946875 0.9229807687499999 0.2764074078125 0.9133990390625 0.275296296875 0.9007956734375 0.275296296875
0 0.974408653125 0.27751851875 0.9663413468750001 0.2808465609375 0.9607956734374999 0.2808465609375 0.9572668265625 0.8558624343749999 0.9683581734375 0.8514232796875 0.9764254812500001 0.8514232796875 0.9794519234375001 0.8469788359375 0.974408653125 0.27751851875
0 0.58180048125 0.28196825468750003 0.46210576875 0.8510317453124999 0.48073317343750005 0.8612857140625 0.5963894234375 0.3110211640625 0.58180048125 0.28196825468750003
0 0.6204519234375 0.8288148140624999 0.6282139421874999 0.808306878125 0.7019543265625 0.363994709375 0.6881682687499999 0.3554497359375 0.604927884375 0.8168518515625 0.6204519234375 0.8288148140624999
0 0.60198798125 0.31956613749999996 0.492377403125 0.857867725 0.52342548125 0.8698306875 0.6235576921875 0.3503227515625 0.60198798125 0.31956613749999996
0 0.6456634609374999 0.8558624343749999 0.6582668265625 0.8569735453125 0.734908653125 0.40517460312500003 0.722302884375 0.407396825 0.7142355765625 0.396296296875 0.70717548125 0.39074074062499997 0.7037259609375 0.37631216875 0.6234759609375 0.8214497359375 0.6320480765625 0.8492010578125001 0.6456634609374999 0.8558624343749999
0 0.839783653125 0.8913809531249999 0.8634831734375 0.359661375 0.85440625 0.35743915312499996 0.84695673125 0.348560846875 0.820625 0.8802804234374999 0.839783653125 0.8913809531249999
0 0.6640985578125 0.4033015875 0.5692235578125 0.8493227515624999 0.576209134375 0.8664126984375 0.5824182687499999 0.86812169375 0.680221153125 0.398174603125 0.6693533656249999 0.391338625 0.6640985578125 0.4033015875
0 0.73994951875 0.3752010578125 0.7152427890624999 0.8947142859375001 0.7490264421874999 0.8847248671875001 0.7722211531250001 0.381862434375 0.73994951875 0.3752010578125