0 0.317654059375 0.151468159375 0.3020562640625 0.14860125468750002 0.3499392765625 0.78027606875 0.37088101875 0.7783648249999999 0.342086121875 0.24034222187499998 0.334669228125 0.144778725 0.3324878078125 0.14000053437499999 0.317654059375 0.151468159375
0 0.2251613671875 0.7754979265624999 0.20596478125 0.15720196875 0.185519321875 0.15720196875 0.2072736390625 0.787921121875 0.21599935312500002 0.7888767828125001 0.2251613671875 0.7754979265624999
0 0.18109645937500002 0.7946105921875 0.198984184375 0.787921121875 0.18153271875000002 0.1581576078125 0.158021840625 0.15720196875 0.18109645937500002 0.7946105921875
0 0.4001121796875 0.1686695875 0.381275196875 0.1758368515625 0.44374082656249997 0.7946105921875 0.4533391390625 0.8070338843749999 0.46599147187499995 0.8041669734375001 0.4782074609375 0.784098634375 0.4158184875 0.1524237984375 0.4001121796875 0.1686695875
0 0.147066125 0.173447778125 0.12986966093750002 0.172969946875 0.1505564015625 0.8003444078124999 0.154482978125 0.8099007828125 0.162336134375 0.8079894609375 0.17237070625 0.8022556453125 0.152301559375 0.171536496875 0.147066125 0.173447778125
0 0.3743712984375 0.47542845 0.3577924296875 0.22983024375 0.340683678125 0.24034222187499998 0.3734987375 0.7955662593749999 0.39051390625 0.7907880265625 0.3743712984375 0.47542845
0 0.397930759375 0.818501503125 0.414509628125 0.82805779375 0.37655271562500003 0.2107175453125 0.35836062968750004 0.217406978125 0.397930759375 0.818501503125
0 0.2714077328125 0.753518259375 0.284932584375 0.757340825 0.26486343749999997 0.2995916078125 0.2529536203125 0.2948134234375 0.2714077328125 0.753518259375
0 0.2888591609375 0.7592520687500001 0.2980211734375 0.7544739203125 0.28100600781249996 0.29385779843750004 0.2667023609375 0.3019806765625 0.2888591609375 0.7592520687500001
0 0.2347596796875 0.7678527828124999 0.26355457968749996 0.774542259375 0.25133854843750003 0.286212703125 0.21825441875 0.2948134234375 0.2347596796875 0.7678527828124999
0 0.31241862187499997 0.7793204078125 0.32899753125000003 0.786009878125 0.30892834687500004 0.28143455624999997 0.2955092453125 0.289079603125 0.31241862187499997 0.7793204078125
0 0.132232375 0.7946105921875 0.146629825 0.7984331640625 0.13354123281250002 0.286212703125 0.1200491328125 0.28334579375 0.132232375 0.7946105921875
0 0.299330034375 0.7735865921875 0.31416378125 0.787921121875 0.294967196875 0.297680328125 0.2797963984375 0.3005472328125 0.299330034375 0.7735865921875
0 0.9223410046874999 0.8361807203125 0.9515722046875 0.8352250578125 0.95549878125 0.270444725 0.923368384375 0.274745084375 0.9223410046874999 0.8361807203125
0 0.9563713390625 0.84955958125 0.9786219828125 0.843825771875 0.9742590671875 0.27140037031249997 0.9561034812500001 0.27904544375 0.9563713390625 0.84955958125
0 0.8743495187500001 0.8447814390625 0.9118701328125001 0.8505152484374999 0.91666926875 0.2771341796875 0.8795033562500001 0.276178534375 0.8743495187500001 0.8447814390625
0 0.0995108984375 0.8271022171875 0.1143446484375 0.8251908890624999 0.107364053125 0.3282606609375 0.0925516515625 0.327782825 0.0995108984375 0.8271022171875