0 0.6408076921875 0.09496135312500001 0.61858173125 0.0831594203125 0.5207235578125 0.93835265625 0.5548822109375 0.945864734375 0.6408076921875 0.09496135312500001
0 0.6381394234375 0.9254782609375001 0.6536177890625 0.9168937203124999 0.6696298078125 0.901869565625 0.7288701921875 0.1593429953125 0.7085889421875 0.155053140625 0.6941802890625001 0.1518309171875 0.6776346156249999 0.144318840625 0.6634326921875 0.1346618359375 0.59651201875 0.901869565625 0.6109206734375 0.9158212562499999 0.6226634609375 0.921183575 0.6381394234375 0.9254782609375001
0 0.7857668265625 0.9115265703125001 0.798040865625 0.902946859375 0.8215240390625 0.1486135265625 0.7923774031249999 0.1459323671875 0.768153846875 0.9050917875 0.7766947109375 0.9147487921874999 0.7857668265625 0.9115265703125001
0 0.48978124999999995 0.22321256093750003 0.49416346093749997 0.21440096562500002 0.50073798125 0.16741062812500002 0.472810096875 0.1556618359375 0.38387019218749996 0.9119371984375 0.40797596093750005 0.913405796875 0.48978124999999995 0.22321256093750003
0 0.514853365625 0.926550725 0.523927884375 0.926550725 0.6066514421875 0.1700724640625 0.582634615625 0.1486135265625 0.49777403906249995 0.9115265703125001 0.5041802890625 0.919038646875 0.514853365625 0.926550725
0 0.5719615390625 0.1754396140625 0.5516802890625 0.1732946859375 0.5383365390625 0.1679275359375 0.5296826921875 0.1539758453125 0.43746634687499997 0.9244057968750001 0.4449375 0.9319178750000001 0.45881490312500006 0.93728019375 0.478028846875 0.93835265625 0.4892355765625 0.926550725 0.5719615390625 0.1754396140625
0 0.8989375000000001 0.9050917875 0.912814903125 0.8932850234374999 0.91921875 0.1861690828125 0.8973365390625 0.193681159375 0.8791923078125 0.19153140156249998 0.8612524031250001 0.1861690828125 0.8525048078124999 0.89436231875 0.8621129812499999 0.913676328125 0.8727860578125 0.919038646875 0.8861298078125 0.9147487921874999 0.8989375000000001 0.9050917875
0 0.949403846875 0.29132367187499997 0.9293293265625 0.2907874390625 0.9264543265625 0.8439275359374999 0.9462019234374999 0.845 0.949403846875 0.29132367187499997
0 0.9525552890625001 0.302053140625 0.9510072109375001 0.30634782656250004 0.9462019234374999 0.8385652171875 0.9648822109375 0.8460724640624999 0.9643485578125001 0.30634782656250004 0.9525552890625001 0.302053140625
0 0.51271875 0.23445410625 0.49043990312499997 0.221579709375 0.404377403125 0.9286956515625 0.43426442343750005 0.9329903375 0.51271875 0.23445410625
0 0.7849543265625 0.26128019375 0.721096153125 0.2553768109375 0.6963581734375001 0.9104541062499999 0.7684086531250001 0.9061642515624999 0.7849543265625 0.26128019375
0 0.8572836531249999 0.308492753125 0.8228100968750001 0.308492753125 0.8140528843749999 0.8761207734375001 0.8535480765625 0.8761207734375001 0.8572836531249999 0.308492753125