0 0.15966586562500001 0.1347287234375 0.14821634687500002 0.13582978750000002 0.1367644234375 0.1347287234375 0.126310096875 0.13032446875 0.1178485578125 0.7452393609375 0.12282692343749999 0.7595691484375 0.13328125 0.7694840421875 0.14622355781250002 0.76507446875 0.1561802890625 0.755159575 0.15966586562500001 0.1347287234375
0 0.184060096875 0.108281915625 0.178584134375 0.1126914890625 0.169622596875 0.1126914890625 0.16323798125 0.103531915625 0.15169951875 0.7893191484375001 0.1631514421875 0.7981382984375001 0.17559615312500002 0.8036489359375001 0.184060096875 0.8003404250000001 0.1920240390625 0.1027712765625 0.184060096875 0.108281915625
0 0.39414423125 0.8300957453125 0.4090793265625 0.81907446875 0.376646634375 0.1214308515625 0.367259615625 0.1369361703125 0.35680528906250003 0.147952128125 0.3468485578125 0.1512606390625 0.3373918265625 0.143547871875 0.3737331734375 0.8234840421875 0.38269471093749996 0.83450531875 0.39414423125 0.8300957453125
0 0.3642740390625 0.8675638296875 0.3268701921875 0.0911382984375 0.3035384609375 0.0950585109375 0.34037740312500003 0.8664627656249999 0.3642740390625 0.8675638296875
0 0.07155048124999999 0.83450531875 0.0839951921875 0.832297871875 0.0919615390625 0.82017553125 0.0984326921875 0.80475 0.10786298125 0.1324414890625 0.10141826875 0.141340425 0.0919615390625 0.14685106406249998 0.083497596875 0.150159575 0.07304326875 0.1391382984375 0.063584134375 0.822382978125 0.07155048124999999 0.83450531875
0 0.3085168265625 0.2008510640625 0.28020673125 0.209542553125 0.296072115625 0.792627659375 0.334403846875 0.7893191484375001 0.3085168265625 0.2008510640625
0 0.44293028906250004 0.1710957453125 0.4345072109375 0.1668617015625 0.4703125 0.854340425 0.47728125 0.8631542546875 0.485247596875 0.8620531921874999 0.491221153125 0.8598510640624999 0.46035576875000006 0.14685106406249998 0.450896634375 0.16448404218749998 0.44293028906250004 0.1710957453125
0 0.381697115625 0.17550531875 0.3757235578125 0.1721968078125 0.4115673078125 0.8653563828124999 0.4240144234375 0.8774787234374999 0.43695673125 0.8818882984374999 0.450896634375 0.8807872343750001 0.45786538437499996 0.8664627656249999 0.4663293265625 0.8554414890625001 0.431396634375 0.140702128125 0.42251923125 0.150159575 0.4090793265625 0.163382978125 0.39414423125 0.1710957453125 0.381697115625 0.17550531875
0 0.2408125 0.23721808437499997 0.21612259687500002 0.24533510625 0.223884615625 0.838909575 0.25076923125 0.8333989359375 0.2408125 0.23721808437499997
0 0.21592067343750002 0.2823989359375 0.188747596875 0.28388297812499996 0.18605048125 0.7981382984375001 0.21741346093749997 0.80475 0.21592067343750002 0.2823989359375
0 0.259728365625 0.2306063828125 0.24038701875 0.2398297875 0.2517644234375 0.8851968078124999 0.2731706734375 0.8918085109374999 0.259728365625 0.2306063828125
0 0.522584134375 0.26807446874999996 0.468728365625 0.2921436171875 0.49072355781250004 0.890707446875 0.5454831734375001 0.9039308515625001 0.522584134375 0.26807446874999996