0 0.218802884375 0.788380953125 0.2270985578125 0.7787619046875001 0.2144375 0.1499841265625 0.192216346875 0.1538306875 0.2052668265625 0.7720317453125001 0.209197115625 0.7874179890625 0.218802884375 0.788380953125
0 0.183872596875 0.1567142859375 0.164040865625 0.1581587296875 0.178197115625 0.8027989421875 0.19915384687499998 0.8018412703125 0.183872596875 0.1567142859375
0 0.1303173078125 0.1657989421875 0.14965625 0.81191534375 0.1593509609375 0.8161851859375 0.1716322109375 0.8090687828125 0.158060096875 0.17006878281249999 0.1303173078125 0.1657989421875
0 0.280802884375 0.2913174609375 0.247252403125 0.2922751328125 0.2471826921875 0.772994709375 0.277747596875 0.7672275125 0.280802884375 0.2913174609375
0 0.29826923125000004 0.3038148140625 0.2846009609375 0.2951587296875 0.27949278906249997 0.7653015875 0.293466346875 0.772994709375 0.29826923125000004 0.3038148140625
0 0.31748076875 0.29708465624999997 0.30098076875 0.3038148140625 0.296084134375 0.7768412703124999 0.31355048124999996 0.7672275125 0.31748076875 0.29708465624999997
0 0.134790865625 0.28819047656249996 0.118677884375 0.28961375624999997 0.1335 0.796259259375 0.14901201875 0.7991058203125 0.134790865625 0.28819047656249996
0 0.952747596875 0.27208465625 0.925396634375 0.27208465625 0.9230576921875 0.8527936515625001 0.9514374999999999 0.84221693125 0.952747596875 0.27208465625
0 0.9173798078125 0.2778571421875 0.90428125 0.2749735453125 0.894240384375 0.27304761875 0.87983173125 0.2788148140625 0.8741562500000001 0.8527936515625001 0.915197115625 0.851835978125 0.9173798078125 0.2778571421875
0 0.9758894234375 0.27401058125 0.9555360578125001 0.2836243390625 0.9571129812500001 0.8527936515625001 0.9793822109375 0.8489470906250001 0.9758894234375 0.27401058125
0 0.10798076875 0.3259047625 0.092490384375 0.3259047625 0.0995793265625 0.8268571421875001 0.11638461562499999 0.8268571421875001 0.10798076875 0.3259047625