0 0.797279946875 0.8293616453125001 0.82942098125 0.1815822546875 0.8210363624999999 0.1815822546875 0.8135833703124999 0.1775017515625 0.8075278125 0.170360878125 0.777715840625 0.82018051875 0.797279946875 0.8293616453125001
0 0.8304413125 0.197904259375 0.7977457593749999 0.8405830218749999 0.8005406328125 0.86098551875 0.8196389249999999 0.8558848937500001 0.8489850859375 0.19892438125 0.8401346562500001 0.2019847515625 0.8345449140625 0.199944503125 0.8304413125 0.197904259375
0 0.76187823125 0.8650660218749999 0.772591909375 0.8579251484375 0.8033355046875 0.2009646296875 0.7902927671875 0.2009646296875 0.784780909375 0.197904259375 0.7497671171875 0.858945275 0.76187823125 0.8650660218749999
0 0.8843868031250001 0.2805343859375 0.8727415031250001 0.84466351875 0.897429540625 0.84466351875 0.9141987765625 0.843643396875 0.9230492046875 0.27543375625 0.905814159375 0.268292884375 0.8937030453125001 0.268292884375 0.8843868031250001 0.2805343859375
0 0.954724425 0.273393503125 0.9263098890625001 0.2744136296875 0.9225833921875 0.8375226453125 0.942613309375 0.8395628937499999 0.9514637406249999 0.8375226453125 0.954724425 0.273393503125
0 0.873207315625 0.8089591421875 0.8820577421875001 0.3101180046875 0.8714424921875 0.30909788437499996 0.8578355171875 0.8130396453125 0.873207315625 0.8089591421875
0 0.9691645984375 0.8497641484375 0.9789466515624999 0.843643396875 0.97428853125 0.27543375625 0.963574853125 0.2805343859375 0.9590359203125001 0.279514259375 0.9570534859375 0.8467037671875 0.9691645984375 0.8497641484375
0 0.605115871875 0.8174431421874999 0.6225405046875 0.819566375 0.6966739234375 0.3651953859375 0.6799723625 0.3524560046875 0.605115871875 0.8174431421874999
0 0.6231610546875 0.82381283125 0.6363583921875 0.842938840625 0.711606040625 0.38722387812500003 0.6997286171875 0.37262667656250004 0.6231610546875 0.82381283125
0 0.8378055984375001 0.88546851875 0.8596987640625 0.3539833859375 0.8448849109375001 0.34684250781250003 0.8191731125 0.8793477671875 0.8378055984375001 0.88546851875
0 0.6413110796875 0.8471683484374999 0.656975946875 0.8569882796874999 0.732090878125 0.39598220156249997 0.7137876109375 0.3927973546875 0.6413110796875 0.8471683484374999
0 0.7334636953125 0.88546851875 0.7479038671875 0.8742471484375001 0.764207290625 0.3794865078125 0.7483696796875 0.3764261375 0.7349272046875 0.37336575625 0.7134337765625001 0.8824081484375 0.7334636953125 0.88546851875