0 0.6421923078125 0.10098067656250001 0.6211201921875 0.0833768109375 0.5228197109375 0.9357004828125 0.5546201921875 0.9505217390625 0.6421923078125 0.10098067656250001
0 0.475346153125 0.16119806718750002 0.46566826875 0.1519371984375 0.37348798125 0.8856714968749999 0.379478365625 0.8940096625 0.390540865625 0.8940096625 0.4817980765625 0.163053140625 0.475346153125 0.16119806718750002
0 0.64685576875 0.9153188406250001 0.667596153125 0.905125603125 0.730740384375 0.162125603125 0.70815625 0.163053140625 0.68603125 0.1537874390625 0.6653749999999999 0.1417439609375 0.59615625 0.8995652171874999 0.6155144234375001 0.9153188406250001 0.64685576875 0.9153188406250001
0 0.804021634375 0.152859903125 0.7935288468749999 0.1491545890625 0.7694543265625 0.905125603125 0.7823605765625 0.9097584546874999 0.7975697109375 0.905125603125 0.821997596875 0.150082125 0.804021634375 0.152859903125
0 0.5076081734375 0.1713913046875 0.482822115625 0.16119806718750002 0.38823557656249996 0.906053140625 0.40390625 0.9162415453125 0.489634615625 0.2297536234375 0.5025384609375 0.215859903125 0.5076081734375 0.1713913046875
0 0.6016322109375001 0.16398067656249998 0.5883894234375 0.152859903125 0.495625 0.910685990625 0.5099134609375 0.92736231875 0.525122596875 0.9255072468750001 0.6117716343749999 0.1658309171875 0.6016322109375001 0.16398067656249998
0 0.48410336562499995 0.9338454109375001 0.5785865390625 0.17972946875 0.54632451875 0.17416908281250001 0.5312259609375001 0.162125603125 0.43432692343749996 0.91253623125 0.442622596875 0.9264347828125 0.46198076875 0.9338454109375001 0.48410336562499995 0.9338454109375001
0 0.8948197109375 0.910685990625 0.9123341343750001 0.8995652171874999 0.921552884375 0.1852850234375 0.9035769234375 0.19455072499999998 0.8832980765625 0.19640579687499998 0.8594519234375 0.1889903375 0.852877403125 0.9014202906250001 0.8717740390625 0.9153188406250001 0.8948197109375 0.910685990625
0 0.9266225968749999 0.8449082125 0.9372235578125 0.8458357484375 0.9473629812500001 0.8439806765625001 0.9505889421875 0.2927536234375 0.9327475968750001 0.2899758453125 0.9266225968749999 0.8449082125
0 0.9666105765624999 0.299502415625 0.95263701875 0.29237198124999997 0.948872596875 0.8457391296875001 0.965189903125 0.8528695656249999 0.9666105765624999 0.299502415625
0 0.18267548125 0.90790338125 0.237060096875 0.2519903375 0.21954807656250003 0.2492125609375 0.203002403125 0.2427246375 0.140271634375 0.905125603125 0.14626442343749999 0.90790338125 0.16423798125 0.9097584546874999 0.18267548125 0.90790338125
0 0.296978365625 0.2492125609375 0.279064903125 0.24735748750000003 0.2181634609375 0.905125603125 0.23936538437500002 0.9097584546874999 0.257341346875 0.90790338125 0.3144927890625 0.257550725 0.296978365625 0.2492125609375
0 0.368877403125 0.2612560390625 0.358278846875 0.257550725 0.341685096875 0.24735748750000003 0.325625 0.2464299515625 0.26010576875 0.9069806765624999 0.2776201921875 0.91253623125 0.3020480765625 0.9153188406250001 0.368877403125 0.2612560390625
0 0.6980168265625 0.906053140625 0.7187572109375 0.906053140625 0.74410576875 0.90790338125 0.768533653125 0.905125603125 0.786509615625 0.2631062796875 0.7745240390625 0.2584734296875 0.7450264421874999 0.25384057968749996 0.723459134375 0.25384057968749996 0.722903846875 0.2556956515625 0.6980168265625 0.906053140625
0 0.25273076875 0.25291787499999996 0.23941826875 0.250135265625 0.18175240312500002 0.9116086953125 0.202033653125 0.91253623125 0.2158605765625 0.91253623125 0.2697860578125 0.259400965625 0.25273076875 0.25291787499999996
0 0.4025240390625 0.932917875 0.4135865390625 0.9366231890625001 0.42925721093749997 0.9384782609375 0.5140625 0.2390193234375 0.49204086562500005 0.22512560312500002 0.4025240390625 0.932917875
0 0.816927884375 0.8791835750000001 0.83351923125 0.8764057968750001 0.8533389421875001 0.8736280187500001 0.8570264421875 0.45302415468749996 0.8602524031250001 0.30942995156249997 0.8257980765624999 0.31035748750000003 0.8256850968749999 0.31591304375 0.82660576875 0.3149855078125 0.816927884375 0.8791835750000001
0 0.40759375000000003 0.3242512078125 0.3993822109375 0.3149855078125 0.327396634375 0.9041980671875001 0.3375360578125 0.9116086953125 0.34998076875 0.9180966187499999 0.4218822109375 0.3261062796875 0.40759375000000003 0.3242512078125
0 0.315875 0.8977149765625001 0.3283197109375 0.906053140625 0.390540865625 0.386323671875 0.394689903125 0.33907246406249997 0.3772548078125 0.32888405781249996 0.315875 0.8977149765625001