0 0.074002084375 0.72185428125 0.0840852546875 0.7318852390624999 0.09508508125000001 0.739909871875 0.10608488906249999 0.7379037187499999 0.11341811093750001 0.7298789203125 0.10608488906249999 0.093916728125 0.10150162968750001 0.09993528125 0.08958516875 0.107960075 0.07583539375000001 0.10595383437499999 0.06339245 0.0982760484375 0.067585534375 0.7078108609375 0.074002084375 0.72185428125
0 0.22158298593749998 0.8342008984374999 0.1840002859375 0.0437619359375 0.16301120625 0.045628165625 0.1638339453125 0.051786692187500004 0.19683338749999998 0.8241699468749999 0.22158298593749998 0.8342008984374999
0 0.05291910625 0.7940771015625 0.0602523125 0.786052303125 0.056585709375 0.097929121875 0.0483358484375 0.109966234375 0.03550273125 0.107960075 0.026751067187499998 0.10329013281249999 0.02450290625 0.7700027281249999 0.031836128125 0.780033675 0.042835934375 0.7940771015625 0.05291910625 0.7940771015625
0 0.11708471406250001 0.76398425 0.1381676921875 0.778027515625 0.1280845390625 0.1340405265625 0.10804913281249999 0.13838871875 0.11708471406250001 0.76398425
0 0.410413221875 0.7720090374999999 0.46174572812500003 0.7720090374999999 0.38108036562500003 0.156108590625 0.335912728125 0.216107015625 0.410413221875 0.7720090374999999
0 0.315081446875 0.8101265265625001 0.22433293281250002 0.122003340625 0.2188330390625 0.140059084375 0.209666521875 0.152096196875 0.1995833671875 0.15811482500000001 0.1893472 0.15343096875 0.2784153875 0.8201574781250001 0.2930817984375 0.8261761109375 0.30591493281250004 0.8221637875000001 0.315081446875 0.8101265265625001
0 0.1711671515625 0.1841952765625 0.156500740625 0.1841952765625 0.14366760625 0.188207675 0.12991783125 0.19823862812499998 0.1482508625 0.778027515625 0.1629173078125 0.7840461484375 0.175750409375 0.78805846875 0.185833596875 0.78805846875 0.1711671515625 0.1841952765625
0 0.41132986093749996 0.8342008984374999 0.3123315 0.168145771875 0.29766505468750004 0.1821890421875 0.392080190625 0.8442318515625 0.404913290625 0.8482441703125 0.41132986093749996 0.8342008984374999
0 0.486495290625 0.8562689625000001 0.5075783046875 0.8542627984375001 0.4058299640625 0.1701519359375 0.38743967343749997 0.186022515625 0.486495290625 0.8562689625000001
0 0.36824723125 0.8963927609375 0.37924705468750003 0.88034318125 0.285748590625 0.1500900375 0.26649892343750003 0.17817672812500002 0.2499992046875 0.19823862812499998 0.23629397187499998 0.20106476093749998 0.3260812734375 0.8863618078125001 0.333414478125 0.8983989203125 0.350830871875 0.9004050843750001 0.36824723125 0.8963927609375
0 0.7800619906249999 0.8640545218750001 0.788398128125 0.8757831859375 0.795543403125 0.874480021875 0.890218271875 0.22158539843749997 0.8848593078125001 0.2228885578125 0.8765231703125 0.2163726484375 0.8652098125000001 0.20594719687500002 0.8586127734375 0.194120371875 0.76755775 0.8432036171874999 0.7729167140625 0.8549322765625 0.7800619906249999 0.8640545218750001
0 0.8562782234374999 0.8653576859375001 0.8616371875000001 0.869267271875 0.872355090625 0.8822991015625 0.8818821109374999 0.8836022609375 0.9402351843750001 0.2932604515625 0.9056996843749999 0.26849995781249997 0.8562782234374999 0.8653576859375001