0 0.60941826875 0.9042850234375001 0.627896634375 0.9055652171874999 0.733677884375 0.085816425 0.7096009609375 0.0691642515625 0.7081875 0.0601980671875 0.597310096875 0.8914782609375 0.60941826875 0.9042850234375001
0 0.918471153125 0.853053140625 0.936314903125 0.868420290625 0.9567043265624999 0.8632995171875001 0.9688125 0.8543333328125 0.9688125 0.1677922703125 0.9369519234375 0.17035265625 0.9205625 0.165231884375 0.918471153125 0.853053140625
0 0.733677884375 0.87354589375 0.7425985578125001 0.8901980671875 0.76298798125 0.8940386468750001 0.7840168265624999 0.8850724640625 0.8553870187499999 0.1613864734375 0.8279855765624999 0.1549855078125 0.8083894234375 0.1421739125 0.733677884375 0.87354589375
0 0.7030889421875 0.9017246374999999 0.7617139421875 0.45214492812499996 0.79548798125 0.1665120765625 0.7338197109375 0.1383333328125 0.7330384609375 0.14345410625 0.7330384609375 0.1332077296875 0.6336322109375 0.8748260875 0.6438269234375 0.8991642515624999 0.67823798125 0.9068502421875 0.7030889421875 0.9017246374999999
0 0.50682451875 0.879951690625 0.5304014421875001 0.8978840578125 0.55079326875 0.90044444375 0.655935096875 0.17035265625 0.645103365625 0.1677922703125 0.6291706734375 0.16395169062499998 0.615908653125 0.1408937203125 0.50682451875 0.879951690625
0 0.59030048125 0.9042850234375001 0.69289423125 0.16395169062499998 0.672502403125 0.1626666671875 0.65988701875 0.1421739125 0.5552548078124999 0.8876328499999999 0.5724591343750001 0.9055652171874999 0.59030048125 0.9042850234375001
0 0.25002403906250004 0.62890338125 0.2105144234375 0.888917875 0.22389663437500001 0.8978840578125 0.237915865625 0.9017246374999999 0.2876201921875 0.5891932359375 0.352615384375 0.1831642515625 0.32782692343750003 0.1690724640625 0.25002403906250004 0.62890338125
0 0.40295673125000003 0.9119710140624999 0.4195240390625 0.9106908218750001 0.527216346875 0.18444444375 0.48706971093749996 0.1601062796875 0.3755552890625 0.8978840578125 0.3876634609375 0.9081304343750001 0.40295673125000003 0.9119710140624999
0 0.2883125 0.1690724640625 0.167822115625 0.9081304343750001 0.18247596093750001 0.9196570046874999 0.193947115625 0.9247777781250001 0.31438221093749996 0.1882850234375 0.2883125 0.1690724640625
0 0.594125 0.22286956562500002 0.5725697109375 0.206217390625 0.4749639421875 0.8837922703125001 0.5004519234375 0.8991642515624999 0.594125 0.22286956562500002
0 0.9152860578125 0.23952173906250002 0.8491802890625 0.23952173906250002 0.8413677890625 0.879951690625 0.9095504812499999 0.879951690625 0.9152860578125 0.23952173906250002
0 0.23536778906250003 0.23439613593750003 0.123853365625 0.9375893718749999 0.13978365312500002 0.9414299515625 0.153165865625 0.938869565625 0.27168749999999997 0.1972512078125 0.25639423125 0.193410628125 0.2417860578125 0.180599034375 0.23536778906250003 0.23439613593750003
0 0.45075000000000004 0.8991642515624999 0.468591346875 0.9017246374999999 0.553978365625 0.27410144999999997 0.5228557687500001 0.25360869531249997 0.5208437499999999 0.2600144921875 0.42525961562500003 0.8825120765625 0.45075000000000004 0.8991642515624999
0 0.33094951875 0.8901980671875 0.409966346875 0.363763284375 0.3889375 0.3547971015625 0.375627403125 0.33686473437500003 0.2920793265625 0.8773864734375 0.3054615390625 0.888917875 0.33094951875 0.8901980671875
0 0.366634615625 0.35223671562500003 0.3316514421875 0.32917874375 0.32967548125 0.3343043484375 0.24237740312499997 0.8914782609375 0.2646802890625 0.8991642515624999 0.2850697109375 0.90044444375 0.3060985578125 0.751864734375 0.34815625 0.493130434375 0.366634615625 0.35223671562500003
0 0.4132331734375 0.3535169078125 0.3284014421875 0.915816425 0.33668509687500003 0.923497584375 0.3494302890625 0.9209371984375 0.42908413437500004 0.366323671875 0.4132331734375 0.3535169078125
0 0.43362740312500003 0.3483913046875 0.351341346875 0.922217390625 0.359625 0.9273429953125 0.366634615625 0.9286231890625001 0.4494735578125 0.35735748749999996 0.43362740312500003 0.3483913046875