0 0.4691947109375 0.074052909375 0.4466610578125 0.08544444375 0.5112427890625 0.7903650796874999 0.52935576875 0.7903650796874999 0.4691947109375 0.074052909375
0 0.3476730765625 0.779174603125 0.363403846875 0.7835026453125 0.37569230781249996 0.7748412703125 0.3368581734375 0.2510687828125 0.343740384375 0.22942327968749998 0.3363677890625 0.1341904765625 0.30107692343750003 0.1525873015625 0.3476730765625 0.779174603125
0 0.400627403125 0.1537989421875 0.3819615390625 0.162343915625 0.4407331734375 0.7789735453125 0.451084134375 0.786089946875 0.46466826875 0.780396825 0.47631249999999997 0.7718518515625 0.41938701875 0.1708888890625 0.41938701875 0.139560846875 0.400627403125 0.1537989421875
0 0.509302884375 0.7746984125 0.4472019234375 0.1424074078125 0.431677884375 0.1537989421875 0.42078125 0.16092063437499998 0.4795456734375 0.7761216937500001 0.49377644218750005 0.7889417984375 0.509302884375 0.7746984125
0 0.22035817343750003 0.7889100531250001 0.22625480781250001 0.7845820109375 0.20610096093750002 0.147174603125 0.184060096875 0.155835978125 0.20659375 0.7899947093749999 0.21200000000000002 0.7921587296875 0.22035817343750003 0.7889100531250001
0 0.536471153125 0.7846666671875 0.5468197109374999 0.8046031749999999 0.5655793265625 0.8003333328125001 0.581103365625 0.780396825 0.5274134609375001 0.138137565625 0.50348076875 0.1481058203125 0.47836298125 0.1651957671875 0.536471153125 0.7846666671875
0 0.1565264421875 0.158 0.179064903125 0.7899947093749999 0.18840625 0.79865079375 0.2006947109375 0.7889100531250001 0.1815240390625 0.1536719578125 0.1565264421875 0.158
0 0.1299759609375 0.1709841265625 0.149572115625 0.8094709 0.157927884375 0.8159682546875 0.170709134375 0.8116402109375 0.152521634375 0.16665608437499999 0.1299759609375 0.1709841265625
0 0.41680048125 0.8188465609375 0.4226201921875 0.8145714281249999 0.3766923078125 0.2150370375 0.358021634375 0.226428571875 0.3572860578125 0.226428571875 0.40515625 0.8202698406250001 0.41680048125 0.8188465609375
0 0.336966346875 0.2489047625 0.37716826875 0.8008148140625 0.388966346875 0.79865079375 0.40223798125 0.7932433859375 0.3575048078125 0.23916402187500002 0.336966346875 0.2489047625
0 0.275903846875 0.7618571421875 0.289177884375 0.7618571421875 0.3009735578125 0.7553650796875 0.2798365390625 0.307338625 0.2827860578125 0.287862434375 0.266072115625 0.29651851875 0.25289182656250003 0.294354496875 0.275903846875 0.7618571421875
0 0.2572259609375 0.778089946875 0.2675480765625 0.76834920625 0.2498509609375 0.28461375625 0.2179855765625 0.294354496875 0.23412019218750002 0.7694338625 0.241002403125 0.7748412703125 0.2572259609375 0.778089946875
0 0.3245697109375 0.7899947093749999 0.33292548125 0.7824179890625 0.3088389421875 0.286777778125 0.292716346875 0.29651851875 0.2926177890625 0.3008465609375 0.3191634609375 0.7845820109375 0.3245697109375 0.7899947093749999
0 0.294091346875 0.29651851875 0.28042548125 0.3019312171875 0.3009735578125 0.7867460312500001 0.3181802890625 0.781338625 0.294091346875 0.29651851875
0 0.12161778906250001 0.2900264546875 0.132365384375 0.7932433859375 0.14711298125 0.8008148140625 0.139740384375 0.501052909375 0.13433173125 0.286777778125 0.12161778906250001 0.2900264546875
0 0.8793124999999999 0.8772328046875 0.887721153125 0.8914761906249999 0.9025985578125001 0.8971693125 0.926533653125 0.8815079359375 0.9304134609375 0.24636507968750002 0.90648076875 0.2591851859375 0.88273798125 0.2520634921875 0.8793124999999999 0.8772328046875
0 0.7589927890625 0.8957460312500001 0.76934375 0.9057142859375 0.78228125 0.912835978125 0.8016875000000001 0.9000211640625 0.8042740390625 0.23782010625 0.78228125 0.2392433859375 0.762396634375 0.2406719578125 0.7589927890625 0.8957460312500001
0 0.09408413437499999 0.3278994703125 0.09893990312499999 0.8322010578124999 0.1048389421875 0.8343650796875 0.1151610578125 0.826788359375 0.108771634375 0.32465608437500004 0.09408413437499999 0.3278994703125
0 0.9724615390625001 0.878656084375 0.9750480765624999 0.29478306875000004 0.9498197109375001 0.2976349203125 0.935790865625 0.2976349203125 0.9336490390625001 0.8772328046875 0.9549951921875 0.8772328046875 0.9724615390625001 0.878656084375
0 0.8245072109375 0.3090264546875 0.82109375 0.89004761875 0.8502019234375 0.8928994703124999 0.8760769234374999 0.8943227515625001 0.8760769234374999 0.31187301562499997 0.8245072109375 0.3090264546875