0 0.39093101875 0.8809707781249999 0.419962884375 0.8919381921875 0.5459501390625 0.08363960625 0.527074490625 0.060561028125000006 0.39093101875 0.8809707781249999
0 0.352039303125 0.8513587062499999 0.366281334375 0.8623261203125001 0.379427840625 0.8656163796874999 0.3903832578125 0.8623261203125001 0.50760620625 0.1472506109375 0.468166709375 0.097897240625 0.469262253125 0.10009073125000001 0.33122400937499996 0.8228434421875 0.3383450359375 0.8392945624999999 0.352039303125 0.8513587062499999
0 0.451733584375 0.8743903468750001 0.465427853125 0.8787772453124999 0.47693103125 0.8765837937500001 0.599083925 0.1593147734375 0.590319603125 0.15821802812500002 0.5788163843749999 0.14944410156250001 0.5656699187500001 0.1395734328125 0.55909664375 0.125315778125 0.4309183 0.8458749953125 0.4413259328125 0.8634229281250001 0.451733584375 0.8743903468750001
0 0.41886734062500003 0.150540846875 0.41284184843749994 0.140670178125 0.29671445625000004 0.8623261203125001 0.30821764375 0.8700033609375 0.322459684375 0.86671310625 0.32519853906249996 0.8579392218749999 0.44023038750000004 0.150540846875 0.42544059375 0.1560245578125 0.41886734062500003 0.150540846875
0 0.6464727046875 0.8470356203125 0.65578804375 0.8590256109375 0.67042639375 0.86568670625 0.6863955390625 0.8630222062499999 0.6977070125 0.8576933125 0.8068294109374999 0.1929161203125 0.7955179609374999 0.188919446875 0.7795488171875 0.1822583515625 0.764910440625 0.1689361640625 0.753415853125 0.1451305140625 0.6378227625 0.8257201390625 0.6464727046875 0.8470356203125
0 0.227091115625 0.82503739375 0.295050990625 0.8585614953125 0.3856641703125 0.23343450468750002 0.340427590625 0.180337784375 0.227091115625 0.82503739375
0 0.734968315625 0.167603965625 0.7263183718749999 0.16493951874999999 0.7130107625 0.1569462015625 0.6976604375 0.1418018359375 0.5786038828125 0.87368 0.5912461109375 0.8870021875 0.6098767734375 0.900324375 0.620522853125 0.8976598796875 0.734968315625 0.167603965625
0 0.47966988437499997 0.8798740531250001 0.5065106609375001 0.89303491875 0.61551705 0.21305510625 0.5976376796875 0.19346645625 0.47966988437499997 0.8798740531250001
0 0.5213004546875 0.8612293937500001 0.536090290625 0.8721968125 0.5536189375 0.8787772453124999 0.5695042984375001 0.8787772453124999 0.673032978125 0.2448606296875 0.6305214968749999 0.214018840625 0.5213004546875 0.8612293937500001
0 0.7569258671875 0.8297167359375001 0.7802141875 0.837710028125 0.8627214140625 0.3061547265625 0.8441224234375 0.2915925046875 0.7569258671875 0.8297167359375001
0 0.800175603125 0.8497000187499999 0.8813520390624999 0.29949362968750004 0.8660483156250001 0.2875036390625 0.864052153125 0.2848392453125 0.782875721875 0.8350456296875001 0.800175603125 0.8497000187499999
0 0.834110028125 0.965603125 0.8520752843749999 0.965603125 0.86538289375 0.9482842359375001 0.962528496875 0.212899403125 0.9498862578124999 0.21156720624999997 0.9345824828125 0.207570509375 0.9199441328125 0.19558054375 0.9106960531249999 0.1750886484375 0.7995102328125 0.933629846875 0.813483215625 0.950948634375 0.834110028125 0.965603125
0 0.8008409999999999 0.851032215625 0.810821709375 0.8603578125 0.891332746875 0.304822528125 0.87990575 0.298249865625 0.8008409999999999 0.851032215625
0 0.703030053125 0.840374528125 0.7203299375000001 0.8630222062499999 0.746945159375 0.86568670625 0.834110028125 0.331466903125 0.808825571875 0.331466903125 0.7908635187499999 0.30324288906249997 0.703030053125 0.840374528125
0 0.8713713296875 0.9203076593749999 0.9099634234374999 0.942955340625 0.9971282671875 0.2835069953125 0.9606262765625001 0.24831964375 0.8713713296875 0.9203076593749999