0 0.5948269234375 0.167834225 0.5747307687500001 0.15234759375 0.5230552890625 0.7722620328125 0.545197115625 0.784144384375 0.5948269234375 0.167834225
0 0.6788197109375 0.1372727265625 0.6696298078125 0.12432085625 0.626896634375 0.8164064171875 0.636060096875 0.8299893046875001 0.64751201875 0.8350802140625 0.653622596875 0.8214973265625 0.69714423125 0.1389732625 0.6879807687499999 0.14066844843749998 0.6788197109375 0.1372727265625
0 0.576502403125 0.162743315625 0.5658125 0.15934759375000002 0.553596153125 0.14916042812500002 0.541978365625 0.1336631015625 0.472658653125 0.8062192515625 0.4780048078125 0.8198021390625 0.48716826874999997 0.8333850265624999 0.49632932656250006 0.8367807484374999 0.504728365625 0.8316844921875 0.576502403125 0.162743315625
0 0.6704206734375 0.10162032031249998 0.648634615625 0.08135294062500001 0.594064903125 0.8741336890625 0.6184975968749999 0.8894117640625 0.6704206734375 0.10162032031249998
0 0.7215769234375 0.15255615 0.6965048078125 0.1355294125 0.657439903125 0.8333850265624999 0.6788197109375 0.8452673796875001 0.7215769234375 0.15255615
0 0.6833990390625 0.8198021390625 0.68721875 0.8350802140625 0.6925625 0.8554545453125 0.7017259609375001 0.8537593578125 0.7070697109374999 0.8435721921875 0.743721153125 0.162743315625 0.724216346875 0.1504759359375 0.6833990390625 0.8198021390625
0 0.6162067312499999 0.17462566875000002 0.6049639421874999 0.16355614999999998 0.5467235578125 0.8486631015625001 0.548252403125 0.8639465234375001 0.5696298078125 0.8792245984375 0.5826105765625 0.8792245984375 0.64216826875 0.179721925 0.6291875 0.183117646875 0.6162067312499999 0.17462566875000002
0 0.920865384375 0.232352940625 0.8896586531249999 0.230812834375 0.8941394234375 0.8367807484374999 0.9246826921875 0.8384759359375 0.920865384375 0.232352940625
0 0.7521201921875 0.27140106875000003 0.7401730765625001 0.2625721921875 0.7070697109374999 0.8028235296874999 0.7269230765625 0.8147058828124999 0.7521201921875 0.27140106875000003
0 0.7857163468749999 0.23065240625 0.7857163468749999 0.225561496875 0.7773173078125 0.8418716578125001 0.8132043265625001 0.8588502671875 0.826185096875 0.245935828125 0.7857163468749999 0.23065240625
0 0.7841875 0.2900802140625 0.77040625 0.2849893046875 0.758228365625 0.8316844921875 0.7727355765625 0.8333850265624999 0.7841875 0.2900802140625
0 0.9368990390624999 0.91318181875 0.9437716343749999 0.921673796875 0.959040865625 0.93355615 0.9811850968750001 0.9318609625000001 0.9911105765625001 0.9182780749999999 0.9758389421875 0.21537433125 0.962096153125 0.227256684375 0.95140625 0.23065240625 0.9391899031250001 0.2238609625 0.9291298078124999 0.20652406406249998 0.9307908656249999 0.20858288749999998 0.9285 0.20179144375 0.9368990390624999 0.91318181875
0 0.8711826921875 0.2719144390625 0.8658894234375 0.8860160421875 0.8788701921875001 0.8928074859375 0.8865048078125 0.8911123 0.88803125 0.26460962499999996 0.8711826921875 0.2719144390625
0 0.7421923078125 0.8656417109375001 0.7544110578125001 0.8690374328124999 0.7696802890625001 0.3189411765625 0.7536105765625 0.3167486625 0.7521201921875 0.3189411765625 0.753646634375 0.3206417109375 0.7421923078125 0.8656417109375001
0 0.8674158656250001 0.2883796796875 0.83675 0.28312299531249996 0.8307644234374999 0.9165775406250001 0.858252403125 0.9233689843749999 0.8674158656250001 0.2883796796875