0 0.16304326875 0.1510687828125 0.16304326875 0.15393650781249998 0.1504519234375 0.7945502640625 0.1669519234375 0.8060211640625001 0.17129326875 0.327 0.1956105765625 0.2877989421875 0.199084134375 0.139597884375 0.1851875 0.1520264546875 0.1708581734375 0.15967195781250001 0.1637884609375 0.1458095234375 0.16304326875 0.1510687828125
0 0.5164447109375 0.8038148140624999 0.5476610578125001 0.7856772484375 0.5151442312500001 0.2367513234375 0.5155793265625 0.2100211640625 0.48687500000000006 0.2300687828125 0.5164447109375 0.8038148140624999
0 0.538990384375 0.217661375 0.5161514421875 0.2329365078125 0.54939423125 0.799042328125 0.571939903125 0.7818571421875 0.538990384375 0.217661375
0 0.33103125 0.17851851875 0.311216346875 0.1828148140625 0.3349326921875 0.8295925921875 0.3418701921875 0.842957671875 0.3509759609375 0.842005290625 0.35704326875 0.8324550265624999 0.33103125 0.17851851875
0 0.26169471093749996 0.20477777812500003 0.2530360578125 0.1957142859375 0.24762499999999998 0.8160952375000001 0.2527740390625 0.8327195765625 0.26238221093749997 0.8312116406250001 0.2754230765625 0.8221428578125 0.286747596875 0.8070317453125 0.283658653125 0.3377724875 0.298072115625 0.30905820156249997 0.297728365625 0.19344444375 0.28503124999999996 0.20099999999999998 0.27336298124999997 0.2062910046875 0.26169471093749996 0.20477777812500003
0 0.47222355781249997 0.22911640156250002 0.43547836562500003 0.245825396875 0.4618197109375 0.8066825390625001 0.48653124999999997 0.81717989375 0.47222355781249997 0.22911640156250002
0 0.39718028906249997 0.29212169375 0.41582451875000004 0.8104973546875 0.4314302890625 0.8124074078125 0.41582451875000004 0.28925925937499997 0.3964447109375 0.28734920625 0.39718028906249997 0.29212169375
0 0.4175576921875 0.308354496875 0.43619951874999996 0.8104973546875 0.45310817343750004 0.8133650796874999 0.434466346875 0.2978518515625 0.41856490312499994 0.3016719578125 0.4175576921875 0.308354496875
0 0.24901923125 0.321259259375 0.22829567343749999 0.333693121875 0.2242668265625 0.8165396828124999 0.24901923125 0.7955026453125 0.24901923125 0.321259259375
0 0.222966346875 0.8184497359374999 0.22764423125 0.32508465625 0.21645192343750003 0.324132275 0.215584134375 0.339428571875 0.21341346093750002 0.76968783125 0.213846153125 0.7993280421875 0.222966346875 0.8184497359374999
0 0.1665168265625 0.8261005296875 0.1769375 0.8289682546874999 0.1817139421875 0.341338625 0.1873605765625 0.324132275 0.16899999999999998 0.32938624375000003 0.1665168265625 0.8261005296875
0 0.31815625000000003 0.331730159375 0.2849639421875 0.3294603171875 0.286927884375 0.8304550265625 0.3160985578125 0.839523809375 0.31815625000000003 0.331730159375
0 0.1956105765625 0.34038624375 0.182685096875 0.34229629687499996 0.1769375 0.841396825 0.1903990390625 0.8385291 0.1956105765625 0.34038624375
0 0.10312019218749999 0.3088306875 0.073216346875 0.31361375625 0.05969951875 0.9025925921875 0.090528846875 0.9016349203124999 0.10312019218749999 0.3088306875