0 0.7419110578125 0.11255026406249999 0.72591826875 0.0853174609375 0.6330673078125 0.7796719578125 0.65698076875 0.7951005296875 0.7419110578125 0.11255026406249999
0 0.5868918265625 0.7515343921875 0.6000841343750001 0.7787619046875001 0.6182235578124999 0.7869312171875 0.634302884375 0.7787619046875001 0.7159375 0.169730159375 0.69161298125 0.1488518515625 0.67808173125 0.1198095234375 0.5868918265625 0.7515343921875
0 0.1493894234375 0.789656084375 0.1568125 0.798730159375 0.1720673078125 0.7969153437500001 0.18402163437500002 0.7851164015625 0.2083485578125 0.14068783125 0.1836105765625 0.1488518515625 0.17045673125 0.1443174609375 0.1493894234375 0.789656084375
0 0.686252403125 0.7932857140625 0.7654110578125 0.1733597890625 0.7501562500000001 0.1724550265625 0.742 0.1506719578125 0.6615144234375 0.7787619046875001 0.671822115625 0.7969153437500001 0.686252403125 0.7932857140625
0 0.5773461531249999 0.188788359375 0.5688052890625 0.161560846875 0.47180048125 0.7760370375 0.48293028906249996 0.8032698406250001 0.49694951875 0.8078042328124999 0.5122043265625 0.7951005296875 0.599197115625 0.19514285781250001 0.590127403125 0.1996825390625 0.5773461531249999 0.188788359375
0 0.68748798125 0.781486771875 0.7048052890625 0.8105290999999999 0.7221201921875 0.81325396875 0.7988076921875 0.1896984125 0.7909735578125 0.196957671875 0.778603365625 0.1860687828125 0.770040865625 0.158835978125 0.68748798125 0.781486771875
0 0.611278846875 0.20603703750000002 0.528283653125 0.7669629625 0.563740384375 0.7833015875 0.58064423125 0.7869312171875 0.6445480765625 0.264126984375 0.611278846875 0.20603703750000002
0 0.46396634687500005 0.22963492031250002 0.4545793265625 0.20331216875 0.3258485578125 0.7778518515624999 0.33780528906249996 0.8032698406250001 0.353060096875 0.80508465625 0.3699639421875 0.7951005296875 0.48993990312499996 0.2523280421875 0.476747596875 0.24597354531249999 0.46396634687500005 0.22963492031250002
0 0.441290865625 0.804174603125 0.547247596875 0.2214656078125 0.5361153843750001 0.218740740625 0.52715625 0.204222221875 0.4202644234375 0.790560846875 0.430158653125 0.8068994703125 0.441290865625 0.804174603125
0 0.8152980765625 0.23598941875 0.8005552890625 0.21148148125000002 0.72665625 0.7960052906249999 0.7468581734375 0.8078042328124999 0.8152980765625 0.23598941875
0 0.84910576875 0.18425396875 0.769947115625 0.8241428578125 0.77571875 0.842296296875 0.7897355765625 0.8386666671875 0.868072115625 0.20512698437500002 0.8577644234375 0.20875661406249998 0.849216346875 0.1896984125 0.84910576875 0.18425396875
0 0.8433341343749999 0.2151111109375 0.8244735578125001 0.191513228125 0.746033653125 0.8232380953125 0.7637620187499999 0.841391534375 0.8433341343749999 0.2151111109375
0 0.20633173125 0.315862434375 0.2623581734375 0.7969153437500001 0.2726634609375 0.7951005296875 0.27719951875 0.789656084375 0.222778846875 0.30315343906250003 0.20633173125 0.315862434375
0 0.38521875 0.7715026453125 0.3963509609375 0.781486771875 0.4070697109375 0.7869312171875 0.416552884375 0.7842063484375 0.501896634375 0.350354496875 0.490353365625 0.3322010578125 0.4813822109375 0.315862434375 0.38521875 0.7715026453125
0 0.9299134609375 0.2759259265625 0.8962259609375 0.2541428578125 0.8532283656249999 0.8604497359375 0.890334134375 0.8704338625 0.9299134609375 0.2759259265625
0 0.890334134375 0.3176772484375 0.8817932687500001 0.308597884375 0.826841346875 0.8068994703125 0.8396225968750001 0.8186984125000001 0.890334134375 0.3176772484375
0 0.9354014421875 0.269571428125 0.9014663468749999 0.8649894187499999 0.9175456734375 0.8695290999999999 0.9319759609375 0.8649894187499999 0.962072115625 0.2813703703125 0.9354014421875 0.269571428125
0 0.965783653125 0.8613597890625 0.9736177890625 0.5609259265625 0.9732043265625 0.278645503125 0.965091346875 0.277740740625 0.9447572109375001 0.85682010625 0.9521778843750001 0.8649894187499999 0.965783653125 0.8613597890625
0 0.8070528843749999 0.8268677249999999 0.8124110578125 0.8259576718750001 0.8721947109375 0.334920634375 0.8570504812499999 0.31949206406249997 0.7975697109375 0.8096243390625 0.7996322109375 0.8150687828125 0.8070528843749999 0.8268677249999999
0 0.0747860578125 0.3122328046875 0.058687500000000004 0.8985714281250001 0.0784759609375 0.9022010578125 0.09249519218749999 0.8994814812499999 0.10651201875 0.308597884375 0.0747860578125 0.3122328046875