0 0.7993990390625 0.1825212765625 0.7881105765624999 0.187957446875 0.777310096875 0.18143617031249998 0.7656322109375 0.158622340625 0.7645480765625 0.157537234375 0.6889543265625 0.78441489375 0.6972980765625 0.802882978125 0.7090793265625 0.8094042546875 0.7223317312499999 0.8094042546875 0.7993990390625 0.1825212765625
0 0.8116730765625 0.23467021250000003 0.7975456734375 0.21185638281250002 0.7282235578125 0.800712765625 0.74589423125 0.81483510625 0.8116730765625 0.23467021250000003
0 0.376185096875 0.8485159578125 0.38109375 0.8626382984375001 0.3914014421875 0.8615531921875 0.412509615625 0.83982446875 0.396310096875 0.1640531921875 0.3707860578125 0.185781915625 0.350252403125 0.1933882984375 0.376185096875 0.8485159578125
0 0.8416153843749999 0.21294148906250002 0.8216033656249999 0.187957446875 0.7444230765625 0.826787234375 0.7650384609375 0.8409095750000001 0.8416153843749999 0.21294148906250002
0 0.34133173125 0.1738297875 0.316865384375 0.18686702187499998 0.3491875 0.856122340625 0.369802884375 0.8409095750000001 0.34133173125 0.1738297875
0 0.7910552890625 0.8387393609375 0.86566826875 0.21185638281250002 0.853396634375 0.2107712765625 0.8470144234375001 0.185781915625 0.7704375 0.827872340625 0.7758389421875 0.8452553187499999 0.7910552890625 0.8387393609375
0 0.29273557656250004 0.337882978125 0.302552884375 0.3118085109375 0.3030456734375 0.1977340421875 0.2907740390625 0.20642553125 0.2731009609375 0.20751063906249997 0.2594206734375 0.1977340421875 0.24757692343749998 0.8213563828125 0.25935576875 0.8354787234375 0.27555528906250004 0.8289574468750001 0.2922451921875 0.8094042546875 0.29273557656250004 0.337882978125
0 0.876721153125 0.8668138296875 0.8906514421875 0.86975 0.9291177890625001 0.2759734046875 0.8943701921875 0.250281915625 0.853509615625 0.8572712765625001 0.86345673125 0.862409575 0.876721153125 0.8668138296875
0 0.8911947109374999 0.31941489375 0.8805240390625 0.30529255312500003 0.8273798078124999 0.8083191484375 0.8416153843749999 0.8180957453125 0.8911947109374999 0.31941489375
0 0.234322115625 0.8126648937500001 0.24512259687500002 0.8072287234375001 0.25052163437499997 0.31724468125 0.2206322109375 0.32267553125 0.214197115625 0.8050585109374999 0.2235240390625 0.8159202125 0.234322115625 0.8126648937500001
0 0.9238125 0.8712180843749999 0.931771634375 0.8690159578125 0.9609543265625 0.2847765953125 0.9358341343750001 0.2723031921875 0.903252403125 0.8653457453125 0.9108798078125 0.8704840421875 0.9238125 0.8712180843749999
0 0.97421875 0.618 0.9738870187499999 0.479281915625 0.9735552890625 0.2811063828125 0.965021634375 0.2796382984375 0.955646634375 0.5137765953125 0.9437091343749999 0.8616755312500001 0.9486826921875 0.8653457453125 0.9566418265625 0.8653457453125 0.9675865390625 0.8587393609375 0.97421875 0.618
0 0.8715576921875 0.331367021875 0.8564639421875 0.31615425468749997 0.7974375 0.81483510625 0.8121634609375 0.8322180843749999 0.8715576921875 0.331367021875
0 0.1881802890625 0.331367021875 0.17447836562500002 0.32810638281250004 0.1675625 0.8365638296875 0.1768894234375 0.8354787234375 0.1881802890625 0.331367021875
0 0.32660576875 0.331367021875 0.294771634375 0.336797871875 0.2907740390625 0.8387393609375 0.32415144218749997 0.8376489359375 0.32660576875 0.331367021875
0 0.18675240312500002 0.3444042546875 0.1763990390625 0.8441702125000001 0.183271634375 0.8474308515625 0.1891610578125 0.84308510625 0.1999615390625 0.3433191484375 0.18675240312500002 0.3444042546875
0 0.105221153125 0.3118085109375 0.07382451875 0.3150691484375 0.061533653125 0.90392553125 0.092459134375 0.8995797874999999 0.105221153125 0.3118085109375