0 0.189533575 0.1498690734375 0.17231109375 0.14195145468749998 0.14925535625 0.792326725 0.1626814140625 0.793457740625 0.189533575 0.7470832015625 0.20915628125 0.1453447140625 0.189533575 0.1498690734375
0 0.857631321875 0.2166032171875 0.8488527046875 0.19171931250000002 0.759001290625 0.812686296875 0.761066809375 0.8341768890625 0.7791404015625 0.8285214875 0.866409846875 0.21773431250000003 0.857631321875 0.2166032171875
0 0.7244033171875001 0.8149484390625 0.7466079921875 0.8341768890625 0.8436888625 0.2166032171875 0.8232300890625 0.19285038593749998 0.7244033171875001 0.8149484390625
0 0.8483363484374999 0.8488810578124999 0.8891309250000001 0.85340544375 0.9278599828124999 0.27768193124999996 0.8921965078125 0.2539290953125 0.8483363484374999 0.8488810578124999
0 0.8328447265625 0.805899771875 0.88396708125 0.3693000046875 0.8891309250000001 0.3195321953125 0.876698434375 0.30822129062500003 0.815287490625 0.7991132546874999 0.8328447265625 0.805899771875
0 0.78585340625 0.810424053125 0.804443353125 0.820603840625 0.870024621875 0.33423631249999997 0.85422623125 0.3184010734375 0.78585340625 0.810424053125
0 0.9190813656250001 0.8681095031250001 0.9314746640625 0.8556675765625 0.9603923921874999 0.27881305312500004 0.9332663968749999 0.2708954078125 0.8994587062500001 0.8579297203125 0.9190813656250001 0.8681095031250001
0 0.966589040625 0.8567987031250001 0.9722693343750001 0.574026840625 0.971752884375 0.2810751953125 0.9624579109375 0.2765508625 0.9443844140625 0.8624541062500001 0.966589040625 0.8567987031250001
0 0.057854754687499996 0.89412458125 0.09090354375000001 0.897517846875 0.107427971875 0.30822129062500003 0.073898340625 0.3099179203125 0.07231359375 0.313876740625 0.057854754687499996 0.89412458125
0 0.2040821390625 0.6356710640625 0.195213821875 0.6860044875 0.192115496875 0.7301168890625 0.48284160781249996 0.7063640578125 0.48335805781249996 0.6543340046874999 0.49265303437499997 0.6011729359375 0.2040821390625 0.6356710640625
0 0.3852443828125 0.8251282218749999 0.3852443828125 0.7979821328125001 0.160615846875 0.8002442703125 0.1585503296875 0.8307836249999999 0.3852443828125 0.8251282218749999