0 0.638790865625 0.09756038593750001 0.6164014421874999 0.0725603859375 0.5206778843750001 0.9354106281250001 0.55188701875 0.9447536234375 0.638790865625 0.09756038593750001
0 0.7910697109375 0.1411932359375 0.7704663468749999 0.8991304343750001 0.778247596875 0.90599516875 0.7992235578125 0.9010917875000001 0.8206875 0.1426666671875 0.7910697109375 0.1411932359375
0 0.6626322109375 0.139231884375 0.5972644234375 0.9001111109375 0.618728365625 0.9138405796875 0.6439495187500001 0.9154396140625 0.6714134609375 0.8975362312499999 0.7292572109375 0.15799516875 0.66323798125 0.139231884375 0.6626322109375 0.139231884375
0 0.521165865625 0.9150628015625 0.6060456734375 0.1676666671875 0.5945985578124999 0.163685990625 0.5826298078125001 0.14903864687499999 0.483115384375 0.9118792265625 0.5060432687499999 0.92854589375 0.521165865625 0.9150628015625
0 0.42018750000000005 0.9177632843750001 0.44332451875 0.93835265625 0.47482451875000004 0.9264782609375001 0.57238701875 0.1774734296875 0.553346153125 0.1776570046875 0.5389855765625 0.172690821875 0.5280913468749999 0.1568840578125 0.42018750000000005 0.9177632843750001
0 0.9123966343750001 0.8922125609375 0.9186177890625 0.1882608703125 0.88946875 0.1951207734375 0.8613269234375001 0.1882608703125 0.8538581734375 0.9050144921875001 0.884591346875 0.91382125625 0.9123966343750001 0.8922125609375
0 0.9296322109374999 0.2892512078125 0.9278725968750001 0.8403816421875 0.9465144234375 0.8363768109375 0.9509350968750001 0.29513526562500003 0.9296322109374999 0.2892512078125
0 0.9658798078125 0.2970338171875 0.9520769234375001 0.2941545890625 0.945228365625 0.8442222218750001 0.9670336531249999 0.8471642515625 0.9658798078125 0.2970338171875
0 0.7875769234375001 0.258 0.7212980765625 0.253951690625 0.70066826875 0.9050144921875001 0.768978365625 0.9010917875000001 0.7875769234375001 0.258
0 0.5015168265625001 0.2412077296875 0.49457932656250003 0.240227053125 0.4845625 0.2374347828125 0.47686057656249997 0.22355555625 0.37370673125 0.92854589375 0.40493028906250006 0.940584540625 0.5015168265625001 0.2412077296875
0 0.8562980765624999 0.3078792265625 0.8247331734375001 0.31082125625 0.82111298125 0.8746183578125001 0.84995673125 0.8706956515625001 0.8562980765624999 0.3078792265625