0 0.4641634609375 0.2706808515625 0.3640384609375 0.80900531875 0.3869831734375 0.8305372343749999 0.4836322109375 0.20454255312499997 0.4641634609375 0.1783989359375 0.46364423125 0.1631542546875 0.4592956734375 0.2137712765625 0.4641634609375 0.2706808515625
0 0.459990384375 0.9074414890625 0.4787644234375 0.9074414890625 0.57958173125 0.133792553125 0.5565072109375 0.10312765937499999 0.5531610578125 0.1076489359375 0.459990384375 0.8736063828124999 0.459990384375 0.9074414890625
0 0.6171298078125 0.1460957453125 0.608091346875 0.184547871875 0.62338701875 0.261452128125 0.53716826875 0.8582234046874999 0.5747163468750001 0.878218084375 0.6720576921875 0.22146276562499997 0.6138918265625 0.1400638296875 0.6171298078125 0.1460957453125
0 0.672802884375 0.833159575 0.685947115625 0.8432712765625 0.7791009609375 0.19853723437499998 0.7541322109374999 0.1758457453125 0.7362379812500001 0.2832393609375 0.7425240390625001 0.30725531875 0.672802884375 0.833159575
0 0.7110937500000001 0.8622340421875 0.7922451921875 0.3085212765625 0.8088173078124999 0.22508510625000003 0.78071875 0.1872340421875 0.780814903125 0.1972765953125 0.685947115625 0.829367021875 0.7110937500000001 0.8622340421875
0 0.8733966343749999 0.21370744687499998 0.8621899031250001 0.181542553125 0.8425360578125 0.294617021875 0.8476778843749999 0.32116489375 0.780814903125 0.859707446875 0.792814903125 0.8824627656249999 0.8053894234375001 0.8849893609375 0.89111298125 0.21749999999999997 0.8733966343749999 0.21370744687499998
0 0.32788221093750003 0.8720691484374999 0.3445697109375 0.8689893609375 0.465552884375 0.2660691484375 0.45720913437500005 0.25991489375 0.4398269234375 0.2491489359375 0.420865384375 0.2000957453125 0.41618750000000004 0.21223404218750003 0.421052884375 0.256840425 0.3070240390625 0.82592553125 0.3146730765625 0.850531915625 0.32788221093750003 0.8720691484374999
0 0.38559375 0.224542553125 0.2618293265625 0.8397659578125 0.27086778906250003 0.8689893609375 0.2875552890625 0.8905265953124999 0.4231394234375 0.2537606390625 0.4050625 0.2399202125 0.3869831734375 0.21685106406250002 0.38559375 0.224542553125
0 0.678314903125 0.2353085109375 0.58792548125 0.8766808515625 0.59348798125 0.8889840421875 0.6066995187499999 0.8874468078125 0.6998701921875 0.24299468124999998 0.6887451921875 0.23838297812499998 0.6806682687500001 0.21856382968750002 0.678314903125 0.2353085109375
0 0.699247596875 0.255547871875 0.6985192312499999 0.24910638281250003 0.6167980765625 0.8268351062500001 0.6613725968749999 0.8736117015625 0.740810096875 0.3047287234375 0.699247596875 0.255547871875
0 0.7933870187500001 0.309787234375 0.7933870187500001 0.3047287234375 0.72023798125 0.8141968078125 0.72823798125 0.81925 0.8019591343749999 0.32116489375 0.7933870187500001 0.309787234375
0 0.4803389421875 0.23934042500000002 0.482240384375 0.258377659375 0.40992788437499994 0.8751436171875 0.44400000000000006 0.9105212765624999 0.5246538468749999 0.279909575 0.4803389421875 0.23934042500000002
0 0.48502163437499995 0.885909575 0.494060096875 0.9089787234375001 0.510747596875 0.9305159578125 0.5288269234375 0.9289734046874999 0.6226923078125 0.26298936093749997 0.6066995187499999 0.2491489359375 0.5865360578125001 0.223 0.48502163437499995 0.885909575
0 0.940259615625 0.294617021875 0.9076418265624999 0.26883510625 0.8505360578125 0.8634999999999999 0.8819687500000001 0.8849893609375 0.940259615625 0.294617021875
0 0.8465360578125001 0.33254255312500003 0.8259615390624999 0.309787234375 0.7568125 0.897632978125 0.772814903125 0.9140638296875 0.835677884375 0.42482446874999996 0.8465360578125001 0.33254255312500003