0 0.6607167953124999 0.7745108578125001 0.672081178125 0.7880855343750001 0.6800018078125001 0.7880855343750001 0.6892999375 0.7790357453125 0.7636849812500001 0.163650296875 0.7550756015625 0.1696834921875 0.747499346875 0.162142 0.7399873 0.147813175 0.6607167953124999 0.7745108578125001
0 0.17064930312499998 0.1825899359375 0.15179497343749998 0.793669825 0.1622696015625 0.7955049 0.169392346875 0.783576915625 0.1878276921875 0.75146310625 0.205425065625 0.1449709046875 0.1865707359375 0.15231120625 0.17364456718750002 0.1504761265625 0.17064930312499998 0.1825899359375
0 0.7757381125 0.178733275 0.7675427406249999 0.15987955 0.690333065625 0.7722484125 0.6937768156249999 0.780544046875 0.7003199453125 0.793364571875 0.7106512015625001 0.8016602171875 0.72304870625 0.7978894703125 0.797089378125 0.1809957203125 0.7853806203125 0.1862747625 0.7757381125 0.178733275
0 0.811897509375 0.2292612484375 0.7999203796875001 0.21040752343750002 0.79605625 0.2119158203125 0.7289030859375 0.793364571875 0.744744346875 0.8054309578125001 0.7833143671875 0.500754825 0.811897509375 0.2292612484375
0 0.8401362765625 0.20965338125000002 0.8236869453125 0.190045503125 0.744399971875 0.8144807406250001 0.7505987234375 0.8242846765625 0.757141853125 0.831072021875 0.7640293578125 0.833334465625 0.8401362765625 0.20965338125000002
0 0.7805593671875 0.8348427624999999 0.789513121875 0.831072021875 0.866308790625 0.20663677812499998 0.8552887859375 0.20512848749999998 0.8477979546875 0.192307953125 0.7698837359375 0.8159890421875 0.7733274875 0.833334465625 0.7805593671875 0.8348427624999999
0 0.9076338156249999 0.2579189046875 0.8946422 0.2511315609375 0.851500659375 0.8461549953124999 0.8576994109375 0.8506798890624999 0.8669975437499999 0.8529423328125001 0.8787062984375 0.85595893125 0.8900706796875 0.8589755234374999 0.9282963296875 0.275264328125 0.9203756999999999 0.2677228359375 0.9076338156249999 0.2579189046875
0 0.82705001875 0.7993977671875 0.8408250265625 0.8061851062500001 0.8893819296875 0.315988365625 0.8808644781250001 0.30995517499999997 0.82705001875 0.7993977671875
0 0.9131438203125001 0.8635004187499999 0.920720075 0.864254565625 0.928353121875 0.8658748734374999 0.960044996875 0.2776087359375 0.935365565625 0.2676941421875 0.9010906875 0.8544506296875 0.905567565625 0.859729671875 0.9131438203125001 0.8635004187499999
0 0.9643690078124999 0.2767917296875 0.9436689421875 0.8538321156249999 0.9539518796875001 0.8594617781249999 0.9659486390625001 0.8482024609375 0.972803928125 0.6183245765625001 0.9715185625 0.2786682859375 0.9643690078124999 0.2767917296875
0 0.800877503125 0.816743190625 0.811553134375 0.8257929734375 0.86940816875 0.3310713390625 0.8570979140625001 0.31749665625 0.796745 0.8069392546874999 0.800877503125 0.816743190625
0 0.0906231484375 0.8945989359375 0.09648894218750001 0.6633795124999999 0.10696357031249999 0.31196270312499996 0.0734874234375 0.31104516875 0.060037240625 0.8955164765625 0.0906231484375 0.8945989359375
0 0.19620739375000001 0.6707198140624999 0.1928555125 0.7046686984375 0.1945314515625 0.73402989375 0.4848881203125 0.7037511640624999 0.4827931921875 0.678060115625 0.48405014843750005 0.6477813859375 0.48907796875000004 0.6037395875 0.2038174296875 0.640441084375 0.19620739375000001 0.6707198140624999
0 0.38516966875 0.8230310218750001 0.385588653125 0.7918347515625 0.163586946875 0.80009258125 0.158917721875 0.832206396875 0.38516966875 0.8230310218750001