0 0.3613293265625 0.7347925531249999 0.373197115625 0.728787234375 0.48816105781249997 0.174877659375 0.478665865625 0.168872340625 0.46883173125 0.1538617015625 0.4610865390625 0.12684574531249998 0.3392860578125 0.7085265953125 0.35081490312499997 0.729542553125 0.3613293265625 0.7347925531249999
0 0.39083173125 0.7475531921874999 0.40304086562499997 0.7565585109375 0.5227524031249999 0.160617021875 0.5197019234375 0.155367021875 0.5119014421875 0.1388510640625 0.5075552890624999 0.11183510625 0.3765889421875 0.7130265953125 0.3813365390625 0.7325425531249999 0.39083173125 0.7475531921874999
0 0.310459134375 0.7325425531249999 0.3294519234375 0.738547871875 0.42203125 0.2334202125 0.412197115625 0.20715425468749998 0.4040576921875 0.18913829843750002 0.396978365625 0.164372340625 0.279259615625 0.7070212765624999 0.29519951875 0.719031915625 0.310459134375 0.7325425531249999
0 0.8527572109375001 0.1501117015625 0.834877403125 0.1396010640625 0.79917548125 0.795590425 0.81579326875 0.8030957453124999 0.8486899031249999 0.17112765937500002 0.8510624999999999 0.165122340625 0.8527572109375001 0.1501117015625
0 0.45730048125 0.7828297875 0.467814903125 0.77382446875 0.58583173125 0.2018989359375 0.577353365625 0.2041489359375 0.568875 0.19439361718749998 0.562165865625 0.171877659375 0.44000721093750006 0.7573085109375 0.4467884609375 0.7798297875 0.45730048125 0.7828297875
0 0.5363173078125001 0.170377659375 0.5282451921875 0.1366010640625 0.3935456734375 0.8091010640625 0.412197115625 0.8331170218749999 0.5363173078125001 0.170377659375
0 0.8327500000000001 0.844377659375 0.8697139421875001 0.177882978125 0.8578461531249999 0.183132978125 0.8494615390625 0.17112765937500002 0.8144375 0.8271117015625 0.8140985578125 0.834617021875 0.819185096875 0.8496276593750001 0.8327500000000001 0.844377659375
0 0.78832451875 0.840622340625 0.822915865625 0.181632978125 0.8093509609374999 0.1846382984375 0.8046875 0.177132978125 0.766959134375 0.8383723406250001 0.7700120187499999 0.845877659375 0.7764543265625 0.848877659375 0.78832451875 0.840622340625
0 0.5722644234375001 0.8398723406249999 0.5848125 0.8383723406250001 0.7096105765625 0.24993617031249998 0.69570673125 0.24318085156249997 0.6882475968749999 0.2319202125 0.683596153125 0.20940425468749999 0.5556490390625 0.8098510640625 0.5617524031250001 0.8286117015625001 0.5722644234375001 0.8398723406249999
0 0.8806418265625 0.7765531921875 0.8862115390625 0.779632978125 0.89178125 0.7786063828125 0.9024543265625 0.2732340421875 0.8942355765625001 0.2701489359375 0.8806418265625 0.7765531921875
0 0.9725360578125001 0.24138829843749998 0.9439038468750001 0.2434414890625 0.9381923078125001 0.8186702125 0.9456177890624999 0.8207234046874999 0.9549014421875001 0.8196968078125 0.9660384609375001 0.8186702125 0.9725360578125001 0.24138829843749998
0 0.9159158656249999 0.8289414890625 0.9289110578124999 0.826882978125 0.94051201875 0.2455 0.92798076875 0.24652659531249999 0.91544951875 0.2455 0.9030552890625 0.2434414890625 0.8908533656250001 0.8258563828125001 0.9005985578125 0.829968084375 0.9159158656249999 0.8289414890625
0 0.6163509609375 0.282957446875 0.6059206734375 0.2514361703125 0.49087500000000006 0.8188563828125 0.508509615625 0.836867021875 0.6163509609375 0.282957446875
0 0.6333076921874999 0.7753244687499999 0.637377403125 0.7805797875 0.6431418265625 0.7903351062499999 0.726228365625 0.3355 0.716497596875 0.3197340421875 0.6333076921874999 0.7753244687499999
0 0.6441610578125 0.33099468125 0.622540865625 0.289712765625 0.5135961531250001 0.8256117015625 0.520040865625 0.833867021875 0.532247596875 0.840622340625 0.5431009609374999 0.8436223406250001 0.6441610578125 0.33099468125
0 0.644872596875 0.7858297875 0.649622596875 0.8023457453124999 0.654709134375 0.8143510640624999 0.7330456734374999 0.3745265953125 0.7202283656249999 0.3527606390625 0.644872596875 0.7858297875
0 0.6648822109375 0.8286117015625001 0.67607451875 0.8233617015625001 0.750002403125 0.38878723437499996 0.7337980765625 0.3767765953125 0.65403125 0.8226063828125 0.6648822109375 0.8286117015625001
0 0.8495456734375001 0.8813244687499999 0.8764639421875 0.33691489375 0.867646634375 0.33794680781249997 0.8589543265625 0.33075531874999997 0.8309807687499999 0.8710531921875001 0.83330048125 0.8720797875 0.839334134375 0.8792712765624999 0.8495456734375001 0.8813244687499999
0 0.5888822109375 0.8271117015625 0.595665865625 0.8383723406250001 0.602447115625 0.840622340625 0.6960456734375 0.38278191562499997 0.683596153125 0.3730265953125 0.5888822109375 0.8271117015625
0 0.7489855765625 0.8743989359375 0.7581418265625001 0.8691436171875001 0.7859495187500001 0.3587659578125 0.77916826875 0.3565159578125 0.768653846875 0.3557659578125 0.7548269234375 0.3505106390625 0.7255865390625 0.8713936171875 0.7337259609375 0.8736489359374999 0.7489855765625 0.8743989359375