0 0.676402409375 0.05867149687499999 0.6753060234375 0.0575700484375 0.6171879515625001 0.9382318843749999 0.6489879515625 0.9547246375 0.71039518125 0.0740628015625 0.676402409375 0.05867149687499999
0 0.5683927703125 0.1400289859375 0.557460240625 0.12976811562499999 0.5097277109375 0.8997487921875 0.5179518078124999 0.9052463765625 0.5239831328125 0.90854589375 0.5305614453125 0.90854589375 0.5826481921875 0.1389323671875 0.5799060234375 0.1455265703125 0.5683927703125 0.1400289859375
0 0.6632433734375 0.1565217390625 0.641313253125 0.1510241546875 0.6122530125 0.13563285 0.585975903125 0.11364251249999999 0.5387855421875 0.9008502421875001 0.557975903125 0.92063768125 0.5771638546875 0.9327343000000001 0.594708434375 0.9382318843749999 0.6089638546875 0.9283381640625 0.6632433734375 0.1565217390625
0 0.7235542171875 0.13563285 0.7088192765625 0.1268357484375 0.6522771078125 0.89645410625 0.6632433734375 0.9140434781250001 0.6857228921875 0.9272367156250001 0.7005253015624999 0.93053623125 0.7520626499999999 0.143328503125 0.7416457828125 0.142231884375 0.7235542171875 0.13563285
0 0.29778554218750003 0.9372318843749999 0.353231325 0.141043478125 0.348771084375 0.14487922656250002 0.33857349375 0.14487922656250002 0.327739759375 0.1359323671875 0.3181807234375 0.13082125625000002 0.261460240625 0.924449275 0.27165542187499997 0.934676328125 0.2786674703125 0.9410628015625001 0.28886265 0.9410628015625001 0.29778554218750003 0.9372318843749999
0 0.42761445781249996 0.165869565625 0.40121927656249995 0.1520193234375 0.333631325 0.9359371984375 0.3614216875 0.95417874375 0.42761445781249996 0.165869565625
0 0.77454216875 0.18510627968749999 0.749033734375 0.1796086953125 0.7394530125000001 0.9184396140625 0.7679638546875001 0.9294347828125 0.77454216875 0.18510627968749999
0 0.865250603125 0.1506570046875 0.8498987953125001 0.141864734375 0.868539759375 0.9532560390624999 0.8855349390624999 0.96535265625 0.8997903609375 0.9697487921875 0.9134987953125 0.9675507250000001 0.897597590625 0.1451594203125 0.8811493968749999 0.1484589375 0.865250603125 0.1506570046875
0 0.46399518124999994 0.1820772953125 0.45843855468749994 0.18410627968749999 0.44732048124999996 0.180053140625 0.4355855421875 0.169584540625 0.3695060234375 0.9501256031249999 0.3730433734375 0.9673478265625001 0.380118071875 0.979507246875 0.3907301203125 0.9805217390625 0.399318071875 0.9764685984374999 0.46399518124999994 0.1820772953125
0 0.43620481875 0.9187149765625 0.5069445781249999 0.9420193234375001 0.5478746984375 0.26617874375 0.5367566265625 0.2611111109375 0.516544578125 0.2509806765625 0.4933036140625 0.23780676406249998 0.47551325312500003 0.2290289859375 0.43620481875 0.9187149765625
0 0.3513518078125 0.24794202968749998 0.3023036140625 0.9217536234375 0.31746265 0.9318840578125 0.3306 0.9298599031249999 0.3780963859375 0.2509806765625 0.3513518078125 0.24794202968749998
0 0.9655831328125 0.9983333328124999 0.9825807234375 0.9972367156249999 0.9913518078125 0.9862415453125 0.973260240625 0.2034347828125 0.9639397593749999 0.21332850312499999 0.9496843374999999 0.2144251203125 0.9293975906249999 0.2177246375 0.9084361453125 0.2030676328125 0.926655421875 0.9741449281250001 0.9332361453125 0.9818405796875 0.94639518125 0.9917391296875 0.9655831328125 0.9983333328124999
0 0.4705638546875 0.30671014531249996 0.45714939687499995 0.30062801875 0.4053831328125 0.9156763281250001 0.417508434375 0.923777778125 0.4705638546875 0.30671014531249996
0 0.8482530125000001 0.27049758437500004 0.7928771078125 0.2672028984375 0.7967156625 0.9741449281250001 0.8498987953125001 0.9829420296875 0.8482530125000001 0.27049758437500004
0 0.25446265 0.32635265625 0.2538120484375 0.32635265625 0.2174843375 0.9448985499999999 0.25891084375 0.9564009656250001 0.29778554218750003 0.3455217390625 0.25446265 0.32635265625