0 0.707869946875 0.067212821875 0.6733969859375 0.054389985937499996 0.6677850859375 0.1136955453125 0.610062959375 0.9151214203125001 0.61326976875 0.932752884375 0.6445359203125001 0.94717855 0.707869946875 0.067212821875
0 0.5042390578125 0.9039015499999999 0.5282899453125001 0.9055043093749999 0.580400246875 0.1345325984375 0.5766343828125 0.148359396875 0.557952728125 0.12972404375 0.54432391875 0.240320821875 0.547530653125 0.2691721546875 0.5042390578125 0.9039015499999999
0 0.6982495906249999 0.9247385265625001 0.7495581015624999 0.1393411546875 0.7471530125 0.14094398125000002 0.70305976875 0.11850410625 0.6493460984375 0.9022986515625 0.6982495906249999 0.9247385265625001
0 0.6036494140625 0.9247385265625001 0.6584325390625 0.13633025625 0.6413291125 0.1361354296875 0.622890121875 0.1393411546875 0.6004426031250001 0.12972404375 0.5795985265625 0.1201069328125 0.529091665625 0.8974900968749999 0.549134096875 0.9247385265625001 0.577995159375 0.932752884375 0.6036494140625 0.9247385265625001
0 0.314237053125 0.1345325984375 0.26052341874999996 0.9231357734375001 0.2725488625 0.940767096875 0.29259125468749997 0.9359585359375 0.34710664687500004 0.2547464875 0.3543219140625 0.148958265625 0.3334777625 0.14575253593749998 0.31560203593749997 0.1267069375 0.314237053125 0.1345325984375
0 0.8786312421875 0.9583984203125 0.9082939546875 0.953589859375 0.892260053125 0.14254688437500002 0.8714159765625 0.144149709375 0.8601921796875001 0.148958265625 0.8465633671875 0.1361354296875 0.8424783874999999 0.1267069375 0.8617956203125001 0.9439727484375 0.8786312421875 0.9583984203125
0 0.41664681562499994 0.1459535609375 0.399216878125 0.137738328125 0.332676115625 0.9295470828125 0.3583303703125 0.9503842078125 0.42807794218749995 0.17300104375 0.42086267499999996 0.1505610921875 0.41664681562499994 0.1459535609375
0 0.731920834375 0.9119157640625 0.75917845625 0.9199299703125 0.7727093703125 0.18444681093749998 0.739937746875 0.17941242968749999 0.731920834375 0.9119157640625
0 0.46014581562499995 0.17941242968749999 0.43529320625 0.17139821718749998 0.3687524453125 0.94717855 0.3775710796875 0.9696184296875 0.3960100671875 0.9648098703124999 0.46575763906249995 0.181015328125 0.46014581562499995 0.17941242968749999
0 0.43368983906249997 0.9103128593750001 0.5050407781249999 0.932752884375 0.547530653125 0.2515407578125 0.474576346875 0.224292328125 0.47297290312499995 0.224292328125 0.43368983906249997 0.9103128593750001
0 0.375165990625 0.2515407578125 0.3495116640625 0.240320821875 0.298203153125 0.91993004375 0.303814978125 0.93595846875 0.3302709546875 0.9327528109375001 0.3767693578125 0.26115787031250004 0.375165990625 0.2515407578125
0 0.9219228390625 0.2114694875 0.905029915625 0.194070125 0.9018804093749999 0.20505810625 0.9171126609375 0.9583984203125 0.9443702843749999 0.9808384390624999 0.9668178749999999 0.9904555500000001 0.98445514375 0.9696184296875 0.9684211703125 0.20505810625 0.9395601062500001 0.2114694875 0.9219228390625 0.2114694875
0 0.4152507765625 0.9183272171875 0.47217125781249997 0.30283204375 0.4683721171875 0.29030325156250003 0.45293054843749997 0.29161210625 0.40082024531249993 0.9151214203125001 0.4152507765625 0.9183272171875
0 0.78803951875 0.9583984203125 0.843356559375 0.9776326375 0.850571825 0.26276076875 0.7859414250000001 0.2710566234375 0.7888412406249999 0.27077498125 0.78803951875 0.9583984203125