0 0.64152464375 0.8143309953125 0.6884106109375 0.06976790000000001 0.674035496875 0.053023603125 0.6736313515625 0.058605053124999994 0.6231779562499999 0.8042844234375 0.64152464375 0.8143309953125
0 0.7253846078125 0.12111708437499999 0.7167208625 0.12558224375 0.7065282734375 0.12334964531249999 0.7030965124999999 0.10995421093749999 0.663719334375 0.745121275 0.6739119234375 0.76409810625 0.6835949140625 0.7629817890624999 0.6927682578125001 0.7529352109375 0.7253846078125 0.12111708437499999
0 0.6912680046874999 0.7663306453125001 0.7126724734375001 0.781958725 0.745798425 0.142326534375 0.7275689468750001 0.1300473703125 0.6912680046874999 0.7663306453125001
0 0.737644371875 0.7752610046874999 0.7672028937500001 0.1490242546875 0.7482175625 0.13339622812500002 0.7167494999999999 0.761865565625 0.720316928125 0.7841912640625 0.737644371875 0.7752610046874999
0 0.9244655234374999 0.758516709375 0.9519855578125 0.761865565625 0.9514759109375 0.20707113281249998 0.9294665265625 0.21041999531250002 0.9244655234374999 0.758516709375
0 0.764654759375 0.7484701328125001 0.7896266562500001 0.25283889375 0.7734547593750001 0.2372108671875 0.7738281031249999 0.2427923171875 0.7493658515625 0.7283769734375001 0.764654759375 0.7484701328125001
0 0.8413696875 0.21488517499999998 0.8285177359375 0.217117709375 0.8113015171875 0.7741446828125 0.8449371125 0.7808424078125 0.8602260218750001 0.246141175 0.8612452671874999 0.223815434375 0.8536008125000001 0.217117709375 0.8413696875 0.21488517499999998
0 0.953004803125 0.1791639890625 0.9524952015625001 0.8321916140625 0.9637070359375001 0.8444707296875 0.9759381640625 0.8422381953125001 0.9715285218749999 0.1903268359375 0.9631974375000001 0.1914431328125 0.953004803125 0.1791639890625
0 0.599949384375 0.527445365625 0.6035167671874999 0.4805613328125 0.35359956718749996 0.46158445 0.3461535234375 0.474979878125 0.3390186703125 0.5129336515625 0.34105720625 0.5475385125 0.6081034375 0.5631665453125 0.599949384375 0.5497711062499999 0.599949384375 0.527445365625
0 0.7970318562500001 0.765214428125 0.8097726281250001 0.765214428125 0.8271000718750001 0.2662343328125 0.8147519921875 0.26400174062500004 0.7970318562500001 0.765214428125
0 0.8857336078125 0.8087495984374999 0.9081573703125001 0.8054007406249999 0.9178403156250001 0.23609459843749997 0.89734645625 0.24390858125 0.8857336078125 0.8087495984374999
0 0.7850399859375 0.7953541640624999 0.8038962734374999 0.29302520625 0.78951479375 0.2907926140625 0.788607365625 0.2963740640625 0.7712799687499999 0.79312151875 0.7850399859375 0.7953541640624999
0 0.8454633046875 0.8344241531250001 0.877060365625 0.8266101156250001 0.8872529546875001 0.25842034375 0.859873040625 0.2539551640625 0.8454633046875 0.8344241531250001
0 0.6019878750000001 0.634608915625 0.599439740625 0.5910736875 0.35283480312500004 0.57879451875 0.35277868749999997 0.6212134765624999 0.6019878750000001 0.634608915625
0 0.5515083890625 0.78921455 0.5489602546875 0.7646562171875 0.5474313625 0.74567938125 0.5520180359375 0.7121907890625 0.233531690625 0.7947959531250001 0.22789320000000002 0.8249356828125001 0.22330652812500001 0.8550754234375001 0.2207583703125 0.8907966515625001 0.2273835546875 0.8997269093750001 0.5515083890625 0.78921455