0 0.4129783359375 0.8964168359375 0.554450153125 0.0813393859375 0.5183605890625 0.056794810937499995 0.5192547140625 0.0675244875 0.383303740625 0.8839834062499999 0.4129783359375 0.8964168359375
0 0.4495539296875 0.8770760718749999 0.475777965625 0.8756945265624999 0.5993070140625 0.1545581734375 0.573082978125 0.14488777343749998 0.563421478125 0.1338358640625 0.5584967453125 0.11635169062499999 0.558590728125 0.10758761406249999 0.43161120000000003 0.8466832656250001 0.43644195 0.8577351546875001 0.4495539296875 0.8770760718749999
0 0.674528646875 0.86602410625 0.6986823156249999 0.8425387875 0.8049587328125 0.1946213234375 0.7946071375 0.18909538125 0.7683831015625 0.1780434546875 0.7539986703125 0.1526037 0.7483700046874999 0.14903223125 0.6386431109374999 0.8259609609374999 0.6510649921875 0.8494462796875 0.674528646875 0.86602410625
0 0.7097240859375 0.16008415468749998 0.69444179375 0.12670941093750002 0.692471375 0.135217371875 0.5765335359375 0.8756945265624999 0.5999971109375 0.89779838125 0.6186300140625 0.8895094296874999 0.7380184109375 0.164228609375 0.7097240859375 0.16008415468749998
0 0.505452559375 0.895035290625 0.6144893609375 0.208436221875 0.5921593296875 0.178498 0.5917158828125 0.183569434375 0.47784833125 0.8756945265624999 0.505452559375 0.895035290625
0 0.5723928828125 0.8756945265624999 0.6662473390625 0.2360659375 0.6310007718749999 0.2095711546875 0.625531053125 0.2042917390625 0.519944809375 0.8522092906250001 0.5723928828125 0.8756945265624999
0 0.8008180796875 0.8425387875 0.87880009375 0.2996143625 0.8653441390625 0.282075178125 0.8580969015625 0.27474761875000003 0.7828753515625 0.8342499125 0.8008180796875 0.8425387875
0 0.83463340625 0.3148106859375 0.822901540625 0.41289627968750003 0.7580315046874999 0.832868371875 0.773903946875 0.8411573234375 0.8580969015625 0.3065217734375 0.8394640765625001 0.28994394218749997 0.83463340625 0.3148106859375
0 0.91951645625 0.2029102359375 0.902890865625 0.1681402796875 0.7973676015625 0.9350985171874999 0.8380838875000001 0.9765431296875 0.8594772531249999 0.9544392796875 0.96644360625 0.20014730468750003 0.9422900140625 0.207054671875 0.91951645625 0.2029102359375
0 0.7200756828125 0.8563537640625001 0.8042686375000001 0.3272440828125 0.7925368515625 0.30375884062499997 0.7863258296875 0.30375884062499997 0.704203240625 0.832868371875 0.7200756828125 0.8563537640625001
0 0.81185976875 0.86602410625 0.8857012093750001 0.296851353125 0.8782912859374999 0.295022328125 0.87465951875 0.2996143625 0.7994378875 0.8591166953125 0.81185976875 0.86602410625
0 0.9091648625 0.947531946875 0.9974983937499999 0.26784012968750004 0.9637424593749999 0.240644309375 0.9567822640625 0.247117821875 0.8663782093749999 0.9254280187499999 0.9091648625 0.947531946875
0 0.721455871875 0.8577351546875001 0.745609621875 0.8646427203125 0.8256619234375 0.32448115 0.80319783125 0.3312743375 0.721455871875 0.8577351546875001