0 0.1864079109375 0.7482175078125 0.208887496875 0.1423646875 0.196181665625 0.1519983921875 0.1839644921875 0.14985757187499998 0.1711343125 0.1423646875 0.149267778125 0.7953155656249999 0.16148490625 0.7995972484375 0.1864079109375 0.7482175078125
0 0.7007085578125001 0.8210054437500001 0.72025598125 0.837061603125 0.820925396875 0.21301183125 0.8076687578125 0.1905331953125 0.8062648046875 0.194814846875 0.7007085578125001 0.8210054437500001
0 0.7241655031249999 0.8113717359375 0.7456676843750001 0.8424136296875 0.8419388781249999 0.2226455296875 0.8233688125 0.194814846875 0.7241655031249999 0.8113717359375
0 0.7666812140625 0.8402728406250001 0.7798757453125 0.8231462328125 0.8639297640624999 0.2226455296875 0.8546447531249999 0.2119414390625 0.851668834375 0.1969556609375 0.7593509187499999 0.8092309468750001 0.761305634375 0.8359911640625001 0.7666812140625 0.8402728406250001
0 0.851507621875 0.8488361 0.8901138578125 0.8616810312500001 0.9277426906249999 0.27723650312500003 0.8942022406250001 0.2515466296875 0.851507621875 0.8488361
0 0.8348611953124999 0.8028084812499999 0.881775084375 0.3821368203125 0.8895940343750001 0.32433461406249997 0.8780688796874999 0.3109544609375 0.8172684875 0.8006675921875 0.8348611953124999 0.8028084812499999
0 0.966837628125 0.8552585609375001 0.9731905187500001 0.46991052343749995 0.971235803125 0.27937734375 0.9631356953125 0.27241965156250003 0.9428920265625 0.8584697984374999 0.966837628125 0.8552585609375001
0 0.900864971875 0.8616810312500001 0.9306748078125 0.8638219203125 0.96243945 0.2804477359375 0.93453564375 0.2676028046875 0.900864971875 0.8616810312500001
0 0.852942559375 0.32326422187500004 0.7869699031249999 0.8049492703125001 0.8006531375 0.82956869375 0.8724900718749999 0.3414611796875 0.8546021734375 0.3173769265625 0.8558746781250001 0.322193771875 0.8558746781250001 0.32326422187500004 0.852942559375 0.32326422187500004
0 0.0578834203125 0.9044975125000001 0.092091478125 0.8959342593749999 0.10821812812500001 0.302926375 0.0736008078125 0.3109544609375 0.0578834203125 0.9044975125000001
0 0.48624779062499995 0.6144160375000001 0.488202596875 0.60157110625 0.20780104375000003 0.6336834437500001 0.2008549875 0.6561620796875001 0.19401339374999998 0.6882744187500001 0.194990753125 0.7203867515625 0.1964568125 0.73109089375 0.4842930765625 0.709682703125 0.47696278124999997 0.6904153015625 0.478917496875 0.6550916828125 0.48624779062499995 0.6144160375000001
0 0.3872579921875 0.825287115625 0.3872579921875 0.793174778125 0.160867628125 0.797456359375 0.1585527890625 0.839202396875 0.3872579921875 0.825287115625