0 0.710540865625 0.0648792265625 0.5973822109375 0.888859903125 0.6054519234375 0.9018357484375 0.62723798125 0.908323671875 0.7345625 0.08110144999999999 0.710540865625 0.0648792265625
0 0.9185456734375 0.8515507250000001 0.9322644234374999 0.8645265703125 0.9532427890624999 0.8645265703125 0.9701899031250001 0.8547971015625 0.9693822109375001 0.16544444375 0.9500168265625 0.170309178125 0.922 0.1670676328125 0.9185456734375 0.8515507250000001
0 0.8241322109375 0.15084541093749998 0.8057788468749999 0.1443574875 0.8039591343750001 0.149222221875 0.7337548078125 0.87263768125 0.746665865625 0.8856135265624999 0.7668389421875 0.8904782609374999 0.7870144234375 0.8807487921874999 0.8539903843750001 0.1557101453125 0.8241322109375 0.15084541093749998
0 0.549771634375 0.8985893718750001 0.653060096875 0.168685990625 0.630466346875 0.16219806718750002 0.6128798078125001 0.1459806765625 0.504584134375 0.8791256031250001 0.527177884375 0.8953478265625 0.549771634375 0.8985893718750001
0 0.5917331734375 0.9018357484375 0.6926009609375 0.158956521875 0.674040865625 0.1573333328125 0.6580793265625 0.1443574875 0.55461298125 0.8904782609374999 0.57398076875 0.9099420296874999 0.5917331734375 0.9018357484375
0 0.636115384375 0.8807487921874999 0.651447115625 0.8969661828125 0.6780769234374999 0.91318840625 0.7022836531250001 0.9034541062500001 0.79185576875 0.170309178125 0.7611923078125 0.1557101453125 0.7331394234374999 0.1411159421875 0.636115384375 0.8807487921874999
0 0.403716346875 0.9229178750000001 0.42066105781249996 0.9180531406249999 0.5239495187500001 0.180043478125 0.48697355781249996 0.16382125625 0.376278846875 0.8937246375000001 0.3843485578125 0.9099420296874999 0.403716346875 0.9229178750000001
0 0.5757548078125 0.20761835781250002 0.47391826875 0.8807487921874999 0.48763701875 0.8937246375000001 0.499740384375 0.8953478265625 0.5949615390625 0.2189710140625 0.5757548078125 0.20761835781250002
0 0.9137043265625 0.2400579703125 0.8477475968749999 0.23843478281250002 0.8418846156249999 0.88237198125 0.90966826875 0.8791256031250001 0.9137043265625 0.2400579703125
0 0.5176418265625 0.2546521734375 0.42711538437499996 0.8937246375000001 0.4505168265625 0.9067004828125 0.4674639421875 0.9067004828125 0.5538076921874999 0.2757391296875 0.5176418265625 0.2546521734375
0 0.43128365312500005 0.3406183578125 0.35126442343750003 0.9245410625 0.35852644218749996 0.9261642515625 0.367403846875 0.9277874390624999 0.447290865625 0.35197584531250004 0.43128365312500005 0.3406183578125
0 0.40394951875 0.349855071875 0.3284543265625 0.9173768109375 0.3403605765625 0.92535265625 0.348865384375 0.9196570046874999 0.423134615625 0.3566956515625 0.40394951875 0.349855071875