0 0.4677139421875 0.0728571421875 0.444466346875 0.0819629625 0.5105673078125 0.7900370375 0.5309759609375 0.79095238125 0.4677139421875 0.0728571421875
0 0.353884615625 0.7831904765625 0.3750865390625 0.7704232796875 0.33526923124999997 0.2567195765625 0.3445769234375 0.22767724843749998 0.33609134687500003 0.1371587296875 0.312752403125 0.149079365625 0.298615384375 0.15026455 0.353884615625 0.7831904765625
0 0.3834375 0.160513228125 0.4438605765625 0.7832063484375 0.45575480781250005 0.78548148125 0.47850721093750004 0.762439153125 0.42007451875 0.140089946875 0.3834375 0.160513228125
0 0.4221418265625 0.160513228125 0.48316105781249996 0.7820687828125 0.49195192343749994 0.79017989375 0.509533653125 0.7741005296875 0.44748076875000004 0.140661375 0.4221418265625 0.160513228125
0 0.2107427890625 0.147994709375 0.1827644234375 0.1525449734375 0.20340625 0.7843439156249999 0.2261514421875 0.77521693125 0.2107427890625 0.147994709375
0 0.5426298078125 0.796867725 0.557625 0.804835978125 0.5855480765625 0.781222221875 0.52608173125 0.210597884375 0.5338389421875 0.1889735453125 0.531771634375 0.138947090625 0.47705048124999994 0.1650634921875 0.5426298078125 0.796867725
0 0.18036298125 0.1536825390625 0.1548365390625 0.1536825390625 0.176 0.796867725 0.20232451875000002 0.788862434375 0.18036298125 0.1536825390625
0 0.1523894234375 0.1650634921875 0.128459134375 0.1662010578125 0.148591346875 0.8139417984374999 0.16955048125 0.798005290625 0.1523894234375 0.1650634921875
0 0.5292860578125 0.20149206406250003 0.59692548125 0.8082486765624999 0.6134735578125 0.8099470906249999 0.634872596875 0.786777778125 0.5719206734375 0.17464021093749998 0.5292860578125 0.20149206406250003
0 0.35580048125 0.235661375 0.3379230765625 0.24816931250000002 0.375603365625 0.7991428578125 0.397240384375 0.788825396875 0.35580048125 0.235661375
0 0.37715384687500003 0.21742857187500003 0.35809375 0.224259259375 0.40404326875 0.820910053125 0.42525961562500003 0.8116296296875 0.37715384687500003 0.21742857187500003
0 0.2647427890625 0.292571428125 0.25155048125 0.28801058125 0.2716634609375 0.7615767203125 0.28746875 0.761005290625 0.2647427890625 0.292571428125
0 0.28240625 0.2925661375 0.267584134375 0.3005343921875 0.287177884375 0.75934920625 0.3011394234375 0.746777778125 0.28240625 0.2925661375
0 0.2496706734375 0.2854126984375 0.2168990390625 0.2959788359375 0.233915865625 0.7706825390625001 0.26765625000000004 0.7708253968750001 0.2496706734375 0.2854126984375
0 0.30863701875 0.28573545 0.29447836562499996 0.2925661375 0.3176875 0.777513228125 0.32964423125 0.7789365078125 0.30863701875 0.28573545
0 0.2938701921875 0.2950634921875 0.28310096093750003 0.29825396875 0.30579326875 0.7829153437499999 0.3144543265625 0.7723756609375 0.2938701921875 0.2950634921875
0 0.13669951875 0.286873015625 0.1191490390625 0.280042328125 0.131528846875 0.7957301593749999 0.147783653125 0.8033968249999999 0.13669951875 0.286873015625
0 0.95198076875 0.2720740734375 0.9233894234375001 0.273211640625 0.92023076875 0.8446772484375 0.9516610578125 0.8407301593750001 0.95198076875 0.2720740734375
0 0.8804639421875 0.280042328125 0.8803004812499999 0.28117989374999997 0.87461298125 0.8480952374999999 0.9154639421875 0.8490158734375 0.92092548125 0.2766243390625 0.8804639421875 0.280042328125
0 0.9752836531250001 0.2795079359375 0.9559735578125 0.28573545 0.9578677890625 0.852788359375 0.9790697109375 0.8509841265625001 0.9752836531250001 0.2795079359375
0 0.0907043265625 0.3255767203125 0.09998317343749999 0.8321534390625 0.11653125 0.82778306875 0.109915865625 0.3224232796875 0.10101923125000001 0.32898941875 0.0907043265625 0.3255767203125