0 0.6054510703125 0.8974979812500001 0.6272385484375 0.9039548015625 0.734562059375 0.0807102515625 0.7105402546875 0.064568203125 0.5973816328125 0.88458434375 0.6054510703125 0.8974979812500001
0 0.9532437984375 0.8603712703124999 0.9701896171875 0.8506860390625001 0.9693826734375 0.1646489078125 0.9500160234375 0.169491521875 0.9220011109374999 0.166263115625 0.9185452218749999 0.8474576234375 0.9322632625 0.8603712703124999 0.9532437984375 0.8603712703124999
0 0.8039592156250001 0.14850685937500002 0.733755115625 0.8684422953125001 0.7466662140625 0.8813559328125 0.7668398078124999 0.8861985453125 0.7870133984375001 0.87651331875 0.8539897265624999 0.15496368124999998 0.8241328078124999 0.1501210671875 0.8057783484375 0.14366424687499998 0.8039592156250001 0.14850685937500002
0 0.630466325 0.16142049687499999 0.6128808515624999 0.1452784546875 0.5045831078125 0.8748991109375 0.52717753125 0.8910411640625 0.5497719546875001 0.8942695703125001 0.653060746875 0.1678773234375 0.630466325 0.16142049687499999
0 0.674041284375 0.156577884375 0.658078590625 0.14366424687499998 0.5546136171875 0.8861985453125 0.5739802640625 0.905569009375 0.5917330265625 0.8974979812500001 0.6926009875 0.15819209218750002 0.674041284375 0.156577884375
0 0.6780760031249999 0.9087974203125 0.7022843125 0.8991121890624999 0.7918550625 0.169491521875 0.7611912015625 0.15496368124999998 0.733139125 0.1404358359375 0.6361149296875 0.87651331875 0.6514468609375 0.8926553671875 0.6780760031249999 0.9087974203125
0 0.5239497578125001 0.179176753125 0.4869728609375 0.1630347046875 0.3762790625 0.88942695625 0.384348496875 0.905569009375 0.40371514687500004 0.918482646875 0.42066096562500005 0.913640034375 0.5239497578125001 0.179176753125
0 0.48763729062500005 0.88942695625 0.499741446875 0.8910411640625 0.5949608 0.2179176765625 0.5757541374999999 0.20661824218749997 0.473919246875 0.87651331875 0.48763729062500005 0.88942695625
0 0.8418855703125001 0.878127521875 0.9096688390625 0.8748991109375 0.9137035578124999 0.23890234375000002 0.8477476796875001 0.2372881359375 0.8418855703125001 0.878127521875
0 0.45051788281249994 0.90234059375 0.4674637 0.90234059375 0.5538066734375 0.27441485 0.5176427578125 0.25343018906250003 0.42711651406250006 0.88942695625 0.45051788281249994 0.90234059375
0 0.35852629999999996 0.9217110578125001 0.3674026828125 0.9233252656250001 0.44729010625 0.3502824875 0.4312827890625 0.338983053125 0.3512638078125 0.92009685 0.35852629999999996 0.9217110578125001
0 0.34036023125 0.920904646875 0.34886445 0.915234053125 0.42313462968750004 0.35497925625 0.403950159375 0.34817453593750003 0.328454325 0.9129658109375001 0.34036023125 0.920904646875