0 0.44301442343749997 0.3721111109375 0.53413701875 0.4013803421875 0.5334927890625 0.3922264953125 0.439634615625 0.36361538437499996 0.44301442343749997 0.3721111109375
0 0.4454302890625 0.386705128125 0.5370360578125 0.41511538437500006 0.535908653125 0.403384615625 0.44333653906250003 0.373632478125 0.4454302890625 0.386705128125
0 0.54476201875 0.44601282031249995 0.5441177890625 0.4425769234375 0.44848798125 0.4214059828125 0.44945432656250006 0.429132478125 0.44929326875 0.4304957265625 0.54476201875 0.44601282031249995
0 0.45798798124999995 0.42105128281250004 0.5394495187499999 0.4405769234375 0.5363918265625001 0.41540170937500004 0.458790865625 0.39680341874999997 0.45798798124999995 0.42105128281250004
0 0.4591947109375 0.334329059375 0.5405769234375 0.349311965625 0.5386442312499999 0.3398717953125 0.45830769218749995 0.32127777812499997 0.4591947109375 0.334329059375
0 0.46571394218749995 0.349786325 0.54073798125 0.3784957265625 0.5408990390625 0.3664786328125 0.46587500000000004 0.34130341875000003 0.46571394218749995 0.349786325
0 0.5549855765625 0.47677777812500005 0.55546875 0.4581794875 0.5512836531249999 0.4453076921875 0.45436538437499996 0.429858975 0.4565384609375 0.4644145296875 0.5549855765625 0.47677777812500005
0 0.5806201921875 0.35712393124999997 0.6486009609375001 0.393713675 0.64761298125 0.381670940625 0.58083173125 0.343286325 0.5806201921875 0.35712393124999997
0 0.656509615625 0.431850428125 0.6579206734375 0.42357265 0.657778846875 0.41930769218749997 0.5774423078125 0.364358975 0.577653846875 0.37708119687499997 0.656509615625 0.431850428125
0 0.6493822109375 0.751474359375 0.6524519234375 0.7593547015625 0.65279326875 0.7665683765625 0.71401923125 0.680858975 0.7073677890625001 0.6611581203125 0.6452884609375 0.74662393125 0.6493822109375 0.751474359375
0 0.6410240390624999 0.7938547015624999 0.7269807687500001 0.7381367515624999 0.724252403125 0.7245 0.6388076921875 0.7793547015625 0.6410240390624999 0.7938547015624999
0 0.7315865390625 0.7748076921875 0.726127403125 0.7502606843749999 0.6591033656249999 0.78905555625 0.6664375 0.8148162390625 0.6676298078125 0.816141025 0.7315865390625 0.7748076921875
0 0.66379326875 0.8379700859374999 0.7355072109374999 0.796025640625 0.7322668265625001 0.7802649578125 0.6608076921875 0.8245128203125001 0.66379326875 0.8379700859374999
0 0.6645600968750001 0.8775341875 0.7394302890625 0.8323931625000001 0.7367019234375001 0.815722221875 0.730903846875 0.8017820515625 0.659615384375 0.8454230765625 0.6613197109375 0.85330341875 0.6643894234375 0.864213675 0.6643894234375 0.87542735 0.6645600968750001 0.8775341875
0 0.6670625 0.8822094015624999 0.6692572109375 0.88894444375 0.671252403125 0.8971025640624999 0.67205048125 0.9098547015625 0.6734471156249999 0.91057265 0.75026201875 0.858457265625 0.7500625000000001 0.8499444437499999 0.74746875 0.8378931625 0.7456730765625 0.8347008546874999 0.6670625 0.8822094015624999