0 0.6047130578125001 0.6769507515625001 0.6130952265625 0.5164883421875001 0.6025794203125 0.5170304406249999 0.5946544640625 0.678034940625 0.6047130578125001 0.6769507515625001
0 0.3067984828125 0.83098343125 0.3127041328125 0.8280522687499999 0.29402578125 0.7029894953125 0.28757075312499997 0.70494360625 0.2801610625 0.700791128125 0.299656753125 0.8258539015625 0.3067984828125 0.83098343125
0 0.31847245 0.8370899953125001 0.3230047 0.8331817984375001 0.3046010265625 0.6971271796875 0.2986953625 0.700302603125 0.29335127656250004 0.6960279953125 0.31311615625 0.835135896875 0.31847245 0.8370899953125001
0 0.295092871875 0.8381174359375001 0.2733399859375 0.7043368203125 0.26724104375 0.705421525 0.261955290625 0.7025289828125 0.2612545796875 0.701082696875 0.2837081875 0.8395637265625 0.295092871875 0.8381174359375001
0 0.383984053125 0.852722846875 0.3548677890625 0.6966386531250001 0.3456999328125 0.6960279953125 0.37697966875 0.85199005625 0.383984053125 0.852722846875
0 0.39304855 0.8456392218750001 0.3989542265625 0.844173640625 0.3734088078125 0.705432128125 0.366953790625 0.708363290625 0.3603328265625 0.707386234375 0.3868682109375 0.8446621625 0.39304855 0.8456392218750001
0 0.3727221078125 0.8402654234375 0.35061021875 0.721064978125 0.34085901875 0.722774815625 0.3611854734375 0.83977690625 0.3727221078125 0.8402654234375
0 0.4078813671875 0.8571195859375 0.4161218203125 0.852722846875 0.394559309375 0.7112944531250001 0.3857694875 0.714714128125 0.3762023 0.71544691875 0.399915603125 0.8522343296875 0.4078813671875 0.8571195859375
0 0.34607796875 0.843929371875 0.3263008796875 0.726438765625 0.31828902187499997 0.725705975 0.33673879375000004 0.843929371875 0.34607796875 0.843929371875
0 0.4236755859375 0.853944153125 0.4254610078125 0.8532113671875001 0.4033491171875 0.7149584015625 0.400464959375 0.716179709375 0.39744346875000003 0.716423978125 0.4199673828125 0.85467694375 0.4236755859375 0.853944153125
0 0.31064401875000003 0.7344994484375 0.311075625 0.7359650296875 0.3230047 0.839044115625 0.3341293125 0.8378227859375 0.319571184375 0.7352322390625 0.31064401875000003 0.7344994484375
0 0.3537690671875 0.8551654875000001 0.3328932421875 0.7242403937499999 0.327151196875 0.724973184375 0.34813808125 0.853944153125 0.3537690671875 0.8551654875000001
0 0.462174071875 0.8574859781249999 0.43209641875000004 0.7219199015625 0.4250473078125 0.723141209375 0.4568177765625 0.8616384437500001 0.462174071875 0.8574859781249999
0 0.4706892015625 0.8655466671875001 0.4410235703125 0.7275379484375 0.43452777343750004 0.7293699234375 0.46437151718749997 0.8665237265625001 0.4706892015625 0.8655466671875001
0 0.47865497812499996 0.8518679312499999 0.45668043281250004 0.7439035890625 0.4501911515625 0.7451248968749999 0.4731613390625 0.8530892437500001 0.47865497812499996 0.8518679312499999
0 0.4445944296875 0.861394196875 0.42770149999999996 0.739018325 0.4083534453125 0.7436593203124999 0.426740121875 0.8606614109375 0.4445944296875 0.861394196875