0 0.518747596875 0.6257008546875 0.41494951875 0.6156752140624999 0.41419951875 0.6310470078125 0.518372596875 0.6427478625 0.518747596875 0.6257008546875
0 0.51536298125 0.6445299140625 0.4121298078125 0.632722221875 0.410625 0.6360641031250001 0.4100625 0.64241025625 0.411002403125 0.647760684375 0.516302884375 0.663132478125 0.5142355765625 0.6594572656250001 0.5146105765625 0.6527735046875 0.51536298125 0.6445299140625
0 0.49731249999999994 0.582688034375 0.4104375 0.57657265 0.4087451921875 0.6153418796875 0.496935096875 0.6243632484375 0.49731249999999994 0.582688034375
0 0.4884423078125 0.6630512828125 0.4074423078125 0.6489786328125 0.40626923125000003 0.6620940171874999 0.4882740390625 0.677294871875 0.4884423078125 0.6630512828125
0 0.4904543265625 0.6833247859375 0.4010697109375 0.6668632484375 0.4009014421875 0.682064103125 0.491125 0.701435896875 0.4904543265625 0.6833247859375
0 0.42247115312499994 0.304525640625 0.4157019234375 0.30619658125 0.41701923125 0.50973076875 0.42435336562500003 0.50873076875 0.42247115312499994 0.304525640625
0 0.38731730781249996 0.11000427343750001 0.315709134375 0.143957265625 0.31436778906249996 0.1534957265625 0.31470432656249997 0.1612435890625 0.315877403125 0.165713675 0.38648076875 0.134418803125 0.38547355781250003 0.124286325 0.3863125 0.1168333328125 0.38731730781249996 0.11000427343750001
0 0.38933173125 0.1341196578125 0.31134855781250004 0.16780341875 0.310677884375 0.17555128281250001 0.3121875 0.1844957265625 0.38933173125 0.15230341875 0.3884927890625 0.146641025 0.38798798125 0.140974359375 0.3884927890625 0.13680341875 0.38933173125 0.1341196578125
0 0.308665865625 0.12577350468749998 0.30983894218749997 0.135311965625 0.386646634375 0.09775641093750001 0.384971153125 0.0920940171875 0.384802884375 0.0822564109375 0.38547355781250003 0.074508546875 0.30933653906249997 0.115641025 0.308665865625 0.12577350468749998
0 0.3889951921875 0.22955982968750002 0.30212500000000003 0.28166239375 0.3024615390625 0.294777778125 0.389665865625 0.245598290625 0.3889951921875 0.22955982968750002
0 0.3053125 0.31355555625 0.30698798125 0.31862393125 0.3856418265625 0.277786325 0.3836298078125 0.27301709375 0.38228605781249997 0.2613931625 0.38228605781249997 0.25483760625 0.3059831734375 0.2995470078125 0.3053125 0.31355555625
0 0.3096730765625 0.254239315625 0.3100072109375 0.2751068375 0.3759134609375 0.23784615312500001 0.374740384375 0.22383760625 0.37423798124999996 0.21823076874999997 0.3096730765625 0.254239315625
0 0.3789326921875 0.2953717953125 0.3787644234375 0.28166239375 0.3772548078125 0.2819615390625 0.301790865625 0.32249572656250003 0.30011298124999997 0.33411965781249997 0.300783653125 0.346641025 0.30346634687499996 0.351705128125 0.38228605781249997 0.3183247859375 0.38094471093750004 0.3117649578125 0.3789326921875 0.2953717953125
0 0.3718894234375 0.17644444374999999 0.3064855765625 0.210722221875 0.3063173078125 0.2265213671875 0.37239182656250003 0.1916452984375 0.3718894234375 0.17644444374999999
0 0.310509615625 0.1853888890625 0.31034375000000003 0.2044658125 0.3673605765625 0.178829059375 0.3673605765625 0.1642264953125 0.3673605765625 0.161542734375 0.310509615625 0.1853888890625
0 0.372896634375 0.19194444375 0.3014543265625 0.22949999999999998 0.300615384375 0.241722221875 0.372896634375 0.204760684375 0.372896634375 0.19194444375