0 0.576759615625 0.300141025 0.57613701875 0.2932478625 0.5733389421874999 0.289213675 0.46167548125 0.26003418749999996 0.46251201875000003 0.26886752187499996 0.46305528906250004 0.27464529843749996 0.46259615312499996 0.2889529921875 0.46173557656249997 0.301688034375 0.575627403125 0.32514102500000003 0.57704326875 0.3185683765625 0.5776634609375 0.3106923078125 0.576759615625 0.300141025
0 0.4598894234375 0.3388974359375 0.4582668265625 0.3452350421875 0.5807115390625001 0.3991581203125 0.5823677890625001 0.39604273437500004 0.5831610578124999 0.38860683749999997 0.5821706734375 0.3831068375 0.459322115625 0.328213675 0.46046394218750003 0.33279059843750003 0.4598894234375 0.3388974359375
0 0.472841346875 0.4232521375 0.57746875 0.4630128203125 0.578646634375 0.45342307656249997 0.5803822109375 0.41923931562499994 0.47954807656250004 0.37640598281250004 0.472841346875 0.4232521375
0 0.48473317343750005 0.24943162343749997 0.48471153906250003 0.263542734375 0.57376923125 0.2862008546875 0.573697115625 0.273311965625 0.48473317343750005 0.24943162343749997
0 0.48558894218750004 0.21908974374999998 0.486877403125 0.23078632500000001 0.5698317312500001 0.2535341875 0.5694855765625 0.2547649578125 0.5730673078125 0.2565341875 0.5723822109375 0.242311965625 0.48905048124999995 0.21988034218750002 0.48905048124999995 0.2203205125 0.48558894218750004 0.21908974374999998
0 0.4908894234375 0.2362564109375 0.48689423125 0.23544017031250003 0.48558173125000004 0.24847008593750003 0.572115384375 0.2709957265625 0.5732860578125 0.2579230765625 0.5695264421874999 0.257525640625 0.569625 0.25417948749999997 0.49054326875000004 0.2337905984375 0.4908894234375 0.2362564109375
0 0.5747956734375 0.3463333328125 0.48605528906249995 0.3137991453125 0.48547115312500005 0.324525640625 0.4847740390625 0.33998290625 0.505834134375 0.3487564109375 0.5761802890625 0.3715341875 0.5747956734375 0.3463333328125
0 0.7052668265625 0.48690598281249997 0.6162379812500001 0.49617948749999996 0.618009615625 0.501213675 0.6184014421875 0.5060854703125 0.6182740390625 0.512205128125 0.6172884609375 0.518008546875 0.706375 0.5064316234375 0.707415865625 0.5006538468749999 0.7075072109375 0.4951794875 0.70723076875 0.4912649578125 0.7052668265625 0.48690598281249997
0 0.6258389421875 0.31529059843749996 0.699841346875 0.332598290625 0.699278846875 0.31324786250000003 0.62542548125 0.2940213671875 0.6253389421875 0.3044957265625 0.6258389421875 0.31529059843749996
0 0.6184014421875 0.474491453125 0.6182668265625 0.49094444375 0.7066394234375 0.4855512828125 0.707216346875 0.470794871875 0.6184014421875 0.474491453125
0 0.6200048078125 0.464867521875 0.6189543265624999 0.469829059375 0.7065456734375 0.4692991453125 0.70851201875 0.46538034218749996 0.708334134375 0.4596068375 0.70707451875 0.454713675 0.619278846875 0.4533247859375 0.62032451875 0.45893162343749994 0.6200048078125 0.464867521875
0 0.7052572109375 0.27435470156249997 0.6195360578125 0.253149571875 0.622278846875 0.25919658125 0.623009615625 0.2685683765625 0.622653846875 0.2777820515625 0.6208485578125 0.284384615625 0.7065985578125 0.304346153125 0.7076995187499999 0.29798290625 0.7081081734375 0.2911752140625 0.7073076921875 0.280918803125 0.7052572109375 0.27435470156249997
0 0.7050384609375 0.410491453125 0.705384615625 0.39879059843750003 0.70484375 0.3847350421875 0.6303173078125 0.367760684375 0.6300408656250001 0.3737564109375 0.629646634375 0.3859401703125 0.630658653125 0.3966923078125 0.7050384609375 0.410491453125
0 0.6323822109374999 0.33334615312500004 0.7063389421874999 0.353311965625 0.7066442312500001 0.3470769234375 0.7052764421875 0.33953418750000003 0.6307596156249999 0.3191452984375 0.6323822109374999 0.33334615312500004
0 0.63469951875 0.43623931562499996 0.6342548078125 0.45021794843749996 0.702322115625 0.4543803421875 0.7035769234375 0.44181623906249995 0.63469951875 0.43623931562499996
0 0.6371826921875 0.403064103125 0.637028846875 0.41352136718750004 0.7032668265625001 0.42379487187500003 0.703935096875 0.415153846875 0.6371826921875 0.403064103125
0 0.639216346875 0.8583888890625 0.6239230765625 0.8788247859375 0.6237740390625001 0.87926923125 0.6283004812499999 0.8973247859375 0.720403846875 0.762649571875 0.7193076921875 0.74957265 0.718677884375 0.7483888890625 0.696615384375 0.7789529921875 0.64311298125 0.8609401703125 0.639216346875 0.8583888890625
0 0.6345673078125 0.3377094015625 0.6346298078125 0.3590299140625 0.710103365625 0.3773162390625 0.7099831734375 0.35770940156250003 0.6345673078125 0.3377094015625
0 0.64133173125 0.42912820468749996 0.707447115625 0.43523504218750003 0.707959134375 0.4322521375 0.7076610578125 0.42566239375 0.6416706734375001 0.41908974375 0.64133173125 0.42912820468749996
0 0.71715625 0.774311965625 0.71488701875 0.7708247859374999 0.6796298078125 0.823286325 0.633978365625 0.8924487171875001 0.6367884609375001 0.8966025640625 0.6398076921875 0.904846153125 0.64146875 0.911722221875 0.64167548125 0.9172179484375 0.719060096875 0.7921794875 0.7192956734375 0.78773076875 0.718403846875 0.78091025625 0.71715625 0.774311965625
0 0.721377403125 0.741615384375 0.7224519234375 0.738829059375 0.7229639421875 0.7337564109375 0.72215625 0.723367521875 0.7204831734375 0.716957265625 0.7194855765625 0.713064103125 0.7170048078125 0.7109658125 0.63076201875 0.8211282046875 0.6322163468750001 0.8232264953125 0.6355817312500001 0.8318717953125001 0.638084134375 0.8409572656250001 0.6406514421875 0.8495512828124999 0.64198798125 0.8581538468750001 0.642627403125 0.861367521875 0.721377403125 0.741615384375
0 0.64190625 0.9178803421874999 0.642709134375 0.9221111109375 0.7135889421875 0.8085512828124999 0.7127908656249999 0.8021923078125001 0.64190625 0.9178803421874999
0 0.638091346875 0.9675598296875 0.726560096875 0.9060555562499999 0.7274423078125001 0.9009401703125001 0.7274014421875 0.891739315625 0.726572115625 0.8860683765624999 0.72457451875 0.8816794874999999 0.63582451875 0.93894444375 0.6374807687499999 0.9447094015624999 0.638377403125 0.9529487171875 0.638810096875 0.960418803125 0.638721153125 0.9657435890625001 0.638091346875 0.9675598296875