0 0.42610817343749996 0.71316239375 0.539103365625 0.7394786328125 0.5380985578125 0.7359102562500001 0.5371514421875 0.7256794875 0.5371778843749999 0.7111068375 0.5380793265625 0.6992478625 0.42501682656249995 0.6764059828125 0.42322115312499997 0.6844487171875 0.42283894218749996 0.693786325 0.42351201875 0.7032820515625 0.42610817343749996 0.71316239375
0 0.51323798125 0.769170940625 0.4306298078125 0.7455213671875 0.4267043265625 0.7445170937500001 0.4278293265625 0.7571752140625 0.51090625 0.7795299140624999 0.51480048125 0.780974359375 0.51340625 0.7695042734374999 0.51323798125 0.769170940625
0 0.5153990390625001 0.7510128203125 0.5153798078125 0.7368333328125 0.426028846875 0.714277778125 0.42674519218749996 0.72692735 0.5153990390625001 0.7510128203125
0 0.513216346875 0.7647649578125 0.5134158656250001 0.7509145296875 0.428134615625 0.7293247859374999 0.4268798078125 0.7433333328125 0.43039182656249997 0.7430341874999999 0.43048798125000004 0.744901709375 0.5096081734375 0.7663290593750001 0.5094375 0.763598290625 0.513216346875 0.7647649578125
0 0.5130985578125 0.6695384609375 0.5144519234375 0.657991453125 0.42354326875000003 0.6122649578125 0.42307211562499997 0.6234786328124999 0.5130985578125 0.6695384609375
0 0.5112884609374999 0.685867521875 0.5127788468750001 0.674346153125 0.4222740390625 0.6257948718749999 0.42176201874999997 0.6367948718750001 0.5112884609374999 0.685867521875
0 0.3752860578125 0.698918803125 0.3753605765625 0.6912820515625 0.3745889421875 0.6845683765625 0.3742668265625 0.6773205124999999 0.300653846875 0.663141025 0.3007740390625 0.684358975 0.3752860578125 0.698918803125
0 0.2918197109375 0.7142008546875 0.292865384375 0.7202905984375 0.294846153125 0.7254059828125 0.38025000000000003 0.7464487171874999 0.378439903125 0.740239315625 0.3775552890625 0.72980341875 0.3778509609375 0.7219658124999999 0.37948076875000003 0.7143888890625 0.29349038437499997 0.6952735046875 0.2922644234375 0.6997264953125 0.2915168265625 0.7060341875 0.2918197109375 0.7142008546875
0 0.374408653125 0.39010683749999997 0.3714014421875 0.37527777812499996 0.29057211562499996 0.4614957265625 0.29267067343750003 0.47506410312499997 0.374408653125 0.39010683749999997
0 0.2900793265625 0.48248290625 0.29064423125 0.48722222187500003 0.29221875 0.491598290625 0.3742548078125 0.40952136718750004 0.37460576875 0.409115384375 0.3733173078125 0.4062564109375 0.3720625 0.40053846093749995 0.37187980781249996 0.3963418796875 0.3718052890625 0.3954957265625 0.2921634609375 0.47628205156250003 0.2900793265625 0.48248290625
0 0.3643990390625 0.44464102499999997 0.3629326921875 0.44207692343750005 0.3619519234375 0.439277778125 0.36144230781250003 0.43579914531249997 0.36139903906250004 0.43307692343750004 0.299375 0.49710256406250003 0.29859375 0.5032521375 0.29990865312500004 0.5095470078125001 0.3643990390625 0.44464102499999997
0 0.2883581734375 0.416713675 0.2868389421875 0.42307265000000005 0.28784134687499996 0.4302905984375 0.2892884609375 0.4321837609375 0.35334374999999996 0.367705128125 0.35683173125 0.3664529921875 0.3733365390625 0.3486581203125 0.371091346875 0.34298717968750003 0.369372596875 0.33657265000000003 0.3689110578125 0.331632478125 0.36903846093750003 0.32817948750000003 0.2883581734375 0.416713675
0 0.2794375 0.2395128203125 0.279790865625 0.25452991406250003 0.31621875 0.21603418749999997 0.3612644234375 0.164884615625 0.3644855765625 0.16719658125 0.3794855765625 0.1512649578125 0.3766875 0.13351709375 0.2794375 0.2395128203125
0 0.2815793265625 0.2275213671875 0.283658653125 0.23293162343749998 0.32719951875 0.1867478625 0.36939423125 0.140491453125 0.3682644234375 0.1385384609375 0.365865384375 0.1256581203125 0.364872596875 0.11878205156249999 0.3653293265625 0.1126666671875 0.2821730765625 0.206384615625 0.280627403125 0.2112350421875 0.2805144234375 0.2189316234375 0.2815793265625 0.2275213671875
0 0.3627764421875 0.1711025640625 0.3618173078125 0.164581196875 0.278790865625 0.259858975 0.27682932656250003 0.26433333281250004 0.276560096875 0.271794871875 0.277384615625 0.28348290625 0.2793581734375 0.294670940625 0.3007235578125 0.27318376093749996 0.3485144234375 0.2233974359375 0.3522572109375 0.2258418796875 0.371846153125 0.20732905937499999 0.3687019234375 0.200688034375 0.3658990390625 0.187991453125 0.3627764421875 0.1711025640625
0 0.36011778906249997 0.1043931625 0.28209134687500004 0.1859487171875 0.2822331734375 0.20079059843749997 0.33727644218749997 0.1439786328125 0.36157211562499997 0.11667948749999998 0.36011778906249997 0.1043931625
0 0.35471394218749996 0.3741923078125 0.3524326921875 0.36818803437500003 0.28255769218750004 0.4390213671875 0.28545432656249997 0.4529059828125 0.357697115625 0.3830769234375 0.35471394218749996 0.3741923078125
0 0.2753918265625 0.354141025 0.27764663437500003 0.357542734375 0.3629110578125 0.269222221875 0.3603581734375 0.265670940625 0.359365384375 0.26022649531250003 0.3592668265625 0.254141025 0.3597355765625 0.2531581203125 0.2760673078125 0.3429957265625 0.274353365625 0.34941025625 0.2753918265625 0.354141025
0 0.2734326921875 0.12244444375 0.2748798078125 0.1249401703125 0.276752403125 0.1255470078125 0.3642019234375 0.061243589062500006 0.362591346875 0.0565940171875 0.3608894234375 0.0462521375 0.3604615390625 0.0364658125 0.36104807656250004 0.0319059828125 0.2734855765625 0.102786325 0.27276201875 0.1103717953125 0.2725384609375 0.1170384609375 0.2734326921875 0.12244444375
0 0.3563581734375 0.0996025640625 0.35458894218750003 0.087474359375 0.352459134375 0.0796025640625 0.350665865625 0.07712393125 0.2795048078125 0.15012393125 0.28008173125 0.160794871875 0.280591346875 0.17130341875 0.28146875 0.17561111093749998 0.35710576875 0.1068888890625 0.3563581734375 0.0996025640625
0 0.282052884375 0.3938803421875 0.2834759609375 0.407260684375 0.34944471093749996 0.34855555625 0.348709134375 0.3412820515625 0.3446394234375 0.3250042734375 0.28307451875 0.385401709375 0.282052884375 0.3938803421875
0 0.3539447109375 0.2592820515625 0.35341826875 0.25994444375 0.35416105781249996 0.2592905984375 0.35371634687500003 0.25281196562499997 0.350685096875 0.236649571875 0.3483701921875 0.22411538437499998 0.27610576875000004 0.2990470078125 0.2763076921875 0.33231623906249996 0.33234375 0.28331623906250003 0.3539447109375 0.2592820515625
0 0.2759855765625 0.3660769234375 0.277709134375 0.3800470078125 0.3522980765625 0.30993162343749997 0.35173798125 0.30390598281250003 0.3473485578125 0.2870042734375 0.276228365625 0.3593333328125 0.2759855765625 0.3660769234375