0 0.5393479609375 0.738611453125 0.5380350796875 0.7266925468750001 0.5375596609375 0.7133886203124999 0.5382046921875 0.69773426875 0.42522865625 0.67683215 0.42265553906250003 0.6879463125 0.42258652343750003 0.696668453125 0.4234654953125 0.7067181921875 0.4262027671875 0.7129589921874999 0.5396257421875 0.7398309953125 0.5393479609375 0.738611453125
0 0.42604024999999995 0.7144643078125 0.426172846875 0.7273622859375 0.5156336171875 0.7495776281250001 0.515731325 0.7362071921875 0.42604024999999995 0.7144643078125
0 0.4278139421875 0.728816359375 0.42712700468750003 0.7429478296875 0.43075514843749996 0.743355859375 0.43067260625000003 0.745219196875 0.509441696875 0.7659225000000001 0.5097718437500001 0.7646230984375 0.5133895484375001 0.765584359375 0.51388298125 0.7506950296875 0.4278139421875 0.728816359375
0 0.514617190625 0.780688628125 0.5136504562499999 0.7680213421875 0.4263924515625 0.744249290625 0.4283716375 0.7574975296875001 0.5111617671875 0.7802427734374999 0.5109715125000001 0.77948193125 0.514617190625 0.780688628125
0 0.3837767734375 0.505380653125 0.3825342890625 0.503306221875 0.3817752359375 0.499716675 0.3815869828125 0.492935221875 0.3819192 0.48737353906249997 0.38312775781249997 0.48268183281250004 0.2940650234375 0.4932070859375 0.2929251609375 0.49714339374999994 0.2923460453125 0.5021068718749999 0.2931763703125 0.5084520218749999 0.294378253125 0.51294340625 0.3837767734375 0.505380653125
0 0.29357766875 0.514225103125 0.2929447953125 0.5291021234375 0.38132599218749996 0.525991640625 0.38181001718749996 0.509329465625 0.29357766875 0.514225103125
0 0.3747248125 0.698771234375 0.3739035765625 0.6853209828125 0.3000783296875 0.6671605421875 0.299859071875 0.6700453328125 0.301108940625 0.6861254109375 0.374622196875 0.7051914312500001 0.3747248125 0.698771234375
0 0.2933214921875 0.53113325625 0.29155855 0.534711384375 0.2916921828125 0.5410482265625001 0.292815075 0.544960975 0.38170146875 0.54619935 0.38020920468749997 0.540060115625 0.38005983125 0.5339915468750001 0.3814898390625 0.5291898546875 0.2933214921875 0.53113325625
0 0.291811146875 0.7136268421875 0.29286242812499996 0.720633615625 0.294502071875 0.724892721875 0.3803712734375 0.7459808328124999 0.3790911421875 0.7450440046875 0.3777366421875 0.740044975 0.37723886093750003 0.7323115 0.3770098875 0.7253685890625 0.3777343578125 0.7204134062499999 0.3795039734375 0.7151897609375 0.2932686828125 0.6962335890625 0.29225211562500003 0.698308021875 0.2918384609375 0.706088953125 0.291811146875 0.7136268421875
0 0.29529778125 0.6152996843749999 0.369987003125 0.6333429828125 0.370252571875 0.6240193796875 0.37027387031250003 0.6142889703125001 0.3697856390625 0.6039139234374999 0.294888309375 0.588776684375 0.294699121875 0.5998173890625 0.29529778125 0.6152996843749999
0 0.292969115625 0.6513744703125 0.29393340156250003 0.6598836921875 0.369447990625 0.6820865296874999 0.36764430937500003 0.6662869578125 0.293458571875 0.6467689703125 0.292969115625 0.6513744703125
0 0.29678373750000003 0.5519831328125 0.29656816875 0.5577495859375 0.3652399421875 0.5633492734375001 0.3654309734375 0.5500957484375 0.2977307109375 0.5462361921875 0.29678373750000003 0.5519831328125
0 0.296027096875 0.5759451375 0.29603003125 0.5852344703125001 0.3626068703125 0.59923808125 0.363032221875 0.5892723671875 0.296027096875 0.5759451375
0 0.289988415625 0.6231067609375 0.28957425937500003 0.6288655078125001 0.28986916093750004 0.636100209375 0.29059485625 0.6418984484375 0.3653316609375 0.661714396875 0.36563286562499997 0.6544478546875 0.3655095796875 0.647012478125 0.3651735484375 0.641689140625 0.289988415625 0.6231067609375
0 0.371423478125 0.10100115000000001 0.2791349140625 0.237681884375 0.28111407499999996 0.253830346875 0.30340270625 0.21950591875 0.356364628125 0.1378216703125 0.3603951015625 0.14017816249999998 0.3759096515625 0.11896346093750002 0.3715201734375 0.1016426203125 0.371423478125 0.10100115000000001
0 0.29234266875000003 0.5658480890625001 0.29200380312499996 0.5742672046874999 0.3585453078125 0.5875372015625 0.358914284375 0.5769734609375 0.29234266875000003 0.5658480890625001
0 0.2775327140625 0.25996229843749996 0.277129790625 0.26689073125 0.2777832890625 0.2753298890625 0.2790295140625 0.2824568421875 0.281064253125 0.2883088296875 0.28222958125000003 0.2898967046875 0.344295584375 0.20338040624999998 0.3482531203125 0.2051151328125 0.3688052625 0.17738472656249998 0.3662873828125 0.172625928125 0.36312649218750004 0.1632162140625 0.359918346875 0.15205605625000002 0.35650991875 0.13769176562500002 0.2775327140625 0.25996229843749996
0 0.3625436421875 0.10184994843749999 0.3594718609375 0.0940149109375 0.3580114765625 0.08695101250000001 0.358015534375 0.081604175 0.28080995 0.20728909843749999 0.28054365312499996 0.21542909375 0.282323815625 0.22467291406249998 0.2848992578125 0.22895686249999997 0.2970528890625 0.2107735 0.365080759375 0.1072085421875 0.3625436421875 0.10184994843749999
0 0.2859720390625 0.192040940625 0.28700675000000003 0.197395021875 0.3577202671875 0.081720025 0.357321615625 0.0777120046875 0.2859720390625 0.192040940625
0 0.3559468046875 0.2383791203125 0.35544182968750004 0.23340829531249999 0.2777725125 0.34550434218750004 0.2769742890625 0.3501503078125 0.2787241015625 0.3564650078125 0.2806983265625 0.3593334953125 0.3592886125 0.24717348281249998 0.35757826875 0.2447997828125 0.3559468046875 0.2383791203125
0 0.36161438281249997 0.046191068749999994 0.3614258515625 0.036754265625 0.36208509843750003 0.0326668796875 0.2730089203125 0.0945774921875 0.2718266640625 0.1028569015625 0.27238478593750004 0.10902762031249999 0.2732562765625 0.1173319953125 0.2750620078125 0.1185946328125 0.363625053125 0.0617320515625 0.3626008875 0.0577009140625 0.36161438281249997 0.046191068749999994
0 0.277836478125 0.32929262812500004 0.33749179375 0.25973488906250003 0.3524910078125 0.23659942812499998 0.34401845625 0.20391707656250002 0.275525971875 0.29926272656249997 0.277836478125 0.32929262812500004
0 0.2789362546875 0.363166265625 0.279240153125 0.36948953906250004 0.27984415625 0.37709210625 0.2815144828125 0.3832365640625 0.34485289375 0.3093550046875 0.344453784375 0.3051557859375 0.3413556328125 0.2945889828125 0.3390213 0.2870646671875 0.2789362546875 0.363166265625