0 0.57333890625 0.2892128890625 0.46167647812499996 0.26003256874999997 0.46251130781249994 0.2688688671875 0.46305630937500003 0.2746437953125 0.462595915625 0.288953628125 0.461734615625 0.3016898796875 0.5756277812499999 0.32514093125 0.577042271875 0.31856758125 0.57766403125 0.310694153125 0.5767585984375 0.30014260312499996 0.5761368515624999 0.29324803906249997 0.57333890625 0.2892128890625
0 0.5807124421875 0.39915994062500004 0.58236745 0.396044559375 0.5831601796875 0.3886061328125 0.5821699953125 0.383104803125 0.45932292500000005 0.328213021875 0.4604631921875 0.3327925296875 0.45989027812499994 0.3388975890625 0.4582665046875 0.3452339578125 0.5807124421875 0.39915994062500004
0 0.57864691875 0.4534219609375 0.58038175 0.419238803125 0.479547559375 0.376403975 0.47284169218749994 0.4232527046875 0.5774694953124999 0.4630128296875 0.57864691875 0.4534219609375
0 0.5737680546874999 0.286202825 0.573697990625 0.2733114109375 0.4847341703125 0.249430675 0.4847108609375 0.2635406453125 0.5737680546874999 0.286202825
0 0.5698316609375 0.25353356875 0.569484840625 0.25476641875 0.573066784375 0.2565362265625 0.5723823 0.2423121921875 0.4890493078125 0.21988105624999998 0.4890493078125 0.2203213625 0.485589821875 0.219088559375 0.4868784296875 0.23078625156250002 0.5698316609375 0.25353356875
0 0.4855805859375 0.24846855625000003 0.5721149640625 0.27099475625 0.5732857625000001 0.2579211625 0.5695267015625001 0.2575245390625 0.569625778125 0.254178303125 0.490542184375 0.233790290625 0.4908890046875 0.2362559015625 0.48689525937499994 0.235438859375 0.4855805859375 0.24846855625000003
0 0.48547052187500006 0.3245244109375 0.48477355 0.339980778125 0.5058331125 0.3487562015625 0.576179846875 0.371532184375 0.574795071875 0.34633206875 0.4860553578125 0.3137971203125 0.48547052187500006 0.3245244109375
0 0.618008459375 0.5012137609375 0.6184019109375 0.5060837171875 0.618273071875 0.512204525 0.617289440625 0.5180086578124999 0.7063747375 0.5064335640625 0.7074165906250001 0.500654325 0.70750608125 0.4951792390625 0.707230665625 0.4912631921875 0.7052664656250001 0.4869069875 0.616237925 0.49617885937499995 0.618008459375 0.5012137609375
0 0.699279571875 0.3132460078125 0.625425290625 0.29402333281250004 0.6253400124999999 0.30449431250000003 0.625840115625 0.3152927046875 0.6998402687499999 0.33259806875 0.699279571875 0.3132460078125
0 0.7066403625000001 0.4855519828125 0.7072152421875 0.4707939609375 0.6184012640625001 0.4744919703125 0.618266346875 0.49094295781249997 0.7066403625000001 0.4855519828125
0 0.7065452718749999 0.4692982828125 0.70851255 0.4653822390625 0.708333559375 0.4596068296875 0.7070745140625 0.4547117734375 0.6192786203125 0.453323346875 0.6203252734375 0.458929953125 0.6200052015625 0.464868871875 0.6189548703125001 0.4698282046875 0.7065452718749999 0.4692982828125
0 0.6222800187499999 0.2591962484375 0.6230098390625 0.26856820937500003 0.6226536281249999 0.27778115 0.6208483124999999 0.284385603125 0.706598946875 0.304345790625 0.7077006124999999 0.297982265625 0.7081090671875 0.29117507656249997 0.7073071609375 0.2809208078125 0.7052579546875 0.274352628125 0.6195370453125 0.2531513078125 0.6222800187499999 0.2591962484375
0 0.7048448359374999 0.38473543125 0.63031651875 0.3677590125 0.6300411015625 0.37375592812499997 0.6296476515625 0.38593810624999997 0.6306597890625001 0.39669160312499996 0.70503770625 0.41049015781250003 0.7053848796875 0.398791428125 0.7048448359374999 0.38473543125
0 0.706643440625 0.3470783375 0.7052760265625 0.3395342828125 0.6307590171874999 0.319145734375 0.6323810984375 0.333347346875 0.70633948125 0.3533103375 0.706643440625 0.3470783375
0 0.702322121875 0.4543789921875 0.7035781015625 0.44181623437499995 0.6346991015625 0.43623948749999997 0.63425589375 0.45021687187500004 0.702322121875 0.4543789921875
0 0.703266103125 0.423794640625 0.703934971875 0.41515214062499994 0.6371821953125 0.4030646703125 0.6370286390625 0.41352220156249997 0.703266103125 0.423794640625
0 0.62377454375 0.879270778125 0.6283005359375 0.8973240078125 0.7204046328125 0.76265044375 0.7193084515625 0.7495725515625 0.718678646875 0.748390640625 0.6966143125 0.7789534828125 0.6431123578125 0.860939465625 0.639217503125 0.8583889953125 0.62392214375 0.8788247015625 0.62377454375 0.879270778125
0 0.7101033250000001 0.3773144484375 0.7099825984375 0.3577085 0.63456714375 0.337709871875 0.63462995 0.359032 0.7101033250000001 0.3773144484375
0 0.7079584921875 0.4322537984375 0.707661465625 0.425663884375 0.6416702234375 0.4190883296875 0.64133191875 0.42912875625 0.7074470078124999 0.43523608593749996 0.7079584921875 0.4322537984375
0 0.67963066875 0.823285175 0.6339780578124999 0.8924487265625001 0.6367880765625 0.8966038546874999 0.6398067890625 0.9048463078125 0.6414698046875 0.911723384375 0.6416761796875 0.917216128125 0.719060615625 0.7921795296874999 0.7192966843749999 0.7877287140625 0.7184035140625 0.7809086234375 0.7171562359375 0.774310640625 0.71488803125 0.7708265125 0.67963066875 0.823285175
0 0.7229632015624999 0.7337543890625 0.7221574203125 0.7233681453125 0.7204833125000001 0.716959315625 0.7194846828125 0.71306409375 0.717005903125 0.7109662484375 0.630761459375 0.821129128125 0.6322172375 0.8232269953125 0.6355814234375 0.8318711750000001 0.638085103125 0.8409576671875 0.6406519234375 0.84955225625 0.6419886921875 0.858153525 0.6426267453125 0.8613673078125 0.7213785968749999 0.74161515 0.722451715625 0.7388303031250001 0.7229632015624999 0.7337543890625
0 0.7135879609375 0.8085504578125 0.712790246875 0.80219094375 0.641907 0.9178821234375001 0.642708965625 0.922112303125 0.7135879609375 0.8085504578125
0 0.7274413875 0.9009409015625 0.727402040625 0.8917397859375 0.726571925 0.8860672140625001 0.724575325 0.8816780718749999 0.635823721875 0.9389429015624999 0.6374813875 0.9447075171874999 0.638377628125 0.9529466375 0.6388104234374999 0.9604207484374999 0.6387209296874999 0.9657436875000001 0.6380914015625 0.967561859375 0.726561125 0.9060540046875 0.7274413875 0.9009409015625