0 0.5719375 0.3986923078125 0.5554735578125001 0.560688034375 0.5606225968749999 0.559542734375 0.576716346875 0.3926837609375 0.5719375 0.3986923078125
0 0.5637283656250001 0.4029871796875 0.5477475968750001 0.5658418796875 0.554346153125 0.56383760625 0.57108173125 0.3992649578125 0.5637283656250001 0.4029871796875
0 0.5303677890625 0.5795769234375 0.53230048125 0.5784316234375 0.544209134375 0.4084230765625 0.53986298125 0.410141025 0.539096153125 0.4098547015625 0.5303677890625 0.5795769234375
0 0.544408653125 0.425311965625 0.53342548125 0.570132478125 0.5475865390625 0.56469658125 0.5580480765625 0.426739315625 0.544408653125 0.425311965625
0 0.5931899031250001 0.427457265625 0.58476201875 0.5721367515625 0.5900721156250001 0.5687008546875 0.60053125 0.42588034218750004 0.5931899031250001 0.427457265625
0 0.5844951921875 0.43904700781250006 0.568346153125 0.5724230765625 0.5751057687500001 0.5727094015625 0.5892668265625 0.43933333281250003 0.5844951921875 0.43904700781250006
0 0.5130625 0.5977521375 0.5235240390625 0.5986111109375 0.5307644234375 0.591170940625 0.5394543265625 0.41887179531249996 0.5200168265625 0.4227350421875 0.5130625 0.5977521375
0 0.5803677890625 0.6433247859375 0.5597860578125 0.7641794875000001 0.566560096875 0.7624230765625 0.5881514421875 0.6437008546875 0.5803677890625 0.6433247859375
0 0.538334134375 0.778239315625 0.542990384375 0.7807478625 0.5453894234375001 0.7804957265625 0.5762980765625 0.6376752140625 0.5691418265625 0.6380512828125 0.538334134375 0.778239315625
0 0.3585456734375 0.7655683765625 0.35411298125 0.771025640625 0.3500552890625 0.771632478125 0.3982668265625 0.8804786328124999 0.40934855781249996 0.8686538468749999 0.3612740390625 0.7582905984375 0.3585456734375 0.7655683765625
0 0.33470673125 0.7507094015625 0.3660480765625 0.9035213671875001 0.37371875 0.898670940625 0.34286298125000003 0.7467692312499999 0.33470673125 0.7507094015625
0 0.3454206734375 0.9117094015625 0.359228365625 0.9020042734375 0.33740625 0.7828504281249999 0.322915865625 0.7958888890625 0.3221706734375 0.798008546875 0.3454206734375 0.9117094015625
0 0.30989182656250003 0.791188034375 0.3334855765625 0.9186794875000001 0.3423509609375 0.912918803125 0.3174615390625 0.7858803421875 0.30989182656250003 0.791188034375
0 0.28763701875000003 0.7925512828125 0.313028846875 0.925653846875 0.32240625 0.9208034187499999 0.330247596875 0.9104957265625 0.30569951875 0.783760684375 0.3012668265625 0.7867905984375 0.2951298078125 0.7922478625 0.28882211562500004 0.7922478625 0.28763701875000003 0.7925512828125
0 0.28500721093750003 0.7969999999999999 0.28121874999999996 0.8009017093749999 0.2766298078125 0.8044487171875 0.26945673124999997 0.805867521875 0.269052884375 0.808350428125 0.2983677890625 0.94491025625 0.30315625 0.9445555562499999 0.309935096875 0.93994444375 0.31173076875 0.9367521375000001 0.28500721093750003 0.7969999999999999