0 0.41471154375 0.6311820078125 0.5183840843749999 0.6452755890625 0.5191577578125 0.6280882953125 0.41529180468750004 0.616057175 0.41471154375 0.6311820078125
0 0.5177465484375 0.5135228890625 0.414518128125 0.5198083078125 0.41316419687500006 0.5339018890625 0.41316419687500006 0.5466204828125 0.41413128906249996 0.5559016234375 0.5178038265625 0.5569328765625 0.517030153125 0.550401709375 0.51644989375 0.54043305625 0.516643315625 0.5242770078125 0.5177465484375 0.5135228890625
0 0.5158696375 0.6648691234374999 0.5143222859375001 0.6597129109375001 0.5145157046875 0.6514630171875 0.515658628125 0.646531234375 0.41219709375 0.6325569953125 0.41006949531250003 0.637713175 0.410649746875 0.64733805625 0.5158696375 0.6648691234374999
0 0.5150959640624999 0.577901359375 0.5139354468749999 0.5720577046875001 0.5135486125 0.5665577515625 0.5152893828125 0.561745315625 0.411230003125 0.5600265890625 0.4102629109375 0.5648390296875 0.4110365890625 0.57446390625 0.5150959640624999 0.577901359375
0 0.40871555312499996 0.6133072015625001 0.4965277453125 0.6246508421875 0.49826851406249995 0.5827138374999999 0.411230003125 0.5761826328125 0.40871555312499996 0.6133072015625001
0 0.40658794531250003 0.661431675 0.48821073281249994 0.6779314578125 0.4892116171875 0.6629252859375 0.40774846093750006 0.6487130421875 0.40658794531250003 0.661431675
0 0.4013595796875 0.682743896875 0.49187963437500004 0.7023374312499999 0.49071912187500005 0.6834314109374999 0.4013595796875 0.6659003375 0.40019906250000004 0.6734627515625 0.4013595796875 0.682743896875
0 0.3865021734375 0.13397673906250002 0.3856982046875 0.1257610078125 0.386100190625 0.11718807656250001 0.38683074687499996 0.1097797859375 0.3157528 0.1443357140625 0.31414485625 0.1514798328125 0.3155518125 0.1664824875 0.3865021734375 0.13397673906250002
0 0.3107279875 0.1729121921875 0.310526990625 0.18077072656249998 0.312134934375 0.184342778125 0.3895170625 0.1511226375 0.3881101125 0.1454073421875 0.3885121015625 0.13862041875 0.3893160703125 0.13397673906250002 0.31173295 0.1675540984375 0.3107279875 0.1729121921875
0 0.3087180578125 0.124689396875 0.3087180578125 0.1343339578125 0.3111299765625 0.1357627828125 0.3863011796875 0.09682732968749999 0.38529621875000003 0.0889687953125 0.385095228125 0.081110278125 0.38520349062500003 0.0747435125 0.3089190578125 0.11611644843749999 0.3087180578125 0.124689396875
0 0.3022862984375 0.2954338125 0.390120040625 0.24971147500000002 0.3886388125 0.23385320156249997 0.3024872984375 0.28150280781250003 0.3022862984375 0.2954338125
0 0.3048992046875 0.3111508796875 0.3048992046875 0.3175805859375 0.30650714843750004 0.328296778125 0.384492246875 0.2843604234375 0.382683315625 0.27864515 0.3812763703125 0.27042941875 0.381678353125 0.2604276625 0.30630615156249996 0.30543560625 0.3048992046875 0.3111508796875
0 0.3099240171875 0.27614469218750004 0.3756485765625 0.2411385421875 0.3741742953125 0.22003155156249998 0.30952203125 0.254355153125 0.3099240171875 0.27614469218750004
0 0.3724326953125 0.1925585296875 0.37182971875000004 0.176127046875 0.37182971875000004 0.1775558765625 0.3067081375 0.211133234375 0.30650714843750004 0.22685030312499999 0.3724326953125 0.1925585296875
0 0.36660391406250004 0.17934190156250002 0.367407884375 0.16148160625000002 0.36712284375 0.16153061562499998 0.310526990625 0.18648602187500002 0.3101250140625 0.20506072656250002 0.36660391406250004 0.17934190156250002
0 0.373437659375 0.20684675156250001 0.373035675 0.20005984687499997 0.373035675 0.1925585296875 0.30087935312499997 0.2300651578125 0.300678365625 0.24185294062499998 0.373437659375 0.20684675156250001