0 0.4982572109375 0.47512393125 0.49721875000000004 0.48433760625 0.4973918265625 0.49416239375000004 0.6300793265625 0.48894444375 0.63025 0.46907692343749996 0.4982572109375 0.47512393125
0 0.617466346875 0.321286325 0.6164302890625 0.3099230765625 0.616947115625 0.294311965625 0.50361298125 0.32527777812499997 0.5017115390625 0.3335683765625 0.5020576921875 0.348 0.617466346875 0.321286325
0 0.6171201921875 0.40580341875 0.5001562500000001 0.42138888906250005 0.4982572109375 0.42967948749999996 0.49894711562499994 0.4385854703125 0.5001562500000001 0.4419615390625 0.617466346875 0.42967948749999996 0.616947115625 0.4207735046875 0.6171201921875 0.411867521875 0.6171201921875 0.40580341875
0 0.6141826921875 0.3587478625 0.6131466343749999 0.344008546875 0.6134927890624999 0.323739315625 0.5017115390625 0.3492264953125 0.49929326874999996 0.35690598281249997 0.499810096875 0.3783974359375 0.6141826921875 0.3587478625
0 0.610728365625 0.2945683765625 0.6096923078125001 0.27891025625 0.6100360578124999 0.2562264953125 0.5044759609375 0.29364957187499996 0.50257451875 0.30961538437499997 0.504302884375 0.32466239375 0.610728365625 0.2945683765625
0 0.6147019234375 0.45178632500000004 0.49877403906250006 0.4600769234375 0.4982572109375 0.474508546875 0.6143557687500001 0.467141025 0.6147019234375 0.45178632500000004
0 0.6150480765624999 0.5098247859375 0.6143557687500001 0.5021452984375 0.614528846875 0.49139743593749996 0.49773798124999996 0.494777778125 0.49756490312499996 0.50030341875 0.49773798124999996 0.5101282046875 0.6150480765624999 0.5098247859375
0 0.6143557687500001 0.3591196578125 0.5005024031249999 0.3783974359375 0.4973918265625 0.39067948750000003 0.49773798124999996 0.40879914531250006 0.49998317343750004 0.41985470156250004 0.6150480765624999 0.40326923125 0.614528846875 0.392829059375 0.6141826921875 0.3762478625 0.6143557687500001 0.3591196578125
0 0.4954927890625 0.5697649578124999 0.494627403125 0.58266239375 0.4953197109375 0.5931025640625001 0.614875 0.6075341875 0.613665865625 0.595867521875 0.614875 0.5747350421874999 0.496875 0.5654658125 0.4954927890625 0.5697649578124999
0 0.613665865625 0.60851709375 0.4953197109375 0.594025640625 0.494283653125 0.6106068375 0.6134927890624999 0.6281111109374999 0.613665865625 0.60851709375
0 0.6079639421875 0.4321367515625 0.49998317343750004 0.442884615625 0.499810096875 0.45915812031250003 0.6079639421875 0.45086752187499995 0.6079639421875 0.4321367515625
0 0.4953197109375 0.632713675 0.494627403125 0.6403931625 0.49497355781249996 0.6535940171875 0.6022620187500001 0.674170940625 0.6017451921875 0.6484487171875 0.4953197109375 0.632713675
0 0.49600961562499996 0.6314871796875 0.5946610578125 0.64530341875 0.59690625 0.6244230765625 0.49600961562499996 0.6130641031249999 0.4953197109375 0.6207393156250001 0.495146634375 0.6284145296875 0.49600961562499996 0.6314871796875
0 0.4953197109375 0.655435896875 0.4944543265625 0.664649571875 0.494283653125 0.6793888890625001 0.5950072109375 0.7027264953125 0.5956971156249999 0.675474359375 0.4953197109375 0.655435896875
0 0.5875769234375 0.51323076875 0.4961826921875 0.5116923078125 0.49583653906249997 0.5264316234375 0.58723076875 0.528581196875 0.5875769234375 0.51323076875
0 0.584122596875 0.530811965625 0.49929326874999996 0.528311965625 0.49860096093750006 0.5528760687500001 0.5834302890624999 0.556564103125 0.584122596875 0.530811965625
0 0.4979110578125 0.5654658125 0.5834302890624999 0.5709957265625001 0.5837764421875 0.55748290625 0.498084134375 0.5531837609375 0.4979110578125 0.5654658125
0 0.443834134375 0.6066752140625 0.3728269234375 0.5995512828125 0.37058173125 0.6348632484375 0.44348798125 0.644384615625 0.443834134375 0.6066752140625
0 0.37040865312500004 0.6354786328124999 0.37058173125 0.6376282046874999 0.3698894234375 0.6446923078125 0.43346875 0.653901709375 0.43364182656250005 0.6432264953125 0.37040865312500004 0.6354786328124999
0 0.36626201875 0.655132478125 0.365052884375 0.67048290625 0.3657427890625 0.68123076875 0.43674999999999997 0.6965854703125001 0.4381322109375 0.6827649578125 0.4374423078125 0.6681025640625 0.4044423078125 0.6612735046875 0.36626201875 0.655132478125
0 0.369716346875 0.6446923078125 0.36919951875 0.649294871875 0.36885336562500004 0.653901709375 0.4312235578125 0.6640341875 0.431740384375 0.6542820515625001 0.369716346875 0.6446923078125
0 0.43536778906249995 0.7248333328125 0.43485096093750003 0.7177735046875 0.435540865625 0.7024188031249999 0.36332451875 0.68583760625 0.3624615390625 0.6953547015625 0.362115384375 0.705491453125 0.43536778906249995 0.7248333328125