0 0.731935096875 0.38305982968749996 0.7065625 0.5829316234374999 0.7119206734375 0.58326923125 0.7171322109375 0.5823931625000001 0.7214543265625 0.57583760625 0.72194951875 0.5725042734375 0.7494831734375 0.37621367499999997 0.7442644234375 0.3806367515625 0.73678125 0.3831452984375 0.731935096875 0.38305982968749996
0 0.7608918265625 0.4125683765625 0.7577019234375 0.416542734375 0.735627403125 0.5656324781250001 0.7403125 0.562350428125 0.760533653125 0.420367521875 0.76020673125 0.4201068375 0.7608918265625 0.4125683765625
0 0.756591346875 0.41597863281249997 0.75001201875 0.41823076875 0.7290793265625 0.5605512828125 0.730740384375 0.5599230765625001 0.7296298078125 0.56669658125 0.7349134609375 0.5657991453125 0.756591346875 0.41597863281249997
0 0.7501298078125 0.41494444374999995 0.7471418265625 0.41574786250000006 0.7443076921875 0.4172649578125 0.722502403125 0.5724529921875 0.725466346875 0.5730512828125 0.7274302890625 0.5706581203125001 0.7501298078125 0.41494444374999995
0 0.6996995187499999 0.43492735 0.6858076921875 0.59157265 0.6968894234375 0.5861837609375 0.7104302890625 0.4281068375 0.70511298125 0.4305299140625 0.6996995187499999 0.43492735
0 0.6339855765625 0.555581196875 0.48636298125 0.583188034375 0.486353365625 0.590260684375 0.48561538437499996 0.597615384375 0.6337259609375 0.57216239375 0.63496875 0.5643418796875 0.6339855765625 0.555581196875
0 0.51276923125 0.605777778125 0.5123269234375 0.6441623937500001 0.631771634375 0.6131196578125 0.6365240390625 0.5784700859374999 0.51276923125 0.605777778125
0 0.63328125 0.6055299140625 0.632028846875 0.6141196578125 0.592658653125 0.62366239375 0.5059471156249999 0.666132478125 0.5076322109375 0.6774102562500001 0.5074230765625 0.6850982906249999 0.5075576921875 0.69416239375 0.50684375 0.7029059828124999 0.5061177890625 0.7069658125 0.6337932687500001 0.6419957265625 0.6356875 0.6364957265625 0.63701201875 0.627918803125 0.6372764421875 0.618008546875 0.6368293265625 0.608991453125 0.6355240390625 0.6045427343750001 0.63328125 0.6055299140625
0 0.697377403125 0.8001752140624999 0.7005240390624999 0.8009914531250001 0.704127403125 0.799641025 0.7078894234375 0.7954871796874999 0.709846153125 0.791491453125 0.7295697109375 0.6451581203125001 0.7287884609375 0.6491068375 0.7254855765625 0.6511923078125 0.721810096875 0.65283760625 0.7175312500000001 0.65158974375 0.697377403125 0.8001752140624999
0 0.6985649031250001 0.6677264953125001 0.6987211531249999 0.667846153125 0.698185096875 0.6681837609375 0.6980384609375 0.67016239375 0.70065625 0.6751025640625 0.6833750000000001 0.7950427343750001 0.6865552890625 0.7935085468749999 0.688908653125 0.790358975 0.70705048125 0.6618547015625 0.7042115390625 0.6635 0.7017884609375 0.6651452984375 0.6985649031250001 0.6677264953125001
0 0.6796802890625 0.8108888890625 0.68142548125 0.8072649578125001 0.70055048125 0.67512393125 0.6953581734375 0.6804316234375001 0.6947668265625 0.6826111109374999 0.695185096875 0.684846153125 0.67703125 0.812213675 0.6796802890625 0.8108888890625
0 0.6711826921874999 0.6867435890625 0.666259615625 0.6891111109375 0.6497956734375 0.8251581203124999 0.660759615625 0.819153846875 0.6792860578125001 0.6839999999999999 0.675622596875 0.685739315625 0.6711826921874999 0.6867435890625
0 0.6949615390625 0.6849145296875 0.6859326921875 0.6895213671875 0.668040865625 0.8252991453125 0.67580048125 0.81969658125 0.6949615390625 0.6849145296875
0 0.6446490390624999 0.8264829062500001 0.64530048125 0.826153846875 0.646966346875 0.8234615390625001 0.6621875 0.7051111109375 0.659778846875 0.7066452984375 0.65810576875 0.7061495718749999 0.657627403125 0.708615384375 0.65971875 0.7144059828125 0.6446490390624999 0.8264829062500001
0 0.6254447109375 0.8426837609375 0.6486490390624999 0.6853247859375 0.6464110578125 0.6866111109374999 0.6438076921875 0.686858975 0.641435096875 0.6854957265625 0.618084134375 0.8473974359374999 0.62036298125 0.8488888890625 0.622747596875 0.8469017093750001 0.6254447109375 0.8426837609375
0 0.6404639421875 0.6887521375000001 0.6317740390625 0.68880341875 0.609502403125 0.8520128203124999 0.617091346875 0.851491453125 0.6404639421875 0.6887521375000001
0 0.62698076875 0.8339829062499999 0.62888701875 0.833153846875 0.6478293265625 0.708367521875 0.6473173078125 0.709935896875 0.645302884375 0.7100940171875 0.62698076875 0.8339829062499999
0 0.6030408656249999 0.858705128125 0.605783653125 0.855811965625 0.607634615625 0.8514059828124999 0.6305625 0.6875042734375 0.6296322109375 0.6903974359375 0.6273990390625 0.6920512828125001 0.624122596875 0.6925128203125 0.620884615625 0.6912820515625 0.6206274031250001 0.6918076921874999 0.6030408656249999 0.858705128125
0 0.6597884609375 0.714222221875 0.6556802890625 0.7162435890625 0.6394014421875001 0.836901709375 0.643096153125 0.8346025640624999 0.6597884609375 0.714222221875
0 0.6211923078125 0.6835683765625 0.6107115390625 0.69019658125 0.5927067312500001 0.874722221875 0.6008365390625 0.8737521375 0.6211923078125 0.6835683765625
0 0.451677884375 0.9155341874999999 0.5640264421875 0.83887606875 0.5652836531250001 0.8318162390625 0.565310096875 0.8258076921875 0.5649278843750001 0.8178931625000001 0.450497596875 0.893098290625 0.45162980781249995 0.9020854703125 0.45186298125 0.9104059828125 0.451677884375 0.9155341874999999
0 0.4633918265625 0.9170085468750001 0.4637427890625 0.9260598296874999 0.5665312499999999 0.8534401703125001 0.5667043265625 0.8434059828124999 0.4633918265625 0.9170085468750001
0 0.46876201875 1 0.564790865625 0.8975940171874999 0.5665072109375 0.8909914531249999 0.566752403125 0.8854188031250001 0.5663894234375 0.8803205125 0.5657427890625 0.8775769234374999 0.4578918265625 0.9858290593750001 0.459408653125 0.9933034187500001 0.45979326875000004 1 0.46876201875 1