0 0.5575504812500001 0.910350428125 0.45419230781250003 0.8663632484375 0.45337500000000003 0.8725854703125 0.45364182656249996 0.8842478625 0.455134615625 0.889260684375 0.4578052890625 0.8944572656249999 0.570502403125 0.9453931624999999 0.56784375 0.9379188031249999 0.565884615625 0.9256068375 0.565716346875 0.917 0.5658798078125 0.915346153125 0.5575504812500001 0.910350428125
0 0.46280048125000006 0.9187264953125001 0.46441346093749997 0.9257350421874999 0.5464110578125 0.965474359375 0.5459447109375 0.9635341875 0.5492860578125 0.9653247859375 0.5478365390625 0.959525640625 0.5439639421875 0.9562521374999999 0.5438076921875 0.95819658125 0.466622596875 0.9234401703125 0.46607692343749996 0.9206666671875 0.46280048125000006 0.9187264953125001
0 0.5473413468749999 0.9572991453125 0.5463004812500001 0.94648290625 0.462521634375 0.9076239312500001 0.46315384687499994 0.9183333328125001 0.46630048124999995 0.9195470078125 0.46711778906249996 0.9228076921874999 0.5439615390625 0.957901709375 0.5439230765625 0.9551282046875 0.5473413468749999 0.9572991453125
0 0.5482043265625001 0.9462435890625001 0.5470240390625001 0.9358846156249999 0.458560096875 0.8950470078125001 0.46079326875 0.9061111109375 0.5482043265625001 0.9462435890625001
0 0.438872596875 0.8371282046875 0.565615384375 0.9139957265625 0.564721153125 0.9085213671875 0.5646201921875 0.9032564109375001 0.56523798125 0.8997649578125 0.43773557656250006 0.8253803421875 0.43727884687499996 0.8286025640625001 0.43862740312500004 0.8334786328125 0.438872596875 0.8371282046875
0 0.525259615625 0.889598290625 0.45065625000000004 0.8451111109375 0.45134134687499994 0.8503418796875 0.525259615625 0.889598290625
0 0.542747596875 0.8342435890625 0.4327259609375 0.78523076875 0.43230048125 0.78905555625 0.43614423125 0.8194401703124999 0.542959134375 0.8797478625 0.542747596875 0.8342435890625
0 0.40780048124999996 0.5099487171875 0.4045480765625 0.5124957265625001 0.3996634609375 0.514170940625 0.3948701921875 0.5143931625 0.3924326921875 0.514170940625 0.3869927890625 0.5132478625 0.3843052890625 0.5105854703125 0.42035576875 0.7400341874999999 0.42411298124999997 0.743358975 0.42932211562499994 0.7460512828125 0.43392788437499996 0.7457435890624999 0.4383822109375 0.7444615390625 0.44072355781250006 0.7430341874999999 0.407884615625 0.50801709375 0.4073918265625 0.508722221875 0.40753365312499995 0.5085940171875001 0.40780048124999996 0.5099487171875
0 0.3305697109375 0.8515299140625 0.3304014421875 0.855418803125 0.33142307656250003 0.8616282046875 0.3325264421875 0.8667094015625001 0.3343365390625 0.8711965812500001 0.33651923125 0.873141025 0.41867548125000004 0.9085683765624999 0.4165360578125 0.9060128203125 0.41385817343750003 0.8955 0.41405288437500004 0.8884145296874999 0.4150048078125 0.885867521875 0.3305697109375 0.8515299140625
0 0.333490384375 0.8258717953125 0.33632692343750004 0.8361666671875 0.40929086562499994 0.869435896875 0.40592548125 0.8521538468750001 0.404052884375 0.852294871875 0.40138701875000005 0.8576965812499999 0.333490384375 0.8258717953125
0 0.3970889421875 0.8468162390625 0.3957139421875 0.8478803421875 0.32370432656250003 0.81494444375 0.32428846093749997 0.8179444437500001 0.3267235578125 0.8227350421875 0.40144230781249995 0.8573034187499999 0.398415865625 0.8473717953125 0.3970889421875 0.8468162390625
0 0.39331730781249996 0.8300213671875 0.318365384375 0.7968589749999999 0.31718509687499996 0.799688034375 0.3186730765625 0.80548290625 0.32045673125 0.812491453125 0.39547115312500003 0.8475982906249999 0.3955480765625 0.8428803421875 0.39331730781249996 0.8300213671875
0 0.3180673078125 0.7757991453125 0.3206610578125 0.785688034375 0.39578365312499997 0.8192606843749999 0.39549759687499997 0.8111965812499999 0.3948918265625 0.8048974359375001 0.39379326875 0.7980470078125 0.3934831734375 0.7956025640625 0.317353365625 0.765457265625 0.3169110578125 0.7676666671875 0.3180673078125 0.7757991453125
0 0.37948076875000003 0.7847564109375 0.379221153125 0.7850299140625 0.316028846875 0.7567692312500001 0.317689903125 0.7605299140625 0.384935096875 0.788525640625 0.384091346875 0.7803675218749999 0.3826418265625 0.78005555625 0.37948076875000003 0.7847564109375
0 0.3953990390625 0.7516196578125001 0.396528846875 0.7497393156250001 0.3948389421875 0.7484316234375 0.3941490390625 0.749384615625 0.3932668265625 0.74958974375 0.305403846875 0.7095213671875 0.30433173125 0.7108162390625 0.3037019234375 0.7149401703125 0.3044326921875 0.7183974359375 0.30525480781250003 0.7214615390625 0.30629086562499996 0.7228247859375 0.394658653125 0.7642905984375 0.39623076875 0.76419658125 0.39584615312500004 0.7633803421875001 0.39519951875000003 0.7595128203125 0.39516826875 0.7543931625 0.3953990390625 0.7516196578125001
0 0.393603365625 0.73407265 0.30163701875000004 0.69437606875 0.3015144234375 0.696811965625 0.3026394234375 0.7090854703125 0.39401201874999997 0.7491452984375 0.393603365625 0.73407265
0 0.312127403125 0.7291068375 0.38292548125 0.7637008546875 0.38182451875 0.76083760625 0.3819543265625 0.7583290593750001 0.3818677890625 0.7580641031249999 0.312127403125 0.7253076921875 0.312127403125 0.7291068375
0 0.300497596875 0.68351709375 0.2999230765625 0.6862435890625 0.3004206734375 0.6893803421875 0.3009951921875 0.6903333328125 0.3941802890625 0.7315470078125 0.39311538437500004 0.7300470078125 0.39173317343749997 0.7260940171875 0.391384615625 0.71912393125 0.39204086562499996 0.7148333328125 0.3924230765625 0.71469658125 0.300497596875 0.68351709375
0 0.37878124999999996 0.7761923078125 0.3103365390625 0.7473717953125 0.310591346875 0.7513931625 0.3117259609375 0.7545940171875001 0.37953125 0.78492735 0.37878124999999996 0.7761923078125
0 0.28921153906249997 0.6648333328125 0.28831971093750003 0.6673632484375001 0.2891634609375 0.6738205125000001 0.290247596875 0.6785683765625 0.2905697109375 0.679918803125 0.3974206734375 0.7163632484375 0.3936418265625 0.69607265 0.28921153906249997 0.6648333328125
0 0.2671081734375 0.41447863281249997 0.309771634375 0.613713675 0.3131730765625 0.6159615390625001 0.31509375 0.6161923078125 0.3181418265625 0.6157094015625 0.320177884375 0.6147094015625 0.3209951921875 0.6145512828124999 0.2789447109375 0.41229059843750004 0.276634615625 0.41391880312499996 0.2745168265625 0.4150940171875 0.2708798078125 0.41517094062500004 0.2671081734375 0.41447863281249997
0 0.30734134687500003 0.6185940171875 0.266259615625 0.43566239375000004 0.26060576874999997 0.43658974375000004 0.30093028906249997 0.61812393125 0.30298798125 0.6190854703124999 0.30734134687500003 0.6185940171875
0 0.2760240390625 0.6150470078125 0.27967788437499996 0.61826923125 0.28257451875 0.6185982906249999 0.2852668265625 0.6186752140625 0.28721153906249997 0.6174999999999999 0.28799759687500004 0.6179230765625 0.226439903125 0.42558547031250005 0.22428125 0.4272264953125 0.22076201874999998 0.42885042812499996 0.21875 0.42911965781249994 0.21875 0.444149571875 0.2760240390625 0.6150470078125