0 0.4797772375 0.4662930046875 0.354074465625 0.4643622484375 0.354074465625 0.484139303125 0.4797772375 0.48256653906249997 0.4803979921875 0.47484350781250007 0.4797772375 0.4662930046875
0 0.47698384374999997 0.35758463749999997 0.3650928578125 0.33800123125 0.36478248125 0.355102234375 0.47682865625000004 0.37358235 0.47698384374999997 0.35758463749999997
0 0.47775978593749996 0.3953723375 0.47775978593749996 0.37854715781250003 0.4760527109375 0.374961465625 0.3654032328125 0.3570329921875 0.366334365625 0.36641096093750003 0.3664895546875 0.3804779140625 0.3654032328125 0.3873016109375 0.4760527109375 0.3997855 0.47775978593749996 0.3953723375
0 0.47931167343750003 0.45112276093750003 0.367886253125 0.4464337734375 0.3683518171875 0.4637233796875 0.47962205 0.4662930046875 0.4797772375 0.458018325 0.47931167343750003 0.45112276093750003
0 0.47388007187500003 0.3186936453125 0.3740937953125 0.29855859375 0.3751801171875 0.3194324609375 0.47512158125 0.3374495859375 0.47388007187500003 0.3186936453125
0 0.3691277625 0.4990374109375 0.47962205 0.4988400765625 0.4805531828125 0.49359944375 0.48024280468749997 0.4828423625 0.41413245625000006 0.48477312031249997 0.368817384375 0.48477312031249997 0.3691277625 0.4990374109375
0 0.480087615625 0.5129070296875 0.3683518171875 0.5209058843750001 0.3691277625 0.5434558375 0.48101874687499996 0.5344211921875 0.481794690625 0.5239399359375 0.480087615625 0.5129070296875
0 0.472948940625 0.2966187609375 0.379215021875 0.27372548281250003 0.3801461515625 0.2968094109375 0.47419045000000004 0.315650525 0.474035259375 0.3046176203125 0.472948940625 0.2966187609375
0 0.48365695468750003 0.5650375078125001 0.48396733125 0.5501430859374999 0.48101874687499996 0.5355244875 0.370524459375 0.54600574375 0.37207634375 0.55703865 0.3725419109375 0.571381428125 0.3726970984375 0.58704659375 0.481639503125 0.5735880078125 0.48365695468750003 0.5650375078125001
0 0.3726723265625 0.6521676375000001 0.48258760624999997 0.6276116375 0.48340634062500004 0.61742544375 0.4827058 0.60408125625 0.371137196875 0.6243375046875 0.373167096875 0.637666128125 0.3726723265625 0.6521676375000001
0 0.47869091875 0.4999433671875 0.3770423796875 0.5029774140625001 0.3770423796875 0.5191774437500001 0.47853573125000004 0.5137344953125 0.4790012953125 0.50711475625 0.47869091875 0.4999433671875
0 0.4833465765625 0.59730875625 0.48365695468750003 0.5846209140624999 0.48226025781250004 0.5738638296875 0.3726970984375 0.589585721875 0.3742489859375 0.596205465625 0.3751801171875 0.6116515296875 0.374869740625 0.6218088421875 0.482725821875 0.6031010296875 0.4833465765625 0.59730875625
0 0.380922096875 0.340124278125 0.47512158125 0.356481346875 0.47527676874999997 0.3495857828125 0.475742334375 0.3426902140625 0.47372488281249997 0.339104521875 0.3818532265625 0.323658453125 0.380922096875 0.340124278125
0 0.4809342859375 0.6271708546875 0.3778911375 0.6534090390625 0.380253159375 0.6890090640625 0.4830010546875 0.66075573125 0.4844773171875 0.6444880562499999 0.4809342859375 0.6271708546875
0 0.4760527109375 0.40033714531250003 0.3953546375 0.39233829062500003 0.395199446875 0.40357917499999996 0.47636308906249997 0.41219751718750003 0.4760527109375 0.40033714531250003
0 0.4797772375 0.43591826562499997 0.392561240625 0.42847105625 0.392406053125 0.44198636249999995 0.47962205 0.4480544609375 0.4797772375 0.43591826562499997
0 0.4760527109375 0.41274916250000004 0.39566501249999997 0.40447448750000004 0.39566501249999997 0.42819523125 0.47713903125 0.434814975 0.4760527109375 0.41274916250000004
0 0.5929097328124999 0.3421294953125 0.5244715578125 0.33054494375 0.5250923125 0.3646785640625 0.5929097328124999 0.37384909843749997 0.5929097328124999 0.3421294953125
0 0.5274201421875 0.3081209359375 0.5946168078125 0.3214427984375 0.594771996875 0.314547234375 0.5944616203125 0.2988253421875 0.5258682546875 0.2825518078125 0.5260234453125 0.2946880046875 0.5274201421875 0.3081209359375
0 0.5950823749999999 0.2748287734375 0.526954575 0.2585552390625 0.5275753296875 0.2762078890625 0.595547940625 0.29303306875 0.5963238828125 0.283379278125 0.5950823749999999 0.2748287734375
0 0.5922889812500001 0.33302735 0.532386178125 0.3228219109375 0.532386178125 0.3318475515625 0.5922889812500001 0.340474559375 0.5922889812500001 0.33302735
0 0.5930649234375001 0.324201025 0.5336276843750001 0.311513184375 0.5326965546875 0.321915478125 0.5932201109374999 0.3321998796875 0.5930649234375001 0.324201025