0 0.5856105765625 0.666350428125 0.5903125 0.666564103125 0.6061081734375 0.508867521875 0.5960697109375 0.50857265 0.5816322109375001 0.6646367515625 0.5856105765625 0.666350428125
0 0.564146634375 0.6627094015624999 0.593447115625 0.526222221875 0.5907956734375001 0.524935896875 0.58598076875 0.52130341875 0.5576346156249999 0.6588504281249999 0.564146634375 0.6627094015624999
0 0.29441826875 0.70251709375 0.2857355765625 0.7029487171875 0.28031490312499996 0.70012393125 0.29948317343749997 0.8250769234374999 0.3031009609375 0.8297905984374999 0.3087668265625 0.8291495718749999 0.312627403125 0.8272179484375 0.29441826875 0.70251709375
0 0.3227548078125 0.8353632484375 0.3034615390625 0.69716239375 0.299603365625 0.69908974375 0.29634855781249997 0.69887606875 0.2933365390625 0.696457265625 0.2940576921875 0.7016623937500001 0.31334855781250004 0.8349316234374999 0.317810096875 0.8366452984375 0.3227548078125 0.8353632484375
0 0.294658653125 0.8372905984375001 0.2733173078125 0.70337606875 0.2684927890625 0.70466239375 0.2649951921875 0.70508974375 0.26111057656250003 0.70301709375 0.2832043265625 0.8381452984375001 0.2877860578125 0.839858975 0.292971153125 0.8390042734375 0.294658653125 0.8372905984375001
0 0.3458485578125 0.698277778125 0.376716346875 0.8512606843749999 0.3839519234375 0.8515598296875 0.3538076921875 0.6963504281249999 0.3458485578125 0.698277778125
0 0.3978197109375 0.8434188031250001 0.373341346875 0.7152905984375 0.3743052890625 0.7125042734375 0.372377403125 0.703722221875 0.3685168265625 0.7080042734374999 0.36321153906250003 0.7101495718749999 0.359091346875 0.7091923078125 0.38636298125 0.8438504281249999 0.391427884375 0.845777778125 0.3978197109375 0.8434188031250001
0 0.3606802890625 0.8375470078125 0.3691201921875 0.8386196578125 0.37273798125 0.8375470078125 0.367552884375 0.8064786328125001 0.3498269234375 0.721205128125 0.339939903125 0.723991453125 0.3606802890625 0.8375470078125
0 0.40445192343749997 0.854991453125 0.41036057656249997 0.854991453125 0.4163894234375 0.850918803125 0.39468509687500003 0.7172179484375001 0.3944423078125 0.7135769234375 0.39323798125 0.709935896875 0.386002403125 0.7150769234375 0.3787668265625 0.7165769234375 0.3736322109375 0.7161367515625 0.399747596875 0.851346153125 0.40445192343749997 0.854991453125
0 0.40660817343750005 0.7388589750000001 0.40214663437500003 0.714649571875 0.3949110578125 0.7174316234375 0.419872596875 0.8524188031250001 0.42228365312499994 0.853491453125 0.42517788437500004 0.8530598296875 0.40696875 0.744 0.40660817343750005 0.7388589750000001
0 0.34138701875 0.8442094015625001 0.345728365625 0.8431367515625 0.325591346875 0.7267948718749999 0.31714903906249997 0.7278632484374999 0.3365625 0.843350428125 0.34138701875 0.8442094015625001
0 0.30924999999999997 0.7361581203124999 0.3235985578125 0.8355769234375 0.3336081734375 0.8366452984375 0.31865625 0.7361581203124999 0.30924999999999997 0.7361581203124999
0 0.325228365625 0.725935896875 0.34765625 0.8532094015625 0.353927884375 0.8536367515625001 0.3329447109375 0.725294871875 0.325228365625 0.725935896875
0 0.4227644234375 0.7242905984375 0.455564903125 0.8590598296874999 0.461834134375 0.8590598296874999 0.43181009687499994 0.7305042734375 0.43205048125 0.7268589750000001 0.43108653906249994 0.7212905984375 0.4227644234375 0.7242905984375
0 0.4378389421875 0.728358975 0.43458173125000005 0.7296452984374999 0.43181009687499994 0.7302905984375 0.4634014421875 0.865705128125 0.465935096875 0.8669871796875 0.47075721093749995 0.8637735046874999 0.4395264421875 0.7262179484375 0.4378389421875 0.728358975
0 0.442903846875 0.8620598296875001 0.443627403125 0.8607735046875 0.4263822109375 0.7386452984375 0.407052884375 0.7439145296875 0.42662500000000003 0.8592735046875 0.442903846875 0.8620598296875001