0 0.5494477359375 0.5784393156250001 0.56131348125 0.361781884375 0.5523418203125 0.3602380078125 0.538739628125 0.579983196875 0.5494477359375 0.5784393156250001
0 0.56825928125 0.5738076875 0.5835979234375 0.386998546875 0.5738473890625 0.383910790625 0.5589982140624999 0.5748369359375001 0.56825928125 0.5738076875
0 0.5951742578125 0.38442541874999997 0.5860054203125 0.3854546703125 0.567969871875 0.576380815625 0.5737580390625 0.5779246921875 0.5769415312499999 0.573293059375 0.5951742578125 0.38442541874999997
0 0.5587088046875001 0.5748369359375001 0.5714427718749999 0.389571675 0.5624711125 0.39060092812499997 0.5503159609375 0.5753515640625 0.5587088046875001 0.5748369359375001
0 0.603856509375 0.420963846875 0.6050141421874999 0.420963846875 0.5902543171875 0.582041696875 0.5974895265625 0.582041696875 0.6134069859375 0.4163322140625 0.603856509375 0.420963846875
0 0.3338385046875 0.5228597390624999 0.33904785312499996 0.511023346875 0.3352855453125 0.49404069687499996 0.3315232375 0.508964846875 0.3338385046875 0.5228597390624999
0 0.5847555578125 0.583585571875 0.6015412421875 0.4353733625 0.5934378078125 0.43331486249999995 0.5775203484375 0.5784393156250001 0.5847555578125 0.583585571875
0 0.302202240625 0.7221596578125 0.27821211562500003 0.5934202265625 0.2645364140625 0.5934202265625 0.291920759375 0.72292143125 0.302202240625 0.7221596578125
0 0.3370219953125 0.7317977859375 0.342231346875 0.727166153125 0.32313039374999997 0.6005682218749999 0.3170528203125 0.6026267265625 0.3086864828125 0.6000535984375001 0.3315232375 0.730768534375 0.3370219953125 0.7317977859375
0 0.3120553265625 0.7297773765625 0.28892199218750003 0.6017997140625 0.28039078906250003 0.60103794375 0.3047726109375 0.735109778125 0.3120553265625 0.7297773765625
0 0.3244787859375 0.7320626921875 0.3300479203125 0.7282538328125 0.310341746875 0.6117027484374999 0.30263063749999997 0.612464521875 0.29277754843750003 0.6056085718750001 0.313768909375 0.7297773765625 0.3244787859375 0.7320626921875
0 0.4851990796875 0.7523828124999999 0.49359192343749997 0.747751184375 0.49301310625 0.6196093765625 0.4837520390625 0.6196093765625 0.4733988796875 0.6165216203125 0.4762274203125 0.749295059375 0.4851990796875 0.7523828124999999
0 0.5433701609375 0.7564998203125 0.550026553125 0.6376212781249999 0.543080753125 0.6355627734375 0.5361349515625 0.7585583203125 0.5433701609375 0.7564998203125
0 0.5364243609375 0.7554705687500001 0.538739628125 0.647913790625 0.520583625 0.6443114109375 0.5179022234375 0.7523828124999999 0.5364243609375 0.7554705687500001
0 0.415741071875 0.516169603125 0.43281616562499997 0.42868323124999996 0.43084576406249997 0.4096420765625 0.41284698750000004 0.496613825 0.415741071875 0.516169603125