0 0.537655675 0.722640209375 0.5373919468749999 0.71122755625 0.5373578921875 0.7011870171875 0.53881245625 0.6880048624999999 0.42497521093749996 0.6695277390625 0.42341972656250004 0.6820187140625 0.4233246734375 0.6902164875000001 0.42411118437499995 0.6994531921875 0.42640909374999997 0.7052655046874999 0.5394819328125 0.7318622515625 0.537655675 0.722640209375
0 0.42570447343750006 0.7065007734375001 0.42661117812500005 0.7193344109375001 0.5154911609374999 0.7437529781250001 0.5157330671875 0.7290348843750001 0.42570447343750006 0.7065007734375001
0 0.5144245859375001 0.7773233078125 0.51365384375 0.7641506703125 0.513429125 0.7644477609375 0.4304473875 0.7445372390625 0.4304473875 0.7438614921875 0.42644948749999995 0.7436312734375 0.4275686828125 0.7562850812499999 0.5107509875 0.7767933078125 0.51046583125 0.7762020296875 0.5144245859375001 0.7773233078125
0 0.42778136250000004 0.727655290625 0.4266600359375 0.742168896875 0.4306047765625 0.7417465515624999 0.430401625 0.7446732015624999 0.50898503125 0.76305494375 0.508889978125 0.761027675 0.5132551171874999 0.7612112953125 0.51365384375 0.7478865171875 0.42778136250000004 0.727655290625
0 0.43724620937500003 0.22787708125 0.436831684375 0.43382496562500006 0.44866325781249994 0.4327772515625 0.4489094546875 0.22462438437499999 0.43724620937500003 0.22787708125
0 0.42013220625000003 0.3607965390625 0.42101770937499994 0.3729392734375 0.42648715312499996 0.371979021875 0.42590063437500003 0.36625277343749996 0.42599694687499995 0.36621093125000004 0.42013220625000003 0.3607965390625
0 0.42397073281250003 0.1756954578125 0.4156481515625 0.3551875890625 0.4212630984375 0.3545577140625 0.42939423750000005 0.17393823125000002 0.42397073281250003 0.1756954578125
0 0.4069008828125 0.180627440625 0.417216971875 0.3195129578125 0.4191311375 0.2757340296875 0.41242530781250003 0.17904 0.4069008828125 0.180627440625
0 0.2932710390625 0.69604743125 0.291762659375 0.7075210765625 0.2926277328125 0.71998609375 0.2950245171875 0.7258447046875001 0.379546934375 0.7459033500000001 0.3776455390625 0.7354871843749999 0.37820580000000004 0.7213042859375001 0.379969821875 0.714227103125 0.2932710390625 0.69604743125
0 0.29125014843749997 0.45997422187500003 0.292007840625 0.47522623125 0.374831478125 0.39080550000000003 0.371417940625 0.374985465625 0.371192075 0.375047846875 0.29125014843749997 0.45997422187500003
0 0.371687321875 0.40011269687500006 0.371821596875 0.3943851671875 0.29149631249999997 0.477530046875 0.2898442765625 0.4817212859375 0.2911382375 0.4876562390625 0.2928961015625 0.49144655625 0.375138346875 0.40979627812499997 0.3728062671875 0.40488565000000004 0.371687321875 0.40011269687500006
0 0.29932207499999997 0.49719177812500004 0.2991451703125 0.5096124234375 0.3633023796875 0.4449901109375 0.36139045 0.4328440984375 0.29932207499999997 0.49719177812500004
0 0.3736126609375 0.3486194109375 0.37034578125 0.3408959109375 0.3689549640625 0.3346076328125 0.3688723984375 0.3290351921875 0.2880605984375 0.41621720156249997 0.287254959375 0.42073744843750005 0.287836809375 0.4281215171875 0.2896684140625 0.4321863078125 0.35257314375000004 0.369180896875 0.35671492968749996 0.367221103125 0.3736126609375 0.3486194109375
0 0.310646821875 0.222071103125 0.3614619328125 0.1646466578125 0.36449505000000004 0.166780440625 0.379688965625 0.1514455078125 0.37670483125 0.13444274375 0.2798334140625 0.239063884375 0.2800711734375 0.2534934953125 0.310646821875 0.222071103125
0 0.28159773125 0.20699699218749998 0.280529040625 0.2128882484375 0.281986028125 0.2277591234375 0.2838702546875 0.23280819218749998 0.369883746875 0.141621384375 0.3659304015625 0.1288172734375 0.3645484015625 0.11961784687499999 0.3653608359375 0.11347393593749999 0.28159773125 0.20699699218749998
0 0.34796506250000003 0.22387426562499999 0.35168000781250003 0.2264729703125 0.371175034375 0.20621176874999997 0.367814490625 0.1976918328125 0.36405873125 0.1815909015625 0.362168315625 0.164586928125 0.278436646875 0.26050252500000004 0.2765769953125 0.266108475 0.2767112671875 0.28092758125 0.280443303125 0.2938888328125 0.2908305265625 0.284320859375 0.34796506250000003 0.22387426562499999
0 0.2817316203125 0.1868550171875 0.28231164375 0.199325128125 0.361422496875 0.1169446109375 0.36006091093750003 0.10485355156250001 0.2817316203125 0.1868550171875
0 0.3579069921875 0.383340059375 0.355915778125 0.3767431375 0.35289590625 0.3688583296875 0.28315491875 0.43834391093749997 0.283308396875 0.445114615625 0.2863584875 0.4527515765625 0.3579069921875 0.383340059375
0 0.275881665625 0.3427071875 0.2748456640625 0.3490220125 0.276233153125 0.354960153125 0.2784351171875 0.35757124375 0.36290385625 0.26885673906249996 0.3620962015625 0.2681490046875 0.3595651703125 0.261878675 0.35902530312500003 0.25500082968750004 0.275881665625 0.3427071875
0 0.281521946875 0.1750643625 0.35700594531249996 0.1061853375 0.35369835625 0.085453059375 0.3512494234375 0.07700489687499999 0.279588375 0.150720103125 0.281521946875 0.1750643625
0 0.362150615625 0.0539961703125 0.360769721875 0.0453956875 0.3602773875 0.036378571875 0.36162739843749997 0.032098948437500004 0.2731160984375 0.103008709375 0.272566721875 0.110032546875 0.27308362812500003 0.11860063750000001 0.27399108125 0.12343910625000001 0.2756471203125 0.126223315625 0.3639924734375 0.0612678078125 0.362150615625 0.0539961703125
0 0.3466840453125 0.332178790625 0.3445895390625 0.3249449015625 0.283021625 0.385746371875 0.28281315937499996 0.398208603125 0.2840462015625 0.40683744375 0.349781415625 0.34757069218750003 0.3466840453125 0.332178790625
0 0.2763751125 0.2985291375 0.2757953296875 0.3135826625 0.2758646703125 0.32593117031249996 0.276583184375 0.33156033281249997 0.331834715625 0.2842063890625 0.3541638796875 0.2595154703125 0.35234653437499996 0.2461528671875 0.3479206390625 0.2246027484375 0.2763751125 0.2985291375
0 0.27602890625 0.363819371875 0.27784912031250003 0.37942406875 0.278117665625 0.3796626875 0.352228478125 0.3095411375 0.351880096875 0.3057929953125 0.34746639375 0.287721525 0.2762526828125 0.359776371875 0.27602890625 0.363819371875