0 0.5378472234375 0.5506626234375 0.6581597234375 0.5549825421875 0.6574652765625 0.5380787046875 0.5373263890625 0.5349257734374999 0.5366319453124999 0.5410970859375 0.5378472234375 0.5506626234375
0 0.5434027765625 0.65063789375 0.6501736109375 0.6700775296875 0.6494791656250001 0.652276234375 0.5430555546875 0.6361353078125 0.5434027765625 0.65063789375
0 0.647916665625 0.6260416671875 0.5425347234375 0.6111414921875 0.5407986109375 0.6188556328125 0.5423611109375 0.6352096109375001 0.6491319453125 0.6534149828125 0.647916665625 0.64446658125 0.647916665625 0.6260416671875
0 0.546875 0.684611790625 0.6420138890625 0.7049771234375 0.6409722234374999 0.6862268499999999 0.5451388890625 0.6676406796875 0.546875 0.684611790625
0 0.5486111109375 0.7037428593749999 0.6376736109375 0.7265767171874999 0.636458334375 0.7068285171875 0.546875 0.6861546203125 0.5470486109375 0.69849724375 0.5486111109375 0.7037428593749999
0 0.5387152765625001 0.5642395125 0.6449652765625 0.5707193890625 0.6444444453125 0.554745371875 0.5378472234375 0.5515883203125 0.5376736109375 0.5568339359375 0.5387152765625001 0.5642395125
0 0.5449652765625 0.666991871875 0.6342013890625 0.6814944578125 0.634895834375 0.666991871875 0.5444444453124999 0.6512550218750001 0.5449652765625 0.666991871875
0 0.5359375 0.534617209375 0.643229165625 0.5352343421875 0.6418402765625 0.521103396875 0.5362847234375 0.5204231874999999 0.5352430546875 0.5265945000000001 0.5359375 0.534617209375
0 0.5350694453125 0.5053034750000001 0.6435763890625 0.5012921203125 0.6425347234375 0.494503675 0.6420138890625 0.481597221875 0.5335069453125 0.48771523125 0.5335069453125 0.4951208078125 0.5331597234375 0.4975893296875 0.5350694453125 0.5053034750000001
0 0.6375 0.44116512343750003 0.5309027765625001 0.450070221875 0.5302083343749999 0.45716723125 0.5298611109375 0.4651899359375 0.5310763890625 0.4793839578125 0.5340277765625 0.48740666718750003 0.6409722234374999 0.48061822187500003 0.6388888890625 0.4729040765625 0.6376736109375 0.45747579531250004 0.6375 0.44116512343750003
0 0.5359375 0.518880359375 0.634895834375 0.5176460984375 0.6345486109375 0.5028935171875 0.5357638890625 0.5056120390625 0.5359375 0.518880359375
0 0.5289930546875 0.430322021875 0.5293402765625 0.44081325156249995 0.5309027765625001 0.450070221875 0.6366319453125 0.43741902968749996 0.6355902765625 0.43093915000000005 0.6342013890625 0.41797939375000004 0.6347222234375 0.40628858125 0.5296875 0.4222993125 0.5289930546875 0.430322021875
0 0.6361111109375 0.379745371875 0.5289930546875 0.397922628125 0.528125 0.40779672656250004 0.5295138890625 0.42013935468749997 0.636979165625 0.404093940625 0.6359375 0.39360270937499997 0.6361111109375 0.379745371875
0 0.5421875 0.610524359375 0.6196180546875001 0.6197813296875 0.619270834375 0.6074387015625 0.5418402765625 0.5991074281250001 0.5421875 0.610524359375
0 0.5392361109375 0.5787420984375 0.621354165625 0.5876905 0.6211805546875 0.5748070984375 0.5387152765625001 0.5673251671874999 0.5392361109375 0.5787420984375
0 0.5414930546875001 0.599724559375 0.6196180546875001 0.6086729656250001 0.6189236109375 0.5876905 0.5402777765625 0.579976359375 0.5414930546875001 0.599724559375
0 0.5272569453125 0.37292880781250004 0.5272569453125 0.3806429484375 0.5277777765625 0.3902084875 0.5302083343749999 0.3982311921875 0.630208334375 0.37848299218750003 0.6284722234375 0.3667574953125 0.627083334375 0.34209104687499997 0.5279513890625 0.3652146671875 0.5272569453125 0.37292880781250004
0 0.432954928125 0.7224793328125 0.4988485890625 0.73921009375 0.4981313796875 0.7355452609375 0.49759347187499997 0.7223199921875 0.4318791125 0.7076606578125 0.43169980937499997 0.7124408765625 0.4320584140625 0.7188144999999999 0.432954928125 0.7224793328125
0 0.49562114375000005 0.694795396875 0.43107225 0.6815288078124999 0.4323273671875 0.7020837390625 0.49857963749999995 0.7173804359375 0.4977727734375 0.7087760421875 0.49732451875 0.6993749484375 0.49562114375000005 0.694795396875
0 0.4314236109375 0.6611607984375001 0.49756944531249997 0.6719605984375 0.496875 0.6405478421875 0.4295138890625 0.632155628125 0.4314236109375 0.6611607984375001
0 0.432148065625 0.6625672781249999 0.432237715625 0.6700562859375 0.49060067500000004 0.6799354015625 0.49033172187499996 0.6712071578125001 0.432148065625 0.6625672781249999
0 0.489793815625 0.6902925390625 0.4900627671875 0.68025408125 0.432237715625 0.6705343078125 0.432237715625 0.6748365046875 0.432954928125 0.677863975 0.489793815625 0.6902925390625