0 0.478747596875 0.45639316250000006 0.484033653125 0.6505213671875001 0.49229086562499996 0.6525769234375 0.48832692343749995 0.45639316250000006 0.478747596875 0.45639316250000006
0 0.5718918265624999 0.46608547031249997 0.5652860578125 0.649935896875 0.5735432687500001 0.6519914531250001 0.5824615390625001 0.467846153125 0.5718918265624999 0.46608547031249997
0 0.5202019234375 0.4713717953125 0.514091346875 0.47019658125 0.5096394234375 0.4685341875 0.511447115625 0.648760684375 0.5168990390625 0.6531666671874999 0.52482451875 0.65492735 0.5317620187500001 0.65169658125 0.5335769234375001 0.468141025 0.5289543265625001 0.4713717953125 0.5202019234375 0.4713717953125
0 0.58295673125 0.47225213750000006 0.5740384609375 0.6558076921875 0.577341346875 0.6593333328125001 0.58064423125 0.6590384609375 0.5832884609375 0.65757265 0.5935264421875 0.473132478125 0.5905552890625 0.47489743593749995 0.5859302890625 0.47342734999999997 0.58295673125 0.47225213750000006
0 0.537540865625 0.6593333328125001 0.542165865625 0.65757265 0.5449735578125 0.47342734999999997 0.54233173125 0.47489743593749995 0.538533653125 0.47489743593749995 0.53609375 0.47355555625 0.5335769234375001 0.6581581203125 0.537540865625 0.6593333328125001
0 0.48853846093750003 0.47487606875 0.49311778906250003 0.6587478625000001 0.496915865625 0.6610940171874999 0.5066586531249999 0.6619786328124999 0.50798076875 0.66080341875 0.5041826921875 0.47489743593749995 0.4992259609375 0.4766581203125 0.4927860578125 0.4763632484375 0.48853846093750003 0.47487606875
0 0.46089663437499995 0.4938974359375 0.46504086562499997 0.649641025 0.479740384375 0.6484658125 0.47709615312500003 0.4933974359375 0.46089663437499995 0.4938974359375
0 0.5469543265625 0.5042649578125 0.5428269234374999 0.6578632484375 0.5642956734375 0.6619786328124999 0.57040625 0.5069059828125 0.5469543265625 0.5042649578125
0 0.591822115625 0.5200512828125 0.584278846875 0.6646196578125 0.5912139421875 0.66608974375 0.6001322109375 0.5210042734375 0.591822115625 0.5200512828125
0 0.6028197109375 0.5166196578125 0.5936802890624999 0.6758418796875 0.6025985578124999 0.67642735 0.6136634609375 0.5151923078125 0.6028197109375 0.5166196578125
0 0.281228365625 0.7002350421875 0.299740384375 0.826713675 0.30337259687499996 0.829649571875 0.308658653125 0.829649571875 0.3119615390625 0.827008546875 0.29445432656250004 0.7013076921875 0.2903269234375 0.702188034375 0.28520673125 0.702188034375 0.281228365625 0.7002350421875
0 0.31757451875 0.8361111109375001 0.322365384375 0.8337606843750001 0.30419951875 0.6966068375 0.300896634375 0.6980769234374999 0.2964375 0.6983717953124999 0.2940072109375 0.6967991453125 0.31311538437499997 0.834350428125 0.31757451875 0.8361111109375001
0 0.26258173125 0.702188034375 0.261259615625 0.7018931625 0.261165865625 0.7023461531249999 0.2835552890625 0.8384615390624999 0.28834375 0.8396367515625001 0.29445432656250004 0.8381666671874999 0.273810096875 0.7013076921875 0.2706730765625 0.7033632484375001 0.265884615625 0.7039487171875 0.26258173125 0.702188034375
0 0.32655288437499996 0.7290299140625 0.34829326875 0.8428675218749999 0.3582019234375 0.8419829062499999 0.3370625 0.724213675 0.32655288437499996 0.7290299140625
0 0.3096490390625 0.7356666671875 0.32368509687499997 0.8361111109375001 0.3342548078125 0.8378717953124999 0.321209134375 0.7365512828125 0.3096490390625 0.7356666671875
0 0.5895937499999999 0.7425042734375 0.5825384609375 0.8711111109375 0.59030048125 0.8731666671875 0.5977331734375 0.7439401703125 0.5895937499999999 0.7425042734375