0 0.48600721093750004 0.503098290625 0.491189903125 0.50494444375 0.496716346875 0.5046367515625 0.49378124999999995 0.2687478625 0.48260576874999994 0.26844444375 0.48600721093750004 0.503098290625
0 0.3994735578125 0.291170940625 0.39308173125 0.29301282031250003 0.38430048125 0.2920940171875 0.40171875 0.4935769234375 0.4063822109375 0.49695726562500003 0.4145 0.4963418796875 0.3994735578125 0.291170940625
0 0.4470144234375 0.291786325 0.45578124999999997 0.49972222187500004 0.4604447109375 0.503098290625 0.46545432656249996 0.5018717953125 0.467353365625 0.49972222187500004 0.4604447109375 0.291170940625 0.45543509687499995 0.2920940171875 0.45042548125000004 0.291786325 0.4470144234375 0.291786325
0 0.4205456734375 0.297008546875 0.4122548078125 0.298850428125 0.400853365625 0.2982350421875 0.41518990312500004 0.49695726562500003 0.419509615625 0.5012564109375 0.4315985578125 0.50033760625 0.4205456734375 0.297008546875
0 0.3844447109375 0.303149571875 0.37563701875 0.304991453125 0.362877403125 0.3043803421875 0.383927884375 0.492042734375 0.392908653125 0.49542307656249995 0.40137259687500004 0.49235042812499996 0.3844447109375 0.303149571875
0 0.4728798078125 0.2960854703125 0.47754326875 0.5021794875000001 0.4856610578125 0.503098290625 0.4815168265625 0.29670085468749996 0.4728798078125 0.2960854703125
0 0.5055264421875 0.2954700859375 0.50120673125 0.29670085468749996 0.49516105781249997 0.2963931625 0.4970625 0.5040213671875 0.5001706734375 0.504329059375 0.5056971156250001 0.5040213671875 0.5055264421875 0.2954700859375
0 0.42075480781249996 0.29670085468749996 0.4315985578125 0.4991068375 0.4385072109375 0.5046367515625 0.44869951874999997 0.5040213671875 0.45491826875 0.5000299140625 0.4455889421875 0.2954700859375 0.43971634687499994 0.2963931625 0.4303894234375 0.297008546875 0.42075480781249996 0.29670085468749996
0 0.5392427890625 0.5080128203125 0.546497596875 0.5095512828125 0.5523701921875 0.5083205125 0.56048798125 0.295777778125 0.5539254812500001 0.29792735000000004 0.5420384609375 0.295777778125 0.53682451875 0.50555555625 0.5392427890625 0.5080128203125
0 0.561040865625 0.29792735000000004 0.5528894234374999 0.5083205125 0.562216346875 0.51016239375 0.5720625 0.2982350421875 0.561040865625 0.29792735000000004
0 0.4618269234375 0.308064103125 0.46787259687500005 0.5000299140625 0.4770264421875 0.50033760625 0.47236298125 0.308064103125 0.4618269234375 0.308064103125
0 0.5746514421875 0.5083205125 0.578971153125 0.5095512828125 0.586396634375 0.508935896875 0.597971153125 0.31820085468750003 0.583502403125 0.3191196578125 0.5746514421875 0.5083205125
0 0.5739615390624999 0.5070940171875 0.5817331734375 0.331713675 0.5699879812499999 0.327722221875 0.5635985578125 0.5070940171875 0.5679158656250001 0.5083205125 0.5722331734375 0.5086282046874999 0.5739615390624999 0.5070940171875
0 0.5874326921875 0.5083205125 0.5926153843749999 0.509858975 0.60090625 0.51016239375 0.614033653125 0.331098290625 0.5987043265625 0.3298717953125 0.5874326921875 0.5083205125
0 0.5074423078125 0.3443076921875 0.5065769234374999 0.506786325 0.5148677890625 0.5074017093750001 0.5160769234375 0.3449230765625 0.5074423078125 0.3443076921875
0 0.51733173125 0.35044871718750004 0.51592548125 0.5012564109375 0.5297427890625 0.5024871796875 0.5318173078124999 0.3516794875 0.51733173125 0.35044871718750004
0 0.53682451875 0.503713675 0.5399350968750001 0.3516794875 0.532334134375 0.351064103125 0.529915865625 0.5034059828124999 0.53682451875 0.503713675
0 0.5600048078125 0.599850428125 0.5559975968749999 0.7260854703125 0.5758605765625 0.7300769234375 0.581216346875 0.6004658125 0.5600048078125 0.599850428125
0 0.57620673125 0.730384615625 0.577415865625 0.7300769234375 0.5813894234375 0.7313076921875 0.5865697109375 0.6182777781250001 0.580564903125 0.6179700859375 0.57620673125 0.730384615625
0 0.58726201875 0.7377564109375 0.5958966343750001 0.7399059828125 0.6019423078125 0.7386794875 0.6105793265624999 0.6124444437500001 0.6028052890625 0.6099871796875 0.5945576921875 0.611213675 0.5907163468750001 0.6698803421874999 0.58726201875 0.7377564109375
0 0.5813894234375 0.7316153843750001 0.5839783656249999 0.7325341875 0.5865697109375 0.7331495718750001 0.59226923125 0.62226923125 0.586783653125 0.621350428125 0.5813894234375 0.7316153843750001
0 0.62646875 0.614901709375 0.622497596875 0.6158205125 0.6138605765625 0.6145940171875 0.6045336531250001 0.7429786328125 0.6098870187500001 0.7445128203125 0.6155889421875 0.7451282046875 0.62646875 0.614901709375