0 0.5028424328125001 0.5060111968750001 0.5017507671875 0.270153034375 0.4903474765625 0.26918242812500004 0.49301744062499997 0.5034229015625 0.4933813296875 0.5060111968750001 0.5028424328125001 0.5060111968750001
0 0.40750361249999995 0.292477059375 0.40186333906250005 0.294418278125 0.3967688984375 0.2953888890625 0.3904353390625 0.294741815625 0.40750361249999995 0.495981559375 0.414235553125 0.499864 0.4207855484375 0.499864 0.40750361249999995 0.292477059375
0 0.474277175 0.5027758296875 0.46754523593749997 0.292477059375 0.4613591296875 0.29409474375 0.4546775671875 0.29344766718750004 0.4619049609375 0.5018052171875 0.46481607187499996 0.5043935125 0.4691827359375 0.5043935125 0.474277175 0.5027758296875
0 0.408088303125 0.2999184015625 0.4213313796875 0.49889338906249997 0.42551609843750005 0.5030993671874999 0.4322480390625 0.503746440625 0.4382522015625 0.5030993671874999 0.428427209375 0.29733010625 0.42478832187500004 0.2999184015625 0.42005776875 0.2999184015625 0.412598053125 0.3008890078125 0.408088303125 0.2999184015625
0 0.5125032140625 0.5063347312500001 0.513776825 0.2963595 0.5024962765625001 0.2976536453125 0.5032240546875 0.5066582687500001 0.5125032140625 0.5063347312500001
0 0.44079942031249997 0.298947790625 0.43352164843749996 0.2995948625 0.42828911718749996 0.2983007171875 0.4378883125 0.5014816843750001 0.44371053125 0.5056876578125 0.44989663750000003 0.5066582687500001 0.45662857656250005 0.504717046875 0.4613591296875 0.5027758296875 0.45353552343750003 0.297006571875 0.44771330468750004 0.29797717968750004 0.44079942031249997 0.298947790625
0 0.48070204062500005 0.3008890078125 0.48337439218749995 0.504069975 0.4886507765625 0.5063347312500001 0.49265355 0.504717046875 0.48919660781249996 0.2986242515625 0.48046328125000004 0.29797717968750004 0.48070204062500005 0.3008890078125
0 0.390400846875 0.30606559375 0.3693245765625 0.3063891328125 0.3893091796875 0.4946874140625 0.3949494546875 0.4985698546875 0.4035008359375 0.4979227828125 0.40732166875000003 0.4946874140625 0.390400846875 0.30606559375
0 0.5472545765625 0.5108642437500001 0.554896240625 0.5108642437500001 0.5594448484375001 0.5095700984375 0.5687240078125 0.2976536453125 0.5639934546875 0.30024193593750004 0.558535125 0.30024193593750004 0.5493120140625 0.298947790625 0.543251803125 0.506981803125 0.5472545765625 0.5108642437500001
0 0.569641559375 0.5111877781249999 0.5801943296875 0.2995948625 0.5691488515625001 0.29733010625 0.5598165671875 0.5105407046875 0.569641559375 0.5111877781249999
0 0.48337439218749995 0.5021287562500001 0.47937161718750004 0.31188925156249997 0.46923671406249995 0.3109186453125 0.474277175 0.5014816843750001 0.48337439218749995 0.5021287562500001
0 0.593658209375 0.509246559375 0.6054845890625 0.3203012046875 0.5920795046875 0.3199776671875 0.5818318296875 0.5102171703125 0.593658209375 0.509246559375
0 0.5809221078125 0.5095700984375 0.589655434375 0.33259559375 0.5791582640625 0.3300072984375 0.57000545 0.5073053421875 0.5745540546875 0.5095700984375 0.5809221078125 0.5095700984375
0 0.6060304234375 0.33065437656249996 0.59420404375 0.5098936328125 0.6002082046874999 0.5111877781249999 0.602209590625 0.5111877781249999 0.6076679234375 0.5108642437500001 0.622053809375 0.3309779109375 0.6060304234375 0.33065437656249996
0 0.521054596875 0.506981803125 0.5241476515625 0.346184128125 0.515050434375 0.345213521875 0.5132309921875 0.5063347312500001 0.521054596875 0.506981803125
0 0.5361559765624999 0.503746440625 0.539249028125 0.3526548625 0.52474345625 0.3516842515625 0.52232820625 0.5043935125 0.5361559765624999 0.503746440625
0 0.5430698578125 0.504717046875 0.54798235625 0.3533019359375 0.540030559375 0.352978396875 0.5367018078125 0.5043935125 0.5430698578125 0.504717046875
0 0.5814802265625 0.731516184375 0.587848278125 0.60210155625 0.56605503125 0.6008074109375 0.5614663531249999 0.7279572828124999 0.5814802265625 0.731516184375
0 0.5869385546875 0.73216325625 0.59294271875 0.6205431406249999 0.586619825 0.6192489953125 0.582026059375 0.7311926453125001 0.5869385546875 0.73216325625
0 0.600766325 0.6134253375000001 0.5931246640625 0.7392810640625 0.60658854375 0.7412222828125 0.6093177062499999 0.7379869140624999 0.6175052015625 0.6124547265625 0.6044052109375 0.6114841156249999 0.600766325 0.6134253375000001
0 0.5925788296875 0.7344280125 0.599128825 0.6234549703125001 0.5928074609375 0.62313143125 0.5873024453125 0.7328103296874999 0.5925788296875 0.7344280125
0 0.6197418828125 0.6156900890625 0.610409371875 0.7418693546874999 0.6127746484375 0.7444576453125 0.6215079765625 0.7463988671874999 0.632424634375 0.6160136281249999 0.62769408125 0.6163371671875 0.6197418828125 0.6156900890625