0 0.6063269234375 0.4306581203125 0.59517548125 0.6341794875 0.59945673125 0.6359786328125 0.6030240390625 0.6368418796875 0.60786298125 0.6367564109375 0.612560096875 0.6345854703125 0.6156730765625 0.6303974359375 0.6296850968750001 0.4289487171875 0.623290865625 0.43220085468749997 0.61628125 0.43292735000000004 0.6109447109375 0.43283760625 0.6063269234375 0.4306581203125
0 0.6559639421875 0.474025640625 0.6495865390625 0.47681623906250004 0.63666826875 0.63033760625 0.644052884375 0.6280341875000001 0.6559639421875 0.474025640625
0 0.6373918265625 0.472542734375 0.6283990390625 0.47317948750000005 0.6159639421875001 0.63201709375 0.62340625 0.6307991453125 0.6373918265625 0.472542734375
0 0.6359543265625 0.6235341875 0.6373605765625 0.6241367515625 0.648341346875 0.482884615625 0.6468389421875 0.482884615625 0.64726201875 0.47627777812499994 0.6392043265625 0.4762905984375 0.6283942312499999 0.62805555625 0.6352860578125 0.630277778125 0.6359543265625 0.6235341875
0 0.3124951921875 0.6261666671875 0.313377403125 0.6353119656249999 0.41049278906250003 0.6625769234375001 0.4100865390625 0.653239315625 0.3124951921875 0.6261666671875
0 0.42339663437499997 0.639850428125 0.41902644218749996 0.640867521875 0.4155360578125 0.6505555562499999 0.42378846093749994 0.6490769234375 0.42339663437499997 0.639850428125
0 0.31457451875000003 0.6564358968749999 0.31547115312499996 0.667098290625 0.3835697109375 0.6552478625 0.3618918265625 0.6491794875 0.31457451875000003 0.6564358968749999
0 0.609978365625 0.7224145296875 0.6012355765625 0.7240512828125001 0.600939903125 0.7242264953124999 0.59182451875 0.8545256406249999 0.603310096875 0.853670940625 0.61351923125 0.7224999999999999 0.609978365625 0.7224145296875
0 0.6102956734375 0.8677008546874999 0.615052884375 0.87005555625 0.61894951875 0.870564103125 0.6239302890625 0.8681794875 0.626966346875 0.8643760687500001 0.6388990390625 0.7130299140624999 0.6347668265624999 0.7169786328125001 0.63046875 0.71748290625 0.62598798125 0.717222221875 0.6203269234375 0.713115384375 0.6102956734375 0.8677008546874999
0 0.4384423078125 0.7234145296875 0.42927163437500004 0.7275341875 0.47800721093750004 0.8724743593750001 0.48623076875000004 0.869098290625 0.4384423078125 0.7234145296875
0 0.48892548125 0.872811965625 0.49071875 0.8732435890625 0.4935697109375 0.8709786328125 0.49554807656250005 0.8683418796875 0.4489927890625 0.723205128125 0.44724759687500004 0.7263931625 0.44482211562499996 0.7284316234375 0.4408701921875 0.72819658125 0.48732451875000005 0.8694487171875 0.48892548125 0.872811965625
0 0.46259615312499996 0.746294871875 0.4987043265625 0.85776923125 0.505427884375 0.856367521875 0.46887019218750003 0.7413974359375 0.46758894218749997 0.7442008546875 0.46259615312499996 0.746294871875
0 0.4055889421875 0.733384615625 0.40302163437500005 0.732367521875 0.4534134609375 0.8783803421874999 0.46223798125000004 0.8752649578125 0.4250793265625 0.7592991453125 0.42482211562499994 0.75366239375 0.41499038437499997 0.723670940625 0.41223076875000003 0.728653846875 0.40894471093749996 0.7321025640625 0.4055889421875 0.733384615625
0 0.3107860578125 0.74598290625 0.3127668265625 0.7404700859375 0.3038365390625 0.713491453125 0.2933990390625 0.718918803125 0.3537451921875 0.8929059828125 0.362096153125 0.8914230765625 0.3431706734375 0.8340769234375 0.3107860578125 0.74598290625
0 0.29386057656250003 0.7351752140625 0.28814423125 0.738974359375 0.2842451921875 0.7397991453125 0.28250000000000003 0.7390213671875 0.3336706734375 0.8847264953125 0.3368197109375 0.8897777781249999 0.34151201875 0.8900384609374999 0.346185096875 0.8881111109375001 0.34981249999999997 0.8845769234375 0.3196177890625 0.7947991453125 0.29747355781249996 0.7315897437500001 0.29386057656250003 0.7351752140625
0 0.34434855781249996 0.77001709375 0.3457043265625 0.7609230765625 0.3354735578125 0.7272820515625 0.3335889421875 0.7305726499999999 0.32918509687499997 0.7351452984375 0.320697115625 0.7408888890625 0.315709134375 0.7436581203125 0.31105048125 0.745760684375 0.36530528906250004 0.8942649578124999 0.3695697109375 0.8972179484374999 0.376228365625 0.896222221875 0.3808125 0.893974359375 0.383721153125 0.8909572656250001 0.37766826875000004 0.8701282046875001 0.34434855781249996 0.77001709375
0 0.323396634375 0.8873760687500001 0.33151201874999997 0.8874230765625001 0.2999759609375 0.7885512828125 0.284747596875 0.7462991453125001 0.2772427890625 0.749311965625 0.323396634375 0.8873760687500001
0 0.43429326875 0.7530854703125 0.42625480781249997 0.7621068375 0.4660456734375 0.88557265 0.47347115312500004 0.8813333328124999 0.43429326875 0.7530854703125
0 0.2766298078125 0.9039871796875 0.28295432656249997 0.90405555625 0.28722355781250003 0.902858975 0.28994951874999997 0.90037606875 0.2533485578125 0.7408205125 0.2459519234375 0.7460641031249999 0.241177884375 0.7477991453125 0.2368052890625 0.7470512828125 0.2758605765625 0.9040128203125001 0.2766298078125 0.9039871796875
0 0.2668485578125 0.7599230765625 0.26183653906250004 0.7636452984375001 0.30339423125 0.8916282046875 0.31798798125 0.8893888890625 0.27882451874999997 0.7539358968750001 0.2740240390625 0.7565726500000001 0.2668485578125 0.7599230765625
0 0.41205048125 0.8992692312499999 0.41500000000000004 0.9016837609374999 0.41823798125 0.8995940171875001 0.4204206734375 0.894850428125 0.3703990390625 0.7441367515625 0.3680576921875 0.74680341875 0.3655625 0.7493333328125 0.3614639421875 0.7492350421875 0.41205048125 0.8992692312499999
0 0.414778846875 0.7670384609374999 0.4122764421875 0.76769658125 0.401346153125 0.7753717953125 0.43599759687499995 0.8866111109375 0.44836057656249995 0.8849871796875 0.41481250000000003 0.767508546875 0.414778846875 0.7670384609374999
0 0.3645048078125 0.7579871796875 0.34940625000000003 0.766491453125 0.344947115625 0.770042734375 0.386790865625 0.8979615390625 0.405865384375 0.8980726499999999 0.3781322109375 0.7987820515624999 0.3645048078125 0.7579871796875
0 0.42128605781250006 0.8973589750000001 0.425403846875 0.8975299140624999 0.4306875 0.8952777781249999 0.43248076874999997 0.8938119656250001 0.3934519234375 0.762491453125 0.39315625 0.7616794875 0.392978365625 0.762008546875 0.39011298125 0.763435896875 0.380634615625 0.7714700859375 0.42128605781250006 0.8973589750000001