0 0.49278492500000004 0.26848737968749997 0.48137409375000006 0.26731109375 0.4856738296875 0.5013920984375 0.4909658078125 0.5043328125000001 0.4959270390625 0.5025683843750001 0.49278492500000004 0.26848737968749997
0 0.39157580937500003 0.2926012515625 0.382976340625 0.290836825 0.40116752343749995 0.49315808906249997 0.40745175 0.49698102187500004 0.4143974734375 0.49492252187499997 0.3981907859375 0.2926012515625 0.39157580937500003 0.2926012515625
0 0.4613637953125 0.502862453125 0.4668211484375 0.49933359375 0.45937930312499997 0.28995460624999997 0.45226820468750006 0.29113089375 0.44651787499999995 0.29113089375 0.4554103171875 0.49933359375 0.4613637953125 0.502862453125
0 0.383307090625 0.3020115421875 0.36281774218749996 0.3034819015625 0.38264559375 0.4905114484375 0.3889298203125 0.4943343765625 0.40083677343749996 0.4913936625 0.383307090625 0.3020115421875
0 0.41853183125 0.49933359375 0.4311002859375 0.5002158125 0.41902795625 0.29671825625000003 0.4092708671875 0.298188615625 0.40050602656249995 0.29760047031250003 0.4145628484375 0.49521659375000004 0.41853183125 0.49933359375
0 0.4807125984375 0.29465975625 0.47248807499999995 0.2955419703125 0.4769089875 0.501098025 0.48253171562499997 0.5022743125 0.48501233125 0.4999217390625 0.4807125984375 0.29465975625
0 0.43374627343750005 0.29671825625000003 0.427296675 0.297306396875 0.4193587046875 0.294953825 0.431761784375 0.499039525 0.438046009375 0.5022743125 0.44515710625000005 0.5037446703125 0.453756575 0.5005098796875 0.44499173281250004 0.29465975625 0.43374627343750005 0.29671825625000003
0 0.500322534375 0.5046522515625 0.5042123796875 0.5032112140625 0.5046986109375 0.29570143125000004 0.5008087640625 0.29656605625 0.4940313359375 0.29656605625 0.49627061093749997 0.5034994187499999 0.500322534375 0.5046522515625
0 0.5407210359375 0.29627785 0.53614153125 0.5040758375000001 0.5435970703125 0.50926358125 0.5515388390625 0.5078225390625 0.5591564546875001 0.295989640625 0.55380791875 0.298871721875 0.5447316109375 0.2977188890625 0.5407210359375 0.29627785
0 0.4764128625 0.499039525 0.4719477546875 0.307892978125 0.461239834375 0.3084811203125 0.4673172734375 0.498745453125 0.4764128625 0.499039525
0 0.5708259921875001 0.2977188890625 0.56012891875 0.29656605625 0.5520250703125 0.5083989578125 0.5564011484375 0.5104164109375 0.5611013796875 0.50926358125 0.5708259921875001 0.2977188890625
0 0.5863853781249999 0.5086871625 0.596920378125 0.3187580765625 0.582709340625 0.31818165781249996 0.57406753125 0.508975371875 0.5863853781249999 0.5086871625
0 0.5658016078125 0.5083989578125 0.5714743 0.508975371875 0.5735813000000001 0.5063815 0.58038853125 0.330574603125 0.5708748 0.327692525 0.5623979921875 0.5055168765625 0.5658016078125 0.5083989578125
0 0.6124797625 0.330286396875 0.598110459375 0.3299981875 0.588006146875 0.5086871625 0.5935167625 0.5095517859375 0.6004860703125 0.508975371875 0.6124797625 0.330286396875
0 0.5155577625000001 0.3441203796875 0.5066764609375001 0.343832175 0.5058331484374999 0.5029230046875 0.5089126109375 0.5049404609375 0.5142611484375 0.5049404609375 0.5155577625000001 0.3441203796875
0 0.5262548390624999 0.3507491671875 0.51672771875 0.3498845421875 0.5149094562500001 0.5017701703124999 0.5283618390625 0.5020583796875 0.5312792265625 0.35132558125 0.5262548390624999 0.3507491671875
0 0.5356553 0.5029230046875 0.5387347625000001 0.35132558125 0.5318046015625 0.3510373765625 0.5293343 0.5026347953125 0.5356553 0.5029230046875
0 0.5747302734375 0.729166303125 0.5804029640625 0.60091373125 0.5590402578125 0.598896278125 0.5554431203125 0.724843184375 0.5747302734375 0.729166303125
0 0.5810512734375 0.7297427171875001 0.5854273515624999 0.616476965625 0.5802408890625 0.616476965625 0.5755406562500001 0.7294545125 0.5810512734375 0.7297427171875001
0 0.6011488125 0.7389653765624999 0.6019591953125001 0.73464225625 0.6105492734375 0.6104245984375 0.5987176562500001 0.60898355625 0.5935711828125 0.611577428125 0.5863998125000001 0.7381007515625 0.6011488125 0.7389653765624999
0 0.591910425 0.6190708375 0.5861138 0.6182062140625 0.5807271203125 0.7303191375 0.5841307328124999 0.732048384375 0.5862377359375001 0.732048384375 0.591910425 0.6190708375
0 0.6252982734375 0.6159005468750001 0.61330458125 0.6141712984375001 0.6040661953125 0.7415592484375 0.6077939640625 0.7435767046875 0.6154115796874999 0.744729534375 0.6252982734375 0.6159005468750001