0 0.50192548125 0.5124145296875 0.5033822109375 0.5117649578125001 0.5033822109375 0.4949487171875 0.3707115390625 0.4968888890625 0.370165865625 0.5171581203125 0.50192548125 0.5124145296875
0 0.49992307656249996 0.6524700859375 0.49992307656249996 0.6408247859375 0.38326923125 0.6644358968749999 0.3843605765625 0.6744658125 0.38490625 0.6835213671875 0.38454326875 0.6947820515625 0.497740384375 0.6644358968749999 0.49992307656249996 0.6524700859375
0 0.502471153125 0.5625512828125 0.502471153125 0.554786325 0.5015625 0.54573076875 0.38326923125 0.55769658125 0.384177884375 0.56869658125 0.383814903125 0.5805726499999999 0.5010144234375 0.5677264953125001 0.502471153125 0.5625512828125
0 0.3874543265625 0.6421196578125 0.388 0.6553803421875 0.3874543265625 0.6633974359375 0.499377403125 0.6398547015625 0.5017427890625 0.6324145296875 0.5021081734374999 0.6204487171874999 0.5017427890625 0.6097735046875 0.385997596875 0.627239315625 0.3874543265625 0.6337094015625 0.3874543265625 0.6421196578125
0 0.3861802890625 0.495564103125 0.5037451921875 0.49426923125 0.5035624999999999 0.47777350468749996 0.3854519234375 0.475508546875 0.3861802890625 0.495564103125
0 0.3858173078125 0.5826025640625 0.38636298125 0.5929529921875 0.386908653125 0.6052435890625001 0.387271634375 0.6181837609375 0.38654326875 0.6274871796875 0.500834134375 0.610418803125 0.50319951875 0.6000683765625 0.5037451921875 0.5890726500000001 0.502653846875 0.5771068374999999 0.5015625 0.56869658125 0.3858173078125 0.5826025640625
0 0.3867259609375 0.5192051281250001 0.38636298125 0.53473076875 0.388 0.5343076921875001 0.5022884609375 0.52955555625 0.5035624999999999 0.5201752140625 0.502653846875 0.5130598296875 0.3867259609375 0.5192051281250001
0 0.49883173125 0.67155555625 0.49701201875 0.664760684375 0.3909110578125 0.6948418796875 0.39109375 0.732311965625 0.49701201875 0.6967820515625001 0.4991947109375 0.6867564109375001 0.49883173125 0.67155555625
0 0.386908653125 0.41233333281249995 0.503927884375 0.42310683750000005 0.5061105765625 0.415991453125 0.5061105765625 0.4024059828125 0.5053822109375 0.3943205125 0.3861802890625 0.3778247859375 0.38763701875 0.3862350421875 0.38763701875 0.395935896875 0.386908653125 0.41233333281249995
0 0.385997596875 0.3770683765625 0.5059302890625 0.39365812031249997 0.50629326875 0.3761923078125 0.387271634375 0.3574316234375 0.385997596875 0.3770683765625
0 0.3936418265625 0.5546923078125 0.500834134375 0.54573076875 0.5011971156249999 0.52955555625 0.3941875 0.536670940625 0.3936418265625 0.5546923078125
0 0.39873798125 0.33630341874999997 0.505747596875 0.3545213671875 0.5052019234375 0.3334957265625 0.39891826875 0.3124700859375 0.39873798125 0.33630341874999997
0 0.5041081734375 0.3755470078125 0.5053822109375 0.3674615390625 0.5053822109375 0.3561367515625 0.40583413437500004 0.34061111093749996 0.40437980781249994 0.3592735046875 0.5041081734375 0.3755470078125
0 0.5061105765625 0.30858974375 0.40492548125 0.28301709375 0.40474278906250005 0.3115 0.505564903125 0.332525640625 0.50629326875 0.321850428125 0.50629326875 0.318294871875 0.5061105765625 0.30858974375
0 0.4129326921875 0.4732435890625 0.5035624999999999 0.4764786328125 0.503927884375 0.46256837656250005 0.41347836562499996 0.45707265 0.4129326921875 0.4732435890625
0 0.416572115625 0.4560128203125 0.502471153125 0.46030341874999997 0.5021081734374999 0.435722221875 0.41711778906249997 0.430222221875 0.416572115625 0.4560128203125
0 0.41730048125 0.42883333281249997 0.502471153125 0.4347521375 0.502653846875 0.4234316234375 0.4174831734375 0.41469658125000003 0.41730048125 0.42883333281249997
0 0.5567043265625 0.3825683765625 0.6282259609375 0.3907264953125 0.6302283656250001 0.3551452984375 0.5574326921874999 0.3438247859375 0.5567043265625 0.3825683765625
0 0.5670769234375 0.346008546875 0.6300456734375001 0.35417521406249997 0.630591346875 0.34544444375 0.5678052890624999 0.33476923125 0.5670769234375 0.346008546875
0 0.5632548078124999 0.2911025640625 0.562709134375 0.3143888890625 0.563802884375 0.320858975 0.6345961531250001 0.33444444375 0.6356875 0.310508546875 0.6338677890625 0.3056581203125 0.5632548078124999 0.2911025640625
0 0.56926201875 0.33500854687500004 0.63095673125 0.344794871875 0.631865384375 0.3354145296875 0.5694423078125 0.32376923125 0.56926201875 0.33500854687500004
0 0.5652572109375 0.2645769234375 0.5654399031249999 0.27298717968749997 0.56507451875 0.28712393125 0.6360504812500001 0.3037179484375 0.6375072109375 0.29951282031250004 0.6385985578125 0.2839871796875 0.5652572109375 0.2645769234375