0 0.492249334375 0.6512201375 0.4881921421875 0.45641197499999997 0.47972628593750005 0.45632597812500003 0.48374851406249997 0.649502234375 0.492249334375 0.6512201375
0 0.5735866734374999 0.6515637046875 0.5820874921875 0.46809359375000004 0.572427478125 0.46591043593750003 0.56508585625 0.6501893937500001 0.5735866734374999 0.6515637046875
0 0.5332077984375 0.469124325 0.5260593890624999 0.4711857859375 0.5167857890625001 0.4704986328125 0.5106033609375 0.469811478125 0.5098027453125 0.469616025 0.5109897734375 0.650532978125 0.517558571875 0.654655896875 0.5250933921875001 0.654999465625 0.5324350140624999 0.6515637046875 0.5332077984375 0.469124325
0 0.5831684453125 0.472706734375 0.5745526734374999 0.6555649359375 0.577064278125 0.6596878546875 0.583053490625 0.659000696875 0.5930999156250001 0.47175124375 0.5909747015625 0.474156278125 0.58672429375 0.474499859375 0.5831684453125 0.472706734375
0 0.5364922062499999 0.4739344015625 0.5339806015625 0.6577480890625 0.537265009375 0.659809559375 0.5420950265625 0.6591224015625 0.545186221875 0.47462155156249997 0.5407426156249999 0.47599586250000003 0.5368786203125 0.47427797812500005 0.5364922062499999 0.4739344015625
0 0.5009433484375 0.476339440625 0.4955337421875 0.4773701703125 0.4889649234375 0.4749651328125 0.492249334375 0.6577480890625 0.4945677453125 0.6604967140625 0.5040345625 0.66221459375 0.5078985578124999 0.6604967140625 0.5042277578125 0.4749651328125 0.5009433484375 0.476339440625
0 0.479691321875 0.6498565765625 0.47756610781250003 0.493872628125 0.461297934375 0.4937235515625 0.46539448749999995 0.648482265625 0.479691321875 0.6498565765625
0 0.5646994640624999 0.6618710078125 0.5703022640625 0.5062306375000001 0.5468333000000001 0.5033047484375001 0.54248141875 0.6587788156250001 0.5646994640624999 0.6618710078125
0 0.5932931124999999 0.5199737171875001 0.5917475046875 0.5203172984375 0.5844058828125 0.66358890625 0.591554309375 0.6670246671875 0.600248325 0.5206608765625 0.5932931124999999 0.5199737171875001
0 0.6141587453125 0.516194371875 0.603856878125 0.5165947984375 0.5938727 0.675270521875 0.597736715625 0.677675559375 0.603146321875 0.676644815625 0.6141587453125 0.516194371875
0 0.2979006125 0.7013909015625 0.2930706171875 0.7027652046874999 0.2884338171875 0.7027652046874999 0.2849562109375 0.702421628125 0.28083917812500003 0.7008010390625 0.3002190234375 0.828170815625 0.3036966296875 0.8302322656250001 0.3089130390625 0.83057585 0.31490225 0.8267965046875 0.2979006125 0.7013909015625
0 0.2675681828125 0.7041395171875 0.26049845 0.7029645343750001 0.2847629953125 0.8388216875 0.295389028125 0.8384781203125 0.273557371875 0.7013909015625 0.2675681828125 0.7041395171875
0 0.5605110984375 0.723481859375 0.5549082765625 0.723481859375 0.5511796078125 0.721817859375 0.5477598703125001 0.8619433937500001 0.5508510625 0.8629741203125001 0.5539422765625 0.864692 0.5576130796875 0.8612562390624999 0.5624430968749999 0.7210768203125 0.5605110984375 0.723481859375
0 0.5904571375 0.8730487859375 0.5983783468749999 0.744440059375 0.5899486875 0.7428346796875 0.582535925 0.8713309062500001 0.5904571375 0.8730487859375
0 0.56901189375 0.8626305515625001 0.5755807140625 0.7609317609375 0.5639887015625 0.7595574484375 0.5583858828125 0.8612562390624999 0.56901189375 0.8626305515625001
0 0.58137673125 0.876030046875 0.58968433125 0.7581831375 0.57760516875 0.757979153125 0.5705575031250001 0.8743121671875 0.58137673125 0.876030046875