0 0.280490490625 0.701244 0.29935708125 0.8258755421874999 0.302863115625 0.829540175 0.309668990625 0.829540175 0.3117313671875 0.827707859375 0.29420111718749997 0.70201075625 0.28822020937500004 0.702743684375 0.280490490625 0.701244
0 0.29791340625 0.69871258125 0.2934814140625 0.6972848593750001 0.313381278125 0.8354035937500001 0.3224557421875 0.8350371375 0.303894303125 0.69724673125 0.29791340625 0.69871258125
0 0.28945764218750003 0.8401676281249999 0.294613584375 0.8379688375000001 0.27357729062499997 0.70311015 0.2675963796875 0.70384308125 0.2601718046875 0.703476615625 0.28347673125 0.838701765625 0.28945764218750003 0.8401676281249999
0 0.383914746875 0.8515280078125 0.35380395625 0.6961473375 0.3457606796875 0.6983461156249999 0.3764901734375 0.8515280078125 0.383914746875 0.8515280078125
0 0.3919580234375 0.8456645890625 0.3977327109375 0.84419873125 0.37174669531250004 0.7064083250000001 0.3639096328125 0.7089735687500001 0.35899277343749997 0.70850241875 0.38680207968749997 0.84383225625 0.3919580234375 0.8456645890625
0 0.3729841171875 0.8376023796875 0.3502979234375 0.7210668796874999 0.34024873125 0.7226893296875 0.36060983125 0.8376023796875 0.3729841171875 0.8376023796875
0 0.3865958484375 0.71410406875 0.373809071875 0.71740224375 0.373468371875 0.71774040625 0.4002075546875 0.8529938671874999 0.40536351875000004 0.8551926406250001 0.41278809687500007 0.85592556875 0.416706615625 0.849695696875 0.39319546875 0.7097065 0.3865958484375 0.71410406875
0 0.42516237968750004 0.853360325 0.4024761875 0.7148369875 0.3950516109375 0.7166693125 0.4202126703125 0.853726778125 0.42516237968750004 0.853360325
0 0.3199808984375 0.72766323125 0.317236240625 0.7279681796874999 0.3370986609375 0.8434657984375 0.3459669140625 0.84383225625 0.32554933125 0.7265638375 0.3199808984375 0.72766323125
0 0.3119376015625 0.73609190625 0.3094416875 0.7368762390625 0.323280696875 0.8357700687499999 0.33359260625 0.8361365218750001 0.318537221875 0.7368248125 0.3119376015625 0.73609190625
0 0.354422678125 0.8544597093749999 0.33297390625 0.7254644406249999 0.3254019640625 0.7259886109375 0.347616825 0.853360325 0.354422678125 0.8544597093749999
0 0.4614603265625 0.85922374375 0.43093706718749997 0.7214333374999999 0.42268753593749997 0.7232656625 0.45486068281250003 0.8595902171875001 0.4614603265625 0.85922374375
0 0.44331135312500003 0.8621554609375 0.426399825 0.7393900765625 0.40742589687499997 0.744887021875 0.426399825 0.85922374375 0.44331135312500003 0.8621554609375