0 0.6028533656249999 0.6372179484375 0.611122596875 0.6358205124999999 0.6152884609375 0.632222221875 0.63007451875 0.4305512828125 0.6281634609375 0.43270085468749997 0.62235576875 0.4345 0.613814903125 0.43458974375 0.606002403125 0.43189743593749996 0.5953052890625 0.6337179484375 0.6028533656249999 0.6372179484375
0 0.4472644234375 0.6435512828125 0.4511201921875 0.6453418796875 0.4567115390625 0.6457222218750001 0.46205528906250004 0.6452735046875 0.4665865390625 0.641615384375 0.45816346093749993 0.43101709374999997 0.4548269234375 0.43243589687500006 0.447959134375 0.433598290625 0.441903846875 0.433598290625 0.436627403125 0.430722221875 0.4472644234375 0.6435512828125
0 0.46741586562500004 0.6404658125 0.480314903125 0.64169658125 0.47760817343750006 0.4575042734375 0.46979326875 0.45721794843749997 0.46349759687500003 0.457350428125 0.46741586562500004 0.6404658125
0 0.6372788468749999 0.472957265625 0.6291298078125 0.4730128203125 0.616122596875 0.632064103125 0.62345673125 0.6321025640625 0.6372788468749999 0.472957265625
0 0.6364687499999999 0.63092735 0.644435096875 0.629 0.655971153125 0.480794871875 0.6556706734375 0.480435896875 0.6558701921875 0.474170940625 0.6487331734375 0.47614529843750003 0.63828125 0.62394444375 0.6373245187500001 0.6243034187500001 0.6364687499999999 0.63092735
0 0.6360192312499999 0.6231923078125 0.6378125 0.6235512828124999 0.647747596875 0.483081196875 0.646540865625 0.4837991453125 0.6470576921875 0.47696581250000003 0.63948076875 0.47535897499999996 0.62782451875 0.6284444437500001 0.6355000000000001 0.6300341875 0.6360192312499999 0.6231923078125
0 0.331290865625 0.6495854703124999 0.4387740390625 0.6327905984375 0.43834375000000003 0.623457265625 0.330252403125 0.6408247859375 0.331290865625 0.6495854703124999
0 0.365403846875 0.644777778125 0.31990625 0.65457265 0.32064423125 0.6653418796875 0.428596153125 0.64041025625 0.42789423125 0.6349658125000001 0.365403846875 0.644777778125
0 0.5863798078125 0.8722777781250001 0.5881322109375 0.870846153125 0.6350456734375001 0.7228162390625 0.6351466343750001 0.7203974359374999 0.63290625 0.7215940171875 0.630072115625 0.7198931625 0.62670673125 0.7153888890625 0.5799615390625 0.868760684375 0.582771634375 0.8728376062500001 0.5863798078125 0.8722777781250001
0 0.61664423125 0.8594059828124999 0.633471153125 0.737141025 0.6326778843749999 0.7384145296875 0.6303173078125 0.7382991453125001 0.622634615625 0.7627008546875 0.609502403125 0.8583803421875 0.6135769234375 0.860213675 0.61664423125 0.8594059828124999
0 0.48497836562499996 0.8725598296875001 0.44081009687500006 0.7247905984375 0.43608653906250006 0.7272350421875 0.43170673125 0.7296794875 0.47688701875 0.8742991453125001 0.48036538437500004 0.8758205125 0.48497836562499996 0.8725598296875001
0 0.4529326921875 0.876564103125 0.45635336562499995 0.87844444375 0.46017548125 0.8766752140625 0.46197115312500003 0.8743846156249999 0.4161418265625 0.7236153843750001 0.41295432656250003 0.72919658125 0.40821153906249996 0.731542734375 0.40480048125 0.7315512828124999 0.4529326921875 0.876564103125
0 0.31116346093749997 0.7456196578125 0.312822115625 0.74030341875 0.30403125000000003 0.7134316234375 0.2941490390625 0.7188119656249999 0.35398798125000003 0.892957265625 0.36195673125 0.891260684375 0.344872596875 0.8389957265625 0.31116346093749997 0.7456196578125
0 0.2829302890625 0.7389615390625 0.33634375 0.8903290593750001 0.3417764421875 0.8907777781249999 0.347028846875 0.888153846875 0.349822115625 0.8840256406250001 0.31137259687499996 0.769615384375 0.297865384375 0.7310555562500001 0.294072115625 0.7354700859375 0.2864855765625 0.7400598296875 0.2829302890625 0.7389615390625
0 0.344990384375 0.7716581203125 0.3457427890625 0.7627905984375001 0.33563942343750003 0.729598290625 0.3352956734375 0.728457265625 0.335778846875 0.7299059828125001 0.3353076921875 0.728311965625 0.33144951875 0.7322435890625 0.322002403125 0.739435896875 0.3165456734375 0.74294444375 0.311778846875 0.7453205125 0.3651394234375 0.8942649578124999 0.36730048125 0.8969230765624999 0.3719110578125 0.8973333328124999 0.3754759609375 0.8965897437500001 0.381603365625 0.8944658125 0.383415865625 0.8918717953125 0.38356730781250004 0.8913333328125 0.344990384375 0.7716581203125
0 0.3243918265625 0.889098290625 0.3315360578125 0.8874871796875 0.3025889421875 0.796064103125 0.285091346875 0.7467179484375001 0.2770240390625 0.74898290625 0.3243918265625 0.889098290625
0 0.46608173124999996 0.885649571875 0.47046153906250004 0.8837478624999999 0.47344711562499997 0.8804529921875 0.43618509687499996 0.75298290625 0.428221153125 0.76126923125 0.46608173124999996 0.885649571875
0 0.3618990390625 0.7484529921874999 0.41237500000000005 0.9005341874999999 0.41594711562500003 0.9009230765625 0.418497596875 0.8983931625 0.419403846875 0.8961581203125 0.42009375000000004 0.8950598296875001 0.3701081734375 0.743974359375 0.3671923078125 0.7476239312499999 0.363408653125 0.749170940625 0.3618990390625 0.7484529921874999
0 0.236846153125 0.7459401703124999 0.2764855765625 0.9041452984375 0.2800625 0.9050641031250001 0.2862355765625 0.904705128125 0.28890865312499997 0.9018076921875 0.2901177890625 0.89930341875 0.253564903125 0.7404957265625 0.2496826921875 0.7437350421875 0.24203365312499997 0.7459358968750001 0.236846153125 0.7459401703124999
0 0.283783653125 0.7702521375 0.278341346875 0.7547564109375 0.2784831734375 0.7545470078125 0.268865384375 0.757474359375 0.2620240390625 0.762188034375 0.3038918265625 0.8925341875000001 0.31779326874999997 0.8883076921875 0.283783653125 0.7702521375
0 0.41526201875 0.7670769234375 0.4092427890625 0.7706923078125001 0.40263701875 0.7760683765625 0.435877403125 0.8862435890624999 0.440653846875 0.8864059828125 0.44755048124999997 0.8832222218749999 0.41526201875 0.7670769234375
0 0.34488701875 0.769957265625 0.386709134375 0.8974316234374999 0.40482451875000003 0.8986623937499999 0.36504326875 0.7584615390625 0.35140144218749997 0.7654957265625 0.34488701875 0.769957265625
0 0.429209134375 0.8961752140625 0.43187499999999995 0.8942948718749999 0.39345673125 0.7619871796875 0.38655048125 0.76648290625 0.381177884375 0.771358975 0.421209134375 0.8971623937500001 0.42535096093749997 0.8980769234375 0.429209134375 0.8961752140625