0 0.619903846875 0.6313632484375 0.63470673125 0.43048290624999996 0.63269951875 0.43226923125 0.6269447109375 0.4339529921875 0.618747596875 0.43390598281250004 0.6120769234375001 0.43230341875 0.5992283656249999 0.63330341875 0.603752403125 0.6364957265625 0.6090048078125 0.6371752140625 0.614346153125 0.6359786328125 0.619903846875 0.6313632484375
0 0.6514086531250001 0.47646581250000003 0.63810576875 0.6233247859375 0.637540865625 0.63030341875 0.6446610578125 0.6283034187500001 0.6572355765625 0.48061111093750003 0.6580480765625001 0.473688034375 0.6515961531250001 0.4761666671875 0.6514086531250001 0.47646581250000003
0 0.6411947109375 0.47262393124999996 0.6332187499999999 0.4726581203125 0.62053125 0.6315042734375 0.627646634375 0.63023076875 0.6411947109375 0.47262393124999996
0 0.6489302890624999 0.4765042734375 0.6411394234375 0.476149571875 0.6289951921875 0.627760684375 0.6368750000000001 0.6299914531249999 0.63670673125 0.6237478624999999 0.6377572109375 0.6235769234374999 0.649810096875 0.482918803125 0.6482740390624999 0.483222221875 0.6489302890624999 0.4765042734375
0 0.595365384375 0.47671367499999995 0.5888701921874999 0.47430769218749996 0.5631490390625 0.6359230765625 0.5694567312500001 0.636760684375 0.595365384375 0.47671367499999995
0 0.60455048125 0.47993162343750007 0.5980697109374999 0.4772820515625 0.570759615625 0.6381794875 0.576947115625 0.6390897437499999 0.60455048125 0.47993162343750007
0 0.6118918265625 0.7217136749999999 0.607596153125 0.721581196875 0.6038197109375 0.7229529921875 0.5997427890625 0.723525640625 0.5917668265625 0.8543931625000001 0.6037019234375001 0.8541794875000001 0.6118918265625 0.7217136749999999
0 0.6204879812499999 0.8700982906249999 0.6239134609375 0.8682393156250001 0.6267908656250001 0.8647179484375 0.638627403125 0.7128888890625 0.635134615625 0.7161068375 0.6292644234375 0.7176794875 0.62485576875 0.717153846875 0.62059375 0.7142564109375 0.6098413468749999 0.8671282046875 0.6123461531250001 0.8693076921875 0.61589423125 0.8706367515625001 0.6204879812499999 0.8700982906249999
0 0.438185096875 0.7232735046875 0.42984375 0.7286196578124999 0.478341346875 0.8723162390624999 0.4859735578125 0.8685854703125001 0.438185096875 0.7232735046875
0 0.490146634375 0.8731923078125 0.4928125 0.8721880343749999 0.4952740390625 0.8693888890625001 0.44910576874999997 0.7235470078125 0.448877403125 0.7229230765625 0.44726923125000007 0.725213675 0.444052884375 0.72744444375 0.4416923078125 0.72776923125 0.441216346875 0.727901709375 0.486658653125 0.8694871796875001 0.490146634375 0.8731923078125
0 0.46886057656249996 0.7410683765625 0.46741826875000003 0.7436752140625 0.46584375 0.745418803125 0.46388701875000005 0.7463247859375 0.46235576875 0.7464017093749999 0.4983701921875 0.8566666671875 0.5018293265625 0.8580555562500001 0.5053701921875 0.8557179484375 0.46886057656249996 0.7410683765625
0 0.45315144218750003 0.8762521375000001 0.45672836562499997 0.8789529921874999 0.4607884609375 0.877170940625 0.461853365625 0.8745982906249999 0.42558413437500003 0.7607222218749999 0.42487980781249995 0.7545213671875 0.41487019218750004 0.7251794874999999 0.41168028906250004 0.729170940625 0.408072115625 0.7322264953125 0.40529326875000005 0.7330470078125 0.4033509609375 0.7328205125 0.45315144218750003 0.8762521375000001
0 0.3534759609375 0.8921111109375 0.3619230765625 0.89148290625 0.34026923125 0.826722221875 0.311497596875 0.746641025 0.31279807656249997 0.7409145296874999 0.3038365390625 0.7142478624999999 0.29385336562500003 0.719222221875 0.3534759609375 0.8921111109375
0 0.34673076875 0.88830341875 0.34977403906250004 0.8846068375 0.3237956734375 0.8072008546875 0.2977764421875 0.732188034375 0.296677884375 0.73419658125 0.2894326921875 0.7384615390625 0.285564903125 0.7402264953125 0.282125 0.7394145296875 0.334841346875 0.8872478625 0.3375697109375 0.8899957265625 0.34189903906249997 0.89019658125 0.34673076875 0.88830341875
0 0.3149951921875 0.7439529921875 0.3113269234375 0.7456581203125 0.3649206734375 0.893260684375 0.3674375 0.8967478625 0.371634615625 0.8972264953125 0.378209134375 0.895760684375 0.384502403125 0.8922521375000001 0.372415865625 0.85426923125 0.34441105781250003 0.7693076921875 0.3457860578125 0.7626538468749999 0.335372596875 0.7278290593750001 0.33163701875 0.733418803125 0.3244951921875 0.7384017093749999 0.3149951921875 0.7439529921875
0 0.277471153125 0.7486794875 0.32334615312500004 0.8873931625000001 0.3316947109375 0.887141025 0.29973798125 0.7892863250000001 0.2843822109375 0.7460940171875 0.277471153125 0.7486794875
0 0.4292331734375 0.758286325 0.42585576875 0.7623418796875 0.46569951875 0.886564103125 0.473509615625 0.8814145296874999 0.43423076875 0.75298290625 0.4292331734375 0.758286325
0 0.4179543265625 0.89930341875 0.41986778906250005 0.8952948718749999 0.3701875 0.743713675 0.368189903125 0.7482521375 0.36512740312499997 0.75001709375 0.3617043265625 0.7501923078125 0.3611514421875 0.749358975 0.411685096875 0.8981025640625001 0.41529326875 0.901149571875 0.4179543265625 0.89930341875
0 0.287625 0.9027863249999999 0.289028846875 0.900213675 0.2893701921875 0.8968846156250001 0.25319951875 0.741418803125 0.250584134375 0.7442820515624999 0.24476682656249998 0.7473076921875 0.23926201875 0.7480683765625 0.236697115625 0.747025640625 0.2765673078125 0.9026923078125 0.280834134375 0.9039786328125 0.284584134375 0.9043760687500001 0.287625 0.9027863249999999
0 0.27477644218749997 0.7553632484375 0.2679543265625 0.758508546875 0.2635264421875 0.762294871875 0.2621322109375 0.76548290625 0.3031947109375 0.8919914531250001 0.309197115625 0.8909658125 0.31510817343749997 0.8900598296875 0.31753125 0.8885 0.278875 0.7540341875000001 0.27477644218749997 0.7553632484375
0 0.4403076921875 0.8874615390624999 0.447834134375 0.8849316234375 0.41481250000000003 0.7676538468749999 0.410721153125 0.7689615390625 0.401564903125 0.77619658125 0.43553846093750004 0.8856452984375001 0.4403076921875 0.8874615390624999
0 0.36459615312500004 0.759653846875 0.36496875 0.76058974375 0.3646009609375 0.75926923125 0.36095673125 0.7600598296875 0.35186538437500003 0.7654487171875 0.34481490312499996 0.769564103125 0.3869639421875 0.8980341875000001 0.405677884375 0.8976752140625001 0.378115384375 0.79805555625 0.36459615312500004 0.759653846875
0 0.42466826874999997 0.8982478625000001 0.43252644218749997 0.8951837609375 0.3930865390625 0.762581196875 0.389697115625 0.7635769234375 0.380189903125 0.7713803421875001 0.420875 0.8978162390625 0.42466826874999997 0.8982478625000001