0 0.414479521875 0.486749525 0.5246092625000001 0.4800320171875 0.52426564375 0.4638489609375 0.41551037968750004 0.4714824703125 0.414479521875 0.486749525
0 0.414307715625 0.6311758968750001 0.5180805125 0.6467482828125 0.5196267953125 0.6293438296875 0.415338575 0.6152981453125 0.414307715625 0.6311758968750001
0 0.5160187984375 0.53804685 0.5172214640624999 0.5255278718749999 0.51766653125 0.516561653125 0.4163694234375 0.5194210296875 0.413792290625 0.5276652390625001 0.4129332375 0.54690173125 0.413792290625 0.5545352734375 0.4148231421875 0.5563673078125 0.5170496531250001 0.5606420812499999 0.5161906078125 0.5502605 0.5160187984375 0.53804685
0 0.5150391109375 0.6478983125 0.4125790453125 0.63273859375 0.41034552343749997 0.634875965625 0.41017371875 0.6397614359375 0.41068914375 0.64800565 0.51566460625 0.6663261031250001 0.514633746875 0.6620513296875 0.514633746875 0.655333825 0.5158364140625 0.64800565 0.5150391109375 0.6478983125
0 0.5144725171875 0.580794603125 0.51378528125 0.5759091328125 0.514128896875 0.5694969921874999 0.5151597546875 0.56491685 0.4113869546875 0.5606420812499999 0.41001248593749995 0.56674891875 0.41121514843750007 0.574993128125 0.5144725171875 0.580794603125
0 0.514816134375 0.509955453125 0.5132698515625 0.503543278125 0.5129262328124999 0.49041362812499995 0.51442089375 0.48194152968750004 0.4105279109375 0.487665559375 0.408981628125 0.49621510312500006 0.408981628125 0.514230221875 0.514816134375 0.509955453125
0 0.41619762031249996 0.46476496562499997 0.503820340625 0.460184859375 0.5032929968750001 0.43275897499999993 0.41671304375 0.4391162984375 0.41619762031249996 0.46476496562499997
0 0.4086380125 0.6149928124999999 0.4957453046875 0.6253743890625 0.4978663484375 0.5836037984375 0.41121514374999996 0.576214465625 0.4086380125 0.6149928124999999
0 0.406565728125 0.6620513296875 0.4885187421875 0.6794557859375 0.489228575 0.6649336109374999 0.407424771875 0.6501430515625 0.406565728125 0.6620513296875
0 0.4007242046875 0.6828145218749999 0.4914395 0.702967046875 0.49040864375000004 0.6846465890625 0.4007242046875 0.6672421374999999 0.4007242046875 0.6828145218749999
0 0.2948019421875 0.5890748125 0.294973746875 0.5985403890625001 0.29617641093749997 0.6012884578125 0.374693246875 0.612586071875 0.3740060125 0.608922 0.37366239375 0.6018991234375 0.374693246875 0.5927389140625 0.2960046078125 0.5841893375 0.2948019421875 0.5890748125
0 0.29067851875 0.5374721499999999 0.2905067140625 0.5512124953125 0.2913657578125 0.5524338671875 0.3693671609375 0.5570140046875001 0.368164496875 0.5490751281249999 0.368164496875 0.5402202171875 0.370067346875 0.5324979015625 0.29170937812500003 0.5319760078125 0.29067851875 0.5374721499999999
0 0.2913657578125 0.562204778125 0.2905067140625 0.5716703546875 0.293083846875 0.5832733375 0.3661027859375 0.5921282140625 0.3647283125 0.5838840046875 0.364556503125 0.5725863890625 0.3663580453125 0.5594246625 0.2941147046875 0.5542659359375001 0.2913657578125 0.562204778125
0 0.2903348984375 0.65960859375 0.36232298281249997 0.675486346875 0.3624947890625 0.6611353296875 0.29085033125000004 0.6470896109375001 0.2903348984375 0.65960859375
0 0.29583279375 0.6223569828125 0.353560709375 0.6342652984375 0.3545915625 0.6131967734375 0.2968636515625 0.602509825 0.29583279375 0.6223569828125
0 0.288273190625 0.643120175 0.35493518281249997 0.65808189375 0.3555392578125 0.6382816109375 0.2889604296875 0.6263264234375 0.288273190625 0.643120175