0 0.540689903125 0.6743247859375 0.5468918265625 0.67358974375 0.60063701875 0.506098290625 0.5919615390625 0.49948717968749995 0.5377956734375 0.667346153125 0.540689903125 0.6743247859375
0 0.58761298125 0.668081196875 0.5923677890625 0.6666111109374999 0.6122115390625 0.5105042734375 0.6029375 0.5103974359375 0.5840985578125 0.6651410249999999 0.58761298125 0.668081196875
0 0.58223798125 0.5637649578125 0.558466346875 0.6592649578125 0.5659086531249999 0.6651410249999999 0.5997740390625 0.5282564109375001 0.594021634375 0.5262991453125 0.58223798125 0.5637649578125
0 0.2807644234375 0.701205128125 0.30002644218749996 0.8271709406250001 0.3054014421875 0.8301111109375 0.31243028906250003 0.8271709406250001 0.29361778906249997 0.700081196875 0.2878293265625 0.7030213671875 0.2807644234375 0.701205128125
0 0.2937860578125 0.6978974359375 0.3132572109375 0.8352521375 0.3225576921875 0.8356196578124999 0.30416105781249997 0.696777778125 0.2937860578125 0.6978974359375
0 0.26067548125 0.7021965812500001 0.283283653125 0.83708974375 0.287209134375 0.8381923078125 0.2932043265625 0.8389230765625 0.2946514421875 0.8367222218749999 0.272740384375 0.702653846875 0.26067548125 0.7021965812500001
0 0.345341346875 0.6972905984375 0.3762115390625 0.8514871796874999 0.3843822109375 0.8514871796874999 0.3539110578125 0.696615384375 0.345341346875 0.6972905984375
0 0.3981706734375 0.8433205125000001 0.37297596093749996 0.715974359375 0.37416826875 0.7114358968750001 0.37297596093749996 0.7026623937500001 0.3699134609375 0.7072008546874999 0.36344230781250003 0.7096196578125 0.3595889421875 0.70926923125 0.3867644234375 0.8439273500000001 0.3917019234375 0.846042734375 0.3981706734375 0.8433205125000001
0 0.3402884609375 0.7230299140625001 0.35997355781249996 0.8374572656250001 0.3727884609375 0.8381923078125 0.35005048125 0.7217521375 0.3402884609375 0.7230299140625001
0 0.40855528906250005 0.8551196578125 0.41264182656250004 0.8545128203125 0.416896634375 0.8514871796874999 0.39357451875 0.710829059375 0.384552884375 0.7141581203125 0.3763822109375 0.716277778125 0.373221153125 0.7163504281249999 0.39936298125 0.850884615625 0.40191586562500003 0.8536068374999999 0.40855528906250005 0.8551196578125
0 0.395127403125 0.717170940625 0.419790865625 0.853 0.42523798125 0.85269658125 0.40276682656249996 0.715064103125 0.395127403125 0.717170940625
0 0.31800961562499996 0.7272649578125 0.3359951921875 0.842598290625 0.346122596875 0.8437008546874999 0.325658653125 0.7265299140625 0.31800961562499996 0.7272649578125
0 0.333927884375 0.8363547015625 0.32979326875 0.805867521875 0.3188365390625 0.7371794875 0.30996875 0.737581196875 0.323384615625 0.8363547015625 0.333927884375 0.8363547015625
0 0.325658653125 0.725794871875 0.3475697109375 0.8532521375 0.3543918265625 0.8532521375 0.3331009609375 0.72542735 0.325658653125 0.725794871875
0 0.4632019234375 0.8587478624999999 0.431877403125 0.721722221875 0.42591826875 0.724141025 0.424384615625 0.7242478625000001 0.45571153906250006 0.8590512828125 0.4632019234375 0.8587478624999999
0 0.408146634375 0.744401709375 0.4264302890625 0.8587478624999999 0.4434543265625 0.8614700859375001 0.42728124999999995 0.7383589749999999 0.408146634375 0.744401709375