0 0.578040865625 0.4856111109375 0.42776923125 0.490025640625 0.42776923125 0.511777778125 0.5791802890625 0.5082350421874999 0.578040865625 0.4856111109375
0 0.5680793265624999 0.652581196875 0.43488461562499997 0.62769658125 0.43488461562499997 0.6489401703125 0.5683629812500001 0.67423076875 0.5680793265624999 0.652581196875
0 0.5680793265624999 0.6513888890625 0.5646634609375 0.635205128125 0.5672259609375 0.611598290625 0.4345985578125 0.593722221875 0.4320384609375 0.608901709375 0.4345985578125 0.6271111109375 0.5680793265624999 0.6513888890625
0 0.556125 0.699132478125 0.43829807656249997 0.672713675 0.44000721093750006 0.69598290625 0.558403846875 0.7253205125 0.556125 0.699132478125
0 0.5529951921875 0.7248162390624999 0.440290865625 0.6969957265625 0.4414302890625 0.7227948718749999 0.5527115390625 0.7551666671875 0.551002403125 0.7284786328124999 0.5529951921875 0.7248162390624999
0 0.5609639421875 0.5124273500000001 0.42862259687500004 0.5112735046875 0.429759615625 0.5299871796875 0.56295673125 0.5340341875 0.5609639421875 0.5124273500000001
0 0.43773076875 0.6484358968749999 0.436875 0.662598290625 0.439721153125 0.67119658125 0.54815625 0.6944658125000001 0.5495793265625 0.6707991453125 0.43773076875 0.6484358968749999
0 0.42719951875 0.46776923125 0.42520673125 0.48142735 0.428052884375 0.48901282031250004 0.5592572109375 0.4849700859375 0.5581177890625 0.464867521875 0.42719951875 0.46776923125
0 0.42549038437500003 0.421739315625 0.4229302890625 0.4369145296875 0.42520673125 0.450064103125 0.5601105765625001 0.43438461562499997 0.557834134375 0.40567094062500003 0.42549038437500003 0.421739315625
0 0.5484423078125 0.4380512828125 0.4274831734375 0.448042734375 0.4274831734375 0.46878205156249997 0.5501490390625 0.46068803437500006 0.5484423078125 0.4380512828125
0 0.42435336562500003 0.42376068437500003 0.55498798125 0.4030213671875 0.551572115625 0.3454615390625 0.42036778906250005 0.372670940625 0.41695432656250003 0.39341025625000003 0.41980048124999997 0.41516239375 0.42435336562500003 0.42376068437500003
0 0.4195144234375 0.301346153125 0.4178076921875 0.31955555625 0.4195144234375 0.3342264953125 0.5527115390625 0.295277778125 0.5501490390625 0.25944444375 0.4195144234375 0.301346153125
0 0.5521418265625 0.3443418796875 0.54815625 0.323098290625 0.547872596875 0.29891025625 0.41923076875 0.333213675 0.41666826874999996 0.3534487171875 0.41980048124999997 0.372670940625 0.5521418265625 0.3443418796875
0 0.53051201875 0.5908547015625001 0.43516826875000003 0.5795598296875 0.43573798124999996 0.5942307687499999 0.531365384375 0.6058632484375 0.53051201875 0.5908547015625001
0 0.5293725968749999 0.5589786328125 0.432322115625 0.550222221875 0.43431490312500004 0.5790555562499999 0.53051201875 0.5881581203125 0.5293725968749999 0.5589786328125
0 0.53108173125 0.5407649578125 0.428052884375 0.5335299140624999 0.428052884375 0.5507264953125001 0.5325048078125 0.5578076921874999 0.53108173125 0.5407649578125
0 0.4195144234375 0.3008418796875 0.5450264421875 0.257846153125 0.5381947109375 0.209858975 0.4178076921875 0.25835042812500003 0.4149615390625 0.2745384609375 0.41723798125 0.289713675 0.4195144234375 0.3008418796875
0 0.38109375 0.6363931625 0.3076634609375 0.624653846875 0.3082331734375 0.664615384375 0.3850769234375 0.678777778125 0.38109375 0.6363931625
0 0.3808076921875 0.7087435890625 0.30652644218749997 0.6899059828125 0.3076634609375 0.7182350421875 0.38393990312500004 0.7399871796874999 0.3808076921875 0.7087435890625
0 0.381377403125 0.74719658125 0.306810096875 0.72430341875 0.30595673125 0.74605555625 0.38251682656249997 0.7708418796875 0.381377403125 0.74719658125
0 0.31079567343750003 0.6762478625 0.3765384609375 0.6885042734375 0.3762548078125 0.6782735046874999 0.30965625 0.666132478125 0.31079567343750003 0.6762478625
0 0.3090865390625 0.6873803421875 0.3745480765625 0.7031794875 0.37369230781249996 0.690918803125 0.3090865390625 0.6757435890625 0.3090865390625 0.6873803421875