0 0.6348365390625 0.4295598296875 0.629365384375 0.43226495781249996 0.6206826921874999 0.43323076875 0.6111706734375 0.43208974375000003 0.599966346875 0.6334273500000001 0.6046274031250001 0.6364017093750001 0.6101225968749999 0.6372564109375001 0.6167788468750001 0.635384615625 0.6200649031250001 0.6308205124999999 0.6348365390625 0.4295598296875
0 0.6324254812500001 0.4728632484375 0.632466346875 0.473141025 0.6207451921875 0.63187606875 0.6277548078125 0.6306452984375001 0.640627403125 0.4724059828125 0.6324254812500001 0.4728632484375
0 0.6575721156250001 0.4795683765625 0.6568509609375 0.47965384687499996 0.65733173125 0.47466666718750006 0.650875 0.476508546875 0.637564903125 0.6299145296875001 0.6446322109375 0.629542734375 0.6575721156250001 0.4795683765625
0 0.6489399031249999 0.47646581250000003 0.641052884375 0.47623076875 0.6283004812499999 0.6274017093750001 0.636721153125 0.62958974375 0.6369855765625 0.623311965625 0.6374951921875 0.6228162390625 0.649709134375 0.4835598296875 0.6481322109375001 0.48330341875 0.6489399031249999 0.47646581250000003
0 0.6039831734375001 0.7247905984375 0.593466346875 0.8562948718750001 0.604447115625 0.853760684375 0.615721153125 0.722435896875 0.60901923125 0.7229615390624999 0.6039831734375001 0.7247905984375
0 0.6195384609375 0.869935896875 0.62391826875 0.8682307687499999 0.626627403125 0.86494444375 0.6386826921875 0.714311965625 0.6350480765625 0.7176068375 0.6292043265625 0.7188119656249999 0.6250697109375001 0.7179401703125 0.62107451875 0.714294871875 0.6209831734375 0.7155470078125 0.6100168265625 0.8678589750000001 0.6146923078125 0.8701581203125001 0.6195384609375 0.869935896875
0 0.558771634375 0.7281025640625 0.5488918265625 0.8654487171874999 0.5630793265625 0.8643247859375001 0.5750841343750001 0.72842735 0.5640384609375 0.7271923078125 0.558771634375 0.7281025640625
0 0.5938365390625 0.73492735 0.5821658656250001 0.868311965625 0.5850817312500001 0.868688034375 0.5896322109375001 0.8657735046875 0.6022572109375 0.732367521875 0.5938365390625 0.73492735
0 0.5681105765625001 0.8737905984375001 0.570408653125 0.874457265625 0.576064903125 0.8735427343750001 0.57848076875 0.872205128125 0.5917548078125 0.738508546875 0.584502403125 0.7379700859375 0.5797451921875 0.7391538468750001 0.5681105765625001 0.8737905984375001
0 0.351927884375 0.8922008546875 0.36007451874999996 0.8894658124999999 0.34451201875000004 0.8543931625000001 0.29556009687499996 0.7555769234375 0.2973918265625 0.748581196875 0.285716346875 0.72108974375 0.2759927890625 0.7283333328125 0.351927884375 0.8922008546875
0 0.413591346875 0.733598290625 0.41103125 0.7388547015625 0.4070360578125 0.7407393156250001 0.4050264421875 0.740670940625 0.4622668265625 0.8756923078125001 0.46470673125 0.8800341875000001 0.4673605765625 0.8795341875 0.47043990312500006 0.8741880343749999 0.413591346875 0.733598290625
0 0.402158653125 0.73516239375 0.39386298124999997 0.742213675 0.45344711562500006 0.8793760687500001 0.46070432656250004 0.8743333328125 0.402158653125 0.73516239375
0 0.388966346875 0.73391025625 0.38692067343750003 0.7389786328125 0.38178125 0.7436068375 0.3777115390625 0.74330341875 0.439627403125 0.8801367515624999 0.44387499999999996 0.8817478624999999 0.4466610578125 0.878811965625 0.44994951875 0.87312393125 0.388966346875 0.73391025625
0 0.4542235578125 0.75298290625 0.44911538437500004 0.757384615625 0.48883173125 0.8641282046875001 0.494084134375 0.86266239375 0.4542235578125 0.75298290625
0 0.4360889421875 0.7550299140625001 0.429689903125 0.7596794874999999 0.4727644234375 0.8659230765625001 0.4785168265625 0.864008546875 0.4360889421875 0.7550299140625001
0 0.34561778906249996 0.886081196875 0.34754326875 0.8831752140625 0.3074615390625 0.7971111109375 0.2788798078125 0.740239315625 0.277521634375 0.7429487171875 0.271353365625 0.74941025625 0.266778846875 0.7530598296875 0.26427884687500003 0.7529871796875 0.3343052890625 0.888367521875 0.336283653125 0.8891324781250001 0.34037740312500003 0.8887008546875 0.34561778906249996 0.886081196875
0 0.364322115625 0.8940085468750001 0.36679326875 0.896508546875 0.371528846875 0.895653846875 0.377084134375 0.8927222218749999 0.38150480781249996 0.8882435890625 0.38177884687499997 0.887850428125 0.332497596875 0.778 0.3335384609375 0.7689957265625 0.31807932656250004 0.73391025625 0.3144927890625 0.7398931625 0.303146634375 0.7502179484375 0.2958677890625 0.7550897437499999 0.364322115625 0.8940085468750001
0 0.44560336562499997 0.7628931624999999 0.4409927890625 0.766401709375 0.481552884375 0.8723076921875 0.4864230765625 0.8714529921875 0.44560336562499997 0.7628931624999999
0 0.2847740390625 0.8978931625 0.2528990390625 0.7416410250000001 0.24808173125000002 0.7455769234375 0.24375 0.7471367515625 0.23923076875 0.7471666671875 0.2370552890625 0.7449615390625001 0.2717043265625 0.9018931625000001 0.2762980765625 0.9040683765624999 0.2806706734375 0.9041196578124999 0.28367788437499997 0.902277778125 0.2847740390625 0.8978931625
0 0.35695432656250004 0.7495470078124999 0.35519951875 0.753098290625 0.351509615625 0.7560769234375 0.3494014421875 0.7565256406249999 0.4118990390625 0.89358974375 0.41438461562500006 0.8963461531249999 0.41798076875 0.8946452984375 0.42035096093749996 0.8906410250000001 0.35695432656250004 0.7495470078124999
0 0.4048701921875 0.8954102562499999 0.36758173125 0.79691025625 0.3509735578125 0.762367521875 0.33269951875000003 0.7779871796875 0.386552884375 0.8975128203124999 0.390346153125 0.8984487171875 0.4048701921875 0.8954102562499999
0 0.3910769234375 0.7770641031250001 0.38833173125 0.779 0.38224278906250003 0.7849786328125 0.3788293265625 0.7901025640625 0.42279326875 0.8910769234375 0.42476201874999997 0.8925769234375001 0.4302884609375 0.8909700859375 0.4348581734375 0.88748290625 0.3910769234375 0.7770641031250001