0 0.47840625000000003 0.45595299218749996 0.48393509687499997 0.65005555625 0.492353365625 0.6518888890625 0.48754326875 0.45701709375000005 0.47840625000000003 0.45595299218749996
0 0.5653485578125 0.6509786328125 0.5711875 0.652508546875 0.5737644234375 0.6522008546875 0.5816634609375 0.4671068375 0.572064903125 0.4663931625 0.5653485578125 0.6509786328125
0 0.509471153125 0.4685940171875 0.5105576921874999 0.6485384609375 0.5158822109375001 0.6534230765625 0.5239543265625 0.6558675218750001 0.531685096875 0.6534230765625 0.533915865625 0.4692435890625 0.5284206734375 0.47168803437499995 0.5189735578125 0.4713803421875 0.509471153125 0.4685940171875
0 0.5825240390624999 0.4722991453125 0.5741081734375 0.6546452984375 0.5766826921875 0.658615384375 0.5790889421875 0.6595341875 0.5830384609375 0.6580042734375 0.593 0.47321367499999994 0.58939423125 0.47474358906249997 0.585271634375 0.47413247812500003 0.5825240390624999 0.4722991453125
0 0.54439423125 0.47443589687500004 0.5397572109375 0.4759658125 0.5355889421875 0.47463675156249996 0.5334014421875 0.6573931625 0.5376947109375 0.6601452984375 0.5421610578125 0.658615384375 0.54439423125 0.47443589687500004
0 0.49836298125 0.661670940625 0.5069519234375 0.661670940625 0.5040312499999999 0.47474358906249997 0.50008173125 0.47626923125 0.4921802890625 0.4759658125 0.48823076875 0.4738162390625 0.4928677890625 0.6592264953125 0.49836298125 0.661670940625
0 0.4606322109375 0.49441880312500003 0.46538701875 0.6485384609375 0.47964182656250004 0.6494529921875001 0.47655048125 0.4936794875 0.4606322109375 0.49441880312500003
0 0.5465625000000001 0.5034871796875 0.54267548125 0.658311965625 0.56448798125 0.6622820515625001 0.5703293265625 0.5062008546875 0.5465625000000001 0.5034871796875
0 0.5838966343750001 0.664418803125 0.5914543265625001 0.66655555625 0.600384615625 0.5205598296875 0.595403846875 0.5205598296875 0.5921418265625 0.5190299140625 0.5838966343750001 0.664418803125
0 0.613439903125 0.515670940625 0.6089735578125001 0.515670940625 0.6034399031250001 0.5177735046875 0.5942019234375 0.67480341875 0.597466346875 0.6763333328125001 0.6026177890625 0.6763333328125001 0.613439903125 0.515670940625
0 0.2804206734375 0.6996666671875 0.29979326875 0.8270128203124999 0.30425961562500003 0.8294529921875 0.3075240390625 0.830064103125 0.3121610578125 0.8273162390625 0.2942980765625 0.7014743593749999 0.29086298125 0.7033076921875 0.2855384609375 0.7023931625000001 0.2804206734375 0.6996666671875
0 0.29446875 0.6972008546875 0.3128485578125 0.8346452984375 0.3167980765625 0.8358675218749999 0.320060096875 0.8352564109375 0.32229326875000003 0.83342735 0.30425961562500003 0.6965897437499999 0.30082451875 0.698115384375 0.29721875 0.6987264953125 0.29446875 0.6972008546875
0 0.2608052890625 0.7023931625000001 0.28330528906249997 0.8389230765625 0.28862980781249997 0.83923076875 0.293783653125 0.8389230765625 0.29446875 0.8367863249999999 0.27454567343749997 0.7008632484375 0.27042307656250003 0.7030042734374999 0.2640697109375 0.7033076921875 0.2608052890625 0.7023931625000001
0 0.318596153125 0.7282435890625 0.337752403125 0.8432008546875001 0.3456514421875 0.8450341874999999 0.3265889421875 0.7265213671875 0.318596153125 0.7282435890625
0 0.3234951921875 0.8364786328125 0.33448798125 0.8377008546875 0.3198894234375 0.736294871875 0.309927884375 0.7353803421875 0.310271634375 0.7356837609375 0.3234951921875 0.8364786328125
0 0.3265889421875 0.7252991453125001 0.34719951875 0.852974359375 0.353209134375 0.8545 0.333459134375 0.7252991453125001 0.3265889421875 0.7252991453125001