0 0.5531634609375 0.4791452984375 0.5430480765625 0.6957307687500001 0.5526201921875 0.6977094015625 0.563084134375 0.48054700781250004 0.5531634609375 0.4791452984375
0 0.575197115625 0.5037179484375 0.5628605765625 0.693358975 0.57198798125 0.6949401703125 0.585122596875 0.5054658125 0.575197115625 0.5037179484375
0 0.5964759609375 0.5062564109375 0.59246875 0.5078418796874999 0.585814903125 0.504786325 0.572877403125 0.693358975 0.5759951921875001 0.696525640625 0.5813365390625 0.6949401703125 0.5964759609375 0.5062564109375
0 0.5590769234375 0.6961282046874999 0.5621923078125 0.6941495718749999 0.57332451875 0.5074444437500001 0.5713197109375 0.5074444437500001 0.5670913468750001 0.5078418796874999 0.563778846875 0.5055 0.554177884375 0.6949401703125 0.5590769234375 0.6961282046874999
0 0.595584134375 0.699688034375 0.6060480765625 0.699688034375 0.6167331734375 0.5367179484375 0.61228125 0.5363205125 0.605447115625 0.5379059828125 0.595584134375 0.699688034375
0 0.5946298078125001 0.5507264953125001 0.581783653125 0.6985 0.58957451875 0.70126923125 0.603153846875 0.553329059375 0.5946298078125001 0.5507264953125001
0 0.266302884375 0.7131196578125001 0.287778846875 0.8508162390624999 0.2984639421875 0.8504230765624999 0.27865144218750004 0.715141025 0.266302884375 0.7131196578125001
0 0.3343052890625 0.8587264953125 0.3409831734375 0.8571452984375 0.32317548125 0.7183034187499999 0.32028124999999996 0.7214700859375001 0.314716346875 0.722260684375 0.31057451875000003 0.721311965625 0.328072115625 0.8575427343750001 0.3343052890625 0.8587264953125
0 0.2893365390625 0.7198846156250001 0.28555288437500004 0.722260684375 0.2795240390625 0.720957265625 0.300689903125 0.860311965625 0.305365384375 0.8611025640625 0.31070913437500003 0.8587264953125 0.2893365390625 0.7198846156250001
0 0.2935480765625 0.7319957265625 0.31115384687500003 0.857935896875 0.3185 0.8599145296874999 0.32362019218750004 0.8599145296874999 0.327403846875 0.8571452984375 0.3098173078125 0.7297735046875 0.305365384375 0.7329401703125 0.29935576875000003 0.7345213671875 0.2935480765625 0.7319957265625
0 0.48723798125 0.8816709406250001 0.494584134375 0.8804829062499999 0.49792548124999997 0.8781111109375 0.495252403125 0.73926923125 0.4881298078125 0.740850428125 0.4760384609375 0.7380512828125 0.480115384375 0.8777136750000001 0.48723798125 0.8816709406250001
0 0.5465528843749999 0.7597735046875 0.5415576921875 0.8895811968749999 0.5493485578125 0.89076923125 0.5546923078125 0.761418803125 0.5465528843749999 0.7597735046875
0 0.5243173078125001 0.7672521375 0.522634615625 0.8836495718749999 0.5408894234375 0.8895811968749999 0.5435600968750001 0.77051709375 0.5243173078125001 0.7672521375