0 0.636072115625 0.431884615625 0.6303605765625 0.43451709374999997 0.6207043265625 0.43451709374999997 0.6125625 0.43173931562499995 0.598927884375 0.6347820515625 0.609346153125 0.6389615390625 0.618677884375 0.6330769234375 0.636072115625 0.431884615625
0 0.6012139421875 0.43251709375 0.5992451921875 0.43402136718750006 0.5944254812499999 0.43222222187500003 0.59116826875 0.42908974375 0.559072115625 0.6497991453124999 0.5625576921875 0.6524017093750001 0.5684735578125 0.65169658125 0.6012139421875 0.43251709375
0 0.5083990390625 0.6624145296874999 0.5153269234375 0.664957265625 0.5227956734375 0.665260684375 0.5280793265625 0.661794871875 0.55888701875 0.440581196875 0.55125 0.4404786328125 0.538939903125 0.4360128203125 0.5299423078125 0.43173931562499995 0.50434375 0.6586794874999999 0.5083990390625 0.6624145296874999
0 0.641435096875 0.4723888890625 0.633502403125 0.4726068375 0.62028125 0.6321196578125 0.627271634375 0.63108974375 0.641435096875 0.4723888890625
0 0.6370673078125 0.6306709406250001 0.6450264421874999 0.6287350421875 0.6577980765625 0.4803974359375 0.6572259609375 0.48076923125000004 0.6580889421875 0.473957265625 0.6514831734375 0.4762478625 0.6387451921875 0.6243205125 0.6376538468749999 0.6241367515625 0.6370673078125 0.6306709406250001
0 0.637 0.623350428125 0.638560096875 0.62307265 0.650052884375 0.482581196875 0.6488557687500001 0.48285897499999997 0.649271634375 0.476213675 0.6419230765624999 0.47544017031249997 0.6287115390625 0.627564103125 0.636502403125 0.6310042734375 0.637 0.623350428125
0 0.6069831734375 0.4756452984375 0.59495673125 0.47541025625 0.5804519234375001 0.5720470078125001 0.5730576921874999 0.635294871875 0.5822764421875 0.635760684375 0.5874615390625 0.632846153125 0.6069831734375 0.4756452984375
0 0.555033653125 0.652525640625 0.5814543265625 0.4692521375 0.570377403125 0.4646666671875 0.5565721156250001 0.4604658125 0.5389543265625 0.5869700859375 0.5307620187500001 0.649846153125 0.537509615625 0.6523547015625 0.555033653125 0.652525640625
0 0.605584134375 0.7235213671875 0.6049519234375 0.7237478625 0.593728365625 0.8553803421874999 0.604658653125 0.8550811968750001 0.6166298078125 0.7230213671875 0.610834134375 0.722867521875 0.605584134375 0.7235213671875
0 0.49701442343749996 0.8698418796875 0.5003581734375 0.870188034375 0.503615384375 0.8688076921875 0.50560576875 0.8645683765625 0.52396875 0.7104145296875 0.5232668265625 0.7118803421875 0.5182139421875 0.7118974359375 0.5125576921875 0.7086666671875 0.4943076921875 0.867474359375 0.49701442343749996 0.8698418796875
0 0.506625 0.8686581203125 0.5081105765625 0.8696111109375 0.51503125 0.869042734375 0.5344615390625 0.71341025625 0.5253701921875 0.7099529921875 0.506625 0.8686581203125
0 0.4918365390625 0.882064103125 0.5126394234375 0.703188034375 0.508375 0.7002008546875 0.50335576875 0.698722221875 0.482697115625 0.8790683765624999 0.48401682656249995 0.8814871796875 0.48937019218750005 0.8828717953125 0.4918365390625 0.882064103125
0 0.5353173078125 0.7106153843749999 0.51617548125 0.86651709375 0.517365384375 0.86926923125 0.5186442312499999 0.871346153125 0.5203269234375 0.8714102562500001 0.5239014421875 0.8694316234375 0.5252211531250001 0.8666452984375 0.544747596875 0.7128931625 0.544177884375 0.71342735 0.5418317312500001 0.7145470078125 0.5378485578125 0.713170940625 0.5353173078125 0.7106153843749999
0 0.6140480765625 0.870739315625 0.62198798125 0.8696239312499999 0.626334134375 0.8667521375 0.638903846875 0.713918803125 0.63538701875 0.7178418796875 0.62936298125 0.7194700859375 0.6247668265625 0.7174145296875001 0.6217115390625 0.71416239375 0.6095456734375 0.8671538468750001 0.6140480765625 0.870739315625
0 0.455252403125 0.864649571875 0.455540865625 0.8660427343749999 0.4634759609375 0.8654871796875 0.479846153125 0.7227606843750001 0.47131730781250003 0.719918803125 0.455252403125 0.864649571875
0 0.57848798125 0.7310384609375 0.5620024031249999 0.7288803421875001 0.550947115625 0.8639658125 0.5655144234375 0.8646837609375 0.57848798125 0.7310384609375
0 0.6040697109375001 0.73176923125 0.5950264421875 0.7340128203125 0.5947860578124999 0.734457265625 0.5830889421875 0.8669487171875 0.5853990390625 0.867974359375 0.59029326875 0.8669572656250001 0.6040697109375001 0.73176923125
0 0.5266009609375 0.8592649578125 0.5321875 0.8612350421875 0.547728365625 0.73976923125 0.545447115625 0.74033760625 0.5416105765625 0.7391452984375 0.5266009609375 0.8592649578125
0 0.464396634375 0.8781666671874999 0.4701418265625 0.8823547015625 0.476584134375 0.8824829062499999 0.4791826921875 0.8804316234374999 0.50026923125 0.724846153125 0.49469951874999996 0.7268333328125001 0.48849038437500003 0.7242905984375 0.485466346875 0.7194658125 0.4637668265625 0.8744401703125 0.464396634375 0.8781666671874999
0 0.5545528843749999 0.743705128125 0.544533653125 0.8617008546875 0.5491201921875 0.8626794875 0.559627403125 0.744149571875 0.5545697109375001 0.7435128203125 0.5545528843749999 0.743705128125
0 0.569728365625 0.872811965625 0.5732451921874999 0.8747307687499999 0.580540865625 0.8733931625 0.593697115625 0.7388974359375 0.5810480765625 0.73901709375 0.569728365625 0.872811965625
0 0.5503365390625 0.7509786328125 0.5484471156249999 0.749632478125 0.5373918265625 0.86887606875 0.5389110578125 0.8696282046875 0.542021634375 0.8693162390625 0.5540673078125 0.7507179484375001 0.5503365390625 0.7509786328125
0 0.28270673125 0.9025683765625001 0.285322115625 0.899918803125 0.253846153125 0.74201709375 0.251377403125 0.7448376062500001 0.24307932656250003 0.746688034375 0.23790384687500002 0.7448333328125 0.27113461562499996 0.9016153843750001 0.27564423125 0.9034658125 0.28270673125 0.9025683765625001