0 0.46215277656250003 0.4493373765625 0.3418402765625 0.4450174578125 0.3425347234375 0.46192129531250004 0.4626736109375 0.4650742265625 0.46336805468750003 0.45890291406249994 0.46215277656250003 0.4493373765625
0 0.4565972234375 0.34936210624999997 0.3498263890625 0.3299224703125 0.35052083437500003 0.34772376562499996 0.45694444531249995 0.3638646921875 0.4565972234375 0.34936210624999997
0 0.352083334375 0.3739583328125 0.4574652765625 0.38885850781250003 0.4592013890625 0.3811443671875 0.4576388890625 0.3647903890625 0.3508680546875 0.3465850171875 0.352083334375 0.35553341875 0.352083334375 0.3739583328125
0 0.453125 0.315388209375 0.3579861109375 0.2950228765625 0.35902777656249996 0.31377315 0.4548611109375 0.33235932031250004 0.453125 0.315388209375
0 0.4513888890625 0.29625714062499997 0.36232638906250003 0.2734232828125 0.363541665625 0.2931714828125 0.453125 0.3138453796875 0.4529513890625 0.30150275625 0.4513888890625 0.29625714062499997
0 0.4612847234375 0.43576048749999996 0.35503472343750003 0.42928061093750003 0.3555555546875 0.445254628125 0.46215277656250003 0.4484116796875 0.4623263890625 0.44316606406250003 0.4612847234375 0.43576048749999996
0 0.45503472343749995 0.333008128125 0.3657986109375 0.3185055421875 0.365104165625 0.333008128125 0.45555555468750003 0.348744978125 0.45503472343749995 0.333008128125
0 0.4640625 0.465382790625 0.356770834375 0.4647656578125 0.3581597234375 0.47889660312500004 0.4637152765625 0.47957681250000006 0.46475694531249995 0.4734055 0.4640625 0.465382790625
0 0.46493055468750005 0.494696525 0.35642361093749997 0.4987078796875 0.3574652765625 0.505496325 0.3579861109375 0.518402778125 0.4664930546875 0.5122847687500001 0.4664930546875 0.5048791921875 0.46684027656250005 0.5024106703125 0.46493055468750005 0.494696525
0 0.3625 0.5588348765625 0.4690972234375 0.549929778125 0.469791665625 0.5428327687500001 0.4701388890625 0.5348100640625 0.4689236109375 0.5206160421875 0.4659722234375 0.5125933328125 0.35902777656249996 0.519381778125 0.3611111109375 0.5270959234375 0.36232638906250003 0.5425242046875 0.3625 0.5588348765625
0 0.4640625 0.48111964062499996 0.365104165625 0.4823539015625 0.3654513890625 0.4971064828125 0.4642361109375 0.49438796093750004 0.4640625 0.48111964062499996
0 0.4710069453125 0.569677978125 0.47065972343749995 0.5591867484375 0.4690972234375 0.549929778125 0.3633680546875 0.5625809703125 0.3644097234375 0.56906085 0.3657986109375 0.58202060625 0.3652777765625 0.59371141875 0.4703125 0.5777006874999999 0.4710069453125 0.569677978125
0 0.3638888890625 0.620254628125 0.4710069453125 0.602077371875 0.471875 0.5922032734375 0.4704861109375 0.5798606453125 0.363020834375 0.5959060593750001 0.3640625 0.606397290625 0.3638888890625 0.620254628125
0 0.4578125 0.389475640625 0.3803819453125 0.3802186703125 0.380729165625 0.3925612984375 0.4581597234375 0.40089257187499994 0.4578125 0.389475640625
0 0.4607638890625 0.4212579015625 0.378645834375 0.4123095 0.3788194453125 0.42519290156249995 0.4612847234375 0.4326748328125 0.4607638890625 0.4212579015625
0 0.45850694531249997 0.40027544062500003 0.3803819453125 0.391327034375 0.3810763890625 0.4123095 0.45972222343749997 0.420023640625 0.45850694531249997 0.40027544062500003
0 0.47274305468750005 0.6270711921875 0.47274305468750005 0.6193570515625 0.4722222234375 0.6097915125 0.469791665625 0.6017688078125001 0.369791665625 0.6215170078125001 0.37152777656249997 0.6332425046875 0.372916665625 0.657908953125 0.4720486109375 0.6347853328124999 0.47274305468750005 0.6270711921875
0 0.567045071875 0.2775206671875 0.5011514109374999 0.26078990625 0.5018686203125 0.2644547390625 0.5024065281250001 0.2776800078125 0.5681208875 0.2923393421875 0.568300190625 0.2875591234375 0.5679415859375 0.2811855 0.567045071875 0.2775206671875
0 0.50437885625 0.30520460312500003 0.5689277500000001 0.3184711921875 0.5676726328125 0.2979162609375 0.5014203625 0.2826195640625 0.5022272265625001 0.2912239578125 0.5026754812500001 0.3006250515625 0.50437885625 0.30520460312500003
0 0.5685763890625 0.3388392015625 0.5024305546875001 0.3280394015625 0.503125 0.3594521578125 0.5704861109375 0.367844371875 0.5685763890625 0.3388392015625
0 0.5678519343749999 0.337432721875 0.567762284375 0.3299437140625 0.509399325 0.3200645984375 0.509668278125 0.3287928421875 0.5678519343749999 0.337432721875
0 0.510206184375 0.3097074609375 0.5099372328125 0.31974591874999997 0.567762284375 0.3294656921875 0.567762284375 0.3251634953125 0.567045071875 0.322136025 0.510206184375 0.3097074609375