0 0.57205048125 0.4659401703125 0.56528125 0.6505940171875 0.573790865625 0.65162393125 0.581716346875 0.4673162390625 0.57205048125 0.4659401703125
0 0.5227427890625 0.47075641093750004 0.51365625 0.47041025625 0.50760576875 0.46844871718750003 0.5111418265625 0.6519658125000001 0.5190697109375 0.65437606875 0.5262235578125 0.65437606875 0.5314447109375 0.652653846875 0.5320240390625 0.46835042812500005 0.5283509609375 0.469722221875 0.5227427890625 0.47075641093750004
0 0.5774639421875001 0.65987606875 0.582877403125 0.6588461531250001 0.59273798125 0.47178632499999995 0.5898389421875 0.47453846093749996 0.585197115625 0.4741923078125 0.5824230765625 0.47216239375 0.5745625000000001 0.6560940171875 0.5774639421875001 0.65987606875
0 0.536471153125 0.6595341875 0.54188701875 0.6581581203125 0.5438197109375 0.47316239375 0.540533653125 0.47522649531249994 0.537439903125 0.47591452968750003 0.53473076875 0.47282051249999996 0.5337644234375001 0.657811965625 0.536471153125 0.6595341875
0 0.5465264421875 0.5030769234375 0.542853365625 0.657811965625 0.5637355765625001 0.6622820515625001 0.570115384375 0.506170940625 0.5465264421875 0.5030769234375
0 0.591646634375 0.5191794875 0.5836514421875 0.6640042734375 0.5908052890625 0.666064103125 0.6000865390625 0.520957265625 0.591646634375 0.5191794875
0 0.5933197109374999 0.675358975 0.597572115625 0.6774230765625 0.6027932687499999 0.675358975 0.613814903125 0.514435896875 0.6031802890625 0.5165 0.5933197109374999 0.675358975
0 0.30395673125 0.8304102562500001 0.312396634375 0.8279059828124999 0.29411298124999996 0.7017735046875 0.28949038437499997 0.703205128125 0.28466826875 0.7024871796875 0.2805 0.701188034375 0.29993990312499996 0.8275512828125 0.30395673125 0.8304102562500001
0 0.29411298124999996 0.6967735046875 0.313 0.83469658125 0.31601201875 0.83648290625 0.3204326921875 0.8368418796875 0.3224423078125 0.8339829062499999 0.3037572109375 0.6964145296875001 0.30054086562500004 0.6989145296875 0.2967235578125 0.6982008546875 0.29411298124999996 0.6967735046875
0 0.26079326875 0.704081196875 0.284064903125 0.8397008546875 0.28888701875 0.84005555625 0.29431250000000003 0.84005555625 0.29511538437499996 0.8357692312499999 0.273216346875 0.702132478125 0.2687956734375 0.703918803125 0.26437499999999997 0.7042735046875 0.26079326875 0.704081196875
0 0.35029326875 0.6979743593750001 0.377096153125 0.851132478125 0.3849326921875 0.851491453125 0.35921153906250003 0.6953418796874999 0.35029326875 0.6979743593750001
0 0.365240384375 0.710350428125 0.39055769218749997 0.8443461531249999 0.393771634375 0.846846153125 0.3973894234375 0.846846153125 0.403415865625 0.8439871796875 0.37870192343750003 0.705346153125 0.37548798125 0.708564103125 0.370865384375 0.711064103125 0.365240384375 0.710350428125
0 0.3425168265625 0.7236880343750001 0.36182451875 0.8386282046875 0.37408173125 0.8379145296875 0.3543894234375 0.7210683765625 0.3425168265625 0.7236880343750001
0 0.33751201875 0.8436282046875 0.346353365625 0.8439871796875 0.32706490312500003 0.7267863250000001 0.31782211562499996 0.727858975 0.318625 0.727858975 0.33751201875 0.8436282046875
0 0.32364903906250003 0.8368418796875 0.334096153125 0.8375555562500001 0.3196298078125 0.7371495718750001 0.309584134375 0.7357179484375 0.3096105765625 0.7362264953125 0.32364903906250003 0.8368418796875
0 0.3481610578125 0.853991453125 0.35479326875 0.854350428125 0.3351009609375 0.725 0.33128365312499997 0.725713675 0.32706490312500003 0.725713675 0.3481610578125 0.853991453125