0 0.660872596875 0.5422991453125 0.541247596875 0.538760684375 0.5415480765625 0.55398290625 0.6617740390625 0.557991453125 0.660872596875 0.5422991453125
0 0.653509615625 0.654508546875 0.5480096156250001 0.6370854703125 0.5481610578125 0.651777778125 0.653959134375 0.670474359375 0.653509615625 0.654508546875
0 0.6533581734375 0.652811965625 0.6515552890625 0.6418632484375 0.6523076921875 0.626991453125 0.546658653125 0.614615384375 0.5468076921875 0.62583760625 0.5484615390625 0.6357179484375 0.6533581734375 0.652811965625
0 0.6446418265625 0.68683760625 0.550865384375 0.667 0.5531201921875 0.6843632484375 0.6470480765625 0.7035940171874999 0.6446418265625 0.68683760625
0 0.6410360578125001 0.704739315625 0.55221875 0.6859658125 0.5534206734375 0.703329059375 0.6428389421875 0.72469658125 0.6410360578125001 0.704739315625
0 0.6476490390625 0.5588632484375 0.542 0.55451709375 0.5429014421875 0.568141025 0.649 0.57348290625 0.6476490390625 0.5588632484375
0 0.6389326921875 0.6681367515625001 0.550115384375 0.6515085468749999 0.5502644234375 0.6656666671875 0.63908173125 0.683294871875 0.6389326921875 0.6681367515625001
0 0.540346153125 0.5259401703125001 0.5397451921875 0.5283418796875 0.5401971156250001 0.538491453125 0.647197115625 0.5395598296874999 0.6456947109375 0.5273376062499999 0.540346153125 0.5259401703125001
0 0.5379423078125 0.49281623906250005 0.5379423078125 0.501632478125 0.53854326875 0.5096452984375001 0.6470480765625 0.507508546875 0.6449423078125001 0.48752991406249996 0.5379423078125 0.49281623906250005
0 0.6375793265625 0.5081025640625 0.5397451921875 0.5093803421875001 0.5401971156250001 0.5224658125 0.6386322109375 0.5222008546875 0.6375793265625 0.5081025640625
0 0.5340336531250001 0.47198290624999995 0.53538701875 0.4834700859375 0.538091346875 0.4925512828125 0.643290865625 0.48560683750000005 0.6420889421875 0.4773247859375 0.640584134375 0.4474529921875 0.534634615625 0.45622649531250004 0.5340336531250001 0.47198290624999995
0 0.6374302890625 0.41405555625 0.5334326921875 0.42844444375 0.53253125 0.43565812031249995 0.533283653125 0.44527350468750004 0.534185096875 0.45542307656250003 0.6399831734375 0.444739315625 0.6381802890625 0.43458974375 0.63773076875 0.42230341875 0.6374302890625 0.41405555625
0 0.623903846875 0.6106923078125 0.5468076921875 0.6017948718749999 0.547259615625 0.61194444375 0.6245048078125001 0.621294871875 0.623903846875 0.6106923078125
0 0.6347235578125 0.411884615625 0.639834134375 0.4108162390625 0.63848076875 0.3873418796875 0.5326826921875 0.40440598281250006 0.5314783656250001 0.41562393125 0.53283173125 0.42684187968750004 0.6347235578125 0.411884615625
0 0.6228509609375 0.591457265625 0.54590625 0.583632478125 0.5471081734375 0.6017948718749999 0.6233028843749999 0.609542734375 0.6228509609375 0.591457265625
0 0.6248052890625 0.5786324781250001 0.543502403125 0.570811965625 0.5447043265625 0.583098290625 0.6255576921875 0.589508546875 0.6248052890625 0.5786324781250001
0 0.5334326921875 0.40360683750000004 0.6330697109375001 0.38357264999999996 0.6297644234375 0.350739315625 0.531028846875 0.3734230765625 0.529375 0.3889145296875 0.5322307687500001 0.40040170937499997 0.5334326921875 0.40360683750000004
0 0.504278846875 0.7210341875 0.43950721093749995 0.706 0.4398076921875 0.720688034375 0.50578125 0.7372478625000001 0.504278846875 0.7210341875
0 0.5027764421875001 0.6945854703125 0.438302884375 0.6816923078125 0.43935576875000004 0.701457265625 0.5056298078125 0.7161495718750001 0.5027764421875001 0.6945854703125
0 0.43680048125 0.632277778125 0.438302884375 0.660858975 0.4963125 0.670205128125 0.5045793265625 0.671008546875 0.50232451875 0.641149571875 0.43680048125 0.632277778125
0 0.49706490312499996 0.6702735046875 0.4387548078125 0.66192735 0.43965624999999997 0.6694059828125 0.4969134609375 0.6798205125 0.49706490312499996 0.6702735046875
0 0.4398076921875 0.669670940625 0.4390552890625 0.6731452984375 0.43965624999999997 0.677149571875 0.4964639421875 0.689435896875 0.49661298125000003 0.6798888890625 0.4398076921875 0.669670940625