0 0.5872546734374999 0.5242507265625 0.6000358046875001 0.2809135390625 0.5884823296875 0.2809135390625 0.5772001828125 0.5233416203125001 0.5823126375000001 0.5251598328125 0.5872546734374999 0.5242507265625
0 0.6562866125 0.5227355515625 0.679463065625 0.3054593796875 0.6690677453125 0.30424724375 0.646232121875 0.5224325171875 0.6562866125 0.5227355515625
0 0.6334371640625001 0.522129478125 0.6392312765625 0.5236446531250001 0.6452096328125 0.52182644375 0.667193178125 0.3063684875 0.66257814375 0.308489734375 0.6554207109375 0.30879276875 0.6491651078125 0.306974559375 0.6303696921874999 0.520614303125 0.6334371640625001 0.522129478125
0 0.59679791875 0.5212203765625001 0.60957905 0.30970187656250003 0.6056595046875 0.30939883749999997 0.5988428984375 0.30970187656250003 0.587084259375 0.5212203765625001 0.5898109015624999 0.5227355515625 0.5940712765625 0.5227355515625 0.59679791875 0.5212203765625001
0 0.549227659375 0.309095803125 0.5454785265625001 0.5245537609375 0.55059098125 0.5260689359375 0.557407584375 0.5245537609375 0.56303128125 0.30758062812500003 0.5580892453125 0.309095803125 0.549227659375 0.309095803125
0 0.5758124140625 0.310610978125 0.5671212421875 0.522129478125 0.5693366390625 0.5245537609375 0.5735970171875 0.5257659015625 0.576834903125 0.5245537609375 0.585526075 0.31030794375 0.5758124140625 0.310610978125
0 0.49316109375000006 0.5266750078125 0.497762303125 0.5251598328125 0.5016818484375001 0.5248567953125 0.49759188749999994 0.3130352609375 0.49367233906249997 0.3142474015625 0.48634449062499996 0.3157625765625 0.48089120625000004 0.3145504359375 0.487537396875 0.5251598328125 0.49316109375000006 0.5266750078125
0 0.5388323390624999 0.3160656109375 0.5289482640625 0.3166716796875 0.5214926328125 0.3151565046875 0.5204275093749999 0.5254628671875 0.5245174718750001 0.5290992859375 0.5330382265625 0.5306144609375 0.538491509375 0.5294023250000001 0.5447968671875 0.5257659015625 0.5480347546875 0.31152008593749997 0.5436039609375001 0.3160656109375 0.5388323390624999 0.3160656109375
0 0.6804855546875 0.518493059375 0.704173253125 0.3236414875 0.6905400453125 0.3251566625 0.6687269140625001 0.520008234375 0.6804855546875 0.518493059375
0 0.5119067546875 0.32000506875 0.5050901515625 0.3206111375 0.4998445625 0.319702034375 0.502533925 0.5251598328125 0.5042380750000001 0.5278871453125 0.5117363390625 0.5287962515625 0.518041696875 0.528190184375 0.52025709375 0.5242507265625 0.5197458484374999 0.3175807859375 0.5175304515625 0.31848989375 0.5119067546875 0.32000506875
0 0.566609996875 0.52182644375 0.5732561875 0.3251566625 0.5633721125 0.3254597015625 0.557578 0.52182644375 0.566609996875 0.52182644375
0 0.4868557359375 0.5227355515625 0.48003913281250005 0.32455059375 0.4691325671875 0.32758094375 0.45705979531249996 0.3290961203125 0.4667467546875 0.5227355515625 0.4722000390625 0.5275841109375 0.481061621875 0.5266750078125 0.4868557359375 0.5227355515625
0 0.7030295984375 0.3336416453125 0.7024691015625 0.3348537859375 0.6815080453125 0.5178869875000001 0.6876429875000001 0.51879609375 0.6948004234375 0.51728091875 0.71916978125 0.33394468437499997 0.7030295984375 0.3336416453125
0 0.6646369515624999 0.5209173421875 0.6685565 0.5178869875000001 0.6876429875000001 0.33879324375 0.6762251781249999 0.3363689609375 0.6567978578125 0.5194021671875 0.65918366875 0.5197052015625 0.66173989375 0.52031126875 0.6646369515624999 0.5209173421875
0 0.6359933890625 0.4306128796875 0.642298746875 0.3630360515625 0.634118825 0.3633390859375 0.6215081078125 0.518493059375 0.6279838796874999 0.51879609375 0.6359933890625 0.4306128796875
0 0.6211672765625 0.518493059375 0.6336075796875 0.3633390859375 0.619335090625 0.3630360515625 0.607363653125 0.5197052015625 0.6211672765625 0.518493059375
0 0.607022825 0.5233416203125001 0.6189518796875 0.360308734375 0.6101304015625 0.3593996328125 0.599524559375 0.5227355515625 0.6032736921875 0.5236446531250001 0.607022825 0.5233416203125001
0 0.65460325 0.7413317562499999 0.6678978343749999 0.61249015 0.64596176875 0.612687153125 0.6344397984375 0.7409377484374999 0.65460325 0.7413317562499999
0 0.6831866062499999 0.622340428125 0.66756546875 0.747438928125 0.672994090625 0.7490149703125 0.681857146875 0.74802994375 0.69947246875 0.6178092984375 0.6855131562500001 0.6189913328125 0.6831866062499999 0.622340428125
0 0.6605858125 0.7419227734375 0.6725509375 0.6274625687500001 0.6664575859374999 0.6272655640625 0.6550464015624999 0.7419227734375 0.6605858125 0.7419227734375
0 0.6967027640625 0.7515760421875 0.71509360625 0.6213553968750001 0.7033881875 0.6213553968750001 0.6861778875 0.7498029953125 0.68950153125 0.751182034375 0.6967027640625 0.7515760421875
0 0.6660144328125 0.743498815625 0.67953059375 0.6319936968750001 0.672249003125 0.6319936968750001 0.6608073890624999 0.7433018125 0.6660144328125 0.743498815625