0 0.5388427375 0.739820975 0.5367543578125 0.7267374359375001 0.53667209375 0.7091353765624999 0.5384356421875001 0.6977656703124999 0.42498720624999997 0.676850396875 0.42321889375 0.6850444437500001 0.4225343921875 0.6949620125 0.42347839374999996 0.7062453375 0.426045290625 0.7130378937499999 0.515202896875 0.73646794375 0.5388427375 0.739820975
0 0.42681566875000004 0.7450497515625 0.42815055312499994 0.75785343125 0.514728175 0.7807279359375 0.5129391734375 0.7686087140625 0.42681566875000004 0.7450497515625
0 0.42577135312500003 0.7144453375 0.42590415625 0.7270758765625 0.5154623796875 0.7506305859375 0.51522728125 0.7363630890625 0.42577135312500003 0.7144453375
0 0.5140688531250001 0.7510929578125001 0.4281503703125 0.7295711375 0.4264805 0.74225408125 0.430631240625 0.7432957171875 0.43046011562500003 0.7462357828124999 0.509848396875 0.7664548421874999 0.509848396875 0.76381894375 0.513729965625 0.7652002390625 0.5140688531250001 0.7510929578125001
0 0.300603684375 0.6638021328125 0.301126821875 0.6836277515625 0.375308740625 0.6994777734375 0.3743082546875 0.676978653125 0.300603684375 0.6638021328125
0 0.377694990625 0.7412130343750001 0.3771430578125 0.729429815625 0.3781160390625 0.7196647046875 0.3796778890625 0.7148218078124999 0.29316575 0.69604459375 0.29228905312500003 0.7013833421875 0.2915756640625 0.70931606875 0.292368996875 0.7181976703124999 0.2946877578125 0.7250597046875 0.37962537812499997 0.7471475812499999 0.377694990625 0.7412130343750001
0 0.2907035390625 0.4855230046875 0.2921647234375 0.49112641874999996 0.293062084375 0.49192386250000003 0.37539005312499996 0.40974944375 0.3756468359375 0.4090679703125 0.3738541203125 0.4075741375 0.37214820937500004 0.40146330781249995 0.371525190625 0.39690895312499996 0.3720962234375 0.394154221875 0.29321807031249997 0.475807428125 0.290785115625 0.4796893671875 0.2907035390625 0.4855230046875
0 0.290841021875 0.46052887187499997 0.2924919546875 0.47530867031249996 0.37431224687500003 0.3898690890625 0.371375415625 0.37431006875 0.290841021875 0.46052887187499997
0 0.299883165625 0.4966633296875 0.3002408828125 0.5085298593750001 0.364583309375 0.44428091406250003 0.36200153125 0.43177839375 0.299883165625 0.4966633296875
0 0.374040840625 0.34815909375 0.3705988390625 0.3413613328125 0.3690055578125 0.3337766625 0.3693726515625 0.327623303125 0.2885002625 0.4159057265625 0.2868859328125 0.4228265765625 0.2890884921875 0.43308239375 0.35310980000000003 0.3676700296875 0.3579871125 0.3660753796875 0.374040840625 0.34815909375
0 0.306998271875 0.22695394375000003 0.3616805796875 0.1640579109375 0.364124571875 0.1668857984375 0.3796515140625 0.15109676562500002 0.3763413828125 0.134126475 0.2790411609375 0.2400739359375 0.2799743984375 0.2553570984375 0.306998271875 0.22695394375000003
0 0.2964164375 0.5133200421875 0.2975401203125 0.5214393203125 0.3619066515625 0.46077706875 0.35949676406250003 0.4507057859375 0.2964164375 0.5133200421875
0 0.29618720625 0.5350050296875 0.3613808125 0.47216879062499995 0.3590694421875 0.46328579062499997 0.294759915625 0.52573991875 0.29618720625 0.5350050296875
0 0.3648397765625 0.12081882031249999 0.36501700000000004 0.11291042343749999 0.28163488281250004 0.20687663281250002 0.28074965937499996 0.21116811562499999 0.2807223875 0.2193030984375 0.28208504375 0.2288766671875 0.28401248125 0.23320755937499998 0.3696402265625 0.14114777812499998 0.3674343203125 0.134295953125 0.3648397765625 0.12081882031249999
0 0.27714031562499997 0.26561893593749997 0.277245634375 0.28203819218750004 0.27992758906250004 0.29390389375 0.31634144218750004 0.2569143296875 0.3483552453125 0.2236750046875 0.353348528125 0.2260378625 0.37170221406250004 0.2065821703125 0.36937134843749997 0.20267914999999997 0.36682341875 0.1923770890625 0.36279002656250003 0.1727761578125 0.36190889843749996 0.164452371875 0.2779153 0.2603310765625 0.27714031562499997 0.26561893593749997
0 0.282246496875 0.20073330312499998 0.339468228125 0.1426031921875 0.3614039296875 0.11669738437499999 0.36008338281249996 0.104139546875 0.2818765859375 0.186426325 0.282246496875 0.20073330312499998
0 0.283209240625 0.43939678281249994 0.2855032546875 0.45263280312500004 0.357340440625 0.3829573375 0.3564838890625 0.3794776796875 0.3527722765625 0.3686656703125 0.283209240625 0.43939678281249994
0 0.3627988703125 0.2688506578125 0.360618040625 0.2659754140625 0.3590488671875 0.25998818749999997 0.3592528078125 0.25329740625 0.27666057187500004 0.34261165312499997 0.2749882375 0.3462363375 0.2749882375 0.3522021796875 0.2760079421875 0.35604434218750003 0.2778841953125 0.3576391875 0.3627988703125 0.2688506578125
0 0.28127735781249996 0.17535958125 0.3573456609375 0.1065334953125 0.3559426125 0.097945234375 0.35341640937499996 0.0830629234375 0.3515317765625 0.076949825 0.27967312031249997 0.150732696875 0.2807407734375 0.1698849703125 0.28127735781249996 0.17535958125
0 0.3607007015625 0.037110734374999996 0.3609056515625 0.031992790625 0.27418681718750004 0.1009918890625 0.2726722328125 0.110079684375 0.2730584640625 0.11839152500000001 0.27372845468749996 0.1230329359375 0.275851259375 0.1260459609375 0.364012009375 0.060965196875 0.3614329515625 0.045465675 0.3607007015625 0.037110734374999996
0 0.3488116203125 0.34789405156250003 0.3490971375 0.3446318546875 0.34472654375 0.3246883203125 0.283262346875 0.3849403890625 0.28234970625 0.397234871875 0.2838350796875 0.4077309109375 0.3488116203125 0.34789405156250003
0 0.2755747046875 0.30681294375 0.27618658125 0.33231967500000004 0.3307477015625 0.28467741874999997 0.3538118359375 0.259690953125 0.35300527187499997 0.24948865781250001 0.3480278984375 0.22457108906249998 0.2765414203125 0.298736428125 0.2755747046875 0.30681294375
0 0.2786680890625 0.37905402499999996 0.352249084375 0.308900221875 0.35212671875 0.30643545781250003 0.3481506296875 0.290343721875 0.3472742453125 0.2882019140625 0.2759976484375 0.359898465625 0.2771069453125 0.37326729531249997 0.2786680890625 0.37905402499999996