0 0.5254375 0.3830854703125 0.4145 0.412350428125 0.414221153125 0.42907692343750004 0.5252427890625 0.400542734375 0.5254375 0.3830854703125
0 0.5187139421875 0.40632905937499997 0.416990384375 0.4317820515625 0.41740625 0.4460512828125 0.5195576921875 0.42194444375 0.5187139421875 0.40632905937499997
0 0.4998125 0.31837606875 0.4998125 0.30755555625 0.4258990390625 0.3240341875 0.425622596875 0.33411965781249997 0.4998125 0.31837606875
0 0.5040552890625001 0.3498632484375 0.4172668265625 0.36462393125000003 0.41657451874999996 0.39070085468750004 0.503915865625 0.37791025624999997 0.5040552890625001 0.3498632484375
0 0.5090096156249999 0.64342735 0.40618990312500003 0.6265213671875001 0.40310096093750003 0.6285470078125 0.4022860578125 0.6331666671875 0.4029375 0.6432820515625 0.509915865625 0.6614829062500001 0.5082884609375 0.6577264953124999 0.508127403125 0.6496367515625 0.5090096156249999 0.64342735
0 0.5091033656249999 0.6187222218749999 0.4029375 0.6074529921875 0.402125 0.62305555625 0.5082884609375 0.6357692312500001 0.5091033656249999 0.6187222218749999
0 0.499625 0.340025640625 0.49904086562499994 0.3184487171875 0.411591346875 0.3373205125 0.4118701921875 0.3572435890625 0.499625 0.340025640625
0 0.3993605765625 0.6689957265625 0.398384615625 0.675064103125 0.39903605781249996 0.6857564109375 0.49008173125 0.7048247859375001 0.48910576875 0.687491453125 0.3993605765625 0.6689957265625
0 0.399197115625 0.6455940171875 0.397408653125 0.6585940171875 0.48130048125 0.6767991453125 0.48113942343750005 0.67073076875 0.48180769218749997 0.6624059828125 0.399197115625 0.6455940171875
0 0.316778846875 0.1414700859375 0.391721153125 0.1067179484375 0.3919543265625 0.082991453125 0.315959134375 0.1217008546875 0.3156081734375 0.13210683750000002 0.315841346875 0.1398076921875 0.316778846875 0.1414700859375
0 0.3870360578125 0.49756410312500005 0.30970192343749997 0.5048803421875 0.30823798125 0.5097905984375 0.30823798125 0.5184615390625 0.3095384609375 0.52076923125 0.3870889421875 0.516435896875 0.3862764421875 0.5100811968750001 0.38611298125000004 0.5040128203124999 0.3870360578125 0.49756410312500005
0 0.3810384609375 0.5799871796875 0.3046610578125 0.57508974375 0.302709134375 0.5828931625 0.301247596875 0.593294871875 0.3025480765625 0.605141025 0.3796105765625 0.6161196578125 0.379122596875 0.6057179484375 0.379447115625 0.5950299140624999 0.3810384609375 0.5799871796875
0 0.3739206734375 0.54937606875 0.3731081734375 0.5441752140625 0.37229326875 0.53319658125 0.37326923125 0.5251068375 0.3757740390625 0.518884615625 0.30482451875 0.5199059828125 0.302872596875 0.523081196875 0.3017355765625 0.5303076921875001 0.301247596875 0.5386837609375 0.301572115625 0.5485085468750001 0.3739206734375 0.54937606875
0 0.3750576921875 0.5652692312500001 0.376685096875 0.5557350421875 0.37767548125 0.55242735 0.3004326921875 0.5485085468750001 0.298646634375 0.554286325 0.298158653125 0.564688034375 0.2991322109375 0.5727820515625 0.37847355781249997 0.5776923078125 0.376197115625 0.573935896875 0.3750576921875 0.5652692312500001
0 0.363634615625 0.652786325 0.29198076875 0.6406794875 0.29002884687499997 0.6545512828125 0.36253846093750003 0.668132478125 0.363634615625 0.652786325
0 0.3612956734375 0.6145683765625 0.29620673124999997 0.605141025 0.29165384687499996 0.638081196875 0.35750000000000004 0.6505042734375001 0.3612956734375 0.6145683765625