0 0.4626730765625 0.46507265000000003 0.4633677890625 0.45890170937499997 0.462153846875 0.44933760625 0.341841346875 0.44501709375000004 0.342533653125 0.4619230765625 0.4626730765625 0.46507265000000003
0 0.350521634375 0.347722221875 0.4569447109375 0.3638632484375 0.456596153125 0.3493632484375 0.3498269234375 0.3299230765625 0.350521634375 0.347722221875
0 0.3508677890625 0.34658547031250003 0.35208413437499997 0.3555341875 0.35208413437499997 0.373957265625 0.457466346875 0.388858975 0.4592019234375 0.3811452984375 0.45763942343749997 0.3647905984375 0.3508677890625 0.34658547031250003
0 0.359028846875 0.3137735046875 0.4548605765625 0.332358975 0.453125 0.3153888890625 0.3579855765625 0.2950213671875 0.359028846875 0.3137735046875
0 0.453125 0.31384615312499997 0.4529519234375 0.3015042734375 0.4513894234375 0.2962564109375 0.3623269234375 0.2734230765625 0.363540865625 0.293170940625 0.453125 0.31384615312499997
0 0.462153846875 0.44841025625 0.4623269234375 0.4431666671875 0.461283653125 0.43576068437500004 0.355033653125 0.42928205156250004 0.3555552890625 0.4452564109375 0.462153846875 0.44841025625
0 0.365103365625 0.33300854687500003 0.4555552890625 0.3487435890625 0.455033653125 0.33300854687500003 0.3657980765625 0.3185042734375 0.365103365625 0.33300854687500003
0 0.46371634687499996 0.4795769234375 0.4647572109375 0.4734059828125 0.4640625 0.465384615625 0.356771634375 0.4647649578125 0.358158653125 0.47889743593749995 0.46371634687499996 0.4795769234375
0 0.4664927890625 0.5048803421875 0.466841346875 0.50241025625 0.4649302890625 0.49469658125000004 0.3564230765625 0.4987094015625 0.357466346875 0.5054957265625 0.3579855765625 0.518401709375 0.4664927890625 0.512286325 0.4664927890625 0.5048803421875
0 0.3611105765625 0.5270940171875 0.3623269234375 0.542525640625 0.3625 0.5588333328124999 0.469096153125 0.5499316234375 0.469790865625 0.5428333328125 0.4701394234375 0.534811965625 0.4689230765625 0.520615384375 0.46597115312500004 0.5125940171875001 0.359028846875 0.5193803421875 0.3611105765625 0.5270940171875
0 0.3654519234375 0.49710683749999995 0.46423557656250003 0.4943888890625 0.4640625 0.4811196578125 0.365103365625 0.48235470156250004 0.3654519234375 0.49710683749999995
0 0.365278846875 0.5937094015625 0.4703125 0.5777008546875 0.4710072109375 0.5696794875 0.470658653125 0.559188034375 0.469096153125 0.5499316234375 0.3633677890625 0.562581196875 0.36440865312500004 0.5690598296875 0.3657980765625 0.5820213671875 0.365278846875 0.5937094015625
0 0.363021634375 0.5959059828125 0.3640625 0.6063974359375 0.36388942343749997 0.6202564109375001 0.4710072109375 0.6020769234375 0.471875 0.592205128125 0.4704855765625 0.5798589749999999 0.363021634375 0.5959059828125
0 0.380728365625 0.39255982968750003 0.45815865312500004 0.40089316249999996 0.4578125 0.38947435937499997 0.3803822109375 0.3802179484375 0.380728365625 0.39255982968750003
0 0.3788197109375 0.42519230781250006 0.461283653125 0.4326752140625 0.4607644234375 0.4212564109375 0.378646634375 0.41230769218749996 0.3788197109375 0.42519230781250006
0 0.3810769234375 0.41230769218749996 0.459721153125 0.42002564062500003 0.4585072109375 0.4002735046875 0.3803822109375 0.391329059375 0.3810769234375 0.41230769218749996
0 0.372915865625 0.65791025625 0.47204807656250003 0.634786325 0.4727427890625 0.62707265 0.4727427890625 0.619358975 0.472221153125 0.6097905984375 0.469790865625 0.60176923125 0.369790865625 0.62151709375 0.371528846875 0.6332435890625 0.372915865625 0.65791025625
0 0.56830048125 0.2875598296875 0.5679423078125 0.28118376093749997 0.5670456734375 0.2775213671875 0.5011514421875 0.26079059843749997 0.5018677890625 0.26445299218749996 0.50240625 0.27767948750000004 0.5681201921875 0.29233760625 0.56830048125 0.2875598296875
0 0.502228365625 0.291222221875 0.5026754812500001 0.30062393125 0.5043798078124999 0.305205128125 0.5689278843750001 0.3184700859375 0.5676730765625 0.2979145296875 0.5014206734375 0.2826196578125 0.502228365625 0.291222221875
0 0.503125 0.3594529921875 0.5704855765625 0.367846153125 0.5685769234375 0.33883760625 0.5024302890625 0.3280384609375 0.503125 0.3594529921875
0 0.5093990390625 0.320064103125 0.50966826875 0.328794871875 0.5678509609375 0.3374316234375 0.56776201875 0.32994444375 0.5093990390625 0.320064103125
0 0.56776201875 0.32516239375 0.5670456734375 0.3221367515625 0.51020673125 0.30970940156250004 0.5099375 0.3197478625 0.56776201875 0.3294658125 0.56776201875 0.32516239375