0 0.618689253125 0.43289576093750004 0.611891209375 0.4312454875 0.59977290625 0.6331298546874999 0.6036093796875 0.6361761671874999 0.6094433265625 0.6370835515625 0.616104096875 0.6355081625000001 0.619875159375 0.63071575625 0.6353683875 0.42928855156249995 0.6269674562499999 0.4326665390625 0.618689253125 0.43289576093750004
0 0.6204346375 0.630560734375 0.628294803125 0.6308680421874999 0.6413265796875 0.47264933750000004 0.632948034375 0.47256685000000004 0.63290053125 0.473604871875 0.6204346375 0.630560734375
0 0.638237253125 0.6234214312499999 0.6380283203125 0.6237422390625 0.6373587625 0.6304783796875 0.6450583890625 0.629044615625 0.6576572374999999 0.48075578593749996 0.6569614234375 0.4813332015625 0.65775 0.4746806796875 0.6510686875 0.47635484687499996 0.638237253125 0.6234214312499999
0 0.628960271875 0.6279483328125 0.6367278390625 0.6304625421875001 0.636542290625 0.6234848625 0.63811945625 0.6236498421875 0.648960784375 0.483521465625 0.648765634375 0.483606871875 0.648773809375 0.47665825625 0.64107845625 0.47638580781249995 0.628960271875 0.6279483328125
0 0.6040720484375 0.8544057171875 0.6151593656250001 0.722921196875 0.61161765625 0.7225293421875 0.6036693046875 0.7244159703124999 0.593062925 0.855775115625 0.6040720484375 0.8544057171875
0 0.6346874609375 0.71709593125 0.6290781640625001 0.7179685890624999 0.6250533078125 0.7173738328125 0.621056278125 0.7136749484375 0.6099452421875 0.867308325 0.6124506875 0.8701875343750001 0.619306909375 0.8705529875 0.6241889234375 0.8680378421875 0.6267643890625 0.8641543546875001 0.6387022578125 0.7134911109375001 0.6346874609375 0.71709593125
0 0.5840850718749999 0.8681779437499999 0.589063440625 0.8663773296875 0.6014462468749999 0.73200156875 0.593068153125 0.7349826203125 0.581533721875 0.8681987046874999 0.5840850718749999 0.8681779437499999
0 0.46642487031249996 0.8721468625 0.46935969218749996 0.8754433374999999 0.4748500703125 0.86989015 0.42592876406249996 0.7276085765625 0.422888378125 0.7326236749999999 0.4192827546875 0.73440124375 0.4172649234375 0.733596709375 0.46642487031249996 0.8721468625
0 0.491040928125 0.85743325625 0.4962768796875 0.856314278125 0.4641279375 0.746076346875 0.4586006328125 0.7500796578125 0.491040928125 0.85743325625
0 0.34259274687499996 0.832537175 0.311005534375 0.745872153125 0.312627034375 0.74082376875 0.30395115625 0.7139180078125 0.2937935984375 0.7192562859375 0.35336294687500003 0.8921260249999999 0.3615557359375 0.8912013125 0.34259274687499996 0.832537175
0 0.45780789843749997 0.8767551203125 0.46553118437499996 0.8722229921875 0.414751471875 0.7303614140625 0.40613479531249996 0.7360492140625 0.45780789843749997 0.8767551203125
0 0.4764843296875 0.8606468796875 0.48305967031249997 0.8582418765625001 0.446587728125 0.7472049359375 0.43951224218749996 0.7512336375 0.4764843296875 0.8606468796875
0 0.3947226515625 0.7380789359375 0.3901844109375 0.738200234375 0.444262375 0.8786390687500001 0.44845061093750005 0.879682696875 0.45225057187499995 0.8770341671875 0.45500490625 0.8711751453125001 0.40145543281249996 0.7283059921875 0.39924016406249996 0.7342266625 0.3947226515625 0.7380789359375
0 0.5701334015625 0.8740212265625 0.5737200453125 0.87269785 0.588666940625 0.7397469703125 0.5764213203125 0.7386373125000001 0.563377771875 0.8735382828124999 0.5701334015625 0.8740212265625
0 0.484442521875 0.863439103125 0.48944370625 0.8613889828125 0.456754440625 0.7526416578124999 0.45108075000000003 0.7564669359375 0.484442521875 0.863439103125
0 0.3410232890625 0.8893326406250001 0.347594753125 0.8872806671875001 0.3497006640625 0.8839489015625001 0.31281024999999996 0.774106684375 0.29759217968749996 0.73104655625 0.2948801296875 0.7347798421875 0.29096614375 0.7376218671875 0.286005771875 0.74029415 0.28257159375 0.7393224359375 0.3341538625 0.8854880250000001 0.336941040625 0.889432440625 0.3410232890625 0.8893326406250001
0 0.36491510781250003 0.89302556875 0.3665052265625 0.8971773203125 0.3723021703125 0.8971600046875 0.3785236421875 0.895695653125 0.3838802 0.8906913624999999 0.3632706078125 0.8270748765624999 0.344708678125 0.7695280765625 0.346242121875 0.760200525 0.3351409203125 0.72783006875 0.3300371171875 0.7334934234375 0.3223392046875 0.7397103328125 0.3154237234375 0.7434844109375 0.31087545156249996 0.745406709375 0.36491510781250003 0.89302556875
0 0.3306767578125 0.8873640296874999 0.29916162968750004 0.7861475812500001 0.2844888390625 0.7457771109375 0.2772100625 0.749148709375 0.3236821328125 0.8870424531250001 0.3306767578125 0.8873640296874999
0 0.3664545265625 0.7483257562500001 0.362449915625 0.7493514015625 0.41434265937500003 0.8946239281249999 0.41753898125 0.8963466109375 0.42026135781249996 0.894937140625 0.42237501875000005 0.891413453125 0.3708167375 0.7416662609375 0.3692339296875 0.7457554921875 0.3664545265625 0.7483257562500001
0 0.2789006484375 0.754341384375 0.272838178125 0.7561084359375 0.2682873515625 0.7581134953124999 0.26180379062500003 0.7634397265625 0.303731378125 0.89187660625 0.3173009640625 0.8892223296875 0.2789006484375 0.754341384375
0 0.25250175937499997 0.741903175 0.2492406640625 0.74509439375 0.24193461562500002 0.747589303125 0.2368928796875 0.746804825 0.23664152187499998 0.7472890296875 0.276189071875 0.902628721875 0.2791679234375 0.9046861156249999 0.2843197 0.9047644187499999 0.2876119921875 0.9032121625 0.28971011562500004 0.8998803765625001 0.25250175937499997 0.741903175
0 0.40575694999999995 0.89832873125 0.3734885984375 0.77985205625 0.3652285484375 0.7577670984375 0.34491512812499997 0.7699411625 0.3871769953125 0.898015071875 0.40575694999999995 0.89832873125
0 0.402226215625 0.7735253625 0.3979890890625 0.776925440625 0.3894110125 0.785053265625 0.42874901718749997 0.8907261156249999 0.43401763437499996 0.8912389484375 0.44118977187499997 0.88663376875 0.402226215625 0.7735253625