0 0.5994571515625 0.63598058125 0.6030242015625 0.6368425640625001 0.6078629296875 0.6367563671875 0.6125593203124999 0.6345844703125 0.615672165625 0.6303978296875 0.6296846687500001 0.428948315625 0.6232910046875 0.4322015046875 0.616280540625 0.43292550781249994 0.6109454140625 0.4328393078125 0.6063262375 0.43065858593749995 0.595176134375 0.6341807984375001 0.5994571515625 0.63598058125
0 0.6366672265625 0.63033644375 0.6440540859375 0.628032475 0.655963221875 0.47402612812499995 0.6495862156250001 0.476817103125 0.6366672265625 0.63033644375
0 0.6159646125 0.6320177828125 0.6234068875000001 0.6308007859375 0.63739076875 0.47254401250000005 0.6283998390625001 0.47317809375 0.6159646125 0.6320177828125
0 0.648341278125 0.482884440625 0.646838596875 0.482884440625 0.647261553125 0.47627743593750005 0.639205434375 0.47628878593749996 0.6283945453124999 0.6280542484375 0.6352849953125 0.630276346875 0.635955084375 0.6235326234375 0.63736083125 0.6241360078125 0.648341278125 0.482884440625
0 0.41049187031249995 0.6625788890625001 0.41008685156249997 0.653239046875 0.31249545625 0.6261683203125 0.31337648281249997 0.635311953125 0.41049187031249995 0.6625788890625001
0 0.4155362734375 0.6505562953124999 0.42378847343750004 0.6490778671874999 0.4233975265625 0.6398498078125 0.4190272015625 0.6408659234375 0.4155362734375 0.6505562953124999
0 0.383568753125 0.655249684375 0.36189290937499996 0.649181140625 0.3145749828125 0.656436975 0.315471728125 0.6670973078125 0.383568753125 0.655249684375
0 0.600939071875 0.724227265625 0.5918236484375 0.8545267171875001 0.6033090750000001 0.8536699609375 0.6135181515625 0.7225002609375 0.6099795390625 0.7224140593749999 0.6012352640625 0.7240494578125001 0.600939071875 0.724227265625
0 0.6189489453125 0.870565778125 0.6239302859375 0.868178025 0.6269670765625001 0.8643768078124999 0.6388986296875 0.7130313375 0.634767278125 0.716980640625 0.6304676609375 0.7174833765625 0.6259887109375 0.7172201796875 0.6203264109375 0.7131132953125 0.610295490625 0.8676999875 0.615054071875 0.8700556328125 0.6189489453125 0.870565778125
0 0.478008146875 0.8724738328124999 0.4862296609375 0.8690990718749999 0.4384415546875 0.7234129484375 0.42927100781250005 0.7275354828125 0.478008146875 0.8724738328124999
0 0.4935702 0.8709768796875 0.49554910156250004 0.8683435859375 0.4489929765625 0.7232049109375 0.44724791093749994 0.7263942609375 0.4448215390625 0.7284311875 0.440869621875 0.7281976578125 0.487325553125 0.8694489750000001 0.4889251953125 0.8728107093749999 0.49071874531250004 0.8732417218749999 0.4935702 0.8709768796875
0 0.5054287359375 0.8563674750000001 0.4688699734375 0.7413964749999999 0.4675897359375 0.7441988546875 0.46259678437499996 0.746293025 0.49870539843749995 0.8577703078125 0.5054287359375 0.8563674750000001
0 0.45341441875 0.87838073125 0.46223824999999996 0.8752638968750001 0.425078175 0.7592993203125 0.42482251406250005 0.7536609921874999 0.4149905125 0.72367235 0.412231540625 0.7286555984375 0.4089438515625 0.73210356875 0.40558779375 0.7333859578124999 0.4030214734375 0.7323667828125 0.45341441875 0.87838073125
0 0.30383760625 0.7134904015625 0.29339866875 0.7189186671875001 0.35374634843749997 0.8929058546875 0.36209666406249996 0.8914217015625001 0.343170815625 0.8340784921875001 0.31078596875 0.7459821109375 0.3127675890625 0.740471278125 0.30383760625 0.7134904015625
0 0.28424598125 0.739798721875 0.28250091875 0.7390229359375 0.333669596875 0.88472594375 0.336818853125 0.8897785468749999 0.341512290625 0.8900371406250001 0.34618571875000004 0.8881125125 0.3498127625 0.8845783796875001 0.3196181609375 0.7948003625 0.2974738890625 0.731591640625 0.2938611296875 0.73517439375 0.28814393437499997 0.738975603125 0.28424598125 0.739798721875
0 0.33547319062500003 0.7272836625 0.3335882328125 0.730573071875 0.329185896875 0.7351456109375001 0.3206980171875 0.74089024375 0.3157081328125 0.74365955625 0.3110516609375 0.7457604609375 0.3653047 0.894265371875 0.3695703 0.8972184406249999 0.376227521875 0.8962221749999999 0.3808127109375 0.8939725515625 0.38372114218750003 0.8909555859375 0.37766719531250004 0.870127559375 0.344347875 0.770015303125 0.3457051375 0.7609238078125 0.33547319062500003 0.7272836625
0 0.29997539375 0.7885512609374999 0.284746459375 0.7462988937499999 0.277242009375 0.7493105421874999 0.32339590625 0.887377790625 0.3315109734375 0.8874251375 0.29997539375 0.7885512609374999
0 0.4660459859375 0.8855713765625 0.4734706953125 0.88133391875 0.434293784375 0.753086859375 0.42625427812499994 0.76210856875 0.4660459859375 0.8855713765625
0 0.287224709375 0.9028600250000001 0.2899496375 0.9003781328124999 0.2533486484375 0.7408203421875 0.2459529203125 0.746064975 0.24117680468749997 0.7477974109375001 0.2368064640625 0.7470531109375 0.275860821875 0.9040148765625 0.276629740625 0.9039890984375001 0.282953371875 0.9040562140624999 0.287224709375 0.9028600250000001
0 0.303394615625 0.8916274484375 0.31798687187499997 0.8893885718749999 0.2788249421875 0.753934546875 0.2740231921875 0.7565724484375 0.266848365625 0.75992110625 0.26183708125 0.7636459140625 0.303394615625 0.8916274484375
0 0.41823898125000003 0.89959194375 0.42042030781250006 0.8948510125 0.3703992453125 0.7441379875 0.36805818281249997 0.7468034359375 0.36556315625 0.7493353421875 0.361462740625 0.749233940625 0.41205133906249997 0.899270790625 0.414999728125 0.9016843671875 0.41823898125000003 0.89959194375
0 0.40134645 0.7753730515624999 0.4359966109375 0.8866128671875 0.44835946875 0.8849872984375 0.41481137187500006 0.7675101062499999 0.4147783875 0.76703989375 0.4122772046875 0.7676978203125 0.40134645 0.7753730515624999
0 0.344947875 0.7700439359375 0.38679096562500004 0.8979594703125 0.40586651875 0.8980735640624999 0.378132334375 0.79878294375 0.36450503125 0.7579892781249999 0.34940734375 0.766492115625 0.344947875 0.7700439359375
0 0.430687809375 0.8952761375 0.4324813484375 0.8938107390625 0.393451965625 0.7624895890625 0.3931568796875 0.7616815 0.39297945 0.762009825 0.3901137453125 0.7634363328125 0.3806341421875 0.7714721375 0.42128719062500003 0.8973587046875 0.425404690625 0.897531103125 0.430687809375 0.8952761375