0 0.48635896562500003 0.65511941875 0.623236134375 0.67784143125 0.623236134375 0.65730191875 0.4868703390625 0.63724476875 0.48584759375 0.6463335765625 0.48635896562500003 0.65511941875
0 0.487211253125 0.7778428671875 0.6094290984375 0.8190454484374999 0.6101109250000001 0.8005648796875 0.48738170937499997 0.7599682171875 0.487211253125 0.7778428671875
0 0.48755216875 0.7372216234375 0.48669988281250004 0.7475222687499999 0.48772262499999997 0.7581504578125 0.6089177265625 0.797232315625 0.6077245234374999 0.7890278125 0.6075540671875 0.7763034875 0.6085768093749999 0.7651824140625 0.4884044546875 0.7317683421875001 0.48755216875 0.7372216234375
0 0.4880635390625 0.6720851875 0.6070426953125 0.6948072015625 0.607213153125 0.6878391203125 0.6070426953125 0.675720709375 0.4880635390625 0.6548164609375 0.487211253125 0.659663825 0.487211253125 0.6672378250000001 0.4880635390625 0.6720851875
0 0.6073836109374999 0.5875158375 0.48618850937499997 0.5808507140625 0.4853362234375 0.589939521875 0.48618850937499997 0.602057928125 0.608235896875 0.6120556109375 0.6073836109374999 0.6032697687499999 0.6073836109374999 0.5875158375
0 0.606531325 0.6347776234375 0.48755216875 0.619326653125 0.48618850937499997 0.6232651375 0.48550667968749994 0.630839140625 0.48618850937499997 0.636595384375 0.60670178125 0.6520463546874999 0.606531325 0.6347776234375
0 0.4849953078125 0.48784194375 0.48584759375 0.496021871875 0.486018053125 0.5029899531249999 0.605167665625 0.49571891093750003 0.6044858359374999 0.488750825 0.60363355 0.4757235390625 0.6043153796875 0.4660288125 0.48584759375 0.47784426093750004 0.4849953078125 0.48784194375
0 0.6034630937500001 0.56903526875 0.6031221796875 0.55146358125 0.603974465625 0.5382091234375 0.4856771375 0.536315571875 0.4836316515625 0.543586615625 0.482779365625 0.5587346234375 0.4834611921875 0.5684293499999999 0.48550667968749994 0.5796388765625 0.6060199515625 0.5853951203125 0.6034630937500001 0.577518153125 0.6034630937500001 0.56903526875
0 0.489597653125 0.8208632093749999 0.5992016640625 0.8629746703125001 0.598349378125 0.838737859375 0.4887453671875 0.7999589578124999 0.489597653125 0.8208632093749999
0 0.6012471484375 0.5211675640625 0.6009062359375 0.5090491578125 0.60141760625 0.4997236671875 0.48584759375 0.50450475625 0.48431348124999996 0.5075343546875 0.4838021078125 0.5208646031249999 0.484143021875 0.532074128125 0.48635896562500003 0.5360126109375 0.6026108078125 0.53510373125 0.602099434375 0.5311652484375 0.6012471484375 0.5211675640625
0 0.48772262499999997 0.6184177734375 0.598349378125 0.630233221875 0.5981789187500001 0.612661534375 0.48772262499999997 0.6023608890625 0.48772262499999997 0.6184177734375
0 0.487211253125 0.47663241875000006 0.598690290625 0.4645140125 0.59698571875 0.4451245640625 0.5961334328125 0.423661859375 0.487211253125 0.4408831203125 0.4844839375 0.450577846875 0.4849953078125 0.4663317734375 0.487211253125 0.47663241875000006
0 0.5935765749999999 0.8609415078125 0.5928947453125 0.8599450687499999 0.4899385703125 0.8226809703125 0.489427196875 0.8335875343750001 0.4902794828125 0.8463118625 0.593406115625 0.8896351671874999 0.5935765749999999 0.8609415078125
0 0.4882339953125 0.7926879140625 0.4899385703125 0.7996559999999999 0.5906788 0.8335875343750001 0.592042459375 0.8132892046875 0.48908628125 0.7787517484375 0.488915825 0.7829931875 0.48857491093750005 0.7875375890625 0.4882339953125 0.7926879140625
0 0.5390302546875 0.741766025 0.577042221875 0.7529755515625001 0.5768717640625 0.738433465625 0.489597653125 0.7160144140625 0.489427196875 0.7275268968749999 0.5390302546875 0.741766025
0 0.489597653125 0.7154084921874999 0.5768717640625 0.7375245859375 0.577042221875 0.7121512734375 0.488915825 0.6908687171875 0.489597653125 0.7154084921874999
0 0.4868703390625 0.6902627984375 0.5785763359375 0.7114700078125 0.57908770625 0.6957873796875 0.487211253125 0.6769325515625 0.48669988281250004 0.683597675 0.4868703390625 0.6902627984375
0 0.3642508875 0.774850221875 0.43672429062499996 0.7984850390625 0.43661347656249994 0.7594875890624999 0.36447251718749996 0.7390040859375 0.3642508875 0.774850221875
0 0.431183509375 0.8256650765625 0.360815603125 0.7978941671875 0.3599290796875 0.8075450515625 0.36048315625 0.8233015937499999 0.43373226875000004 0.854617721875 0.433067375 0.8298011671875001 0.431183509375 0.8256650765625
0 0.363918440625 0.7854858890624999 0.42830230468749997 0.806757221875 0.4284131203125 0.7959245984375001 0.363918440625 0.7756380468749999 0.363918440625 0.7854858890624999
0 0.3584884765625 0.849693803125 0.4317375890625 0.8823886328125001 0.4317375890625 0.8615790000000001 0.359485815625 0.8309829109375 0.35871010625 0.8368916109375 0.3584884765625 0.849693803125
0 0.36303191562500003 0.7951367687500001 0.4257535453125 0.8191655000000001 0.4257535453125 0.8062204484375 0.36314273125 0.785879803125 0.36303191562500003 0.7951367687500001