0 0.614384615625 0.6355128203125 0.620091346875 0.63066239375 0.63508173125 0.429901709375 0.6265673078125 0.4330384609375 0.617346153125 0.43348290624999997 0.61110576875 0.4321837609375 0.5998076921875 0.633649571875 0.6083677890625 0.6370512828125 0.614384615625 0.6355128203125
0 0.632596153125 0.472564103125 0.62035576875 0.6319230765625 0.6279375 0.6317649578125 0.641521634375 0.471918803125 0.6326298078125 0.47241880312499995 0.632596153125 0.472564103125
0 0.657533653125 0.4812905984375 0.6569615390625 0.4814615390625 0.6578822109375 0.4736196578125 0.6515961531250001 0.475384615625 0.6512644234375 0.47555128281250003 0.637814903125 0.6304615390625 0.64435576875 0.629205128125 0.657533653125 0.4812905984375
0 0.6291298078125 0.6284487171875 0.636997596875 0.630205128125 0.63716826875 0.6236709406250001 0.6381105765624999 0.623564103125 0.650021634375 0.48325213749999996 0.648497596875 0.48325213749999996 0.649415865625 0.47599145312499996 0.64180048125 0.47575213749999995 0.6415576921875 0.476205128125 0.6291298078125 0.6284487171875
0 0.59264423125 0.8559829062500001 0.60401923125 0.8543205125 0.6152403843750001 0.722346153125 0.6088293265625 0.7231581203124999 0.6034519234375 0.7240042734375 0.59264423125 0.8559829062500001
0 0.6207499999999999 0.7147435890625 0.610115384375 0.8674957265625001 0.6123221156249999 0.8692820515624999 0.6171706734375 0.8702991453125 0.6230985578125 0.869081196875 0.6265721156249999 0.86637606875 0.638622596875 0.7143076921875 0.6368605765625001 0.716846153125 0.6329326921875 0.7184444437499999 0.6279735578125 0.717974359375 0.6243918265625 0.7175042734375 0.6207499999999999 0.7147435890625
0 0.58213701875 0.8672564109374999 0.5839783656249999 0.8677649578125 0.5898197109375001 0.8663034187499999 0.601603365625 0.7315256406249999 0.592822115625 0.7343803421875 0.58213701875 0.8672564109374999
0 0.4574735578125 0.873418803125 0.46048798125 0.8750256406249999 0.46373798125 0.8744957265625001 0.46656250000000005 0.871858975 0.46861057656250005 0.8674572656249999 0.4158293265625 0.7251367515625 0.4157355765625 0.7276794875 0.41139663437499996 0.7325128203125 0.40721394218749996 0.7347948718749999 0.40461778906249996 0.7343803421875 0.4574735578125 0.873418803125
0 0.46362500000000006 0.7481282046875 0.4577331734375 0.7547948718749999 0.5014855765624999 0.8557179484375 0.507365384375 0.8537991453125 0.46362500000000006 0.7481282046875
0 0.491427884375 0.86894444375 0.4942980765625 0.8727435890624999 0.497060096875 0.8713888890625 0.49972836562499995 0.8659658125 0.44109134687499996 0.7317863250000001 0.43972355781249994 0.7356666671875 0.4368197109375 0.7393931625 0.43338942343750003 0.73973076875 0.491427884375 0.86894444375
0 0.48137740312500005 0.8721196578124999 0.4834615390625 0.87226923125 0.48923317343750006 0.8673504281250001 0.42967548125 0.7339401703124999 0.42167788437500003 0.741457265625 0.48137740312500005 0.8721196578124999
0 0.31107451875000003 0.7453717953125001 0.31242548124999997 0.741653846875 0.304146634375 0.714294871875 0.2944134609375 0.7198076921875 0.3531706734375 0.89262393125 0.36222115312500003 0.8916495718749999 0.3465456734375 0.8435042734374999 0.31107451875000003 0.7453717953125001
0 0.47351442343750005 0.7518846156250001 0.46868990312500003 0.7568803421875 0.51135576875 0.8617991453125 0.5166778843750001 0.8599957265624999 0.47351442343750005 0.7518846156250001
0 0.48110817343749995 0.7517948718749999 0.476177884375 0.757367521875 0.519447115625 0.8645811968749999 0.5240865390625 0.8615042734375 0.48110817343749995 0.7517948718749999
0 0.3350480765625 0.888153846875 0.33753125 0.8900641031250001 0.3414759609375 0.88955555625 0.346841346875 0.88783760625 0.349403846875 0.8843418796875 0.317802884375 0.7901794875 0.2979447109375 0.7315384609375 0.2913990390625 0.7383162390625 0.28534375 0.740542734375 0.28254326875 0.7393333328125 0.3350480765625 0.888153846875
0 0.3444302890625 0.7689230765625 0.346009615625 0.7619529921875 0.335290865625 0.7277094015625 0.3350072109375 0.7273418796875 0.3314302890625 0.7325769234374999 0.32465144218750003 0.7375470078124999 0.318052884375 0.7421581203125001 0.313302884375 0.745042734375 0.3115865390625 0.745213675 0.36531250000000004 0.895042734375 0.3675985578125 0.8969700859374999 0.3739014421875 0.8973803421875 0.3792235578125 0.8950512828124999 0.383947115625 0.891384615625 0.359153846875 0.8142222218749999 0.3444302890625 0.7689230765625
0 0.3233894234375 0.8877649578125 0.3316322109375 0.8865683765625001 0.2985264421875 0.78357265 0.284521634375 0.74651709375 0.27727403906250003 0.748829059375 0.3233894234375 0.8877649578125
0 0.2781610578125 0.903632478125 0.2831826921875 0.9037991453125 0.28739663437499996 0.9023162390625 0.2898076921875 0.8993888890624999 0.253084134375 0.7416410250000001 0.24856971093750002 0.7458803421875 0.24066586562499998 0.748311965625 0.236841346875 0.7477179484375001 0.275884615625 0.9016538468749999 0.2781610578125 0.903632478125
0 0.36587980781249996 0.7500384609374999 0.362935096875 0.7502905984375 0.3615625 0.7498675218749999 0.411865384375 0.8978717953125 0.41423798125 0.900542734375 0.41671874999999997 0.8999059828125 0.41933894218749995 0.8966880343750001 0.41981490312499997 0.8948247859375 0.370021634375 0.74512393125 0.368721153125 0.7478974359375 0.36587980781249996 0.7500384609374999
0 0.3036418265625 0.8918333328125 0.318528846875 0.8896410250000001 0.278466346875 0.7543803421875 0.2664639421875 0.7601452984375 0.262060096875 0.763649571875 0.3036418265625 0.8918333328125
0 0.409252403125 0.7702094015625 0.40264663437500003 0.77508974375 0.43579326875 0.8858034187499999 0.4398798078125 0.8867350421875001 0.4479375 0.8853119656249999 0.41519951875 0.7660512828125 0.409252403125 0.7702094015625
0 0.364185096875 0.7588333328125 0.354697115625 0.7633247859375001 0.3447740390625 0.769457265625 0.3868197109375 0.8979700859375 0.40532451875 0.898 0.377802884375 0.797350428125 0.364185096875 0.7588333328125
0 0.393259615625 0.76301709375 0.391259615625 0.76301709375 0.3811418265625 0.770974359375 0.4221610578125 0.8974829062499999 0.4251802890625 0.897850428125 0.4327548078125 0.895367521875 0.393259615625 0.76301709375