0 0.557135384375 0.651206428125 0.6600788125 0.6697189359375 0.6597316171875 0.6552174749999999 0.556267396875 0.6373220468749999 0.557135384375 0.651206428125
0 0.6593844234375 0.65332035 0.65730125 0.644372640625 0.6574748484375 0.628432140625 0.555225809375 0.6162953375 0.5555730046875 0.6354249281250001 0.6593844234375 0.65332035
0 0.5484555 0.5589065640624999 0.6659811343750001 0.56384323125 0.665633940625 0.5488086671875 0.5482819015625 0.544096559375 0.5484555 0.5589065640624999
0 0.5614753265625 0.68206060625 0.6529613078125001 0.6999560296875 0.6519197234375 0.6842920171875 0.56026014375 0.666942059375 0.559912946875 0.674655603125 0.5614753265625 0.68206060625
0 0.5633849015625 0.6999560296875 0.6494893562499999 0.720319790625 0.64844776875 0.7018832515625 0.561648925 0.6842204015625 0.5633849015625 0.6999560296875
0 0.5592185578125 0.66570789375 0.6456702062499999 0.680826440625 0.6454966078125 0.666324975 0.5592185578125 0.65244059375 0.558176971875 0.653983303125 0.5592185578125 0.66570789375
0 0.55071226875 0.5712482343749999 0.6534821015625 0.5786532390625 0.6534821015625 0.56291760625 0.5491498921875 0.558598021875 0.5488026953125 0.5653859406249999 0.55071226875 0.5712482343749999
0 0.5474139140625 0.5431709312499999 0.65226691875 0.5450221843749999 0.6510517328125001 0.5323719703124999 0.5477611109375 0.5302121796875 0.5467195234375 0.53329759375 0.5474139140625 0.5431709312499999
0 0.6494893562499999 0.49572635 0.5444627546875 0.49964517031250005 0.5441155578125 0.5073587140625 0.5444627546875 0.5141466328125001 0.5458515359375 0.515997884375 0.6508781375 0.5147637171875 0.6494893562499999 0.49572635
0 0.5472403171875 0.5277438421875 0.6432398390625 0.5289780078125 0.642545446875 0.515169290625 0.5467195234375 0.5157107140625 0.5472403171875 0.5277438421875
0 0.6448022156250001 0.45560599531249996 0.541164396875 0.46354578281250003 0.5404700078125 0.4700251578125 0.540296409375 0.4808241203125 0.5413379953125 0.4934743328125 0.5441155578125 0.49964517031250005 0.6474061828125001 0.4934743328125 0.6460174015625 0.4823668296875 0.6451494140625 0.4653970296875 0.6448022156250001 0.45560599531249996
0 0.555399409375 0.6125928328125 0.6309144015625 0.6227747140625 0.6303936078125 0.6122842953125 0.5550522109375 0.6039536671875 0.555399409375 0.6125928328125
0 0.5548786156250001 0.6024109578125 0.6300464140625001 0.6104330421874999 0.6286576328125 0.5928461625 0.5527954421875 0.5857497015625001 0.5548786156250001 0.6024109578125
0 0.6437606328125 0.45428952499999997 0.6432398390625 0.4496614015625 0.6423718484375 0.43917097812500006 0.6418510578125 0.42443556875 0.538907628125 0.43762826875 0.5390812265625 0.4564493203125 0.541164396875 0.46354578281250003 0.6437606328125 0.45428952499999997
0 0.537866040625 0.4231268078125 0.5382132375 0.432691603125 0.538907628125 0.43639410312500004 0.6442814234375 0.4231268078125 0.643413434375 0.4138705515625 0.6423718484375 0.403688675 0.6427190453125 0.398820265625 0.538386834375 0.4144876375 0.537866040625 0.4231268078125
0 0.5500178796874999 0.5854411578125001 0.6312615984375001 0.5928461625 0.6309144015625 0.5824480421875 0.549670684375 0.574642196875 0.5500178796874999 0.5854411578125001
0 0.538386834375 0.4135620125 0.636469528125 0.3962836703125 0.6349071484375 0.38641033281250003 0.6335183671875 0.3636377984375 0.5356092718750001 0.38363345781249997 0.5352620765625 0.3962836703125 0.5366508578125 0.4049228421875 0.538386834375 0.4135620125
0 0.4512407953125 0.7160002046875 0.516687121875 0.73235291875 0.5151247453125001 0.716388303125 0.450720003125 0.7008816578125 0.4512407953125 0.7160002046875
0 0.45106719687499996 0.6965620718750001 0.5156455390625 0.7119891625 0.5128679734375 0.690773 0.448810428125 0.6780495640625 0.45106719687499996 0.6965620718750001
0 0.448810428125 0.6592285125 0.5140831593749999 0.6681762265625 0.511652790625 0.63954239375 0.446900853125 0.6314597515625 0.448810428125 0.6592285125
0 0.4500256109375 0.666942059375 0.5073128484375 0.676815396875 0.506965653125 0.667626640625 0.44967841562500005 0.6598455984375 0.4500256109375 0.666942059375
0 0.450199209375 0.6752726874999999 0.5060976640625 0.6857631109375 0.5059240671875 0.67750241875 0.4500256109375 0.6675591453124999 0.450199209375 0.6752726874999999