0 0.4634677 0.2786053546875 0.46137848750000005 0.299441546875 0.5748194296875 0.32382729062500004 0.576594959375 0.317670884375 0.577218228125 0.3083486203125 0.576731628125 0.2962636234375 0.57505925 0.28900809375000003 0.46165917968750003 0.25714043593749997 0.4630906796875 0.2623168796875 0.4634677 0.2786053546875
0 0.5817619921875 0.3945490125 0.585149821875 0.3929355125 0.5854799609375 0.3850960296875 0.5849686421875 0.37825037968749997 0.46101035156250003 0.3198895640625 0.462139978125 0.320665940625 0.4615883921875 0.3304841875 0.45905868281249995 0.3379083625 0.5817619921875 0.3945490125
0 0.5920573390625 0.4805075171875 0.5931921421874999 0.46503044375 0.5913985140625 0.4492349875 0.46670367500000004 0.39533893125 0.46664358906250003 0.40309106874999995 0.4641915359375 0.42965072187500003 0.46112059375000003 0.44657754687500006 0.5898785453125 0.49263059374999996 0.5920573390625 0.4805075171875
0 0.5696646999999999 0.25253559375 0.5702054828125 0.2540306921875 0.5733300265625 0.2556325859375 0.5719765984375 0.24191265 0.488487190625 0.21986585937499997 0.488487190625 0.22061341093750003 0.48490311249999996 0.2187392984375 0.4858308296875 0.23020234999999997 0.5696646999999999 0.25253559375
0 0.5747146109375 0.27966335937500003 0.5739137765625 0.27313039687499996 0.48510204999999995 0.2493958546875 0.4850422046875 0.2633829953125 0.5738866781249999 0.2863284359375 0.5747146109375 0.27966335937500003
0 0.57140355 0.2712971234375 0.5735327328125 0.256535778125 0.5697683484375 0.25586570468750003 0.5700086953125 0.25362305625000003 0.49063674218750003 0.23264778593750002 0.49057665312500004 0.2353176109375 0.48647295625 0.23411357187499998 0.486343190625 0.24789647499999998 0.57140355 0.2712971234375
0 0.5757377109374999 0.369053559375 0.5744911593750001 0.34443863750000003 0.486633684375 0.3096796109375 0.48556795468749997 0.330678953125 0.535881071875 0.3555604953125 0.5757377109374999 0.369053559375
0 0.58553195 0.4372538796875 0.5855752046875 0.4012642984375 0.48275488437499997 0.354204896875 0.4797213484375 0.377855546875 0.477944584375 0.39984424375 0.5153039203125 0.41625665312500004 0.5841046203125 0.44501185000000004 0.58553195 0.4372538796875
0 0.625502659375 0.3008260640625 0.6259567265625 0.31377515 0.631153903125 0.3144952015625 0.7001345453125001 0.33340806875 0.6994233171875 0.3131417734375 0.6256262375 0.2926401578125 0.625502659375 0.3008260640625
0 0.7076493 0.4859988125 0.7080026953125 0.4735039828125 0.6202217234375 0.43799223125 0.618174465625 0.45420170156250006 0.70729353125 0.48836998749999994 0.7076493 0.4859988125
0 0.7081921796875 0.4966377171875 0.7056329015625 0.490328521875 0.618369553125 0.45589678281249996 0.6192626015625 0.4659657484375 0.617785353125 0.4766837828125 0.707001684375 0.5099582015624999 0.7085825859375 0.5029003796875 0.7081921796875 0.4966377171875
0 0.612312465625 0.48716374843750004 0.6121432140625 0.4932859359375 0.7138834093749999 0.5297992484375 0.7150274609375 0.5278093546875 0.7153187015625 0.5143584875 0.61412010625 0.47610269218749995 0.612312465625 0.48716374843750004
0 0.7067448093750001 0.4706944109375 0.708904240625 0.46618002968749994 0.7087019296875 0.46146550781249995 0.707622403125 0.455765278125 0.61964920625 0.42041411562500003 0.620627575 0.422073928125 0.620627575 0.4288338890625 0.6189526921875 0.43587015312500005 0.7067448093750001 0.4706944109375
0 0.706689009375 0.3041106921875 0.708726246875 0.29298539375 0.707333371875 0.279165059375 0.705643459375 0.273818209375 0.6203655984374999 0.25286558124999997 0.6231703484375 0.261940475 0.6228668921875 0.2763897390625 0.6207037 0.2836837484375 0.706689009375 0.3041106921875
0 0.7053136375 0.5797984109375001 0.7060488890625 0.56513959375 0.626047103125 0.53304515 0.6242057156249999 0.5486264484375 0.626515184375 0.5495883328125 0.6266485984375 0.5480075640625001 0.632276759375 0.5506348078125 0.7053136375 0.5797984109375001
0 0.7049725703124999 0.383078546875 0.6295608296874999 0.3609236234375 0.628933865625 0.371816428125 0.6288771875 0.3816299140625 0.6294587421875 0.3891765984375 0.705251615625 0.409054975 0.70567626875 0.3919125296875 0.7049725703124999 0.383078546875
0 0.713920790625 0.596477871875 0.7110171078125 0.59287615 0.6267105359375 0.5487434953125 0.6260312640625 0.5598557015625001 0.62500875 0.5692789578124999 0.6222601515624999 0.57387555625 0.622332278125 0.5743365687499999 0.7084212578125 0.6157115984375 0.711267440625 0.6153164062500001 0.7129372859374999 0.6106158671874999 0.713414259375 0.602302815625 0.713920790625 0.596477871875
0 0.7034221031250001 0.44286147500000006 0.634814115625 0.414735071875 0.635392240625 0.4160787265625 0.6341280984375001 0.4258396875 0.7025082671875 0.45381508125 0.7034221031250001 0.44286147500000006
0 0.7071870625 0.345976025 0.7059854421875 0.3388994875 0.6304386078124999 0.314700846875 0.6315136734375 0.3307830984375 0.7068635578125 0.3524712015625 0.7071870625 0.345976025
0 0.6274083218750001 0.501031209375 0.627315753125 0.510672628125 0.6259156328125 0.521029765625 0.623232934375 0.52510673125 0.7114849515625 0.564175721875 0.7140119875 0.5601230171875 0.7156196921875 0.5520191875 0.7156098609375 0.5417961671875 0.714764909375 0.5377651328125 0.626163128125 0.4986600296875 0.6274083218750001 0.501031209375
0 0.6371801203125 0.3933694359375 0.63665733125 0.4023199703125 0.641687040625 0.40222222187499995 0.6711888296875 0.41262008906250003 0.703954284375 0.4215010296875 0.7040876968750001 0.411882465625 0.6371801203125 0.3933694359375
0 0.7102562906250001 0.374823059375 0.7099006906249999 0.35653553437499996 0.63429459375 0.33443884218750003 0.6337412890625 0.3564384953125 0.71007840625 0.3759295984375 0.7102562906250001 0.374823059375
0 0.708231509375 0.43319656406249996 0.7077867984374999 0.42475321718750003 0.6416997578125 0.403047115625 0.6409375749999999 0.41269631562500003 0.708231509375 0.43319656406249996