0 0.475471153125 0.5377820515625 0.58466826875 0.528384615625 0.58582451875 0.513705128125 0.475471153125 0.5207521374999999 0.475471153125 0.5377820515625
0 0.4809230765625 0.3721923078125 0.5843389421875 0.383935896875 0.5854951921875 0.3692564109375 0.48191346093750004 0.35340170937500004 0.4809230765625 0.3721923078125
0 0.483896634375 0.4640854703125 0.48323557656249994 0.4749487171875 0.48230048124999997 0.48286324843750006 0.583677884375 0.479649571875 0.5861562499999999 0.469957265625 0.587146634375 0.455867521875 0.5853293265625 0.44353418749999995 0.4820793265625 0.4403076921875 0.483896634375 0.44852564062500005 0.483896634375 0.4640854703125
0 0.48439182656249996 0.3525213671875 0.5876418265625001 0.36837606875 0.5896250000000001 0.3625042734375 0.589459134375 0.356632478125 0.588634615625 0.3519316234375 0.48488701875 0.33373076875 0.4858798078125 0.3390128203125 0.48505288437500005 0.3472350421875 0.48439182656249996 0.3525213671875
0 0.5896250000000001 0.433260684375 0.588634615625 0.4250384609375 0.48505288437500005 0.4200470078125 0.4858798078125 0.4247435890625 0.4858798078125 0.4314957265625 0.48512500000000003 0.43583333281250003 0.5889639421874999 0.4403076921875 0.5896250000000001 0.433260684375
0 0.48586778906249994 0.52037606875 0.5892956734375 0.5122350421874999 0.590615384375 0.5054829062499999 0.59111298125 0.48816239375 0.5904519234375 0.48581196562500006 0.4858798078125 0.492564103125 0.4868701921875 0.50137606875 0.4867043265625 0.5128247859374999 0.48586778906249994 0.52037606875
0 0.49656730781249997 0.56951709375 0.5841730765625 0.562149571875 0.58351201875 0.5360170937500001 0.4962860578125 0.5407179484375 0.49656730781249997 0.56951709375
0 0.5023990390625 0.416525640625 0.5887980765624999 0.42386324843749995 0.59111298125 0.38569658125 0.503884615625 0.37483333281250003 0.5023990390625 0.416525640625
0 0.511278846875 0.336760684375 0.5925985578125 0.350170940625 0.5934254812499999 0.3378418796875 0.511814903125 0.3219871796875 0.511278846875 0.336760684375
0 0.5093485578125 0.3172094015625 0.5989110578125 0.333457265625 0.599240384375 0.3176025640625 0.5085456734375 0.2979316234375 0.5093485578125 0.3172094015625
0 0.6126322109375 0.88892735 0.6837764421875 0.85601709375 0.685427884375 0.8495598296875 0.685427884375 0.84016239375 0.6839423078125 0.8342905984375 0.6132355765625 0.8654145296875001 0.61373076875 0.8727521375 0.61373076875 0.8818547015625 0.6126322109375 0.88892735
0 0.6890625 0.824311965625 0.687740384375 0.8157948718749999 0.6105913468749999 0.8480897437499999 0.6114182687499999 0.8539615390625 0.6115841343749999 0.8618888890624999 0.61069951875 0.8662094015624999 0.688072115625 0.832239315625 0.6890625 0.824311965625
0 0.61373076875 0.9220769234375 0.613564903125 0.92442735 0.6138197109375 0.9245940171875 0.690384615625 0.8847905984375 0.6910456734375 0.876277778125 0.69021875 0.8654145296875001 0.6132355765625 0.9021153843749999 0.6143918265625 0.9076923078125001 0.614721153125 0.9162051281249999 0.61373076875 0.9220769234375
0 0.6288293265625 0.808350428125 0.69286298125 0.7697008546874999 0.6923653843750001 0.7520854703125 0.6261201921875 0.7896666671875 0.6288293265625 0.808350428125
0 0.6325624999999999 0.838401709375 0.6890625 0.8134487171875 0.690052884375 0.7946581203124999 0.633060096875 0.817850428125 0.6325624999999999 0.838401709375
0 0.636408653125 0.340722221875 0.70875 0.3532649578125 0.70990625 0.33946581249999996 0.6372163468750001 0.3262521375 0.636408653125 0.340722221875