0 0.552620409375 0.6977105296875 0.563083259375 0.4805469484375 0.55316283125 0.47914687968749997 0.5430479921875 0.6957327015625 0.552620409375 0.6977105296875
0 0.5719878265625 0.6949415984375 0.5851220546875 0.5054673671875001 0.5751980890625 0.5037195296875 0.5628606515625 0.693359346875 0.5719878265625 0.6949415984375
0 0.585815075 0.50478790625 0.5728782859375 0.693359346875 0.5759948796875001 0.6965238296875 0.581337634375 0.6949415984375 0.5964753890625001 0.5062584828125 0.5924683359375 0.507840734375 0.585815075 0.50478790625
0 0.5733235265625 0.5074451703125 0.5713199999999999 0.5074451703125 0.567090315625 0.507840734375 0.5637798203125 0.5055001578125 0.5541786953125001 0.6949415984375 0.55907620625 0.696128278125 0.5621927999999999 0.6941504703125 0.5733235265625 0.5074451703125
0 0.6167332640625001 0.536716765625 0.612280971875 0.5363212015625 0.6054464859375 0.5379075640625001 0.5955849296875 0.6996883328125 0.60604778125 0.6996883328125 0.6167332640625001 0.536716765625
0 0.5895743484375 0.7012705890625 0.6031537953125 0.5533303671875001 0.594629178125 0.5507280765625 0.5817828515625 0.6985016578125001 0.5895743484375 0.7012705890625
0 0.2984644609375 0.8504213843749999 0.278651815625 0.715139153125 0.2663038578125 0.7131212390624999 0.287778990625 0.8508169359375 0.2984644609375 0.8504213843749999
0 0.3231746328125 0.71830365 0.320280646875 0.7214681453125 0.31471530937500003 0.7222592734375 0.310574690625 0.7213121234375001 0.32807214687499997 0.8575415 0.334305334375 0.8587281796875 0.3409837640625 0.857145928125 0.3231746328125 0.71830365
0 0.2795250125 0.7209559999999999 0.300690621875 0.86031043125 0.305365503125 0.861101559375 0.3107082546875 0.8587281796875 0.28933728593749997 0.7198859015625 0.28555285625 0.7222592734375 0.2795250125 0.7209559999999999
0 0.318499728125 0.859914859375 0.3236198515625 0.859914859375 0.3274042953125 0.857145928125 0.3098177953125 0.729774953125 0.305365503125 0.7329394484375 0.2993549203125 0.7345216875 0.293547446875 0.7319958843750001 0.3111534734375 0.8579370515625 0.318499728125 0.859914859375
0 0.4979245484375 0.8781107218749999 0.49525317031249994 0.7392684359375 0.488129521875 0.7408506874999999 0.47603943437499996 0.7380500171875 0.480115415625 0.87771515 0.48723906250000004 0.8816707828125001 0.4945853203125 0.8804841031249999 0.4979245484375 0.8781107218749999
0 0.5493483921875 0.8907687046874999 0.554691121875 0.7614199234375 0.5465522546875 0.7597736625 0.5415568937499999 0.8895820249999999 0.5493483921875 0.8907687046874999
0 0.5408890671875 0.8895820249999999 0.5435604203125 0.770517846875 0.524316678125 0.7672522953125 0.5226346953125 0.8836485859375 0.5408890671875 0.8895820249999999