0 0.16705450625 0.8626302078125001 0.20936218593749997 0.8572048609375 0.16956329375 0.31684027812500004 0.1255604359375 0.31792534687499996 0.16705450625 0.8626302078125001
0 0.21749827656249998 0.8582899296875001 0.2687556578125 0.855034721875 0.2353976796875 0.3114149296875 0.180956521875 0.3157552078125 0.21749827656249998 0.8582899296875001
0 0.33428837499999997 0.8435639890625 0.3008141671875 0.252976190625 0.24578639375 0.254836309375 0.2812875453125 0.84170386875 0.33428837499999997 0.8435639890625
0 0.3370778921875 0.8454241078125 0.3921708578125 0.8463541671874999 0.359486171875 0.2501860109375 0.302208925 0.252976190625 0.3370778921875 0.8454241078125
0 0.3949603765625 0.858444940625 0.45493499687499994 0.8565848218750001 0.4298293421875 0.2604166671875 0.3671591625 0.26506696406249997 0.3949603765625 0.858444940625
0 0.457724515625 0.8686755953124999 0.5204886546874999 0.8696056546875001 0.49760001093749995 0.2594866078125 0.43401361875 0.2604166671875 0.457724515625 0.8686755953124999
0 0.519791275 0.883556546875 0.5407126546875001 0.8826264890625 0.525501796875 0.272507440625 0.503054171875 0.274367559375 0.519791275 0.883556546875
0 0.5407126546875001 0.883556546875 0.5609366546875 0.883556546875 0.549915859375 0.2697172609375 0.52676506875 0.2734375 0.5407126546875001 0.883556546875
0 0.5623314140625 0.8826264890625 0.6055689328125 0.8816964281249999 0.5980464390625 0.2669270828125 0.552568103125 0.268787203125 0.5623314140625 0.8826264890625
0 0.650201209375 0.8816964281249999 0.6460169328124999 0.2632068453125 0.60223170625 0.26506696406249997 0.6062663109375 0.883556546875 0.650201209375 0.8816964281249999
0 0.652293346875 0.8826264890625 0.6780963812499999 0.883556546875 0.6775665281250001 0.32087053593750003 0.652293346875 0.3218005953125 0.652293346875 0.8826264890625
0 0.6794911406249999 0.8714657734375001 0.7059915546875 0.8705357140625001 0.7068634031250001 0.3190104171875 0.6801885203125 0.3199404765625 0.6794911406249999 0.8714657734375001
0 0.706688934375 0.87704613125 0.717149625 0.8816964281249999 0.7283076937499999 0.8826264890625 0.7394657625 0.8826264890625 0.752018590625 0.87890625 0.7596897625000001 0.8761160718750001 0.77313014375 0.23623511874999997 0.7101758312500001 0.23902529687500002 0.706688934375 0.87704613125
0 0.781308521875 0.23158482187499999 0.7659661765625 0.8844866078125 0.7771242453125 0.8909970234375001 0.788282315625 0.8900669640625001 0.80083514375 0.8909970234375001 0.8119932125 0.8909970234375001 0.8203617640624999 0.8872767859374999 0.8238486609375 0.8826264890625 0.8463723312500001 0.23158482187499999 0.781308521875 0.23158482187499999
0 0.8259408 0.883556546875 0.8580202484375 0.883556546875 0.882644653125 0.26506696406249997 0.8489543171875 0.2641369046875 0.8259408 0.883556546875
0 0.8601123859375001 0.883556546875 0.8907970765625001 0.8816964281249999 0.9256660421875 0.26227678593750003 0.8931078234375001 0.26227678593750003 0.8601123859375001 0.883556546875