0 0.039457070312499995 0.2795815296875 0.0041335984375 0.28258778281249997 0.0853024296875 0.9970739140625 0.11311026875 0.9970739140625 0.039457070312499995 0.2795815296875
0 0.0672649109375 0.11022927656249999 0.039457070312499995 0.1112313609375 0.1236321546875 0.9930655765624999 0.1454274890625 0.9930655765624999 0.0672649109375 0.11022927656249999
0 0.102588384375 0.1162417828125 0.07553210625 0.1162417828125 0.1521915578125 0.9960718296875 0.1702290765625 0.9970739140625 0.102588384375 0.1162417828125
0 0.1258868453125 0.007014590625 0.10484307343749999 0.007014590625 0.17999939843749999 0.9960718296875 0.1927759734375 0.9950697453125 0.1258868453125 0.007014590625
0 0.153694684375 0.009018759375000001 0.134154040625 0.01002084375 0.20029160625000003 0.9950697453125 0.21306818125000002 0.9960718296875 0.153694684375 0.009018759375000001
0 0.1822540890625 0.11323552968749999 0.164968134375 0.11323552968749999 0.21908068749999998 0.9900593234375 0.234863515625 0.9920634921874999 0.1822540890625 0.11323552968749999
0 0.2138197453125 0.11824595156249999 0.1920244109375 0.11824595156249999 0.24162758593749997 0.9950697453125 0.26267135625 0.9960718296875 0.2138197453125 0.11824595156249999
0 0.2574104140625 0.1773689265625 0.22885101093750002 0.1773689265625 0.269435425 0.9890572390625 0.2927338859375 0.9910614078125001 0.2574104140625 0.1773689265625
0 0.302504209375 0.1833814328125 0.27319324218749996 0.1833814328125 0.30024951875 0.9930655765624999 0.3295604859375 0.9940676609375 0.302504209375 0.1833814328125
0 0.3701449015625 0.024050023437500002 0.31452922031249997 0.022045856250000002 0.33557299218750003 0.9960718296875 0.377660534375 0.9970739140625 0.3701449015625 0.024050023437500002
0 0.43928872031250005 0.0340708671875 0.3821699140625 0.0290604453125 0.38818241875 0.9970739140625 0.42576058281250007 0.9970739140625 0.43928872031250005 0.0340708671875
0 0.4941528375 0.0460958796875 0.44981060624999997 0.0440917109375 0.43703403124999995 0.9940676609375 0.46935125 0.9900593234375 0.4941528375 0.0460958796875
0 0.546762265625 0.0491021328125 0.50617785 0.0501042171875 0.4806247 0.9930655765624999 0.509935665625 0.9930655765624999 0.546762265625 0.0491021328125
0 0.5738185421875001 0.3477232640625 0.546762265625 0.3487253484375 0.5264700578125 0.9960718296875 0.5490169546875 0.9970739140625 0.5738185421875001 0.3477232640625
0 0.634695165625 0.1833814328125 0.596365440625 0.1793730953125 0.5572841515625 0.9950697453125 0.585091990625 0.9920634921874999 0.634695165625 0.1833814328125
0 0.672273328125 0.1893939390625 0.6429623609374999 0.1893939390625 0.596365440625 0.9940676609375 0.6196639015625001 0.9940676609375 0.672273328125 0.1893939390625
0 0.6895592828125 0.3447170109375 0.671521765625 0.3447170109375 0.6264279703125 0.9980759984375001 0.6444654875 0.9980759984375001 0.6895592828125 0.3447170109375
0 0.71210618125 0.3447170109375 0.6955717890625001 0.3447170109375 0.6519811203125 0.9930655765624999 0.665509259375 0.9930655765624999 0.71210618125 0.3447170109375
0 0.771479678125 0.074154240625 0.7429202734375 0.074154240625 0.672273328125 0.9950697453125 0.6925655359375 0.9950697453125 0.771479678125 0.074154240625
0 0.8098094031249999 0.080166746875 0.7797468734375 0.07916466250000001 0.7015842953125 0.9940676609375 0.7226280671875001 0.9930655765624999 0.8098094031249999 0.080166746875
0 0.8579094515625 0.09018759062500001 0.8218344156249999 0.09018759062500001 0.7323983890625 0.9950697453125 0.7617093546875 0.9940676609375 0.8579094515625 0.09018759062500001
0 0.9052579359375 0.091189675 0.872189153125 0.091189675 0.7707281140625 0.9960718296875 0.8000390812499999 0.9940676609375 0.9052579359375 0.091189675
0 0.9390782828124999 0.096200096875 0.9165313859375 0.094195928125 0.8105609671874999 0.9910614078125001 0.828598484375 0.9910614078125001 0.9390782828124999 0.096200096875
0 0.8518969453125 0.9970739140625 0.9661345593749999 0.10321468593750001 0.960122053125 0.1012105171875 0.944339225 0.1022126015625 0.8361141171875 0.9960718296875 0.8518969453125 0.9970739140625
0 0.972147065625 0.3507295171875 0.9435876625 0.3497274328125 0.8594125781249999 0.9930655765624999 0.881959475 0.9930655765624999 0.972147065625 0.3507295171875
0 0.9105188796875 0.9980759984375001 0.99920334375 0.40083373437500003 0.9961970906250001 0.3577441078125 0.9759048828125 0.35874619218750003 0.8872204187499999 0.9970739140625 0.9105188796875 0.9980759984375001