0 0.069223140625 0.9942876343749999 0.1338205640625 0.9993279562499999 0.0781656484375 0.0046501046875 0.0033737640625000004 0.0013982828124999998 0.069223140625 0.9942876343749999
0 0.14970571093750001 0.0133216265625 0.074100871875 0.01006980625 0.135072515625 0.9942876343749999 0.2033607578125 0.992119753125 0.14970571093750001 0.0133216265625
0 0.1943044359375 0.999663978125 0.26814516093749996 0.999663978125 0.23750487812499999 0.0046501046875 0.14320206875 0.0013982828124999998 0.1943044359375 0.999663978125
0 0.30416720937499997 0.0024822234374999998 0.23181419062500003 0.008985865625 0.26839717812499997 0.99320369375 0.3318076875 0.99320369375 0.30416720937499997 0.0024822234374999998
0 0.3407501953125 0.9975394546875 0.40322580625000004 0.999663978125 0.3862756890625 0.0176573875 0.31067085 0.01982526875 0.3407501953125 0.9975394546875
0 0.469197125 0.0165734484375 0.3911534203125 0.0133216265625 0.39928297343749997 0.992119753125 0.4708230359375 0.9942876343749999 0.469197125 0.0165734484375
0 0.4683841703125 0.992119753125 0.5439890093749999 0.9888679328125001 0.54561491875 0.018741328125 0.46757121562500004 0.0176573875 0.4683841703125 0.992119753125
0 0.6212197578125 0.0046501046875 0.5553703828125001 0.0046501046875 0.546427875 0.9899518734375 0.6163420265624999 0.99320369375 0.6212197578125 0.0046501046875
0 0.6114642953125 0.9867000515625 0.6846302671875 0.9910358140625 0.6976375515625 0.007901925 0.6204068031250001 0.0046501046875 0.6114642953125 0.9867000515625
0 0.7447889562500001 0.0035661640624999997 0.6992634625 0.0013982828124999998 0.6838173125 0.9877839921874999 0.72527803125 0.9899518734375 0.7447889562500001 0.0035661640624999997
0 0.72527803125 0.9986233953125 0.7642998828125 0.9975394546875 0.7840221781250001 0 0.7439760015625 0.00573404375 0.72527803125 0.9986233953125
0 0.8317751687499999 0.00573404375 0.7870626296875 0.008985865625 0.7659257937499999 0.9899518734375 0.801695825 0.9953715750000001 0.8317751687499999 0.00573404375
0 0.796622984375 0.999663978125 0.8422379031249999 0.999663978125 0.8764877078125 0.0046501046875 0.8309622140625 0.00573404375 0.796622984375 0.999663978125
0 0.93989821875 0.0317486125 0.8789265734375 0.02958073125 0.8399047218750001 0.9953715750000001 0.8992504546875001 0.9942876343749999 0.93989821875 0.0317486125
0 0.999747984375 0.03662634375 0.9439629937499999 0.0317486125 0.8969254031249999 0.999663978125 0.9634739203124999 0.9910358140625 0.999747984375 0.198588709375 0.999747984375 0.03662634375