0 0.0784280171875 0.779773025 0.102401453125 0.77622104375 0.056230443750000005 0.3381470125 0.030481204687500003 0.33696299218750003 0.0784280171875 0.779773025
0 0.10328932500000002 0.7785890046875 0.1281506921875 0.779773025 0.0843395 0.3379498125 0.060669923437499995 0.33933099375000003 0.10328932500000002 0.7785890046875
0 0.1308143671875 0.782140984375 0.1467966578125 0.782140984375 0.10062565000000001 0.2848677 0.081091753125 0.28368371875 0.1308143671875 0.782140984375
0 0.14502085468749998 0.28841968125 0.102401453125 0.28841968125 0.1485724625 0.7856928859375001 0.18883168749999998 0.7806581453125 0.14502085468749998 0.28841968125
0 0.195631403125 0.779773025 0.23292339375 0.7785890046875 0.18785512499999998 0.2897727296875 0.14768458906249998 0.2896036609375 0.195631403125 0.779773025
0 0.22404437656249998 0.28841968125 0.1929676671875 0.28841968125 0.23825080468749998 0.7785890046875 0.2708629375 0.7715435625 0.22404437656249998 0.28841968125
0 0.2737669921875 0.777404984375 0.30217990625 0.77622104375 0.258167625 0.2897727296875 0.2267080515625 0.29197162187500003 0.2737669921875 0.777404984375
0 0.2924129578125 0.28841968125 0.2613363078125 0.28841968125 0.3057315734375 0.779773025 0.332386375 0.7728456453125 0.2924129578125 0.28841968125
0 0.3359202921875 0.777404984375 0.3598937265625 0.77622104375 0.3216441875 0.2897727296875 0.2924129578125 0.29197162187500003 0.3359202921875 0.777404984375
0 0.3359202921875 0.3049954453125 0.3279291453125 0.3156513078125 0.3590057953125 0.7785890046875 0.3860973125 0.7754498125 0.349238846875 0.2896036609375 0.3394718984375 0.290787640625 0.3359202921875 0.3049954453125
0 0.39185830781250003 0.599807459375 0.39008244531249997 0.5749437921875 0.3891945734375 0.5477121265625 0.3865308390625 0.527584421875 0.3856429671875 0.5133766171875 0.3847550359375 0.49798483281249994 0.3847550359375 0.47904106874999997 0.38297923125 0.46009734375000005 0.382091359375 0.444705559375 0.382091359375 0.424577815625 0.3704723125 0.2650331453125 0.3545663171875 0.2647399953125 0.3874187703125 0.7856928859375001 0.40517686406250003 0.783324925 0.39984939375 0.7726690625 0.3962977875 0.7478054375000001 0.39718571874999997 0.7264937109375 0.39718571874999997 0.7039980453125 0.39718571874999997 0.6720304578125 0.395409915625 0.6400628703125 0.39185830781250003 0.599807459375
0 0.41405588125000004 0.7726690625 0.433589778125 0.771485121875 0.4056285625 0.2871685625 0.382091359375 0.2896036609375 0.41405588125000004 0.7726690625
0 0.428262309375 0.28841968125 0.4078405390625 0.2896036609375 0.4371413859375 0.7703011015625 0.4505504375 0.7689393953125 0.428262309375 0.28841968125
0 0.5223801890625 0.7785890046875 0.5499052921875001 0.77622104375 0.547230125 0.2910748125 0.5179407109375 0.290787640625 0.5223801890625 0.7785890046875
0 0.5552326421875 0.779773025 0.5836456171875 0.7750370234374999 0.5853160625 0.2845643953125 0.556120634375 0.28605172031250004 0.5552326421875 0.779773025
0 0.5871972234375 0.779773025 0.613834334375 0.777404984375 0.6200496765625 0.28605172031250004 0.590198875 0.2858664796875 0.5871972234375 0.779773025
0 0.62093766875 0.7809569640625 0.644886375 0.7754498125 0.6529021296875 0.29907554375 0.645798915625 0.28605172031250004 0.625377146875 0.2896036609375 0.62093766875 0.7809569640625
0 0.6484626515625 0.7750370234374999 0.6608933343750001 0.7738530828125 0.672230125 0.2871685625 0.6564537374999999 0.28605172031250004 0.6484626515625 0.7750370234374999
0 0.6644449421874999 0.7726690625 0.6830909671875001 0.771485121875 0.6937145 0.2858664796875 0.6750997625 0.28605172031250004 0.6644449421874999 0.7726690625
0 0.7168312921875 0.2848677 0.69729739375 0.2848677 0.6866425734375 0.77622104375 0.707386375 0.7728456453125 0.7168312921875 0.2848677
0 0.7647781640625 0.28368371875 0.7292619765625 0.28605172031250004 0.7168312921875 0.7809569640625 0.746448875 0.7754498125 0.7647781640625 0.28368371875
0 0.755011215625 0.7785890046875 0.7887515406250001 0.7738530828125 0.8073975656249999 0.2848677 0.7728160625 0.2858664796875 0.755011215625 0.7785890046875
0 0.8171645140624999 0.28249973906250003 0.809173309375 0.28605172031250004 0.7914152750000001 0.7738530828125 0.8030894999999999 0.7689393953125 0.8171645140624999 0.28249973906250003
0 0.81183704375 0.7809569640625 0.8207161218750001 0.7809569640625 0.8392223124999999 0.2806581453125 0.8295951984375 0.28368371875 0.81183704375 0.7809569640625
0 0.8233798562500001 0.7726690625 0.8375862843749999 0.7691171625 0.8538707499999999 0.2754498125 0.841137890625 0.27776381875 0.8233798562500001 0.7726690625
0 0.8739903437500001 0.27657983750000004 0.858008053125 0.27657983750000004 0.8429137546875 0.7703011015625 0.8597301249999999 0.7650331453125 0.8739903437500001 0.27657983750000004
0 0.8997395828125001 0.7620132 0.9166097453125 0.27657983750000004 0.8831676249999999 0.2780539796875 0.8642233953125 0.7679331421875 0.8997395828125001 0.7620132
0 0.9041790625000001 0.7679331421875 0.9379195062499999 0.7655651812500001 0.9618928828125 0.27776381875 0.9280894999999999 0.2793560625 0.9041790625000001 0.7679331421875
0 0.9760994296875 0.27657983750000004 0.967220353125 0.27776381875 0.9441348484375001 0.7655651812500001 0.9515269999999999 0.7637310625 0.9760994296875 0.27657983750000004
0 0.9896129374999999 0.2754498125 0.987642121875 0.2789477984375 0.9814267796875 0.2848677 0.9547896687499999 0.760829259375 0.9645566171875 0.7596452390625 0.9896129374999999 0.2754498125