0 0.0052923390625 0.999663978125 0.039818548437500004 0.9993279562499999 0.0488992578125 0.159653571875 0.00987740625 0.15206599062499998 0.0052923390625 0.999663978125
0 0.0391437953125 0.9953715750000001 0.1139356796875 0.9986233953125 0.114748634375 0.1564017515625 0.0464603921875 0.15314993125 0.0391437953125 0.9953715750000001
0 0.1139356796875 0.9942876343749999 0.1716555015625 0.9986233953125 0.16759072656250001 0.14881416875 0.11230976875000001 0.14447840781250001 0.1139356796875 0.9942876343749999
0 0.1724684578125 0.9975394546875 0.23587896718749998 0.9942876343749999 0.2350660125 0.14339446718749999 0.170842546875 0.1412265875 0.1724684578125 0.9975394546875
0 0.2992894765625 0.149898109375 0.2391307890625 0.147730228125 0.23750487812499999 0.9910358140625 0.279737903125 0.999663978125 0.30010243281250004 0.9986233953125 0.2992894765625 0.149898109375
0 0.3009153875 0.99320369375 0.344002015625 0.9953715750000001 0.3456279265625 0.14447840781250001 0.3009153875 0.140142646875 0.3009153875 0.99320369375
0 0.3374983734375 0.9942876343749999 0.40801411249999997 0.9993279562499999 0.4041607046875 0.008985865625 0.34237610625000003 0.0046501046875 0.3374983734375 0.9942876343749999
0 0.40927419374999996 0.999663978125 0.462449596875 0.9993279562499999 0.4626934828125 0.01006980625 0.39928297343749997 0.008985865625 0.40927419374999996 0.999663978125
0 0.4609375 0.999663978125 0.5226814515625 0.999663978125 0.5212262609375 0.0122376859375 0.456189840625 0.007901925 0.4609375 0.999663978125
0 0.5220392171875 0.9867000515625 0.5683776671875 0.9888679328125001 0.5716294875 0.014405567187500001 0.5220392171875 0.0133216265625 0.5220392171875 0.9867000515625
0 0.5683776671875 0.9899518734375 0.6139031609375001 0.9877839921874999 0.6147161156250001 0.018741328125 0.5700035765625 0.018741328125 0.5683776671875 0.9899518734375
0 0.6626804765625 0.008985865625 0.61715498125 0.0024822234374999998 0.6098383843749999 0.99320369375 0.619593846875 0.9953715750000001 0.6602416109375 0.9953715750000001 0.6626804765625 0.008985865625
0 0.6521120578125 0.9942876343749999 0.7057671046875 0.9942876343749999 0.7041411937500001 0.006817984375 0.65780274375 0.01006980625 0.6521120578125 0.9942876343749999
0 0.6984505078125001 0.9986233953125 0.7496666875 0.996455515625 0.7521055546875 0.008985865625 0.7025152828125 0.007901925 0.6984505078125001 0.9986233953125
0 0.7943792265625 0.01006980625 0.7472278218749999 0.01006980625 0.7462197578125 0.999663978125 0.77998991875 0.999663978125 0.7943792265625 0.9986233953125 0.7943792265625 0.01006980625
0 0.83746585625 0.008985865625 0.8057606015625 0.008985865625 0.793566271875 0.01006980625 0.7903144515625 0.996455515625 0.8358399453124999 0.9942876343749999 0.83746585625 0.008985865625
0 0.8366529 0.9910358140625 0.880552484375 0.992119753125 0.8862431718750001 0.006817984375 0.8399047218750001 0.00573404375 0.8366529 0.9910358140625
0 0.8846172609374999 0.9910358140625 0.9325816203124999 0.9899518734375 0.9301427546875001 0.0035661640624999997 0.8797395296875001 0.00573404375 0.8846172609374999 0.9910358140625