0 0.1590664375 0.2698206015625 0.144963878125 0.26909722187499996 0.1704569671875 0.791377315625 0.1856443390625 0.7892071765625001 0.1590664375 0.2698206015625
0 0.21547667656249997 0.2741608796875 0.206255771875 0.2734375 0.19703486718750002 0.2727141203125 0.1857418484375 0.2727141203125 0.209510209375 0.7892071765625001 0.2138494578125 0.791377315625 0.2209007375 0.7892071765625001 0.22686720624999998 0.7870370375 0.23337607968750002 0.78414351875 0.21493427031249998 0.2799479171875 0.21547667656249997 0.2741608796875
0 0.2458514203125 0.79788773125 0.255072325 0.7971643515625 0.23608810937500002 0.280671296875 0.216666328125 0.2799479171875 0.2344608921875 0.796440971875 0.2458514203125 0.79788773125
0 0.245963203125 0.3522858796875 0.2637508234375 0.7834201390625 0.28381985 0.7805266203125 0.267547665625 0.3522858796875 0.2659204484375 0.3508391203125 0.2594115734375 0.3508391203125 0.25236029375 0.3508391203125 0.245963203125 0.3522858796875
0 0.28219263125 0.3522858796875 0.2730899390625 0.353009259375 0.28978631718750003 0.78414351875 0.2946679734375 0.785590278125 0.302261659375 0.7848668984375 0.3103977515625 0.782696759375 0.2941255671875 0.3515625 0.2924983484375 0.3515625 0.28219263125 0.3522858796875
0 0.302804065625 0.35445601875 0.299007221875 0.3551793984375 0.3136521875 0.7848668984375 0.31907625 0.7870370375 0.334806028125 0.7848668984375 0.337518059375 0.78414351875 0.3223306859375 0.3551793984375 0.30985534531250003 0.35445601875 0.302804065625 0.35445601875
0 0.35053580625 0.3732638890625 0.328971015625 0.372540509375 0.3391452765625 0.776909721875 0.363553553125 0.7776331015625 0.35053580625 0.3732638890625
0 0.3706048328125 0.25824652812500004 0.348502265625 0.25679976875 0.36518077187500003 0.8203125 0.38524979843749996 0.8195891203125001 0.3706048328125 0.25824652812500004
0 0.396097921875 0.2596932875 0.374001396875 0.2589699078125 0.3885042359375 0.8224826390625 0.40911566875 0.82320601875 0.396097921875 0.2596932875
0 0.429798078125 0.3761574078125 0.4243740171875 0.3761574078125 0.41678033125 0.3768807875 0.40763855 0.3768807875 0.4118986765625 0.793547453125 0.41352589375 0.796440971875 0.41678033125 0.7971643515625 0.4216619875 0.796440971875 0.4265436421875 0.7957175921874999 0.431425296875 0.793547453125 0.429798078125 0.3761574078125
0 0.45800319843750004 0.3797743046875 0.43576454687500005 0.3797743046875 0.4368493578125 0.8029513890625 0.4563759796875 0.8000578703125001 0.45800319843750004 0.3797743046875
0 0.466681696875 0.3566261578125 0.4607152296875 0.79788773125 0.462884853125 0.8000578703125001 0.46830891562500004 0.80078125 0.4726481640625 0.8000578703125001 0.4759026015625 0.7971643515625 0.4840386921875 0.3551793984375 0.466681696875 0.3566261578125
0 0.5843838296875 0.3161168984375 0.5617184109375 0.3103298609375 0.4813266625 0.821759259375 0.5030229078125 0.8224826390625 0.5843838296875 0.3161168984375
0 0.590350296875 0.3971354171875 0.5763668484375 0.3956886578125 0.5339400578125 0.768952546875 0.54695780625 0.7682291671875 0.590350296875 0.3971354171875
0 0.51170140625 0.7732928234374999 0.5154982484375 0.771846065625 0.57353570625 0.400028934375 0.5697388640625001 0.40147569531249994 0.51170140625 0.7732928234374999