0 0.09990974531249999 0.905626615625 0.1185557703125 0.9008906140624999 0.1194436421875 0.31718660625 0.0599254375 0.3145123125 0.06794522343750001 0.8937867328125 0.080375846875 0.902074634375 0.09990974531249999 0.905626615625
0 0.125658984375 0.8997066734375 0.14430495000000002 0.909178515625 0.170942121875 0.9103625359375 0.211292625 0.9030539796875001 0.209121984375 0.3278424296875 0.1203315734375 0.32665845 0.125658984375 0.8997066734375
0 0.21178571875 0.912730496875 0.27393901875000004 0.9139144375000001 0.2783785578125 0.2804830984375 0.2181285625 0.2780539796875 0.21178571875 0.912730496875
0 0.27482695 0.9115464765624999 0.335204446875 0.912730496875 0.340198875 0.2832623125 0.2828180359375 0.281667078125 0.27482695 0.9115464765624999
0 0.40712469375 0.2899549796875 0.3476350703125 0.286403 0.33964392499999996 0.909178515625 0.40074575 0.9121685625 0.40712469375 0.2899549796875
0 0.404460959375 0.9150984578125 0.4630627109375 0.9186504390625 0.4700816875 0.2910748125 0.41245210468750004 0.2899549796875 0.404460959375 0.9150984578125
0 0.5340949687500001 0.29232294062499997 0.4754932765625 0.2911389609375 0.46572632656249996 0.9162824781250001 0.5267223125 0.9212831453125 0.5340949687500001 0.29232294062499997
0 0.534982959375 0.9222023390625 0.5944725234375 0.92812228125 0.606015215625 0.3313944109375 0.54137075 0.3301373125 0.534982959375 0.9222023390625
0 0.6770475921875 0.344418234375 0.6140064203125 0.3420502734375 0.602463609375 0.9269382609375001 0.656605125 0.9303977296875001 0.6770475921875 0.344418234375
0 0.6672806437500001 0.9364101828125 0.7418646265625 0.9435140656250001 0.765838003125 0.3160026265625 0.6885904046875 0.3160026265625 0.6672806437500001 0.9364101828125
0 0.74807996875 0.9411461046875 0.8244396953124999 0.9482499859375 0.8460582499999999 0.3171164796875 0.7702776015625 0.3160026265625 0.74807996875 0.9411461046875
0 0.8359825078125 0.9470660453124999 0.8484131906249999 0.9470660453124999 0.8617317468750001 0.94943400625 0.8697228328125 0.9470660453124999 0.8919204640625 0.3503381359375 0.8457494562500001 0.3467861953125 0.8262155578125 0.942330125 0.8359825078125 0.9470660453124999
0 0.8786019093749999 0.9482499859375 0.9478584218749999 0.9565378890625 0.975383525 0.347970175 0.89813580625 0.3467861953125 0.8786019093749999 0.9482499859375