0 0.0423956171875 0.26804760625 0.0009348984375 0.2756351890625 0 0.34610215 0.018006959375 0.78291926875 0.068410184375 0.779667446875 0.0423956171875 0.26804760625
0 0.06759722968750001 0.8067659562499999 0.0984895296875 0.80243019375 0.063532453125 0.14339446718749999 0.0245106015625 0.14339446718749999 0.06759722968750001 0.8067659562499999
0 0.088734065625 0.805682015625 0.12775591875 0.7948426125 0.0903599765625 0.1412265875 0.0627194984375 0.14339446718749999 0.088734065625 0.805682015625
0 0.119626365625 0.805682015625 0.1537704859375 0.80243019375 0.1180004546875 0.135806884375 0.089547021875 0.1423105265625 0.119626365625 0.805682015625
0 0.145640934375 0.8143535375000001 0.1822239203125 0.8197732390624999 0.1545834421875 0.147730228125 0.1163745453125 0.147730228125 0.145640934375 0.8143535375000001
0 0.18059800937499998 0.80243019375 0.20823848906250003 0.8067659562499999 0.181410965625 0.14881416875 0.15295753125 0.1553178109375 0.18059800937499998 0.80243019375
0 0.20173484687499998 0.8089338359375 0.24563442968750002 0.8035141343750001 0.20905144375 0.1455623484375 0.1789721 0.14339446718749999 0.20173484687499998 0.8089338359375
0 0.248073296875 0.8186893 0.2814044609375 0.8132695984374999 0.24563442968750002 0.14881416875 0.21067735468749998 0.14447840781250001 0.248073296875 0.8186893
0 0.278152640625 0.8100177765625001 0.30579311875 0.8035141343750001 0.272461953125 0.2463688 0.244821475 0.24528485937500003 0.278152640625 0.8100177765625001
0 0.3122967609375 0.8121856578125 0.3480667921875 0.805682015625 0.31067085 0.2485366796875 0.27490082031249996 0.2485366796875 0.3122967609375 0.8121856578125
0 0.3480667921875 0.8121856578125 0.3838368234375 0.8002623140624999 0.3480667921875 0.2517885015625 0.309044940625 0.2517885015625 0.3480667921875 0.8121856578125
0 0.3862756890625 0.8035141343750001 0.4228586765625 0.80243019375 0.3911534203125 0.25612426250000003 0.344002015625 0.25504032187500003 0.3862756890625 0.8035141343750001
0 0.42936231718749995 0.8100177765625001 0.466758259375 0.8078498953125001 0.4220457203125 0.25937608437500004 0.3846497796875 0.257208203125 0.42936231718749995 0.8100177765625001
0 0.47001008125 0.8067659562499999 0.4935857828125 0.8121856578125 0.4448084671875 0.21059876875 0.415542078125 0.22035423125000003 0.47001008125 0.8067659562499999
0 0.4935857828125 0.8132695984374999 0.5114707984375 0.805682015625 0.472448946875 0.2171024109375 0.44806028906249995 0.22035423125000003 0.4935857828125 0.8132695984374999
0 0.5139096640624999 0.8111017171875 0.5382983218749999 0.8067659562499999 0.4968376046875 0.219270290625 0.4708230359375 0.223606053125 0.5139096640624999 0.8111017171875
0 0.5350465015625 0.8111017171875 0.5675647109375 0.8121856578125 0.5139096640624999 0.2127666484375 0.49195987187499995 0.2149345296875 0.5350465015625 0.8111017171875
0 0.559435159375 0.8121856578125 0.5935792796875 0.8111017171875 0.54561491875 0.2127666484375 0.515535575 0.2181863515625 0.559435159375 0.8121856578125
0 0.5911404140625 0.8100177765625001 0.615529071875 0.8078498953125001 0.5675647109375 0.2149345296875 0.54561491875 0.2225221125 0.5911404140625 0.8100177765625001
0 0.619593846875 0.815437478125 0.6415436390625 0.8111017171875 0.5960181453125 0.1553178109375 0.5683776671875 0.16073751249999998 0.619593846875 0.815437478125
0 0.6496731921875 0.8165214187500001 0.6643063859375 0.8121856578125 0.6204068031250001 0.16073751249999998 0.5927663234375 0.159653571875 0.6496731921875 0.8165214187500001
0 0.6651193421875 0.8132695984374999 0.68869504375 0.8078498953125001 0.639917728125 0.15098205 0.6187808921875 0.1542338703125 0.6651193421875 0.8132695984374999
0 0.6846302671875 0.8143535375000001 0.7163355234375001 0.8132695984374999 0.665932296875 0.15098205 0.645608415625 0.15314993125 0.6846302671875 0.8143535375000001
0 0.7106448359375 0.8208571796875 0.7447889562500001 0.8143535375000001 0.6903209546875 0.1542338703125 0.66349343125 0.1574856921875 0.7106448359375 0.8208571796875
0 0.739911225 0.8208571796875 0.7903144515625 0.8100177765625001 0.748040778125 0.1910878421875 0.7008893734375 0.19759148437500001 0.739911225 0.8208571796875
0 0.7878755859375 0.8100177765625001 0.8431565421875 0.8111017171875 0.7846237640625 0.136890825 0.742350090625 0.140142646875 0.7878755859375 0.8100177765625001
0 0.8480342734375 0.8143535375000001 0.8838043046875 0.8143535375000001 0.834214034375 0.1813323796875 0.798444003125 0.18675208125 0.8480342734375 0.8143535375000001
0 0.8959986343749999 0.8165214187500001 0.9293298 0.8143535375000001 0.8707970218750001 0.183500259375 0.8415306328125001 0.1813323796875 0.8959986343749999 0.8165214187500001
0 0.931768665625 0.8197732390624999 0.9537184578125 0.8143535375000001 0.9041281874999999 0.2366133359375 0.8821783953125 0.243116978125 0.931768665625 0.8197732390624999
0 0.947214815625 0.8132695984374999 0.9732293828125 0.815437478125 0.9195743359374999 0.2376972765625 0.9057540968750001 0.23878121718749998 0.947214815625 0.8132695984374999
0 0.97566825 0.817605359375 0.997618040625 0.817605359375 0.93989821875 0.23444545625000002 0.9203872921875 0.2376972765625 0.97566825 0.817605359375
0 0.999747984375 0.8195564515625 0.999747984375 0.6730510749999999 0.9537184578125 0.23878121718749998 0.93989821875 0.23878121718749998 0.999747984375 0.8195564515625