0 0.037517884375 0.9509300203125 0.0927988421875 0.960685484375 0.0806045140625 0.0393361953125 0.0269494671875 0.0371683140625 0.037517884375 0.9509300203125
0 0.0806045140625 0.9650212453125 0.1415761578125 0.958517603125 0.13751138125 0.0393361953125 0.083856334375 0.041504075 0.0806045140625 0.9650212453125
0 0.14076320312499999 0.9639373046875 0.1887275625 0.9552657828125 0.181410965625 0.2127666484375 0.1366984265625 0.2127666484375 0.14076320312499999 0.9639373046875
0 0.18466278593750002 0.9563497218749999 0.2334401015625 0.9639373046875 0.22449759375 0.21385058906249999 0.18466278593750002 0.2149345296875 0.18466278593750002 0.9563497218749999
0 0.226936459375 0.9650212453125 0.26839717812499997 0.9596015437500001 0.2692101328125 0.1455623484375 0.226936459375 0.1412265875 0.226936459375 0.9650212453125
0 0.27083604375000003 0.9661051859375 0.3131097171875 0.9552657828125 0.3009153875 0.1455623484375 0.2618935359375 0.1455623484375 0.27083604375000003 0.9661051859375
0 0.30172834375 0.9596015437500001 0.3480667921875 0.9639373046875 0.3480667921875 0.15098205 0.30579311875 0.1466462890625 0.30172834375 0.9596015437500001
0 0.3870886453125 0.958517603125 0.4578157515625 0.9541818421875 0.4635064390625 0.051259539062500005 0.3870886453125 0.0480077171875 0.3870886453125 0.958517603125
0 0.45862870781250004 0.9574336625000001 0.528542859375 0.958517603125 0.530981725 0.051259539062500005 0.4683841703125 0.0490916578125 0.45862870781250004 0.9574336625000001
0 0.5220392171875 0.9563497218749999 0.5976440562499999 0.958517603125 0.6065865640625 0.054511359375 0.533420590625 0.051259539062500005 0.5220392171875 0.9563497218749999
0 0.5935792796875 0.958517603125 0.6667452515625001 0.960685484375 0.6781266265625 0.051259539062500005 0.60739951875 0.0458398375 0.5935792796875 0.958517603125
0 0.6643063859375 0.960685484375 0.6976375515625 0.9596015437500001 0.7236521203125 0.051259539062500005 0.6927598203125 0.05234347968750001 0.6643063859375 0.960685484375
0 0.6976375515625 0.9617694234374999 0.748040778125 0.9650212453125 0.7642998828125 0.0631828828125 0.726903940625 0.0588471203125 0.6976375515625 0.9617694234374999
0 0.7439760015625 0.9541818421875 0.7927533171875 0.9563497218749999 0.8090124218750001 0.0588471203125 0.7659257937499999 0.0653507625 0.7439760015625 0.9541818421875
0 0.7927533171875 0.9552657828125 0.8130771984375 0.9574336625000001 0.8285233484375001 0.14447840781250001 0.8114512875000001 0.147730228125 0.7927533171875 0.9552657828125
0 0.8130771984375 0.9552657828125 0.8268974375000001 0.9541818421875 0.8431565421875 0.149898109375 0.8268974375000001 0.14339446718749999 0.8130771984375 0.9552657828125
0 0.8667322453124999 0.2615439640625 0.8423435874999999 0.2647957859375 0.8277103921875 0.958517603125 0.8577897374999999 0.9574336625000001 0.8586026921875 0.9498460796874999 0.8667322453124999 0.2615439640625
0 0.8602286031249999 0.9574336625000001 0.8984375 0.9574336625000001 0.9122577390625001 0.08160986875000001 0.86835815625 0.0751062265625 0.8602286031249999 0.9574336625000001
0 0.8968115890625 0.960685484375 0.942337084375 0.9650212453125 0.9545314125000001 0.0837777484375 0.9130706953125 0.078358046875 0.8968115890625 0.960685484375
0 0.942337084375 0.9661051859375 0.9846107578125001 0.970440946875 0.999747984375 0.0840053765625 0.9618480093749999 0.0794419875 0.942337084375 0.9661051859375