0 0.0952377078125 0.85445933125 0.161087084375 0.8555432703125 0.083856334375 0.147730228125 0.012316271875 0.15098205 0.0952377078125 0.85445933125
0 0.1619000390625 0.8620469125 0.19360529375 0.8566272109374999 0.12369114218749999 0.11846383906249999 0.0862952 0.11954777968750001 0.1619000390625 0.8620469125
0 0.19360529375 0.8587950921875 0.226936459375 0.8555432703125 0.1643389046875 0.11954777968750001 0.12694296249999998 0.11954777968750001 0.19360529375 0.8587950921875
0 0.2228716828125 0.8587950921875 0.25538989375 0.8587950921875 0.19279233906249998 0.0317486125 0.1537704859375 0.0382522546875 0.2228716828125 0.8587950921875
0 0.260267625 0.8620469125 0.29034696875 0.860962971875 0.23750487812499999 0.0393361953125 0.19929598125 0.04367195625 0.260267625 0.8620469125
0 0.29197287968749996 0.8642147937500001 0.3163615375 0.8555432703125 0.26839717812499997 0.0024822234374999998 0.2334401015625 0.0003143421875 0.29197287968749996 0.8642147937500001
0 0.3122967609375 0.860962971875 0.34644088125 0.8587950921875 0.3006552421875 0 0.2659583125 0.0046501046875 0.3122967609375 0.860962971875
0 0.3472538375 0.860962971875 0.37489431562500003 0.8577111515625001 0.3383113296875 0.0035661640624999997 0.30660607500000003 0.0046501046875 0.3472538375 0.860962971875
0 0.37733318125 0.8620469125 0.400908884375 0.853375390625 0.37489431562500003 0.006817984375 0.3374983734375 0.00573404375 0.37733318125 0.8620469125
0 0.39928297343749997 0.8620469125 0.44155664687499996 0.8587950921875 0.42367163124999996 0.1130441375 0.379772046875 0.1206317203125 0.39928297343749997 0.8620469125
0 0.44155664687499996 0.8598790328125 0.477326678125 0.8577111515625001 0.4683841703125 0.11846383906249999 0.42936231718749995 0.1227996015625 0.44155664687499996 0.8598790328125
0 0.4757007671875 0.8642147937500001 0.50496715625 0.860962971875 0.4992764703125 0.032832553125000004 0.46757121562500004 0.032832553125000004 0.4757007671875 0.8642147937500001
0 0.50496715625 0.865298734375 0.5252910375 0.8696344953124999 0.5301687687500001 0.0371683140625 0.4968376046875 0.0360843734375 0.50496715625 0.865298734375
0 0.5261039937499999 0.8587950921875 0.5561833375 0.8620469125 0.5651258453125 0.0035661640624999997 0.5269169484375 0.00573404375 0.5261039937499999 0.8587950921875
0 0.5513056062499999 0.8620469125 0.5870756375 0.8642147937500001 0.6057736078125 0.0035661640624999997 0.561874025 0.00573404375 0.5513056062499999 0.8620469125
0 0.5878885921875 0.8631308531249999 0.6342270421875 0.866382675 0.6569897890624999 0.00573404375 0.6033347421874999 0.0013982828124999998 0.5878885921875 0.8631308531249999
0 0.6293493109375 0.8674666140625 0.6748748046874999 0.8696344953124999 0.711457790625 0.0035661640624999997 0.655363878125 0.0035661640624999997 0.6293493109375 0.8674666140625
0 0.6797525359375001 0.865298734375 0.7057671046875 0.866382675 0.7447889562500001 0.12496748124999998 0.7082059703125 0.11954777968750001 0.6797525359375001 0.865298734375
0 0.709018925 0.865298734375 0.7366594046875 0.8642147937500001 0.778120121875 0.12496748124999998 0.7447889562500001 0.126051421875 0.709018925 0.865298734375
0 0.737472359375 0.8696344953124999 0.7659257937499999 0.8674666140625 0.81632901875 0.1206317203125 0.7821848984375 0.1227996015625 0.737472359375 0.8696344953124999
0 0.7659257937499999 0.865298734375 0.8203937953124999 0.865298734375 0.8959986343749999 0.006817984375 0.8309622140625 0.0046501046875 0.7659257937499999 0.865298734375
0 0.8179549296875 0.865298734375 0.855350871875 0.8674666140625 0.9220132031249999 0.1303871828125 0.8862431718750001 0.1217156609375 0.8179549296875 0.865298734375
0 0.85697678125 0.8685505546875 0.8878690812500001 0.8707184359375001 0.964286875 0.1227996015625 0.9203872921875 0.1227996015625 0.85697678125 0.8685505546875
0 0.890307946875 0.875054196875 0.911444784375 0.872886315625 0.992740309375 0.123883540625 0.964286875 0.11954777968750001 0.890307946875 0.875054196875
0 0.9293298 0.8772220781250001 0.995179175 0.2864745921875 0.9919273546875 0.12821930312500002 0.9090059187499999 0.8761381374999999 0.9293298 0.8772220781250001