0 0.0913813171875 0.3298611109375 0.062141418749999996 0.3298611109375 0.18819975312499998 0.791015625 0.21179416093749998 0.791015625 0.0913813171875 0.3298611109375
0 0.2183029640625 0.7921006953124999 0.2451517734375 0.795355903125 0.12880693125 0.3439670140625 0.12880693125 0.33637152812500004 0.1255525296875 0.3255208328125 0.095507303125 0.32769097187499996 0.2183029640625 0.7921006953124999
0 0.132128396875 0.3428819453125 0.250033375 0.7942708328125 0.256542178125 0.7975260421875 0.27281418281250003 0.7975260421875 0.2850181875 0.795355903125 0.172741346875 0.3352864578125 0.137756534375 0.3407118046875 0.132128396875 0.3428819453125
0 0.2215573640625 0.33203125 0.17843655 0.3407118046875 0.290713390625 0.7986111109375 0.324884603125 0.7975260421875 0.2215573640625 0.33203125
0 0.343597409375 0.796440971875 0.35091981250000004 0.7942708328125 0.2532877765625 0.3537326390625 0.23050696875 0.35698784687499996 0.33302060624999996 0.7975260421875 0.343597409375 0.796440971875
0 0.359055815625 0.7931857640625 0.37125982031250004 0.7921006953124999 0.27606858437500004 0.3493923609375 0.25745391875 0.3526475703125 0.3541742140625 0.7921006953124999 0.359055815625 0.7931857640625
0 0.3037309953125 0.3244357640625 0.279426575 0.32769097187499996 0.376141421875 0.796440971875 0.3972950296875 0.7975260421875 0.3037309953125 0.3244357640625
0 0.40461743281249996 0.7931857640625 0.42007583750000005 0.7931857640625 0.4249574390625 0.7921006953124999 0.343597409375 0.3200954859375 0.3403430078125 0.3200954859375 0.3119786578125 0.3233506953125 0.40461743281249996 0.7931857640625
0 0.3802094234375 0.31792534687499996 0.34778595 0.322265625 0.429839040625 0.8029513890625 0.45343345 0.80078125 0.3802094234375 0.31792534687499996
0 0.4192622375 0.3125 0.3852208453125 0.31684027812500004 0.45668785156249997 0.796440971875 0.48679106250000004 0.7986111109375 0.4192622375 0.3125
0 0.4908590640625 0.7942708328125 0.494113465625 0.795355903125 0.515267071875 0.7942708328125 0.5177078734375 0.7931857640625 0.4583150515625 0.3092447921875 0.42591095 0.3135850703125 0.4908590640625 0.7942708328125
0 0.5331662781250001 0.796440971875 0.5437430828125 0.796440971875 0.4908590640625 0.3092447921875 0.4600906375 0.3114149296875 0.5193350734375 0.7931857640625 0.5331662781250001 0.796440971875
0 0.529098278125 0.3038194453125 0.49833933437500005 0.30815972187499996 0.5494382843750001 0.80078125 0.5771006953125 0.80078125 0.529098278125 0.3038194453125
0 0.580355096875 0.29839409687499996 0.5356070796875 0.3049045140625 0.579541496875 0.7975260421875 0.616967109375 0.796440971875 0.580355096875 0.29839409687499996
0 0.6234759125 0.2821180546875 0.58948516875 0.2853732640625 0.6218487109375 0.7975260421875 0.6486975203124999 0.7986111109375 0.6234759125 0.2821180546875
0 0.6527655218749999 0.8018663203124999 0.6804279328125 0.80078125 0.6633423265625 0.2940538203125 0.665783128125 0.2907986109375 0.664969528125 0.27777777812500004 0.6283575140625001 0.283203125 0.6527655218749999 0.8018663203124999
0 0.7032087406249999 0.28754340312500004 0.665783128125 0.2907986109375 0.6828687343750001 0.8040364578125001 0.71134474375 0.8029513890625 0.7032087406249999 0.28754340312500004
0 0.7585335609375 0.2907986109375 0.718065896875 0.2951388890625 0.7162263453125 0.7986111109375 0.7292439500000001 0.8029513890625 0.74470235625 0.8029513890625 0.7569063609375 0.7996961796875001 0.771551165625 0.2940538203125 0.7682967656249999 0.2897135421875 0.7585335609375 0.2907986109375
0 0.9123040171874999 0.2842881953125 0.786425271875 0.2853732640625 0.7577199609374999 0.8083767359375 0.853724796875 0.8192274296875001 0.9123040171874999 0.2842881953125
0 0.918261209375 0.2810329859375 0.856979196875 0.8040364578125001 0.8626744000000001 0.8094618046875001 0.8756920046875001 0.8127170140625 0.8919640109375001 0.814887153125 0.8984728125 0.810546875 0.9716968390625 0.2810329859375 0.918261209375 0.2810329859375