0 0.053776990625 0.9314190953124999 0.1188134109375 0.9292512140625 0.10905794687499999 0.111960196875 0.0440215265625 0.11737990000000001 0.053776990625 0.9314190953124999
0 0.119626365625 0.9270833328125001 0.1879146078125 0.9249154531249999 0.1822239203125 0.1076244359375 0.11068385781250001 0.1076244359375 0.119626365625 0.9270833328125001
0 0.18384983125 0.9270833328125001 0.2350660125 0.9314190953124999 0.2285623703125 0.1130441375 0.18384983125 0.11087625781249999 0.18384983125 0.9270833328125001
0 0.23018828125000002 0.9292512140625 0.2814044609375 0.9281672734375 0.2667712671875 0.116295959375 0.226936459375 0.114128078125 0.23018828125000002 0.9292512140625
0 0.2765267296875 0.9238315125 0.3163615375 0.9249154531249999 0.3122967609375 0.175912678125 0.2773396859375 0.175912678125 0.2765267296875 0.9238315125
0 0.3171744921875 0.9249154531249999 0.3529445234375 0.922747571875 0.35213156875 0.1748287375 0.31148380625 0.17266085625 0.3171744921875 0.9249154531249999
0 0.3537574796875 0.9249154531249999 0.3838368234375 0.9281672734375 0.3789590921875 0.173744796875 0.3488797484375 0.17266085625 0.3537574796875 0.9249154531249999
0 0.3862756890625 0.9238315125 0.415542078125 0.9281672734375 0.40334775 0.1748287375 0.379772046875 0.17916449843749999 0.3862756890625 0.9238315125
0 0.4187939 0.9238315125 0.43749187031250003 0.9259993937500001 0.4277364078125 0.207346946875 0.4090384359375 0.211682709375 0.4187939 0.9238315125
0 0.43505300468749997 0.9259993937500001 0.4732619015625 0.9259993937500001 0.466758259375 0.2127666484375 0.42936231718749995 0.207346946875 0.43505300468749997 0.9259993937500001
0 0.472448946875 0.9281672734375 0.515535575 0.9238315125 0.5009023796875 0.211682709375 0.469197125 0.21385058906249999 0.472448946875 0.9281672734375
0 0.512283753125 0.9259993937500001 0.548053784375 0.922747571875 0.5391112765625 0.2149345296875 0.5098448875 0.22143817187499998 0.512283753125 0.9259993937500001
0 0.5521185609375 0.922747571875 0.5854497265624999 0.9205796906250001 0.57650721875 0.21601847031250002 0.54155014375 0.2149345296875 0.5521185609375 0.922747571875
0 0.5854497265624999 0.9249154531249999 0.6260974890625 0.9249154531249999 0.61227725 0.126051421875 0.5805719953125 0.1217156609375 0.5854497265624999 0.9249154531249999
0 0.6228456687499999 0.9292512140625 0.6643063859375 0.9270833328125001 0.6488602359375 0.1227996015625 0.6147161156250001 0.1227996015625 0.6228456687499999 0.9292512140625
0 0.6643063859375 0.9281672734375 0.6951986859375 0.9281672734375 0.6773136703125 0.12496748124999998 0.650486146875 0.123883540625 0.6643063859375 0.9281672734375
0 0.693572775 0.9303351546874999 0.7415371359375 0.932503034375 0.727716896875 0.292978234375 0.6805654921875 0.294062175 0.693572775 0.9303351546874999
0 0.742350090625 0.9303351546874999 0.7699905703125001 0.9292512140625 0.7529185093749999 0.1130441375 0.7285298515624999 0.1097923171875 0.742350090625 0.9303351546874999
0 0.7821848984375 0.11954777968750001 0.7496666875 0.11521201875 0.7691776140625 0.9238315125 0.80657355625 0.9205796906250001 0.7903144515625 0.1206317203125 0.7821848984375 0.11954777968750001
0 0.80657355625 0.9249154531249999 0.8447824531249999 0.9205796906250001 0.8268974375000001 0.1206317203125 0.786249675 0.1217156609375 0.80657355625 0.9249154531249999
0 0.84722131875 0.9249154531249999 0.8878690812500001 0.9303351546874999 0.8707970218750001 0.11846383906249999 0.8268974375000001 0.12496748124999998 0.84722131875 0.9249154531249999
0 0.8789265734375 0.922747571875 0.93420753125 0.9184118109374999 0.916322515625 0.2171024109375 0.8716099765624999 0.21385058906249999 0.8789265734375 0.922747571875
0 0.947214815625 0.9281672734375 0.9716034734375001 0.9259993937500001 0.9512795921875 0.111960196875 0.9293298 0.11087625781249999 0.947214815625 0.9281672734375
0 0.9732293828125 0.9281672734375 0.9919273546875 0.9270833328125001 0.9740423390625 0.11954777968750001 0.9537184578125 0.11846383906249999 0.9732293828125 0.9281672734375