0 0.027762421875 0.1076244359375 0.0017478531249999999 0.102204734375 0.038330840625 0.9314190953124999 0.0627194984375 0.932503034375 0.027762421875 0.1076244359375
0 0.05052516875 0.10870837656250001 0.022071734375 0.10545655625000001 0.0602806328125 0.934670915625 0.0879211109375 0.934670915625 0.05052516875 0.10870837656250001
0 0.0903599765625 0.11521201875 0.0545899453125 0.111960196875 0.08710815625 0.93575485625 0.12287818749999999 0.9335869750000001 0.0903599765625 0.11521201875
0 0.130194784375 0.114128078125 0.0976765734375 0.114128078125 0.12287818749999999 0.9379227374999999 0.15702230781249998 0.93575485625 0.130194784375 0.114128078125
0 0.18466278593750002 0.0393361953125 0.1383243359375 0.0393361953125 0.150518665625 0.9433424390624999 0.1976700703125 0.944426378125 0.18466278593750002 0.0393361953125
0 0.2334401015625 0.0371683140625 0.1822239203125 0.03391649375 0.196044159375 0.94551031875 0.244821475 0.94551031875 0.2334401015625 0.0371683140625
0 0.2927858359375 0.0501755984375 0.24644738593749999 0.042588015624999996 0.24563442968750002 0.9465942593750001 0.29034696875 0.9476782 0.2927858359375 0.0501755984375
0 0.37164249531250004 0.2019272453125 0.324491090625 0.1932557234375 0.32123926875 0.9400906171875001 0.3692036296875 0.9400906171875001 0.37164249531250004 0.2019272453125
0 0.4220457203125 0.32983220625 0.3692036296875 0.327664325 0.36757771875 0.9476782 0.41716798906249997 0.9509300203125 0.4220457203125 0.32983220625
0 0.472448946875 0.14339446718749999 0.4187939 0.13905870625 0.40822548125 0.9596015437500001 0.461880528125 0.9596015437500001 0.472448946875 0.14339446718749999
0 0.5269169484375 0.135806884375 0.4748878125 0.1347229453125 0.46431939375000003 0.9736927671875 0.5163485296875 0.9747767078124999 0.5269169484375 0.135806884375
0 0.5683776671875 0.06643470312500001 0.5358594562500001 0.06751864375 0.5163485296875 0.972608828125 0.5513056062499999 0.9812803499999999 0.5683776671875 0.06643470312500001
0 0.6309752203125 0.06751864375 0.5756942640625 0.061015001562500004 0.5569962921875 0.9812803499999999 0.600082921875 0.9769445890625 0.6309752203125 0.06751864375
0 0.6838173125 0.069686525 0.6309752203125 0.06643470312500001 0.599269965625 0.984532171875 0.6529250125 0.9812803499999999 0.6838173125 0.069686525
0 0.7179614328125 0.26587972656250003 0.6821914015625 0.2615439640625 0.6496731921875 0.9747767078124999 0.689508 0.98344823125 0.7179614328125 0.26587972656250003
0 0.7667387484375 0.30164975781250003 0.7155225671875 0.2973139953125 0.687069134375 0.9910358140625 0.7342205390625 0.9877839921874999 0.7667387484375 0.30164975781250003
0 0.8220197062500001 0.16182145312500001 0.7797460328125 0.1574856921875 0.737472359375 0.9910358140625 0.7724294359375 0.99320369375 0.8220197062500001 0.16182145312500001
0 0.8675452 0.16398933437500002 0.8277103921875 0.1661572140625 0.7748683015625 0.9888679328125001 0.8130771984375 0.9953715750000001 0.8675452 0.16398933437500002
0 0.8984375 0.2745512484375 0.86266746875 0.2756351890625 0.8090124218750001 0.99320369375 0.839091765625 0.996455515625 0.8984375 0.2745512484375
0 0.9455889046875001 0.19759148437500001 0.9008763656250001 0.1932557234375 0.83746585625 0.99320369375 0.8821783953125 0.996455515625 0.9455889046875001 0.19759148437500001
0 0.98054598125 0.2181863515625 0.946401859375 0.20951482812500002 0.88299135 0.996455515625 0.9090059187499999 0.9953715750000001 0.98054598125 0.2181863515625
0 0.94228830625 0.999663978125 0.9943662203124999 0.4891714359375 0.998430996875 0.207346946875 0.9789200703125 0.2019272453125 0.9106318281249999 0.9975394546875 0.94228830625 0.999663978125