0 0.0293883328125 0.068602584375 0.00012194375 0.07727410625 0.3846497796875 0.9476782 0.4147291234375 0.9151599890625001 0.0293883328125 0.068602584375
0 0.1383243359375 0.16398933437500002 0.10824499218750001 0.1932557234375 0.42936231718749995 0.9596015437500001 0.46757121562500004 0.9303351546874999 0.1383243359375 0.16398933437500002
0 0.1871016515625 0.14881416875 0.15295753125 0.1748287375 0.4805784984375 0.9617694234374999 0.5163485296875 0.9422584984375 0.1871016515625 0.14881416875
0 0.5212262609375 0.9552657828125 0.558622203125 0.9249154531249999 0.24888625156250002 0.16073751249999998 0.21474213125000002 0.183500259375 0.5212262609375 0.9552657828125
0 0.26514535625 0.035000432812499996 0.2196198625 0.06751864375 0.574068353125 0.9693570062499999 0.6293493109375 0.9368387968749999 0.26514535625 0.035000432812499996
0 0.64316955 0.9780285296875 0.6960116421875 0.9433424390624999 0.3488797484375 0.08160986875000001 0.29847652187499996 0.11087625781249999 0.64316955 0.9780285296875
0 0.4196068546875 0.0848616890625 0.3692036296875 0.10870837656250001 0.722026209375 0.9888679328125001 0.770803525 0.9520139609375 0.4196068546875 0.0848616890625
0 0.7919403609375 0.9953715750000001 0.83746585625 0.9628533640624999 0.523665128125 0.2008433046875 0.4789525890625 0.223606053125 0.7919403609375 0.9953715750000001
0 0.5805719953125 0.1900039015625 0.5407371875 0.2225221125 0.8439694984375 0.9888679328125001 0.8894949921874999 0.9520139609375 0.5805719953125 0.1900039015625
0 0.9081929625 0.9812803499999999 0.941524128125 0.9465942593750001 0.5984570109375 0.08269380781249999 0.5569962921875 0.114128078125 0.9081929625 0.9812803499999999
0 0.999747984375 0.9670698921875 0.999747984375 0.9297715046875 0.665932296875 0.09353321249999999 0.6212197578125 0.11954777968750001 0.9667257421875 0.98344823125 0.999747984375 0.9670698921875
0 0.6984505078125001 0.10870837656250001 0.6781266265625 0.12930324375 0.9992439515625 0.934670915625 0.999747984375 0.854838709375 0.6984505078125001 0.10870837656250001
0 0.7472278218749999 0.1227996015625 0.7212132546875 0.1412265875 0.999747984375 0.8497983874999999 0.999747984375 0.7483198921875001 0.7472278218749999 0.1227996015625
0 0.7797460328125 0.12930324375 0.7586091953125 0.14339446718749999 0.997618040625 0.7417295359375 0.999747984375 0.7026209671875 0.9992439515625 0.6756091750000001 0.7797460328125 0.12930324375
0 0.8138901531249999 0.126051421875 0.7903144515625 0.14447840781250001 0.999747984375 0.6831317203125 0.999747984375 0.6001344093750001 0.8138901531249999 0.126051421875
0 0.9008763656250001 0.26587972656250003 0.8748617968750001 0.27997095 0.999747984375 0.5974462359375 0.999747984375 0.5043682796875 0.9008763656250001 0.26587972656250003
0 0.906567053125 0.17699661718749998 0.8748617968750001 0.2062630078125 0.999747984375 0.5010080640625 0.999747984375 0.38810483906250004 0.906567053125 0.17699661718749998
0 0.964286875 0.18024843906250002 0.9293298 0.2062630078125 0.999747984375 0.40557795625 0.999747984375 0.2661290328125 0.964286875 0.18024843906250002