0 0.08197962343750001 0.21027674062499999 0.0530895 0.20774147968749998 0.0260416671875 0.90172335625 0.0580062484375 0.8981713750000001 0.08197962343750001 0.21027674062499999
0 0.11754262499999998 0.2207623125 0.089082896875 0.2185646234375 0.072212675 0.89461939375 0.101513521875 0.893435453125 0.11754262499999998 0.2207623125
0 0.1103925984375 0.89461939375 0.12926137499999998 0.8939393953125 0.1361418375 0.2233005640625 0.120159546875 0.2233005640625 0.1103925984375 0.89461939375
0 0.16051137499999998 0.22206439531250002 0.14502085468749998 0.2244845453125 0.132590171875 0.88869953125 0.150348265625 0.8898834734375001 0.16051137499999998 0.22206439531250002
0 0.16246449999999998 0.8926373125 0.189416059375 0.88869953125 0.1903039921875 0.2244845453125 0.165442684375 0.2244845453125 0.16246449999999998 0.8926373125
0 0.22105825 0.2246685625 0.1920797953125 0.22685250468749998 0.1938555984375 0.89461939375 0.22582017968749998 0.893435453125 0.22105825 0.2246685625
0 0.2337535625 0.8939393953125 0.265775846875 0.893435453125 0.2577847015625 0.230404465625 0.22582017968749998 0.230404465625 0.2337535625 0.8939393953125
0 0.29137075 0.23117897968749998 0.2604484359375 0.230404465625 0.26843958125 0.893435453125 0.30129203437499996 0.8910674921874999 0.29137075 0.23117897968749998
0 0.3048436421875 0.8922514328125001 0.3294566875 0.8913352296875001 0.3199380015625 0.23395640625 0.2950766921875 0.2351403875 0.3048436421875 0.8922514328125001
0 0.35101465 0.2375083671875 0.3226017359375 0.23987632812499998 0.345687240625 0.89461939375 0.3714364796875 0.8910674921874999 0.35101465 0.2375083671875
0 0.37853969374999996 0.8958034140625 0.41228007812499995 0.8910674921874999 0.395409915625 0.24106030937499998 0.37587601875 0.2375083671875 0.3607815984375 0.24224430937500002 0.37853969374999996 0.8958034140625
0 0.41583174375 0.8922514328125001 0.4485973125 0.8900331453125 0.4273744375 0.24106030937499998 0.39807359062500003 0.23987632812499998 0.41583174375 0.8922514328125001
0 0.4661754375 0.24289772968749998 0.433589778125 0.2434282890625 0.4522358046875 0.8958034140625 0.4842003859375 0.893435453125 0.4661754375 0.24289772968749998
0 0.4868640015625 0.8958034140625 0.5197164546875 0.893435453125 0.5028462921875 0.24816421093750002 0.47176970156250003 0.24698023125000002 0.4868640015625 0.8958034140625
0 0.5277076593750001 0.8958034140625 0.55878425 0.8922514328125001 0.5419140875 0.24934821093749998 0.51350123125 0.24698023125000002 0.5277076593750001 0.8958034140625
0 0.5605601124999999 0.8969873546875 0.5950816875 0.8900331453125 0.577430275 0.2529001515625 0.546353684375 0.2505321921875 0.5605601124999999 0.8969873546875
0 0.6302379375 0.2897727296875 0.5792061375 0.2931556015625 0.5969641718750001 0.8815955703125 0.6493505234375 0.875675709375 0.6302379375 0.2897727296875
0 0.6857545828125 0.29197162187500003 0.6324803609375 0.29433958125 0.6511263859375 0.87804366875 0.706176471875 0.8709397078125001 0.6857545828125 0.29197162187500003
0 0.7452442671874999 0.2931556015625 0.692857915625 0.2955235625 0.707952215625 0.8744916890625 0.7612265578125 0.8697557671875 0.7452442671874999 0.2931556015625
0 0.7665539078125 0.8744916890625 0.8167613749999999 0.8744081453125 0.8073975656249999 0.29907554375 0.7558990875 0.2978915234375 0.7665539078125 0.8744916890625
0 0.8802056859375 0.2978915234375 0.8196910624999999 0.2962831453125 0.8313709421875 0.8744916890625 0.888196890625 0.8744916890625 0.8802056859375 0.2978915234375
0 0.9564098124999999 0.3014914796875 0.9006274546874999 0.29670754375 0.8979638390625 0.87804366875 0.9574534031249999 0.8744916890625 0.9564098124999999 0.3014914796875