0 0.0846692890625 0.9574336625000001 0.1261300078125 0.9650212453125 0.1797850546875 0.10654049531250001 0.145640934375 0.09353321249999999 0.0846692890625 0.9574336625000001
0 0.21718099687499998 0.090281390625 0.1887275625 0.078358046875 0.1261300078125 0.9596015437500001 0.1562093515625 0.958517603125 0.21718099687499998 0.090281390625
0 0.1545834421875 0.9574336625000001 0.18547574218750001 0.9552657828125 0.24238260937499997 0.10003685312499999 0.2155550859375 0.090281390625 0.1545834421875 0.9574336625000001
0 0.2822174171875 0.11954777968750001 0.2415696546875 0.10545655625000001 0.1903534734375 0.9530979015625001 0.226936459375 0.9498460796874999 0.2822174171875 0.11954777968750001
0 0.229375325 0.9498460796874999 0.26839717812499997 0.94551031875 0.3163615375 0.135806884375 0.283843328125 0.12496748124999998 0.229375325 0.9498460796874999
0 0.3472538375 0.0837777484375 0.32123926875 0.0751062265625 0.2659583125 0.9390066765625 0.29603765625 0.9390066765625 0.3472538375 0.0837777484375
0 0.29603765625 0.9390066765625 0.322052225 0.9400906171875001 0.37001658437499996 0.0967850328125 0.3472538375 0.090281390625 0.29603765625 0.9390066765625
0 0.40334775 0.01982526875 0.37570727187499997 0.0003143421875 0.3228651796875 0.9314190953124999 0.3537574796875 0.9314190953124999 0.40334775 0.01982526875
0 0.3505056578125 0.934670915625 0.38302386875 0.9292512140625 0.431801184375 0.032832553125000004 0.4049736609375 0.0176573875 0.3505056578125 0.934670915625
0 0.457002796875 0.14339446718749999 0.43424005 0.1325550640625 0.38302386875 0.9281672734375 0.410664346875 0.9259993937500001 0.457002796875 0.14339446718749999
0 0.4090384359375 0.9292512140625 0.43749187031250003 0.9292512140625 0.477326678125 0.0642668234375 0.4635064390625 0.05234347968750001 0.4090384359375 0.9292512140625
0 0.4968376046875 0.069686525 0.4805784984375 0.061015001562500004 0.43342709375000005 0.9238315125 0.457002796875 0.9194957515625 0.4968376046875 0.069686525
0 0.457002796875 0.9259993937500001 0.4862691859375 0.9151599890625001 0.523665128125 0.09353321249999999 0.49521169374999996 0.08052592812500001 0.457002796875 0.9259993937500001
0 0.558622203125 0.10654049531250001 0.5269169484375 0.0957010921875 0.4911469171875 0.910824228125 0.5196003515625 0.9119081687499999 0.558622203125 0.10654049531250001
0 0.522852171875 0.9151599890625001 0.5382983218749999 0.912992109375 0.579759040625 0.1217156609375 0.5602481140625 0.1097923171875 0.522852171875 0.9151599890625001
0 0.5976440562499999 0.1336390046875 0.5716294875 0.12930324375 0.5391112765625 0.9075724078125 0.5651258453125 0.9043205859375 0.5976440562499999 0.1336390046875
0 0.5659388 0.9075724078125 0.5781331296875 0.9064884671875 0.6098383843749999 0.14339446718749999 0.5976440562499999 0.1325550640625 0.5659388 0.9075724078125
0 0.6293493109375 0.15098205 0.6114642953125 0.14339446718749999 0.579759040625 0.9032366453125 0.59195336875 0.9021527062500001 0.6293493109375 0.15098205
0 0.5935792796875 0.9064884671875 0.60739951875 0.9010687656249999 0.6423565953125 0.1661572140625 0.6260974890625 0.1574856921875 0.5935792796875 0.9064884671875
0 0.6488602359375 0.171576915625 0.6423565953125 0.1661572140625 0.604960653125 0.89781694375 0.61715498125 0.89781694375 0.6488602359375 0.171576915625
0 0.6204068031250001 0.896733003125 0.64316955 0.8956490640625001 0.67406185 0.1813323796875 0.6521120578125 0.173744796875 0.6204068031250001 0.896733003125
0 0.6951986859375 0.1910878421875 0.67406185 0.18024843906250002 0.6447954609375001 0.8923972421874999 0.6699970734375 0.886977540625 0.6951986859375 0.1910878421875
0 0.7147096125 0.34175555 0.6992634625 0.327664325 0.6927598203125 0.318992803125 0.6675582078125 0.8913133015625 0.6951986859375 0.8858936 0.7147096125 0.34175555
0 0.696824596875 0.8902293625000001 0.7179614328125 0.886977540625 0.7390982703125 0.3005658171875 0.717148478125 0.2886424734375 0.696824596875 0.8902293625000001
0 0.7488537328125 0.30706945937499996 0.7390982703125 0.2973139953125 0.7179614328125 0.8858936 0.73503349375 0.8837257203125001 0.7488537328125 0.30706945937499996
0 0.7342205390625 0.8858936 0.7537314640624999 0.8837257203125001 0.7691776140625 0.3081533984375 0.7545444203125 0.3092373390625 0.7342205390625 0.8858936
0 0.7870626296875 0.318992803125 0.7699905703125001 0.31574098125 0.7537314640624999 0.884809659375 0.7724294359375 0.8804738984375 0.7870626296875 0.318992803125
0 0.7724294359375 0.8837257203125001 0.786249675 0.8793899578125 0.8025087796875001 0.257208203125 0.788688540625 0.2539563828125 0.7724294359375 0.8837257203125001
0 0.8090124218750001 0.26587972656250003 0.803321734375 0.2626279046875 0.786249675 0.8761381374999999 0.79681809375 0.8761381374999999 0.8090124218750001 0.26587972656250003
0 0.7976310484375 0.875054196875 0.8106383328125 0.87397025625 0.824458571875 0.2723833671875 0.8122642421874999 0.269131546875 0.7976310484375 0.875054196875
0 0.834214034375 0.281054890625 0.824458571875 0.2756351890625 0.8098253765625 0.8707184359375001 0.824458571875 0.8707184359375001 0.834214034375 0.281054890625
0 0.8277103921875 0.8685505546875 0.839091765625 0.866382675 0.8447824531249999 0.32658038437500003 0.8358399453124999 0.3222446234375 0.8277103921875 0.8685505546875
0 0.8577897374999999 0.3330840265625 0.8455954078125 0.328748265625 0.8399047218750001 0.8696344953124999 0.8447824531249999 0.865298734375 0.8577897374999999 0.3330840265625
0 0.8488472296875 0.866382675 0.8691711109375 0.8555432703125 0.875674753125 0.304901578125 0.86266746875 0.30273369687499996 0.8488472296875 0.866382675
0 0.8870561265625 0.314657040625 0.8773006640625001 0.3114052203125 0.8675452 0.8620469125 0.8821783953125 0.860962971875 0.8870561265625 0.314657040625
0 0.8838043046875 0.865298734375 0.8959986343749999 0.865298734375 0.9049411421875 0.3244125046875 0.8911209031249999 0.32007674218750004 0.8838043046875 0.865298734375
0 0.911444784375 0.3254964453125 0.9041281874999999 0.3233285640625 0.8951856796875 0.8620469125 0.90331523125 0.8587950921875 0.911444784375 0.3254964453125