0 0.3131097171875 0.08919745 0.25620284843749996 0.0480077171875 0.002560809375 0.7785835062500001 0.0009348984375 0.9021527062500001 0.026136510937500003 0.9097402875 0.3131097171875 0.08919745
0 0.0302012875 0.8923972421874999 0.0806045140625 0.9205796906250001 0.37733318125 0.11087625781249999 0.3196133578125 0.0751062265625 0.0302012875 0.8923972421874999
0 0.0960506640625 0.8858936 0.1334466046875 0.910824228125 0.472448946875 0.05342741875 0.42041980937499995 0.011153745312500001 0.0960506640625 0.8858936
0 0.5171614859375 0.0458398375 0.487082140625 0.0274128515625 0.1464538890625 0.8837257203125001 0.17815914375 0.9064884671875 0.5171614859375 0.0458398375
0 0.1773461890625 0.886977540625 0.20661257812499997 0.9086563468750001 0.5659388 0.04367195625 0.5342335453125 0.0263289109375 0.1773461890625 0.886977540625
0 0.6269104453125001 0.0393361953125 0.5862626828125 0.011153745312500001 0.216368040625 0.8891454218750001 0.24563442968750002 0.9162439296875 0.6269104453125001 0.0393361953125
0 0.2586417140625 0.8891454218750001 0.3009153875 0.9238315125 0.64316955 0.1585696328125 0.594392234375 0.123883540625 0.2586417140625 0.8891454218750001
0 0.7082059703125 0.1553178109375 0.6586157 0.11846383906249999 0.3196133578125 0.8804738984375 0.35782225625 0.9043205859375 0.7082059703125 0.1553178109375
0 0.3789590921875 0.8913133015625 0.41716798906249997 0.9314190953124999 0.73503349375 0.27780307031249996 0.6805654921875 0.232277575 0.3789590921875 0.8913133015625
0 0.9073800078125001 0.02199315 0.8764877078125 0.007901925 0.42936231718749995 0.9097402875 0.4529380203125 0.9292512140625 0.9073800078125001 0.02199315
0 0.461880528125 0.9162439296875 0.4838303203125 0.9335869750000001 0.9480277703125 0.0241610296875 0.9203872921875 0.0046501046875 0.461880528125 0.9162439296875
0 0.9618480093749999 0.1217156609375 0.9179484265625 0.0870295703125 0.5358594562500001 0.9281672734375 0.5708165328125 0.9563497218749999 0.9618480093749999 0.1217156609375
0 0.999747984375 0.09610215 0.9813589359374999 0.088113509375 0.5903274578125 0.9411745578125 0.6269104453125001 0.9563497218749999 0.997618040625 0.171576915625 0.999747984375 0.09610215
0 0.999747984375 0.2772177421875 0.999747984375 0.17372311875 0.6439825046875 0.932503034375 0.66918411875 0.958517603125 0.999747984375 0.2772177421875
0 0.999747984375 0.369287634375 0.998430996875 0.2886424734375 0.6813784468749999 0.9411745578125 0.7204002984375 0.9650212453125 0.999747984375 0.389448925 0.999747984375 0.369287634375
0 0.998430996875 0.505430540625 0.9959921312500001 0.40137226875 0.7407241796874999 0.9368387968749999 0.7724294359375 0.9596015437500001 0.998430996875 0.505430540625
0 0.79681809375 0.9563497218749999 0.999747984375 0.542338709375 0.9959921312500001 0.5227735859375 0.7764942109375 0.9476782 0.79681809375 0.9563497218749999
0 0.999747984375 0.5725806453125 0.9992439515625 0.5422845125 0.8008828687499999 0.9433424390624999 0.8106383328125 0.9552657828125 0.999747984375 0.5725806453125