0 0.2725189515625 0.8193993359375 0.319873859375 0.820385953125 0.3380238015625 0.20063921875 0.2902770359375 0.19780777968750002 0.2725189515625 0.8193993359375
0 0.382027128125 0.20570101406250002 0.3383718359375 0.20471434843749997 0.3183940234375 0.8193993359375 0.3697620828125 0.8191288015625 0.382027128125 0.20570101406250002
0 0.37240816875 0.820385953125 0.410884059375 0.820385953125 0.424202634375 0.1968211296875 0.3917347390625 0.19521387031249998 0.37240816875 0.820385953125
0 0.46415831093750004 0.19780777968750002 0.430861871875 0.1968211296875 0.41384373124999996 0.8213726359375 0.45195609374999995 0.8191288015625 0.46415831093750004 0.19780777968750002
0 0.45601918750000003 0.8055861656250001 0.48783578906249997 0.8045995484375 0.497529009375 0.2624881765625 0.4708175484375 0.2609535953125 0.45601918750000003 0.8055861656250001
0 0.4885756828125 0.8045995484375 0.5166926203125 0.80657285 0.5322309749999999 0.26194024531250004 0.5011543656249999 0.258980278125 0.4885756828125 0.8045995484375
0 0.571446709375 0.1928745125 0.5374104265625 0.19188786093750002 0.5166926203125 0.8174260359375 0.5569365625 0.8191288015625 0.571446709375 0.1928745125
0 0.55960801875 0.818412653125 0.5966040734375 0.820385953125 0.60820609375 0.2017242875 0.5736664874999999 0.20076774687499999 0.55960801875 0.818412653125
0 0.6461787109375 0.202741046875 0.612142328125 0.20076774687499999 0.5973439671875 0.8174260359375 0.6350615625 0.8191288015625 0.6461787109375 0.202741046875
0 0.6387794796875 0.8193993359375 0.668376303125 0.820385953125 0.68144828125 0.204979496875 0.6565376140625 0.203727696875 0.6387794796875 0.8193993359375
0 0.7127715875 0.20471434843749997 0.6861344359375 0.203727696875 0.6698561890625 0.8174260359375 0.697724321875 0.8180437312500001 0.7127715875 0.20471434843749997
0 0.7009327984375 0.818412653125 0.7290498359375001 0.8213726359375 0.744111040625 0.204979496875 0.716471153125 0.203727696875 0.7009327984375 0.818412653125
0 0.7778844796875 0.20570101406250002 0.7497675421875 0.203727696875 0.731269515625 0.8154527343750001 0.7628284890625 0.8169586625 0.7778844796875 0.20570101406250002
0 0.765305896875 0.8174260359375 0.7949027203125001 0.8174260359375 0.8051461968750001 0.2038944265625 0.779364365625 0.20175439687500002 0.765305896875 0.8174260359375
0 0.8193200921875 0.315219525 0.8074813031250001 0.316206175 0.8015619578125 0.8154527343750001 0.8165394265625 0.8158735937499999 0.8193200921875 0.315219525