0 0.00012194375 0.31357310156249996 0.0545899453125 0.10654049531250001 0.007438540624999999 0.06751864375 0.00012194375 0.31357310156249996
0 0.12531705312500002 0.104372615625 0.07084905 0.0642668234375 0.00418671875 0.304901578125 0 0.5070564515625 0.12531705312500002 0.104372615625
0 0.17490732343749998 0.08269380781249999 0.1415761578125 0.0555953 0.0017478531249999999 0.505430540625 0 0.6286962359375 0.17490732343749998 0.08269380781249999
0 0 0.7768817203125 0.0139421828125 0.7785835062500001 0.21880690625 0.207346946875 0.1619000390625 0.16290539375 0.0033737640625000004 0.636587321875 0 0.7768817203125
0 0.30010243281250004 0.235529396875 0.24400852031250003 0.18675208125 0.02532355625 0.7449813562500001 0.07166200625 0.7774995671875 0.30010243281250004 0.235529396875
0 0.0830433796875 0.7504010578125 0.12531705312500002 0.7807513875 0.37814613750000003 0.235529396875 0.34156315 0.1932557234375 0.0830433796875 0.7504010578125
0 0.1440150234375 0.75473681875 0.1773461890625 0.7840032078125 0.45212506562500004 0.2463688 0.415542078125 0.20951482812500002 0.139950246875 0.75473681875 0.1440150234375 0.75473681875
0 0.1976700703125 0.7471492375000001 0.229375325 0.7764156265625 0.5399242328125 0.257208203125 0.50496715625 0.20951482812500002 0.1976700703125 0.7471492375000001
0 0.64804728125 0.2853906515625 0.5984570109375 0.22035423125000003 0.2635194453125 0.73089013125 0.30660607500000003 0.770995925 0.64804728125 0.2853906515625
0 0.37570727187499997 0.720050728125 0.4220457203125 0.7742477453125 0.768364659375 0.2517885015625 0.72934280625 0.2040951265625 0.37570727187499997 0.720050728125
0 0.8781136187499999 0.175912678125 0.8529120062500001 0.140142646875 0.4407436921875 0.743897415625 0.4651323484375 0.7764156265625 0.8781136187499999 0.175912678125
0 0.487082140625 0.743897415625 0.5139096640624999 0.7644922828125 0.9325816203124999 0.17699661718749998 0.9049411421875 0.14447840781250001 0.487082140625 0.743897415625
0 0.982171890625 0.1813323796875 0.9545314125000001 0.15098205 0.5382983218749999 0.7406455953125 0.5610610687500001 0.7634083421875 0.982171890625 0.1813323796875
0 0.584636771875 0.7319740718750001 0.6025217875 0.75473681875 0.97566825 0.2485366796875 0.9634739203124999 0.2257739328125 0.584636771875 0.7319740718750001
0 0.6342270421875 0.7384777140625001 0.999747984375 0.2604166671875 0.999747984375 0.23420698906249998 0.9886755328125 0.22035423125000003 0.6212197578125 0.7265543703125 0.6342270421875 0.7384777140625001