0 0.06597131875 0.9856161109375 0.0862952 0.9856161109375 0.027762421875 0.092449271875 0.0066255859375 0.09136533125 0.06597131875 0.9856161109375
0 0.0017478531249999999 0.4631568671875 0.038330840625 0.9877839921874999 0.0643454078125 0.9867000515625 0.0017478531249999999 0.10003685312499999 0.0017478531249999999 0.4631568671875
0 0.08710815625 0.9888679328125001 0.12369114218749999 0.9877839921874999 0.061093587500000004 0.09353321249999999 0.026136510937500003 0.0946171515625 0.08710815625 0.9888679328125001
0 0.124504096875 0.9888679328125001 0.14726684375000001 0.9867000515625 0.1033672609375 0.2084308875 0.07084905 0.20951482812500002 0.124504096875 0.9888679328125001
0 0.14482797812499998 0.9910358140625 0.1716555015625 0.9867000515625 0.124504096875 0.140142646875 0.09442475312500001 0.140142646875 0.14482797812499998 0.9910358140625
0 0.1700295921875 0.9910358140625 0.19279233906249998 0.9888679328125001 0.150518665625 0.1347229453125 0.1212522765625 0.137974765625 0.1700295921875 0.9910358140625
0 0.19929598125 0.992119753125 0.24075669843749997 0.9953715750000001 0.20986439843750002 0.21059876875 0.160274128125 0.219270290625 0.19929598125 0.992119753125
0 0.24400852031250003 0.992119753125 0.2692101328125 0.9942876343749999 0.24075669843749997 0.2181863515625 0.20905144375 0.2181863515625 0.24400852031250003 0.992119753125
0 0.2659583125 0.996455515625 0.29197287968749996 0.996455515625 0.2692101328125 0.22035423125000003 0.23994374375 0.22143817187499998 0.2659583125 0.996455515625
0 0.29603765625 0.9986233953125 0.3196133578125 0.9953715750000001 0.2968506109375 0.2257739328125 0.26839717812499997 0.2225221125 0.29603765625 0.9986233953125
0 0.3196133578125 0.996455515625 0.3431890609375 0.9986233953125 0.318800403125 0.2225221125 0.288721059375 0.22794181406249997 0.3196133578125 0.996455515625
0 0.3431890609375 0.9953715750000001 0.36757771875 0.9942876343749999 0.344814971875 0.11846383906249999 0.3147356265625 0.1206317203125 0.3431890609375 0.9953715750000001
0 0.365138853125 0.996455515625 0.3944052421875 0.996455515625 0.37164249531250004 0.11737990000000001 0.3407501953125 0.11737990000000001 0.365138853125 0.996455515625
0 0.3870886453125 0.9975394546875 0.4511088703125 0.9993279562499999 0.43586595937499995 0.243116978125 0.37245545 0.24528485937500003 0.3870886453125 0.9975394546875
0 0.4504991546875 0.9975394546875 0.4788306453125 0.9993279562499999 0.45862870781250004 0.1097923171875 0.43017527343750006 0.1097923171875 0.4504991546875 0.9975394546875
0 0.47976554374999997 0.996455515625 0.503276209375 0.999663978125 0.48870805156249997 0.111960196875 0.45537688593750003 0.10328867500000001 0.47976554374999997 0.996455515625
0 0.503276209375 0.999663978125 0.5226814515625 0.999663978125 0.50496715625 0.10003685312499999 0.4789525890625 0.09786897343749999 0.503276209375 0.999663978125
0 0.523665128125 0.99320369375 0.5446068546875 0.999663978125 0.533420590625 0.0989529140625 0.50496715625 0.0989529140625 0.523665128125 0.99320369375
0 0.5446068546875 0.999663978125 0.5830108609375 0.9986233953125 0.577320175 0.0274128515625 0.533420590625 0.0274128515625 0.5446068546875 0.999663978125
0 0.5854497265624999 0.9975394546875 0.6275201609375001 0.999663978125 0.6187808921875 0.028496792187499998 0.5781331296875 0.0274128515625 0.5854497265624999 0.9975394546875
0 0.6342270421875 0.9986233953125 0.6756877593749999 0.9975394546875 0.6667452515625001 0.2257739328125 0.6220327125 0.219270290625 0.6342270421875 0.9986233953125
0 0.6773136703125 0.996455515625 0.7227822578125 0.999663978125 0.7163355234375001 0.147730228125 0.6643063859375 0.14881416875 0.6773136703125 0.996455515625
0 0.72527803125 0.9986233953125 0.7691776140625 0.9986233953125 0.7634869281250001 0.11087625781249999 0.7204002984375 0.111960196875 0.72527803125 0.9986233953125
0 0.764112903125 0.999663978125 0.8031754031249999 0.999663978125 0.799256959375 0.173744796875 0.7634869281250001 0.1694090359375 0.764112903125 0.999663978125
0 0.79989919375 0.999663978125 0.8397177421875 0.999663978125 0.8309622140625 0.1748287375 0.8008828687499999 0.17699661718749998 0.79989919375 0.999663978125
0 0.8431565421875 0.9953715750000001 0.8729838703125001 0.999663978125 0.8675452 0.10545655625000001 0.8455954078125 0.114128078125 0.8431565421875 0.9953715750000001
0 0.8919338578125 0.1076244359375 0.8691711109375 0.1076244359375 0.8691711109375 0.99320369375 0.895161290625 0.999663978125 0.898185484375 0.9993279562499999 0.8919338578125 0.1076244359375
0 0.9024697578125 0.999663978125 0.9317036296874999 0.999663978125 0.9325816203124999 0.10654049531250001 0.8976245453124999 0.1076244359375 0.9024697578125 0.999663978125
0 0.9293298 0.9953715750000001 0.95940914375 0.996455515625 0.9602221 0.1097923171875 0.9293298 0.111960196875 0.9293298 0.9953715750000001
0 0.95940914375 0.9975394546875 0.999747984375 0.999663978125 0.999747984375 0.116263440625 0.962660965625 0.11954777968750001 0.95940914375 0.9975394546875