0 0.0627194984375 0.9021527062500001 0.10905794687499999 0.9043205859375 0.0879211109375 0.08919745 0.0423956171875 0.08919745 0.0627194984375 0.9021527062500001
0 0.10499317187499999 0.9097402875 0.14970571093750001 0.9151599890625001 0.12938182812500001 0.08919745 0.0846692890625 0.0859456296875 0.10499317187499999 0.9097402875
0 0.14076320312499999 0.9151599890625001 0.19360529375 0.9064884671875 0.176533234375 0.0631828828125 0.130194784375 0.05776318125 0.14076320312499999 0.9151599890625001
0 0.20173484687499998 0.899984825 0.23425305624999998 0.9064884671875 0.2204328171875 0.0751062265625 0.1789721 0.0729383453125 0.20173484687499998 0.899984825
0 0.23831783281250002 0.9086563468750001 0.27977855156250003 0.9075724078125 0.2635194453125 0.2019272453125 0.2196198625 0.2019272453125 0.23831783281250002 0.9086563468750001
0 0.2927858359375 0.9086563468750001 0.37001658437499996 0.9086563468750001 0.3610740765625 0.1748287375 0.273274909375 0.1661572140625 0.2927858359375 0.9086563468750001
0 0.3683906734375 0.9043205859375 0.39521819687500004 0.9032366453125 0.3870886453125 0.18024843906250002 0.35944816562500004 0.1824163203125 0.3683906734375 0.9043205859375
0 0.3935922875 0.9032366453125 0.4196068546875 0.899984825 0.410664346875 0.17699661718749998 0.385462734375 0.17916449843749999 0.3935922875 0.9032366453125
0 0.42041980937499995 0.899984825 0.44318255781250004 0.899984825 0.43586595937499995 0.183500259375 0.410664346875 0.17916449843749999 0.42041980937499995 0.899984825
0 0.4439955125 0.8989008843749999 0.4748878125 0.896733003125 0.4651323484375 0.11521201875 0.43586595937499995 0.10545655625000001 0.4439955125 0.8989008843749999
0 0.47407485625 0.9010687656249999 0.51065784375 0.9010687656249999 0.503341246875 0.104372615625 0.469197125 0.10545655625000001 0.47407485625 0.9010687656249999
0 0.5098448875 0.9097402875 0.5423630984375001 0.9086563468750001 0.5399242328125 0.10870837656250001 0.5041542015625 0.10654049531250001 0.5098448875 0.9097402875
0 0.5448019640624999 0.9075724078125 0.574068353125 0.9032366453125 0.5716294875 0.1076244359375 0.5382983218749999 0.10870837656250001 0.5448019640624999 0.9075724078125
0 0.5756942640625 0.910824228125 0.5984570109375 0.910824228125 0.600082921875 0.0046501046875 0.5716294875 0.0035661640624999997 0.5756942640625 0.910824228125
0 0.595205190625 0.91407605 0.61715498125 0.9151599890625001 0.6220327125 0.0122376859375 0.5968311 0.014405567187500001 0.595205190625 0.91407605
0 0.615529071875 0.9054045265624999 0.665932296875 0.9054045265624999 0.67406185 0.0751062265625 0.6220327125 0.0740222859375 0.615529071875 0.9054045265624999
0 0.6683711625 0.9119081687499999 0.711457790625 0.9043205859375 0.724465075 0.0751062265625 0.670810028125 0.076190165625 0.6683711625 0.9119081687499999
0 0.7130837015625 0.912992109375 0.7407241796874999 0.9086563468750001 0.7545444203125 0.006817984375 0.7260909859375 0.006817984375 0.7130837015625 0.912992109375
0 0.7415371359375 0.9075724078125 0.7659257937499999 0.9054045265624999 0.782997853125 0.00573404375 0.7472278218749999 0.00573404375 0.7415371359375 0.9075724078125
0 0.770803525 0.910824228125 0.7895014953125 0.910824228125 0.799256959375 0.0794419875 0.7756812562500001 0.07727410625 0.770803525 0.910824228125
0 0.7878755859375 0.9054045265624999 0.8090124218750001 0.9043205859375 0.8252715265624999 0.078358046875 0.8008828687499999 0.0794419875 0.7878755859375 0.9054045265624999
0 0.8057606015625 0.912992109375 0.832588125 0.91407605 0.849660184375 0.0729383453125 0.824458571875 0.076190165625 0.8057606015625 0.912992109375
0 0.832588125 0.91407605 0.84722131875 0.912992109375 0.8716099765624999 0.08160986875000001 0.8447824531249999 0.0794419875 0.832588125 0.91407605
0 0.8529120062500001 0.912992109375 0.8764877078125 0.9119081687499999 0.8943727234375001 0.2051790671875 0.8634804234375 0.198675425 0.8529120062500001 0.912992109375
0 0.8732358874999999 0.912992109375 0.9008763656250001 0.9064884671875 0.9228261578125 0.211682709375 0.8919338578125 0.2171024109375 0.8732358874999999 0.912992109375
0 0.8984375 0.9064884671875 0.9301427546875001 0.9075724078125 0.9529055015625 0.2051790671875 0.9203872921875 0.2051790671875 0.8984375 0.9064884671875
0 0.9333945765625 0.9054045265624999 0.995179175 0.9032366453125 0.999747984375 0.0957661296875 0.9537184578125 0.090281390625 0.9333945765625 0.9054045265624999