0 0.0430686578125 0.369177740625 0.014944375 0.3706005390625 0.06452633125 0.8832240859375 0.089683646875 0.8792774859374999 0.0430686578125 0.369177740625
0 0.07109671875 0.3673453296875 0.0430686578125 0.370164390625 0.09042354062499999 0.8782908015625001 0.11410101875 0.8733575171875 0.07109671875 0.3673453296875
0 0.151836965625 0.8792774859374999 0.159976090625 0.8743442015625 0.11992484375000001 0.34889914843750003 0.0948630984375 0.35043131875 0.083024359375 0.35141796875 0.0704457265625 0.35141796875 0.11484091249999999 0.8782908015625001 0.12076030625 0.8832240859375 0.131859103125 0.8832240859375 0.14221795625 0.8832240859375 0.151836965625 0.8792774859374999
0 0.1565459375 0.4107481078125 0.132598996875 0.411603834375 0.1644155984375 0.8684243 0.1888329703125 0.8644776984375 0.1565459375 0.4107481078125
0 0.1817738015625 0.4107481078125 0.15701636875 0.412590484375 0.19105270000000002 0.867437615625 0.21177050625 0.863491015625 0.1817738015625 0.4107481078125
0 0.22064952343750002 0.3632578046875 0.1829135765625 0.3662177890625 0.21694990781249998 0.8644776984375 0.25320601875 0.8595444140625 0.22064952343750002 0.3632578046875
0 0.26430481562499997 0.36227115625 0.22656891875000001 0.3632578046875 0.2554257984375 0.8615177140625001 0.2909419671875 0.8575711140625 0.26430481562499997 0.36227115625
0 0.302216509375 0.365175190625 0.2665245953125 0.3662177890625 0.2939016390625 0.8595444140625 0.3257182421875 0.8575711140625 0.302216509375 0.365175190625
0 0.33965140625 0.36300505156249996 0.305740378125 0.3632578046875 0.32645813437500004 0.8546111296875001 0.3590146296875 0.8516511453125 0.33965140625 0.36300505156249996
0 0.382692109375 0.3889108125 0.3464359984375 0.3908841125 0.36419408125 0.850664528125 0.396750578125 0.8427713265625 0.382692109375 0.3889108125
0 0.4196881140625 0.3898974625 0.38491183906250004 0.3889108125 0.40045019374999996 0.8467179265624999 0.4322667453125 0.8378380421875 0.4196881140625 0.3898974625
0 0.45683890624999995 0.38579151093749997 0.4233877296875 0.38595086093750003 0.4367062546875 0.8417846421874999 0.465563184375 0.8358647421875001 0.45683890624999995 0.38579151093749997
0 0.47000264375 0.8368513578125001 0.4991566140625 0.833925190625 0.49146034375000003 0.38595086093750003 0.46038373281249995 0.384964178125 0.47000264375 0.8368513578125001
0 0.51299125 0.3478140796875 0.49516000781249997 0.34845801875000004 0.5025591390625 0.8407979593749999 0.5203172734375 0.8388246593750001 0.51299125 0.3478140796875
0 0.53496390625 0.3478140796875 0.515137821875 0.34944466875 0.522537053125 0.8398113421875 0.5395551937499999 0.8378380421875 0.53496390625 0.3478140796875
0 0.578095415625 0.34672901093749997 0.5373354140625 0.34845801875000004 0.5439947515625 0.8407979593749999 0.5802508140625 0.8368513578125001 0.578095415625 0.34672901093749997
0 0.6212269265625 0.344558871875 0.5802508140625 0.3474713671875 0.5839503796875001 0.8358647421875001 0.6209464328125 0.8319181406249999 0.6212269265625 0.344558871875
0 0.6334339578125 0.34347380156249996 0.6305654421875 0.8477045437499999 0.6771804078125 0.8457312437500001 0.683099753125 0.3425381171875 0.6334339578125 0.34347380156249996
0 0.6949384421875 0.3395781328125 0.6860594250000001 0.8447446265625 0.7304546109375 0.8417846421874999 0.7430332921875 0.3376048328125 0.6949384421875 0.3395781328125
0 0.7356340625 0.8319181406249999 0.76153131875 0.827971471875 0.77632968125 0.372137690625 0.7489526375 0.373124340625 0.7356340625 0.8319181406249999
0 0.8067738015625 0.3706005390625 0.7778095671874999 0.372137690625 0.76301110625 0.824024871875 0.7881684703125 0.8210649546875001 0.8067738015625 0.3706005390625
0 0.8124704156250001 0.33262310781250004 0.7918680359375 0.8200782703125 0.8199849734375 0.8161316703124999 0.8429225593749999 0.33365823125 0.8124704156250001 0.33262310781250004
0 0.874319375 0.3315380390625 0.8429225593749999 0.3326715640625 0.820724965625 0.8121850687500001 0.8488419031250001 0.8082384671874999 0.874319375 0.3315380390625
0 0.9215198953125 0.3315380390625 0.876958840625 0.3316849140625 0.85402135625 0.8111983859375 0.8924971953125 0.809225084375 0.9215198953125 0.3315380390625
0 0.9346727015624999 0.809225084375 0.9553904078125001 0.5023759234375 0.9679066140625 0.3282828296875 0.9250536921875 0.3277383125 0.897676646875 0.8121850687500001 0.9346727015624999 0.809225084375