0 0.0800238515625 0.8214337109375001 0.119091646875 0.8214337109375001 0.147504621875 0.2590413296875 0.11554003906250002 0.2590413296875 0.0800238515625 0.8214337109375001
0 0.119979578125 0.8202496921875 0.1608231765625 0.8214337109375001 0.18687856249999998 0.2598248125 0.1537199625 0.2590413296875 0.119979578125 0.8202496921875
0 0.16526271406249998 0.819065671875 0.19811516875 0.8214337109375001 0.22105825 0.2585227296875 0.189236090625 0.2590413296875 0.16526271406249998 0.819065671875
0 0.204330509375 0.819065671875 0.234519228125 0.819065671875 0.254261375 0.2611268953125 0.22475227968749997 0.2590413296875 0.204330509375 0.819065671875
0 0.24162250156249998 0.81788173125 0.2780265609375 0.81788173125 0.2962535625 0.2611268953125 0.2620442703125 0.2590413296875 0.24162250156249998 0.81788173125
0 0.283353971875 0.8155137703124999 0.317982228125 0.813145809375 0.33218871562499996 0.260225309375 0.2993362625 0.2590413296875 0.283353971875 0.8155137703124999
0 0.3295249796875 0.8072258671875 0.3756960484375 0.8072258671875 0.3774718515625 0.3229764453125 0.3410677921875 0.320608484375 0.3295249796875 0.8072258671875
0 0.3748081171875 0.8084098875000001 0.42097918593749994 0.8084098875000001 0.422230125 0.3210227296875 0.38102345937500004 0.321792465625 0.3748081171875 0.8084098875000001
0 0.42630659687500005 0.3075846625 0.4218670578125 0.8084098875000001 0.4582711171875 0.8072258671875 0.4573832453125 0.312320603125 0.42630659687500005 0.3075846625
0 0.459159109375 0.8084098875000001 0.49733891249999995 0.8060418468749999 0.4915660625 0.3106060625 0.46093485312500004 0.3087686421875 0.459159109375 0.8084098875000001
0 0.49556316875000006 0.8060418468749999 0.5222002796874999 0.8060418468749999 0.5213124078125 0.2874569375 0.498402 0.2871685625 0.49556316875000006 0.8060418468749999
0 0.5239760234374999 0.8048579078125 0.5541648609375 0.8060418468749999 0.5482066875 0.2871685625 0.5239760234374999 0.28627295625000004 0.5239760234374999 0.8048579078125
0 0.5559406046875 0.8036738874999999 0.5985600062499999 0.802489946875 0.592152 0.2897727296875 0.5515011265624999 0.2886409171875 0.5559406046875 0.8036738874999999
0 0.6341441875 0.2897727296875 0.5950084 0.2886409171875 0.6012237421875 0.802489946875 0.644731015625 0.802489946875 0.6376278015625 0.545565421875 0.6341441875 0.2897727296875
0 0.6500584859375 0.8048579078125 0.6775835875 0.8048579078125 0.6687045109375 0.283904996875 0.6465068781250001 0.2827209953125 0.6500584859375 0.8048579078125
0 0.6766955968749999 0.8013059265625 0.6997811015625001 0.802489946875 0.69090214375 0.292192878125 0.6687045109375 0.289824896875 0.6766955968749999 0.8013059265625
0 0.706884434375 0.8013059265625 0.7379610234375 0.8001219859375001 0.728194075 0.35967995468749997 0.6971174859375 0.35967995468749997 0.706884434375 0.8013059265625
0 0.7379610234375 0.7965700046874999 0.7654861265624999 0.7977540249999999 0.7566070500000001 0.3028487203125 0.7308578109375 0.3028487203125 0.7379610234375 0.7965700046874999
0 0.7663739984375 0.7953860640625 0.7921232375 0.7977540249999999 0.78355825 0.3053977296875 0.75838279375 0.3040327203125 0.7663739984375 0.7953860640625
0 0.7965627171875 0.7953860640625 0.8205360921875 0.7965700046874999 0.8089488749999999 0.3066998125 0.7841320328125 0.30640068125000003 0.7965627171875 0.7953860640625
0 0.8223119562500001 0.791834084375 0.8578281437499999 0.7930180250000001 0.8441051249999999 0.3080018953125 0.8125450078125 0.30640068125000003 0.8223119562500001 0.791834084375
0 0.8578281437499999 0.7870981625 0.8897927250000001 0.7870981625 0.8743785624999999 0.3119081453125 0.8445095890625 0.30995264218749996 0.8578281437499999 0.7870981625