0 0.052151079687500004 0.10003685312499999 0.00012194375 0.11521201875 0.2431955640625 0.984532171875 0.2895340140625 0.9617694234374999 0.052151079687500004 0.10003685312499999
0 0.29522470156249997 0.9812803499999999 0.344002015625 0.9693570062499999 0.11149681250000001 0.0967850328125 0.0602806328125 0.10545655625000001 0.29522470156249997 0.9812803499999999
0 0.1692166359375 0.090281390625 0.1188134109375 0.111960196875 0.3472538375 0.992119753125 0.39521819687500004 0.9661051859375 0.1692166359375 0.090281390625
0 0.4122902578125 0.9780285296875 0.4683841703125 0.9509300203125 0.27977855156250003 0.2723833671875 0.22368463906249997 0.2886424734375 0.4122902578125 0.9780285296875
0 0.3009153875 0.175912678125 0.2716489984375 0.19650754374999999 0.6106513390625 0.9411745578125 0.635039996875 0.9238315125 0.3009153875 0.175912678125
0 0.63829181875 0.9281672734375 0.6618675203125 0.9151599890625001 0.3383113296875 0.17699661718749998 0.3122967609375 0.1943396640625 0.63829181875 0.9281672734375
0 0.3732684046875 0.17266085625 0.34237610625000003 0.1900039015625 0.6643063859375 0.9151599890625001 0.6846302671875 0.899984825 0.3732684046875 0.17266085625
0 0.6927598203125 0.9097402875 0.7179614328125 0.8902293625000001 0.457002796875 0.3081533984375 0.43667891562500005 0.3233285640625 0.6927598203125 0.9097402875
0 0.5114707984375 0.304901578125 0.4748878125 0.328748265625 0.72527803125 0.9119081687499999 0.743163046875 0.8891454218750001 0.5114707984375 0.304901578125
0 0.7545444203125 0.9054045265624999 0.78543671875 0.8891454218750001 0.5342335453125 0.2875585328125 0.5171614859375 0.30706945937499996 0.7545444203125 0.9054045265624999
0 0.8366529 0.9758606484374999 0.85697678125 0.9812803499999999 0.9968050859375 0.33741978906250003 0.9992439515625 0.15206599062499998 0.8366529 0.9758606484374999
0 0.86266746875 0.9693570062499999 0.8878690812500001 0.9747767078124999 0.998430996875 0.40895985156250003 0.9959921312500001 0.3103212796875 0.86266746875 0.9693570062499999
0 0.8846172609374999 0.9596015437500001 0.9220132031249999 0.9661051859375 0.999747984375 0.5957661296875 0.997618040625 0.42521895625 0.8846172609374999 0.9596015437500001