0 0.0667842734375 0.8468717484375 0.10174135 0.8468717484375 0.053776990625 0.1347229453125 0.0245106015625 0.135806884375 0.0667842734375 0.8468717484375
0 0.10418021562499999 0.8457878078125001 0.13100773906250002 0.8468717484375 0.0862952 0.1303871828125 0.052964034375 0.136890825 0.10418021562499999 0.8457878078125001
0 0.1342595609375 0.849039628125 0.16677777031250002 0.8468717484375 0.1261300078125 0.136890825 0.0919858875 0.1314711234375 0.1342595609375 0.849039628125
0 0.16352595 0.8425359875 0.1887275625 0.8436199265625 0.160274128125 0.1347229453125 0.1318206953125 0.135806884375 0.16352595 0.8425359875
0 0.1895405171875 0.8468717484375 0.212303265625 0.8457878078125001 0.17815914375 0.136890825 0.1537704859375 0.1314711234375 0.1895405171875 0.8468717484375
0 0.21149030937500002 0.849039628125 0.2350660125 0.8425359875 0.20986439843750002 0.135806884375 0.17815914375 0.135806884375 0.21149030937500002 0.849039628125
0 0.2350660125 0.849039628125 0.260267625 0.8392841656250001 0.2334401015625 0.1347229453125 0.21149030937500002 0.140142646875 0.2350660125 0.849039628125
0 0.2586417140625 0.8447038671874999 0.293598790625 0.8371162859375 0.26839717812499997 0.14447840781250001 0.23831783281250002 0.13905870625 0.2586417140625 0.8447038671874999
0 0.28628219375 0.8436199265625 0.31067085 0.849039628125 0.29522470156249997 0.1412265875 0.26433240156250004 0.13905870625 0.28628219375 0.8436199265625
0 0.308231984375 0.8382002249999999 0.3431890609375 0.8436199265625 0.33099473281249997 0.13905870625 0.2976635671875 0.13905870625 0.308231984375 0.8382002249999999
0 0.34156315 0.8479556890625 0.36757771875 0.8436199265625 0.35782225625 0.140142646875 0.33099473281249997 0.140142646875 0.34156315 0.8479556890625
0 0.37245545 0.8447038671874999 0.3976570625 0.8457878078125001 0.3911534203125 0.1423105265625 0.36351294218749997 0.137974765625 0.37245545 0.8447038671874999
0 0.3976570625 0.8447038671874999 0.43017527343750006 0.8468717484375 0.42692345156249994 0.14339446718749999 0.39277933125 0.1466462890625 0.3976570625 0.8447038671874999
0 0.43261413906249996 0.8468717484375 0.4659453046875 0.8479556890625 0.4578157515625 0.2084308875 0.42692345156249994 0.2062630078125 0.43261413906249996 0.8468717484375
0 0.46431939375000003 0.8447038671874999 0.49765055937499997 0.841452046875 0.49846351406249995 0.211682709375 0.461880528125 0.2084308875 0.46431939375000003 0.8447038671874999
0 0.4935857828125 0.8457878078125001 0.5301687687500001 0.8457878078125001 0.5269169484375 0.2040951265625 0.500089425 0.20951482812500002 0.4935857828125 0.8457878078125001
0 0.5358594562500001 0.8479556890625 0.5683776671875 0.8457878078125001 0.5675647109375 0.2051790671875 0.5342335453125 0.2084308875 0.5358594562500001 0.8479556890625
0 0.558622203125 0.85012356875 0.6041476984374999 0.8425359875 0.6220327125 0.111960196875 0.5732553984375001 0.11087625781249999 0.558622203125 0.85012356875
0 0.6033347421874999 0.8447038671874999 0.6545509234375 0.8425359875 0.6643063859375 0.11521201875 0.6236586234375 0.11521201875 0.6033347421874999 0.8447038671874999
0 0.6512991031250001 0.849039628125 0.6813784468749999 0.85012356875 0.7041411937500001 0.04367195625 0.6756877593749999 0.046923776562500005 0.6512991031250001 0.849039628125
0 0.6797525359375001 0.853375390625 0.706580059375 0.8457878078125001 0.73503349375 0.04367195625 0.7106448359375 0.0490916578125 0.6797525359375001 0.853375390625
0 0.70983188125 0.849039628125 0.72527803125 0.8479556890625 0.7577962406250001 0.0490916578125 0.7390982703125 0.054511359375 0.70983188125 0.849039628125
0 0.7236521203125 0.8479556890625 0.75047964375 0.8479556890625 0.7846237640625 0.0490916578125 0.7618610171875 0.046923776562500005 0.7236521203125 0.8479556890625
0 0.7488537328125 0.849039628125 0.7748683015625 0.8447038671874999 0.8049476453125 0.20951482812500002 0.7797460328125 0.20951482812500002 0.7488537328125 0.849039628125
0 0.7821848984375 0.8436199265625 0.8057606015625 0.8512075093749999 0.8366529 0.21385058906249999 0.80657355625 0.21059876875 0.7821848984375 0.8436199265625
0 0.8106383328125 0.8479556890625 0.8350269906250001 0.8447038671874999 0.8634804234375 0.2171024109375 0.8399047218750001 0.219270290625 0.8106383328125 0.8479556890625
0 0.8382788109374999 0.8447038671874999 0.8594156484375001 0.84036810625 0.8959986343749999 0.22035423125000003 0.86835815625 0.2171024109375 0.8382788109374999 0.8447038671874999
0 0.8618545140625 0.8436199265625 0.8846172609374999 0.8436199265625 0.921200246875 0.1455623484375 0.9000634109375 0.14447840781250001 0.8618545140625 0.8436199265625
0 0.8919338578125 0.8447038671874999 0.9146966046875 0.8479556890625 0.9585961890625001 0.1553178109375 0.9309557109375 0.15314993125 0.8919338578125 0.8447038671874999
0 0.9155095609374999 0.8425359875 0.942337084375 0.8392841656250001 0.9829848468750001 0.15098205 0.95940914375 0.149898109375 0.9155095609374999 0.8425359875
0 0.942337084375 0.84036810625 0.964286875 0.8457878078125001 0.999747984375 0.15154569843750001 0.9846107578125001 0.14881416875 0.942337084375 0.84036810625