0 0.2610805796875 0.078358046875 0.22368463906249997 0.044755896875 0.002560809375 0.521689646875 0.0009348984375 0.6311676203125 0.2610805796875 0.078358046875
0 0.3163615375 0.11521201875 0.2716489984375 0.0740222859375 0.002560809375 0.6300836796875 0 0.7355510749999999 0.3163615375 0.11521201875
0 0.002560809375 0.7449813562500001 0.005812629687499999 0.7688280437499999 0.329368821875 0.14881416875 0.3131097171875 0.1303871828125 0.002560809375 0.7449813562500001
0 0.3683906734375 0.1466462890625 0.34237610625000003 0.123883540625 0.013129226562499999 0.7634083421875 0.0269494671875 0.7840032078125 0.3683906734375 0.1466462890625
0 0.027762421875 0.7753316859375 0.0440215265625 0.79050685 0.3879016 0.1564017515625 0.37001658437499996 0.136890825 0.027762421875 0.7753316859375
0 0.3935922875 0.22794181406249997 0.3708295390625 0.19759148437500001 0.057841765625 0.7742477453125 0.078978603125 0.79267473125 0.3935922875 0.22794181406249997
0 0.09442475312500001 0.7742477453125 0.1180004546875 0.7894229109374999 0.43424005 0.232277575 0.4122902578125 0.2051790671875 0.09442475312500001 0.7742477453125
0 0.4765137234375 0.2301096953125 0.45862870781250004 0.198675425 0.12938182812500001 0.767744103125 0.1545834421875 0.7807513875 0.4765137234375 0.2301096953125
0 0.1740943671875 0.7569047 0.2074255328125 0.781835328125 0.577320175 0.18675208125 0.5488667406250001 0.1466462890625 0.1740943671875 0.7569047
0 0.6521120578125 0.18783602187499998 0.6130902046875 0.147730228125 0.232627146875 0.7482331765625 0.2570158046875 0.767744103125 0.6521120578125 0.18783602187499998
0 0.27977855156250003 0.736309834375 0.3147356265625 0.7688280437499999 0.717148478125 0.2019272453125 0.689508 0.1585696328125 0.27977855156250003 0.736309834375
0 0.799256959375 0.2257739328125 0.7586091953125 0.17699661718749998 0.33668541875 0.73089013125 0.36351294218749997 0.7601565203125 0.799256959375 0.2257739328125
0 0.8277103921875 0.24420091875 0.4196068546875 0.698371921875 0.4407436921875 0.7449813562500001 0.8512860953124999 0.30164975781250003 0.8277103921875 0.24420091875
0 0.48952100625000006 0.698371921875 0.507406021875 0.7384777140625001 0.999747984375 0.2849462359375 0.9837978015625 0.235529396875 0.48952100625000006 0.698371921875
0 0.5504926515624999 0.7406455953125 0.9968050859375 0.3818613421875 0.999747984375 0.358198925 0.997618040625 0.327664325 0.5382983218749999 0.7059595046875 0.5504926515624999 0.7406455953125