0 0.157812 0.18125 0.142187 0.185938 0.140625 0.1875 0.117188 0.815625 0.121875 0.821875 0.1375 0.825 0.153125 0.826562 0.165625 0.823438 0.190625 0.185938 0.175 0.182812 0.157812 0.18125
0 0.192188 0.196875 0.171875 0.820312 0.184375 0.823438 0.196875 0.825 0.20781299999999997 0.825 0.22968700000000003 0.19375 0.22343799999999997 0.19375 0.20625 0.192188 0.19531199999999999 0.19375 0.192188 0.196875
0 0.275 0.110937 0.234375 0.107813 0.23125 0.109375 0.20781299999999997 0.845313 0.248438 0.845313 0.275 0.110937
0 0.279687 0.110937 0.25625 0.845313 0.298438 0.846875 0.32031200000000004 0.114062 0.30468799999999996 0.109375 0.28125 0.110937 0.279687 0.110937
0 0.36875 0.115625 0.340625 0.110937 0.329688 0.110937 0.328125 0.110937 0.30781200000000003 0.846875 0.32343700000000003 0.848437 0.346875 0.846875 0.36875 0.115625
0 0.4125 0.173437 0.376563 0.171875 0.35156200000000004 0.845313 0.38593700000000003 0.845313 0.4125 0.173437
0 0.4125 0.178125 0.389062 0.84375 0.425 0.845313 0.44531200000000004 0.178125 0.420312 0.175 0.4125 0.176563 0.4125 0.178125
0 0.485938 0.175 0.45 0.173437 0.42656299999999997 0.854688 0.4625 0.854688 0.485938 0.175
0 0.525 0.176563 0.48906299999999997 0.178125 0.48906299999999997 0.18125 0.467187 0.853125 0.503125 0.85625 0.525 0.176563
0 0.58125 0.176563 0.539062 0.171875 0.535937 0.173437 0.515625 0.851562 0.5625 0.853125 0.58125 0.176563
0 0.576562 0.854688 0.595313 0.854688 0.6125 0.851562 0.6375 0.17968800000000001 0.610938 0.176563 0.595313 0.178125 0.59375 0.178125 0.56875 0.85 0.576562 0.854688
0 0.679688 0.2 0.639062 0.19531199999999999 0.617188 0.8375 0.657813 0.839063 0.679688 0.2
0 0.726562 0.2 0.707812 0.196875 0.689063 0.2 0.6875 0.201563 0.66875 0.840625 0.714063 0.839063 0.734375 0.2 0.726562 0.2
0 0.759375 0.190625 0.745313 0.189062 0.720313 0.839063 0.745313 0.834375 0.771875 0.192188 0.759375 0.190625
0 0.779687 0.189062 0.754687 0.839063 0.779687 0.8375 0.803125 0.19531199999999999 0.80625 0.190625 0.78125 0.189062 0.779687 0.189062
0 0.79375 0.842187 0.820312 0.8375 0.840625 0.2875 0.815625 0.282813 0.790625 0.842187 0.79375 0.842187
0 0.85625 0.3 0.84375 0.295312 0.840625 0.29218700000000003 0.820312 0.828125 0.834375 0.828125 0.85625 0.3
0 0.870313 0.25 0.8625 0.25 0.860938 0.246875 0.8375 0.826562 0.846875 0.828125 0.870313 0.25
0 0.890625 0.25 0.871875 0.248438 0.85 0.829688 0.864062 0.832812 0.871875 0.828125 0.890625 0.25
0 0.915625 0.248438 0.90625 0.246875 0.882812 0.83125 0.892188 0.832812 0.915625 0.248438
0 0.892188 0.83125 0.90625 0.832812 0.914062 0.83125 0.935937 0.251563 0.93125 0.251563 0.917188 0.248438 0.892188 0.83125