0 0.056215856249999994 0.9639373046875 0.0862952 0.9639373046875 0.06597131875 0.21059876875 0.028575376562499998 0.20951482812500002 0.056215856249999994 0.9639373046875
0 0.0822304234375 0.9650212453125 0.1155615890625 0.9671891265625 0.089547021875 0.21385058906249999 0.0643454078125 0.211682709375 0.0822304234375 0.9650212453125
0 0.1180004546875 0.9671891265625 0.1423891125 0.9682730656249999 0.12369114218749999 0.2084308875 0.09117293125 0.21059876875 0.1180004546875 0.9671891265625
0 0.139950246875 0.9639373046875 0.1716555015625 0.9661051859375 0.161087084375 0.207346946875 0.124504096875 0.207346946875 0.139950246875 0.9639373046875
0 0.1700295921875 0.9661051859375 0.20661257812499997 0.9661051859375 0.1919793828125 0.21385058906249999 0.160274128125 0.21059876875 0.1700295921875 0.9661051859375
0 0.20173484687499998 0.9650212453125 0.23018828125000002 0.9628533640624999 0.21718099687499998 0.21385058906249999 0.18384983125 0.21385058906249999 0.20173484687499998 0.9650212453125
0 0.2277494140625 0.970440946875 0.2822174171875 0.9682730656249999 0.275713775 0.08160986875000001 0.21474213125000002 0.0794419875 0.2277494140625 0.970440946875
0 0.2854692375 0.9693570062499999 0.3318076875 0.9715248875 0.32774291093749996 0.08269380781249999 0.275713775 0.08160986875000001 0.2854692375 0.9693570062499999
0 0.33424655312499996 0.9715248875 0.390340465625 0.9715248875 0.39521819687500004 0.10328867500000001 0.33587246406250004 0.10112079375000001 0.33424655312499996 0.9715248875
0 0.3879016 0.972608828125 0.421232765625 0.9715248875 0.43098822812500004 0.10328867500000001 0.3887145546875 0.0989529140625 0.3879016 0.972608828125
0 0.42041980937499995 0.9780285296875 0.45456393124999994 0.9736927671875 0.4651323484375 0.10654049531250001 0.4252975421875 0.10003685312499999 0.42041980937499995 0.9780285296875
0 0.456189840625 0.9758606484374999 0.4992764703125 0.9736927671875 0.5090319328125 0.069686525 0.4578157515625 0.06643470312500001 0.456189840625 0.9758606484374999
0 0.4992764703125 0.9758606484374999 0.5553703828125001 0.9758606484374999 0.5602481140625 0.223606053125 0.5065930671875 0.2181863515625 0.4992764703125 0.9758606484374999
0 0.5521185609375 0.9780285296875 0.600082921875 0.9769445890625 0.6220327125 0.046923776562500005 0.5716294875 0.044755896875 0.5521185609375 0.9780285296875
0 0.6008958765625 0.9758606484374999 0.6317881765625 0.9791124703125 0.6374788625 0.31574098125 0.6130902046875 0.31357310156249996 0.6008958765625 0.9758606484374999
0 0.6317881765625 0.9747767078124999 0.6651193421875 0.980196409375 0.6724359390625 0.2149345296875 0.6415436390625 0.21059876875 0.6317881765625 0.9747767078124999
0 0.6626804765625 0.9758606484374999 0.6984505078125001 0.980196409375 0.7187743890625 0.1076244359375 0.6675582078125 0.10654049531250001 0.6626804765625 0.9758606484374999
0 0.7008893734375 0.9747767078124999 0.7366594046875 0.9736927671875 0.7545444203125 0.22685787343750002 0.712270746875 0.219270290625 0.7008893734375 0.9747767078124999
0 0.739911225 0.9758606484374999 0.770803525 0.980196409375 0.786249675 0.1694090359375 0.7529185093749999 0.1661572140625 0.739911225 0.9758606484374999
0 0.7691776140625 0.980196409375 0.798444003125 0.9823642906250001 0.8122642421874999 0.173744796875 0.7878755859375 0.1694090359375 0.7691776140625 0.980196409375
0 0.8000699140625 0.9758606484374999 0.8464083640625001 0.984532171875 0.8707970218750001 0.11087625781249999 0.8179549296875 0.104372615625 0.8000699140625 0.9758606484374999
0 0.8464083640625001 0.98344823125 0.8846172609374999 0.980196409375 0.9073800078125001 0.114128078125 0.8716099765624999 0.10870837656250001 0.8464083640625001 0.98344823125
0 0.8886820375 0.9823642906250001 0.9203872921875 0.9888679328125001 0.9439629937499999 0.11521201875 0.906567053125 0.11521201875 0.8886820375 0.9823642906250001
0 0.921200246875 0.9791124703125 0.9716034734375001 0.9823642906250001 0.9959921312500001 0.11954777968750001 0.9439629937499999 0.11521201875 0.921200246875 0.9791124703125