0 0.034363917187499995 0.795355903125 0.11084234531249999 0.7888454859375 0.0856207375 0.1041666671875 0.005175271875 0.09982638906249999 0.034363917187499995 0.795355903125
0 0.1165375484375 0.785590278125 0.189761575 0.785590278125 0.1702351671875 0.1085069453125 0.095507303125 0.1052517359375 0.1165375484375 0.785590278125
0 0.20033837812500002 0.7845052078125 0.2475271953125 0.7834201390625 0.235323190625 0.1551649296875 0.180811971875 0.15407986093749998 0.20033837812500002 0.7845052078125
0 0.2564768 0.7790798609375 0.317496821875 0.775824653125 0.30936081875 0.18012152812499999 0.2393911921875 0.17795138906250002 0.2564768 0.7790798609375
0 0.326446425 0.776909721875 0.3752624421875 0.775824653125 0.38095764375 0.7736545140625 0.3736352421875 0.1627604171875 0.3598040375 0.1627604171875 0.3410912296875 0.1671006953125 0.3240056234375 0.1627604171875 0.3168614703125 0.1627604171875 0.326446425 0.776909721875
0 0.43546886406249996 0.1573350703125 0.376269021875 0.1551649296875 0.387466446875 0.775824653125 0.420824059375 0.7779947921875 0.4362824640625 0.776909721875 0.43546886406249996 0.1573350703125
0 0.4973024875 0.1627604171875 0.4405593875 0.16059027812499999 0.440350465625 0.7736545140625 0.45987687343749994 0.775824653125 0.4916072859375 0.7747395828125 0.4973024875 0.1627604171875
0 0.4989296875 0.775824653125 0.5558817078125 0.771484375 0.5648313125 0.15842013906250002 0.50647735625 0.1551649296875 0.4989296875 0.775824653125
0 0.5623905109375 0.7682291671875 0.58598491875 0.7649739578125 0.6030705265625 0.15190972187500001 0.5772781375 0.14865451406250002 0.5623905109375 0.7682291671875
0 0.586891946875 0.7541232640625 0.6088591546875 0.756293403125 0.6267583609375 0.1595052078125 0.60413360625 0.1573350703125 0.586891946875 0.7541232640625
0 0.6129271562499999 0.7552083328125 0.654420771875 0.7541232640625 0.6788287796875 0.14431423593749998 0.6324535640625 0.1399739578125 0.6129271562499999 0.7552083328125
0 0.6576751734374999 0.751953125 0.6983551875 0.7508680546875001 0.725203996875 0.146484375 0.6830724078125 0.14431423593749998 0.6576751734374999 0.751953125
0 0.705677590625 0.7497829859375 0.739035203125 0.7486979171875 0.7691384140624999 0.1725260421875 0.7300855984375 0.16818576406250002 0.705677590625 0.7497829859375
0 0.7780880171875 0.7508680546875001 0.793546421875 0.7508680546875001 0.8391080390625 0.16059027812499999 0.787239075 0.1529947921875 0.74961200625 0.7454427078125 0.7561208078125 0.747612846875 0.7780880171875 0.7508680546875001
0 0.8090048281250001 0.7443576390625 0.827717634375 0.7411024296875001 0.8708384499999999 0.1453993046875 0.8539708453125 0.14431423593749998 0.8090048281250001 0.7443576390625
0 0.8350400375 0.7400173609375 0.8561936453125 0.7400173609375 0.9001280609375 0.1453993046875 0.8775711062499999 0.14431423593749998 0.8350400375 0.7400173609375
0 0.859448046875 0.7389322921875 0.8830424546875 0.7389322921875 0.9302312718750001 0.146484375 0.9052403765625 0.14431423593749998 0.859448046875 0.7389322921875
0 0.8887376578125 0.736762153125 0.913145665625 0.736762153125 0.962775284375 0.1475694453125 0.9361648562499999 0.1453993046875 0.8887376578125 0.736762153125
0 0.9139592671875001 0.736762153125 0.9269768703124999 0.7356770828125 0.9757928890625 0.18771701406250002 0.9595208828124999 0.19097222187500001 0.9139592671875001 0.736762153125
0 0.9302312718750001 0.7313368046875001 0.945689678125 0.7302517359375 0.9920648953125 0.18988715312499999 0.976854959375 0.18771701406250002 0.9302312718750001 0.7313368046875001