0 0.03507901875 0.9097402875 0.069223140625 0.9021527062500001 0.022884690625000002 0.0382522546875 0.0017478531249999999 0.032832553125000004 0.002560809375 0.412211671875 0.03507901875 0.9097402875
0 0.093611796875 0.040420135937500004 0.020445825 0.0371683140625 0.068410184375 0.9043205859375 0.12938182812500001 0.9021527062500001 0.093611796875 0.040420135937500004
0 0.1342595609375 0.0393361953125 0.0952377078125 0.0382522546875 0.130194784375 0.9075724078125 0.1724684578125 0.9032366453125 0.1342595609375 0.0393361953125
0 0.1619000390625 0.0003143421875 0.139950246875 0.0046501046875 0.17490732343749998 0.9043205859375 0.1976700703125 0.9010687656249999 0.1619000390625 0.0003143421875
0 0.1919793828125 0.0046501046875 0.1594611734375 0.0046501046875 0.1919793828125 0.9054045265624999 0.2204328171875 0.9021527062500001 0.1919793828125 0.0046501046875
0 0.2310012359375 0.0859456296875 0.1952312046875 0.0794419875 0.22531054843749998 0.8956490640625001 0.2618935359375 0.8989008843749999 0.2310012359375 0.0859456296875
0 0.275713775 0.08919745 0.2334401015625 0.08269380781249999 0.26514535625 0.899984825 0.2976635671875 0.896733003125 0.275713775 0.08919745
0 0.31067085 0.088113509375 0.2773396859375 0.0848616890625 0.2968506109375 0.8989008843749999 0.324491090625 0.8956490640625001 0.31067085 0.088113509375
0 0.34156315 0.0989529140625 0.309044940625 0.0946171515625 0.326117 0.8913133015625 0.354570434375 0.8934811828125 0.34156315 0.0989529140625
0 0.3887145546875 0.054511359375 0.3374983734375 0.046923776562500005 0.35782225625 0.8945651234374999 0.3935922875 0.8913133015625 0.3887145546875 0.054511359375
0 0.41798094375000006 0.056679240625 0.379772046875 0.05342741875 0.3862756890625 0.8858936 0.42367163124999996 0.886977540625 0.41798094375000006 0.056679240625
0 0.43911778124999995 0.2040951265625 0.4187939 0.2019272453125 0.421232765625 0.886977540625 0.44806028906249995 0.8891454218750001 0.43911778124999995 0.2040951265625
0 0.466758259375 0.2019272453125 0.44318255781250004 0.2040951265625 0.44562142343750005 0.886977540625 0.4651323484375 0.8815578390625 0.466758259375 0.2019272453125
0 0.49521169374999996 0.19975936562500002 0.4626934828125 0.19975936562500002 0.4683841703125 0.8858936 0.4992764703125 0.884809659375 0.49521169374999996 0.19975936562500002
0 0.5358594562500001 0.07077046406250001 0.5009023796875 0.0653507625 0.500089425 0.8837257203125001 0.5252910375 0.8837257203125001 0.5358594562500001 0.07077046406250001
0 0.569190621875 0.06751864375 0.530981725 0.069686525 0.52041330625 0.8804738984375 0.5521185609375 0.88806148125 0.569190621875 0.06751864375
0 0.5976440562499999 0.0631828828125 0.5675647109375 0.07077046406250001 0.5545574265625001 0.886977540625 0.58138495 0.8891454218750001 0.5976440562499999 0.0631828828125
0 0.625284534375 0.18891996093750002 0.59195336875 0.1845842 0.579759040625 0.8772220781250001 0.6082124734375001 0.8761381374999999 0.625284534375 0.18891996093750002
0 0.670810028125 0.1097923171875 0.64316955 0.11087625781249999 0.6204068031250001 0.875054196875 0.64316955 0.8761381374999999 0.670810028125 0.1097923171875
0 0.706580059375 0.1845842 0.6651193421875 0.175912678125 0.6439825046875 0.87830601875 0.6830043578125 0.872886315625 0.706580059375 0.1845842
0 0.7561703296875 0.092449271875 0.707393015625 0.08919745 0.687069134375 0.8718023765625 0.722026209375 0.8674666140625 0.7561703296875 0.092449271875
0 0.8114512875000001 0.0848616890625 0.762673971875 0.078358046875 0.724465075 0.87830601875 0.7642998828125 0.8707184359375001 0.8114512875000001 0.0848616890625
0 0.8512860953124999 0.08269380781249999 0.8114512875000001 0.08160986875000001 0.7618610171875 0.865298734375 0.8049476453125 0.8696344953124999 0.8512860953124999 0.08269380781249999
0 0.8951856796875 0.08269380781249999 0.8512860953124999 0.0859456296875 0.8073865109374999 0.8674666140625 0.8480342734375 0.8642147937500001 0.8951856796875 0.08269380781249999
0 0.942337084375 0.08919745 0.8976245453124999 0.090281390625 0.854537915625 0.865298734375 0.8862431718750001 0.860962971875 0.942337084375 0.08919745
0 0.9919273546875 0.1325550640625 0.9431500390625001 0.123883540625 0.89355976875 0.8566272109374999 0.931768665625 0.85445933125 0.9919273546875 0.1325550640625
0 0.9333945765625 0.849039628125 0.972416428125 0.8512075093749999 0.999747984375 0.5776209671875 0.9992439515625 0.123883540625 0.9333945765625 0.849039628125