0 0.107891653125 0.21447997343749997 0.058889687499999996 0.20784012187499998 0.0775548875 0.8410047640625 0.1241699015625 0.8350848624999999 0.107891653125 0.21447997343749997
0 0.1286094109375 0.8370581640625 0.171524759375 0.8331115625000001 0.157466290625 0.21546663906250002 0.11159121875 0.21546663906250002 0.1286094109375 0.8370581640625
0 0.20852081406249998 0.2164532890625 0.1582062328125 0.21546663906250002 0.1722647015625 0.8370581640625 0.221099446875 0.836071546875 0.20852081406249998 0.2164532890625
0 0.223319225 0.836071546875 0.2672230203125 0.8350102609375 0.2566156140625 0.21842659062499997 0.21000065 0.217439940625 0.223319225 0.836071546875
0 0.283252765625 0.2164532890625 0.2573555578125 0.21546663906250002 0.268454353125 0.8400181468750001 0.296571290625 0.8390314640625001 0.283252765625 0.2164532890625
0 0.2980511765625 0.8419914484375 0.324189165625 0.8393505390625 0.311369703125 0.21447997343749997 0.28547249531249996 0.21546663906250002 0.2980511765625 0.8419914484375
0 0.3269080578125 0.8419914484375 0.345406034375 0.8400181468750001 0.3335673453125 0.28157240625 0.3158092609375 0.2835457078125 0.3269080578125 0.8419914484375
0 0.3526722390625 0.285965121875 0.3343072375 0.287492325 0.3468859203125 0.8410047640625 0.36390406249999996 0.8400181468750001 0.3526722390625 0.285965121875
0 0.3646440046875 0.8429780656249999 0.386038125 0.8393505390625 0.3750028578125 0.287492325 0.35502504375 0.286505675 0.3646440046875 0.8429780656249999
0 0.3898012703125 0.2233598578125 0.3757428015625 0.2233598578125 0.3861016546875 0.836071546875 0.401640009375 0.8350848624999999 0.3898012703125 0.2233598578125
0 0.40459968125 0.8390314640625001 0.41865815 0.836071546875 0.409039190625 0.2233598578125 0.3927609421875 0.2213865578125 0.40459968125 0.8390314640625001
0 0.41939809375000003 0.8429780656249999 0.4600941140625 0.8426057468750001 0.450474703125 0.2213865578125 0.4097791328125 0.22237320781249997 0.41939809375000003 0.8429780656249999
0 0.4600937125 0.8469247328125 0.4991566140625 0.8458609546875 0.49339010156249996 0.2213865578125 0.4519545890625 0.2213865578125 0.4600937125 0.8469247328125
0 0.513368015625 0.1868536828125 0.492650209375 0.188827 0.499309446875 0.8656711203125 0.5185473671875 0.8646844375 0.513368015625 0.1868536828125
0 0.5215071390625 0.8656711203125 0.539032915625 0.8621369968750001 0.5318659421875 0.18586703124999998 0.5148478015625 0.18488038281250002 0.5215071390625 0.8656711203125
0 0.5666422171875001 0.25394611562499997 0.5363055015625 0.2569060671875 0.54370473125 0.8508713328124999 0.5703418828125 0.8488980328125001 0.5666422171875001 0.25394611562499997
0 0.596239040625 0.2559194171875 0.569601890625 0.2569060671875 0.57182166875 0.8469247328125 0.5984588203125 0.8410047640625 0.596239040625 0.2559194171875
0 0.6539528015625 0.21546663906250002 0.6016956765625 0.2154356078125 0.602898378125 0.8479113500000001 0.652473015625 0.8439647484374999 0.6539528015625 0.21546663906250002
0 0.7131865625 0.2165206765625 0.659132253125 0.2164532890625 0.6569124734375 0.8479113500000001 0.70574721875 0.8469247328125 0.7131865625 0.2165206765625
0 0.727835 0.8697324828124999 0.8011970265624999 0.8666578046875 0.8182151671875 0.188827 0.7346041484375 0.18784035 0.727835 0.8697324828124999
0 0.9141956765625 0.18722380156250001 0.8293139640625 0.18784035 0.8108159359375 0.8686311046874999 0.8892475031249999 0.8656711203125 0.9141956765625 0.18722380156250001