0 0.137731053125 0.8592119890625 0.1599286265625 0.8603960078125 0.201527 0.1491477296875 0.182126259375 0.14763770781250002 0.137731053125 0.8592119890625
0 0.1617044296875 0.8556600859374999 0.1812383265625 0.8544760671875 0.2220348125 0.1556581453125 0.204323890625 0.155925590625 0.1617044296875 0.8556600859374999
0 0.238064215625 0.1618455125 0.22563359218749998 0.15947755156250001 0.183014190625 0.8568440265625 0.19957387499999998 0.8574810625 0.238064215625 0.1618455125
0 0.203435959375 0.8592119890625 0.2220819859375 0.8580280468750001 0.2571910625 0.1582623125 0.24250375468750002 0.1582935703125 0.203435959375 0.8592119890625
0 0.22474566093749998 0.8580280468750001 0.2771320109375 0.8592119890625 0.3079723125 0.1960227296875 0.2584860453125 0.1890771390625 0.22474566093749998 0.8580280468750001
0 0.280683678125 0.8603960078125 0.33484583125 0.8615800281249999 0.3588192078125 0.196181040625 0.315311934375 0.1926291 0.280683678125 0.8603960078125
0 0.33484583125 0.8603960078125 0.40321447343749994 0.8639479890624999 0.422230125 0.1947206453125 0.364146678125 0.1938130796875 0.33484583125 0.8603960078125
0 0.49555655 0.20091698125000002 0.434291121875 0.196181040625 0.4067660796875 0.8651319296875 0.4749645 0.8678977296875001 0.49555655 0.20091698125000002
0 0.47779839687500003 0.867499890625 0.5070992421875 0.871051871875 0.529652 0.1843039796875 0.5035476359375 0.1819732375 0.47779839687500003 0.867499890625
0 0.51065085 0.8698678515625 0.5408396875 0.8722358109374999 0.5638316875 0.1869081453125 0.5364000890625 0.18434121718750002 0.51065085 0.8698678515625
0 0.5923380468749999 0.23406852968749997 0.5665888078125 0.2317005703125 0.5408396875 0.867499890625 0.57262075 0.8691998125 0.5923380468749999 0.23406852968749997
0 0.6198631484375 0.23406852968749997 0.595889653125 0.23288455 0.5728041484374999 0.8686839093750001 0.6029929859375 0.8686839093750001 0.6198631484375 0.23406852968749997
0 0.6820164484375 0.17605331562499998 0.6243026281249999 0.17723729531250002 0.61187194375 0.8663159500000001 0.672230125 0.8691998125 0.6820164484375 0.17605331562499998
0 0.6749132343750001 0.8686839093750001 0.7415060125 0.8746038515624999 0.74449575 0.1764914796875 0.6855680546875 0.17605331562499998 0.6749132343750001 0.8686839093750001
0 0.7832375421875 0.178421296875 0.7494972171875001 0.1796052765625 0.743281875 0.8722358109374999 0.785511375 0.8731060625 0.7832375421875 0.178421296875
0 0.7876770203125 0.8746038515624999 0.8258569437500001 0.8769718125000001 0.8177379374999999 0.1751893953125 0.7832375421875 0.17605331562499998 0.7876770203125 0.8746038515624999
0 0.9013287984374999 0.18078925625 0.8738038156249999 0.18078925625 0.892449721875 0.8781557531249999 0.9222301249999999 0.8757102296875001 0.9013287984374999 0.18078925625
0 0.927965909375 0.8769718125000001 0.9599304921874999 0.8769718125000001 0.9290660624999999 0.1816998125 0.9031046625 0.1819732375 0.927965909375 0.8769718125000001