0 0.1565105453125 0.8294270828125001 0.20435024375 0.82421875 0.1770132734375 0.20703125 0.12632775624999998 0.20833333281250002 0.12722093437499998 0.21223958281250002 0.1565105453125 0.8294270828125001
0 0.208255525 0.8255208328125001 0.2570715421875 0.8203125 0.22973457343749998 0.203125 0.1819915765625 0.20442708281250002 0.18189487499999998 0.2109375 0.208255525 0.8255208328125001
0 0.26976370781250003 0.1822916671875 0.2551189015625 0.1822916671875 0.2434030578125 0.1822916671875 0.23277282656249998 0.1848958328125 0.232663534375 0.1875 0.260000503125 0.8229166671874999 0.270740028125 0.82421875 0.2834321921875 0.8268229171874999 0.28831379375 0.82421875 0.3000296375 0.8190104171874999 0.26976370781250003 0.1822916671875
0 0.318579725 0.1783854171875 0.31565076406250003 0.1783854171875 0.3039349203125 0.1796875 0.2931953953125 0.1796875 0.2786712640625 0.1796875 0.27757427031250004 0.1822916671875 0.30588756093749997 0.8229166671874999 0.31467444375000003 0.8229166671874999 0.3263902875 0.82421875 0.3361534921875 0.8229166671874999 0.3459166953125 0.8190104171874999 0.318579725 0.1783854171875
0 0.35177461718749997 0.8177083328125001 0.36544310156250004 0.81640625 0.3381061328125 0.203125 0.3245697015625 0.20182291718749998 0.32248500625 0.20442708281250002 0.35177461718749997 0.8177083328125001
0 0.3683720640625 0.8125 0.3878984703125 0.8125 0.35665621875000003 0.20052083281250002 0.3421478265625 0.20182291718749998 0.34103509375 0.203125 0.3683720640625 0.8125
0 0.4279276046875 0.80859375 0.39863799375000003 0.20182291718749998 0.3587504140625 0.2031249671875 0.3918037515625 0.8111979171874999 0.4279276046875 0.80859375
0 0.43280920624999997 0.8098958328125001 0.468933059375 0.8059895828125001 0.4367144890625 0.20182291718749998 0.4026947015625 0.203125 0.399614315625 0.20442708281250002 0.43280920624999997 0.8098958328125001
0 0.47674362343750004 0.20052083281250002 0.4388275140625 0.203125 0.47283834062499996 0.80859375 0.5079858749999999 0.8059895828125001 0.47674362343750004 0.20052083281250002
0 0.5070095546875 0.20833333281250002 0.4837493890625 0.2109375 0.51189115625 0.8072916671874999 0.5382518046875 0.8059895828125001 0.5070095546875 0.20833333281250002
0 0.5411807671875 0.20833333281250002 0.5169525140625 0.20833333281250002 0.5411807671875 0.8033854171874999 0.5675414156249999 0.8020833328125001 0.5411807671875 0.20833333281250002
0 0.5499676499999999 0.24609375 0.54606236875 0.24609375 0.5714466984375 0.8046875 0.6095231921875001 0.7994791671875 0.5909731046875 0.2421875 0.551920290625 0.2421875 0.5499676499999999 0.24609375
0 0.6104995125 0.7942708328125 0.6495523265625 0.79296875 0.6339311999999999 0.23828125 0.5931243890625 0.24088541718749998 0.5909731046875 0.24088541718749998 0.6104995125 0.7942708328125
0 0.6534576078125001 0.7955729171875 0.6866525 0.7890625 0.6759129749999999 0.1861979171875 0.6399993890625 0.1861979171875 0.6388128015625 0.1875 0.6534576078125001 0.7955729171875
0 0.6778656171875 0.1901041671875 0.6876288203125 0.7864583328125 0.6954393828125001 0.7903645828125 0.7237526734374999 0.7890625 0.7178947515625 0.1875 0.6829681390625 0.1888020828125 0.6778656171875 0.1901041671875
0 0.726681634375 0.1979166671875 0.7276579546875 0.7877604171875 0.7471843625 0.7890625 0.764758128125 0.7877604171875 0.76671076875 0.19140625 0.7288665765625 0.19140625 0.726681634375 0.1979166671875
0 0.7862371765625 0.7877604171875 0.8038109421874999 0.7838541671875 0.8116215046875 0.19140625 0.7728118890625 0.19140625 0.7657344484374999 0.7838541671875 0.7862371765625 0.7877604171875