0 0.3102260765625 0.3092447921875 0.283495584375 0.30815972187499996 0.2711732609375 0.814887153125 0.298835671875 0.814887153125 0.3102260765625 0.3092447921875
0 0.3411428875 0.30707465312500004 0.3136062625 0.3059895828125 0.3029036734375 0.8181423609375 0.332193284375 0.8181423609375 0.3411428875 0.30707465312500004
0 0.3362612859375 0.8170572921874999 0.33951568593750003 0.8181423609375 0.34521088906249997 0.8203125 0.35822849375 0.8181423609375 0.3647372953125 0.30815972187499996 0.344530740625 0.3092447921875 0.3362612859375 0.8170572921874999
0 0.366503396875 0.3114149296875 0.36148289375 0.8170572921874999 0.3785685015625 0.8181423609375 0.38426370312499997 0.815972221875 0.386704503125 0.3114149296875 0.385077303125 0.3103298609375 0.37205969843750003 0.3125 0.366503396875 0.3114149296875
0 0.4086717125 0.3331163203125 0.388476053125 0.33203125 0.3915861046875 0.8192274296875001 0.4143669140625 0.8170572921874999 0.4086717125 0.3331163203125
0 0.42982532031250004 0.3309461796875 0.4096349078125 0.3342013890625 0.419248515625 0.8181423609375 0.44040212343749996 0.8181423609375 0.42982532031250004 0.3309461796875
0 0.4509789265625 0.322265625 0.4395885234375 0.322265625 0.43242136562500005 0.3233506953125 0.44447012499999994 0.8213975703124999 0.4566741296875 0.8203125 0.469691734375 0.8203125 0.47864133750000004 0.815972221875 0.4631829328125 0.322265625 0.46074213124999996 0.322265625 0.4509789265625 0.322265625
0 0.48108213906249997 0.3244357640625 0.46904245937500005 0.32769097187499996 0.48596374062500003 0.8235677078125001 0.49328614374999996 0.824652778125 0.5095581484375 0.824652778125 0.520134953125 0.8224826390625 0.502235746875 0.3255208328125 0.49409974375 0.3255208328125 0.48108213906249997 0.3244357640625
0 0.5412885609375 0.2658420140625 0.517870584375 0.2658420140625 0.52745735625 0.825737846875 0.553492565625 0.824652778125 0.5412885609375 0.2658420140625
0 0.5665101703125 0.341796875 0.54553985625 0.3407118046875 0.557560565625 0.8279079859375 0.5803413749999999 0.824652778125 0.5665101703125 0.341796875
0 0.5868501765625 0.824652778125 0.6104445859375 0.825737846875 0.5957997796875001 0.34613715312500004 0.571391771875 0.3483072921875 0.5835957765625001 0.8213975703124999 0.5868501765625 0.824652778125
0 0.6438021984375 0.27777777812500004 0.6147130328125 0.27777777812500004 0.6193941890625 0.830078125 0.6503110000000001 0.8311631953124999 0.6438021984375 0.27777777812500004
0 0.6828550124999999 0.27886284687499996 0.6554031375 0.2766927078125 0.659260603125 0.8311631953124999 0.690177415625 0.8333333328125001 0.6828550124999999 0.27886284687499996
0 0.7251622281250001 0.3504774296875 0.6944656375 0.3504774296875 0.6958726171875 0.8333333328125001 0.7300438296875 0.834418403125 0.7251622281250001 0.3504774296875
0 0.76909664375 0.3504774296875 0.7335281375 0.3504774296875 0.73492543125 0.8333333328125001 0.76746944375 0.834418403125 0.76909664375 0.3504774296875
0 0.796759053125 0.20182291718749998 0.78455505 0.20182291718749998 0.7804870484374999 0.8463541671874999 0.7926910515625 0.8485243046875001 0.796759053125 0.20182291718749998
0 0.813031059375 0.20182291718749998 0.8027013140625 0.20182291718749998 0.795131853125 0.8463541671874999 0.809776659375 0.8463541671874999 0.813031059375 0.20182291718749998
0 0.8260486640625 0.2766927078125 0.8149083453125 0.2766927078125 0.8114038593749999 0.83984375 0.8268622656250001 0.8409288203124999 0.8260486640625 0.2766927078125
0 0.846388671875 0.2821180546875 0.8284894656249999 0.27886284687499996 0.827675865625 0.83984375 0.8472022718750001 0.8387586796875001 0.846388671875 0.2821180546875
0 0.8797462843750001 0.2821180546875 0.8539708453125 0.2810329859375 0.8545246750000001 0.83984375 0.8773054828125 0.8409288203124999 0.8797462843750001 0.2821180546875
0 0.9074086937500001 0.283203125 0.884081521875 0.283203125 0.8854414859374999 0.83984375 0.9098494953125 0.8420138890625 0.9074086937500001 0.283203125