0 0.022071734375 0.136890825 0.0009348984375 0.1314711234375 0.052151079687500004 0.9379227374999999 0.0749138265625 0.9379227374999999 0.022071734375 0.136890825
0 0.08548224531250001 0.23336151562500002 0.0302012875 0.23336151562500002 0.0749138265625 0.9368387968749999 0.13263365 0.9400906171875001 0.08548224531250001 0.23336151562500002
0 0.12775591875 0.2301096953125 0.0822304234375 0.22685787343750002 0.1342595609375 0.9433424390624999 0.1716555015625 0.9422584984375 0.12775591875 0.2301096953125
0 0.2277494140625 0.9476782 0.1895405171875 0.235529396875 0.130194784375 0.235529396875 0.2277494140625 0.9476782
0 0.2391307890625 0.088113509375 0.1822239203125 0.0848616890625 0.22124577343750002 0.94551031875 0.273274909375 0.944426378125 0.2391307890625 0.088113509375
0 0.2789655953125 0.090281390625 0.2350660125 0.092449271875 0.2740878640625 0.9520139609375 0.3147356265625 0.9498460796874999 0.2789655953125 0.090281390625
0 0.309044940625 0.09786897343749999 0.2870951484375 0.10112079375000001 0.31148380625 0.9509300203125 0.3334335984375 0.9476782 0.309044940625 0.09786897343749999
0 0.33668541875 0.10112079375000001 0.3074190296875 0.10545655625000001 0.33668541875 0.944426378125 0.36188703125 0.94551031875 0.33668541875 0.10112079375000001
0 0.3862756890625 0.2181863515625 0.33993724062499997 0.22035423125000003 0.36351294218749997 0.9422584984375 0.4041607046875 0.93575485625 0.3862756890625 0.2181863515625
0 0.4228586765625 0.2257739328125 0.38302386875 0.2257739328125 0.4025347953125 0.9465942593750001 0.43505300468749997 0.9411745578125 0.4228586765625 0.2257739328125
0 0.45537688593750003 0.2463688 0.4220457203125 0.257208203125 0.43586595937499995 0.944426378125 0.46431939375000003 0.93575485625 0.45537688593750003 0.2463688
0 0.4838303203125 0.2463688 0.4504991546875 0.247452740625 0.456189840625 0.9433424390624999 0.4943987390625 0.944426378125 0.4838303203125 0.2463688
0 0.5163485296875 0.25612426250000003 0.482204409375 0.257208203125 0.49846351406249995 0.948762140625 0.528542859375 0.9530979015625001 0.5163485296875 0.25612426250000003
0 0.5504926515624999 0.1412265875 0.5187873953125 0.1412265875 0.527729903125 0.948762140625 0.5545574265625001 0.9498460796874999 0.5504926515624999 0.1412265875
0 0.57650721875 0.9465942593750001 0.5659388 0.0393361953125 0.561874025 0.0382522546875 0.54155014375 0.041504075 0.5513056062499999 0.9509300203125 0.57650721875 0.9465942593750001
0 0.6082124734375001 0.042588015624999996 0.563499934375 0.04367195625 0.5748813078125 0.9509300203125 0.6098383843749999 0.9509300203125 0.6082124734375001 0.042588015624999996
0 0.65373796875 0.16182145312500001 0.6041476984374999 0.16073751249999998 0.6090254296875 0.9498460796874999 0.655363878125 0.9476782 0.65373796875 0.16182145312500001
0 0.6960116421875 0.25937608437500004 0.6529250125 0.2647957859375 0.6594286546875 0.9498460796874999 0.6976375515625 0.9509300203125 0.6960116421875 0.25937608437500004
0 0.743163046875 0.25829214375 0.7000764171875 0.26046002343749997 0.6960116421875 0.9563497218749999 0.737472359375 0.9563497218749999 0.743163046875 0.25829214375
0 0.8252715265624999 0.08160986875000001 0.7529185093749999 0.0848616890625 0.7382853140625001 0.9563497218749999 0.8081994671875 0.9530979015625001 0.8252715265624999 0.08160986875000001
0 0.9252650234375001 0.11087625781249999 0.8301492578125 0.111960196875 0.80657355625 0.948762140625 0.8919338578125 0.9465942593750001 0.9252650234375001 0.11087625781249999
0 0.98054598125 0.9433424390624999 0.9943662203124999 0.600817290625 0.999747984375 0.1098790328125 0.9374593515624999 0.1130441375 0.8943727234375001 0.94551031875 0.98054598125 0.9433424390624999