0 0.11606670937500001 0.8120918921875001 0.16223771874999998 0.81564379375 0.16490145312499999 0.2568034125 0.11949574999999998 0.2572206453125 0.11606670937500001 0.8120918921875001
0 0.1702288625 0.8203797140625 0.20485712031249997 0.8227477546875 0.20485712031249997 0.2520674703125 0.1693409921875 0.2520674703125 0.1702288625 0.8203797140625
0 0.20752085468749998 0.821563734375 0.24303704375000001 0.821563734375 0.24570071875 0.25561943125000003 0.2092966578125 0.2532514703125 0.20752085468749998 0.821563734375
0 0.3078540765625 0.20707609843750002 0.251916059375 0.2035241390625 0.244812846875 0.8203797140625 0.3025266078125 0.8191957734375 0.3078540765625 0.20707609843750002
0 0.3682315734375 0.20589209843749998 0.311405684375 0.20470811875 0.311405684375 0.8203797140625 0.36949575 0.8184185625 0.3682315734375 0.20589209843749998
0 0.3717831796875 0.8239316953125 0.42328159843749996 0.82629965625 0.42328159843749996 0.239043646875 0.3682315734375 0.239043646875 0.3717831796875 0.8239316953125
0 0.47833174375 0.27456315625 0.4330485484375 0.2721951953125 0.4277211375 0.8251157140625001 0.473011375 0.8249289796875001 0.47833174375 0.27456315625
0 0.47389214687500003 0.8239316953125 0.5182874109375 0.82629965625 0.523792625 0.2780539796875 0.4818833515625 0.27456315625 0.47389214687500003 0.8239316953125
0 0.5191752828125 0.8286676171874999 0.5644584203125 0.8298516359375 0.57262075 0.2741477296875 0.528054359375 0.2733791765625 0.5191752828125 0.8286676171874999
0 0.5706737609375 0.832219596875 0.6514730875 0.83695551875 0.6673473125 0.2637310625 0.5839923171875 0.2627233328125 0.5706737609375 0.832219596875
0 0.7296086765625 0.2568034125 0.6772223265624999 0.2532514703125 0.6639037703125 0.8334035375 0.7161754375 0.8314393953125 0.7296086765625 0.2568034125
0 0.719841728125 0.8345875578124999 0.7784434203124999 0.8381395390625 0.7917619765625 0.2532514703125 0.7340481546875 0.25443545156249997 0.719841728125 0.8345875578124999
0 0.8192869593750001 0.832219596875 0.8654579671875 0.8310355765624999 0.8787765234375 0.271011215625 0.8333629374999999 0.2676373125 0.8192869593750001 0.832219596875
0 0.950696890625 0.26509129374999996 0.8991984125 0.2639073140625 0.8832161218750001 0.8464273609375 0.9339488749999999 0.8470643953125 0.950696890625 0.26509129374999996