0 0.003382034375 0.2805836140625 0.0041335984375 0.9930655765624999 0.0432148875 0.005010421875 0.016910173437500002 0.007014590625 0.003382034375 0.2805836140625
0 0.028935185937500003 0.9950697453125 0.078538359375 0.9940676609375 0.08680555625 0.159331409375 0.0454695765625 0.15031265 0.028935185937500003 0.9950697453125
0 0.08755711875 0.9950697453125 0.1055946375 0.9980759984375001 0.11311026875 0.007014590625 0.0943211875 0.008016675 0.08755711875 0.9950697453125
0 0.11160714218750001 0.9930655765624999 0.16271344375000002 0.9950697453125 0.164968134375 0.06914381875 0.11761964843749999 0.06914381875 0.11160714218750001 0.9930655765624999
0 0.1694775125 0.9920634921874999 0.197285353125 0.9970739140625 0.197285353125 0.094195928125 0.1694775125 0.09018759062500001 0.1694775125 0.9920634921874999
0 0.20329785937499997 0.9940676609375 0.228099446875 0.9940676609375 0.22434163125 0.0460958796875 0.20254629687499998 0.0460958796875 0.20329785937499997 0.9940676609375
0 0.234111953125 0.9920634921874999 0.25365259687499997 0.9940676609375 0.24764009062499998 0.053110470312500005 0.2303541359375 0.055114639062500005 0.234111953125 0.9920634921874999
0 0.269435425 0.9940676609375 0.3017526453125 0.9930655765624999 0.2822120015625 0.01002084375 0.2521494703125 0.008016675 0.269435425 0.9940676609375
0 0.310019840625 0.9940676609375 0.33557299218750003 0.9950697453125 0.31528078437499996 0.00601250625 0.28822450625 0.007014590625 0.310019840625 0.9940676609375
0 0.340833934375 0.9940676609375 0.3671386484375 0.9950697453125 0.34459175000000003 0.0491021328125 0.3227964171875 0.0481000484375 0.340833934375 0.9940676609375
0 0.37465428125 0.9940676609375 0.4009589953125 0.9920634921874999 0.3739027171875 0.0481000484375 0.353610509375 0.053110470312500005 0.37465428125 0.9940676609375
0 0.40697150000000004 0.9930655765624999 0.4422949734375 0.9950697453125 0.4137355703125 0.0561167234375 0.38292147656250003 0.055114639062500005 0.40697150000000004 0.9930655765624999
0 0.4475559171875 0.9940676609375 0.48287938906249994 0.9950697453125 0.45281685937500005 0.062129228125000005 0.422002765625 0.062129228125000005 0.4475559171875 0.9940676609375
0 0.49114658437500003 0.9930655765624999 0.515196609375 0.9950697453125 0.47987313593750003 0.009018759375000001 0.4603324921875 0.009018759375000001 0.49114658437500003 0.9930655765624999
0 0.5212091156249999 0.9910614078125001 0.5430044484375001 0.9910614078125001 0.5039231609375 0.003006253125 0.48814033125 0.00601250625 0.5212091156249999 0.9910614078125001
0 0.5512716453125 0.9940676609375 0.5835888640625 0.9920634921874999 0.544507575 0.0711479875 0.51294191875 0.0711479875 0.5512716453125 0.9940676609375
0 0.5896013703125 0.9960718296875 0.6234217171875 0.9930655765624999 0.57532166875 0.072150071875 0.5512716453125 0.075156325 0.5896013703125 0.9960718296875
0 0.627931096875 0.9930655765624999 0.6700186390625 0.9900593234375 0.6204154640625 0.005010421875 0.584340428125 0.003006253125 0.627931096875 0.9930655765624999
0 0.6760311453125001 0.9920634921874999 0.7166155609375 0.9970739140625 0.6617514421874999 0.007014590625 0.628682659375 0.00601250625 0.6760311453125001 0.9920634921874999
0 0.7218765031250001 0.9950697453125 0.7436718375 0.9950697453125 0.691062409375 0.005010421875 0.6700186390625 0.00200416875 0.7218765031250001 0.9950697453125
0 0.7489327796875 0.9950697453125 0.7699765515625 0.9950697453125 0.7136093078125 0.008016675 0.696323353125 0.009018759375000001 0.7489327796875 0.9950697453125
0 0.77448593125 0.9950697453125 0.797032828125 0.9910614078125001 0.7361562046875 0.007014590625 0.7218765031250001 0.007014590625 0.77448593125 0.9950697453125
0 0.8015422078125001 0.9900593234375 0.821082853125 0.9920634921874999 0.76246091875 0.01402918125 0.75043590625 0.011022928125000001 0.8015422078125001 0.9900593234375
0 0.8278469218750001 0.9940676609375 0.8789532234375 0.9980759984375001 0.8188281625 0.00601250625 0.772231240625 0.0040083375 0.8278469218750001 0.9940676609375
0 0.884214165625 0.9940676609375 0.9157798218750001 0.9910614078125001 0.8488906921874999 0.007014590625 0.8240891046875 0.007014590625 0.884214165625 0.9940676609375
0 0.9240470171874999 0.9960718296875 0.9511032953124999 0.9960718296875 0.8872204187499999 0.01002084375 0.8661766468750001 0.01002084375 0.9240470171874999 0.9960718296875
0 0.921792328125 0.08918550625 0.89999699375 0.08918550625 0.960122053125 0.9970739140625 0.9841720781250001 0.9930655765624999 0.9503517312499999 0.44492544531249995 0.921792328125 0.08918550625
0 0.9465939156250001 0.08918550625 0.9300595234375001 0.08918550625 0.9894330203124999 0.9930655765624999 0.9961970906250001 0.9930655765624999 0.9977002171875 0.776615359375 0.9465939156250001 0.08918550625