0 0.051338125 0.9281672734375 0.0903599765625 0.9249154531249999 0.052964034375 0.1694090359375 0.014755137500000001 0.1672411546875 0.051338125 0.9281672734375
0 0.0862952 0.9249154531249999 0.124504096875 0.9259993937500001 0.0862952 0.1694090359375 0.051338125 0.1661572140625 0.0862952 0.9249154531249999
0 0.12694296249999998 0.9238315125 0.15864821875 0.9216636312500001 0.1188134109375 0.1574856921875 0.0830433796875 0.1585696328125 0.12694296249999998 0.9238315125
0 0.1562093515625 0.9281672734375 0.175720278125 0.9281672734375 0.135072515625 0.0274128515625 0.109870903125 0.028496792187499998 0.1562093515625 0.9281672734375
0 0.175720278125 0.9292512140625 0.196044159375 0.9292512140625 0.15702230781249998 0.028496792187499998 0.13263365 0.025244970312499997 0.175720278125 0.9292512140625
0 0.20010893593749998 0.932503034375 0.226936459375 0.932503034375 0.19279233906249998 0.0165734484375 0.1545834421875 0.014405567187500001 0.20010893593749998 0.932503034375
0 0.22449759375 0.9303351546874999 0.2570158046875 0.9281672734375 0.2196198625 0.0165734484375 0.1903534734375 0.0176573875 0.22449759375 0.9303351546874999
0 0.2586417140625 0.9292512140625 0.288721059375 0.9238315125 0.26758422187500003 0.0176573875 0.2204328171875 0.01982526875 0.2586417140625 0.9292512140625
0 0.29197287968749996 0.9292512140625 0.32367813437500004 0.932503034375 0.30579311875 0.0122376859375 0.2659583125 0.014405567187500001 0.29197287968749996 0.9292512140625
0 0.3228651796875 0.9281672734375 0.3513186140625 0.93575485625 0.3326206421875 0.02958073125 0.29847652187499996 0.030664671875 0.3228651796875 0.9281672734375
0 0.3537574796875 0.934670915625 0.3822109125 0.9281672734375 0.364325896875 0.0317486125 0.3326206421875 0.0241610296875 0.3537574796875 0.934670915625
0 0.3822109125 0.9303351546874999 0.4049736609375 0.934670915625 0.3919663765625 0.0230770890625 0.3626999875 0.0274128515625 0.3822109125 0.9303351546874999
0 0.396031153125 0.9314190953124999 0.42936231718749995 0.934670915625 0.4228586765625 0.0263289109375 0.39521819687500004 0.0230770890625 0.396031153125 0.9314190953124999
0 0.43424005 0.9335869750000001 0.4732619015625 0.9335869750000001 0.47001008125 0.1466462890625 0.421232765625 0.149898109375 0.43424005 0.9335869750000001
0 0.4748878125 0.9335869750000001 0.5017153359375001 0.9281672734375 0.502528290625 0.15206599062499998 0.4602546171875 0.147730228125 0.4748878125 0.9335869750000001
0 0.49846351406249995 0.9400906171875001 0.527729903125 0.9433424390624999 0.533420590625 0.15314993125 0.4968376046875 0.1585696328125 0.49846351406249995 0.9400906171875001
0 0.5317946796874999 0.9368387968749999 0.5553703828125001 0.9411745578125 0.561874025 0.1466462890625 0.5326076359374999 0.1423105265625 0.5317946796874999 0.9368387968749999
0 0.5561833375 0.9400906171875001 0.5830108609375 0.9411745578125 0.5862626828125 0.14881416875 0.5561833375 0.1466462890625 0.5561833375 0.9400906171875001
0 0.584636771875 0.9379227374999999 0.6277234 0.9422584984375 0.6342270421875 0.076190165625 0.595205190625 0.0740222859375 0.584636771875 0.9379227374999999
0 0.6269104453125001 0.9422584984375 0.665932296875 0.9498460796874999 0.6781266265625 0.07727410625 0.6317881765625 0.0751062265625 0.6269104453125001 0.9422584984375
0 0.6699970734375 0.9433424390624999 0.6992634625 0.9390066765625 0.7147096125 0.1542338703125 0.6724359390625 0.15206599062499998 0.6699970734375 0.9433424390624999
0 0.6984505078125001 0.9390066765625 0.7309687171875 0.9368387968749999 0.7496666875 0.15098205 0.7130837015625 0.1542338703125 0.6984505078125001 0.9390066765625
0 0.737472359375 0.9400906171875001 0.7659257937499999 0.944426378125 0.7846237640625 0.15206599062499998 0.7472278218749999 0.1466462890625 0.737472359375 0.9400906171875001
0 0.7651128375 0.944426378125 0.819580840625 0.94551031875 0.8455954078125 0.032832553125000004 0.7870626296875 0.03391649375 0.7651128375 0.944426378125
0 0.8179549296875 0.9422584984375 0.8943727234375001 0.94551031875 0.92851684375 0.042588015624999996 0.8512860953124999 0.0393361953125 0.8179549296875 0.9422584984375
0 0.8894949921874999 0.9422584984375 0.9520925468750001 0.9368387968749999 0.997618040625 0.006817984375 0.9325816203124999 0.0024822234374999998 0.8894949921874999 0.9422584984375