0 0.08889630937500001 0.8343483609375 0.138618925 0.8307963812500001 0.10576647187499999 0.329971234375 0.0507163859375 0.3311552140625 0.08889630937500001 0.8343483609375
0 0.1954448140625 0.32878725468750003 0.12441249843749999 0.32878725468750003 0.151049609375 0.8284284203125001 0.216754515625 0.8201405968750001 0.1954448140625 0.32878725468750003
0 0.21941825 0.850924165625 0.286898959375 0.84618824375 0.2709167296875 0.3323391953125 0.1954448140625 0.333523175 0.21941825 0.850924165625
0 0.3579313359375 0.296819665625 0.28245948125 0.293267725 0.3001598125 0.8379498125 0.36325874687500004 0.8343483609375 0.3579313359375 0.296819665625
0 0.3703620203125 0.8319804015625 0.436066925 0.8331644218750001 0.4427379375 0.2962831453125 0.3703620203125 0.2956356859375 0.3703620203125 0.8319804015625
0 0.50887510625 0.338259096875 0.44849760937500005 0.3358911359375 0.44050646406249994 0.83553238125 0.4915660625 0.8405539796875001 0.50887510625 0.338259096875
0 0.5008839015625 0.8343483609375 0.5355122171875 0.8367163218749999 0.555042625 0.3340435625 0.5186420546875 0.3323391953125 0.5008839015625 0.8343483609375
0 0.595889653125 0.333523175 0.5594855937500001 0.3323391953125 0.5372880796875 0.8331644218750001 0.57262075 0.8366477296875001 0.595889653125 0.333523175
0 0.573692140625 0.8379003421875 0.6083203375 0.84145224375 0.633167625 0.3327414796875 0.595889653125 0.329971234375 0.573692140625 0.8379003421875
0 0.6660341578125 0.33470715625 0.6367333109375 0.33470715625 0.609208328125 0.840268303125 0.633167625 0.8444602296875001 0.6660341578125 0.33470715625
0 0.6358454390625 0.8450042234374999 0.6589309437499999 0.8485562046874999 0.6946910625 0.3366477296875 0.6678100203125 0.33470715625 0.6358454390625 0.8450042234374999
0 0.7521608328125 0.3276032734375 0.6971108671875 0.32641929375 0.6660341578125 0.8497401453125001 0.7161754375 0.8522727296875001 0.7521608328125 0.3276032734375
0 0.7175326359375 0.8367163218749999 0.7512729609375 0.840268303125 0.7903941875 0.3301373125 0.7530488234375 0.32878725468750003 0.7175326359375 0.8367163218749999
0 0.755712559375 0.8284284203125001 0.772582721875 0.8331644218750001 0.8143142515624999 0.3370751171875 0.791228628125 0.33470715625 0.755712559375 0.8284284203125001
0 0.776134328125 0.8343483609375 0.7992198328125 0.8343483609375 0.8411754374999999 0.3366477296875 0.8160899953125 0.33470715625 0.776134328125 0.8343483609375
0 0.8036593109375 0.840268303125 0.8294085515624999 0.840268303125 0.8812144999999999 0.3275331453125 0.8489424484375 0.3252352734375 0.8036593109375 0.840268303125
0 0.9128716109375 0.32641929375 0.8826827734375 0.3252352734375 0.8329601578125001 0.8367163218749999 0.8613731328125 0.8390842828125 0.9128716109375 0.32641929375