0 0.0651583640625 0.9400906171875001 0.10743203750000001 0.93575485625 0.0456474375 0.36777011718749997 0.0082514953125 0.36668617812500004 0.0651583640625 0.9400906171875001
0 0.10661908125 0.9368387968749999 0.14482797812499998 0.934670915625 0.093611796875 0.3688540578125 0.0472733484375 0.36668617812500004 0.10661908125 0.9368387968749999
0 0.14482797812499998 0.9379227374999999 0.170842546875 0.934670915625 0.1188134109375 0.2745512484375 0.089547021875 0.27780307031249996 0.14482797812499998 0.9379227374999999
0 0.1716555015625 0.934670915625 0.19279233906249998 0.9335869750000001 0.15295753125 0.2767191296875 0.1188134109375 0.2756351890625 0.1716555015625 0.934670915625
0 0.20010893593749998 0.934670915625 0.2204328171875 0.934670915625 0.1871016515625 0.2734673078125 0.1513316203125 0.27780307031249996 0.20010893593749998 0.934670915625
0 0.216368040625 0.9303351546874999 0.2415696546875 0.9259993937500001 0.21474213125000002 0.2734673078125 0.1797850546875 0.2745512484375 0.216368040625 0.9303351546874999
0 0.2391307890625 0.9314190953124999 0.2814044609375 0.9314190953124999 0.23994374375 0.08919745 0.1952312046875 0.0859456296875 0.2391307890625 0.9314190953124999
0 0.28059150625 0.922747571875 0.322052225 0.9259993937500001 0.288721059375 0.0870295703125 0.24400852031250003 0.088113509375 0.28059150625 0.922747571875
0 0.3163615375 0.9303351546874999 0.35782225625 0.9259993937500001 0.3383113296875 0.0946171515625 0.2927858359375 0.09353321249999999 0.3163615375 0.9303351546874999
0 0.3537574796875 0.9270833328125001 0.3887145546875 0.9238315125 0.3740813609375 0.102204734375 0.3350595078125 0.0967850328125 0.3537574796875 0.9270833328125001
0 0.385462734375 0.9259993937500001 0.41716798906249997 0.9249154531249999 0.41391616875 0.09786897343749999 0.37164249531250004 0.09786897343749999 0.385462734375 0.9259993937500001
0 0.415542078125 0.9216636312500001 0.44643437812500003 0.9216636312500001 0.4504991546875 0.102204734375 0.4098513921875 0.11087625781249999 0.415542078125 0.9216636312500001
0 0.45212506562500004 0.9194957515625 0.4732619015625 0.9238315125 0.48545623125 0.1076244359375 0.44643437812500003 0.10112079375000001 0.45212506562500004 0.9194957515625
0 0.472448946875 0.9184118109374999 0.4968376046875 0.9205796906250001 0.513096709375 0.1097923171875 0.482204409375 0.11087625781249999 0.472448946875 0.9184118109374999
0 0.4992764703125 0.9194957515625 0.5261039937499999 0.9194957515625 0.5391112765625 0.18891996093750002 0.5139096640624999 0.185668140625 0.4992764703125 0.9194957515625
0 0.523665128125 0.9173278703125 0.553744471875 0.912992109375 0.5724424421875 0.183500259375 0.5382983218749999 0.1845842 0.523665128125 0.9173278703125
0 0.5561833375 0.912992109375 0.57650721875 0.9119081687499999 0.5960181453125 0.30598551875 0.56675175625 0.30164975781250003 0.5561833375 0.912992109375
0 0.57650721875 0.910824228125 0.6017088312500001 0.9043205859375 0.6269104453125001 0.3103212796875 0.6017088312500001 0.30273369687499996 0.57650721875 0.910824228125
0 0.5984570109375 0.9151599890625001 0.6334140875000001 0.9173278703125 0.665932296875 0.114128078125 0.6309752203125 0.11087625781249999 0.5984570109375 0.9151599890625001
0 0.6236586234375 0.912992109375 0.6521120578125 0.9097402875 0.6903209546875 0.116295959375 0.665932296875 0.116295959375 0.6236586234375 0.912992109375
0 0.655363878125 0.9021527062500001 0.6773136703125 0.9075724078125 0.7130837015625 0.10328867500000001 0.6830043578125 0.0989529140625 0.655363878125 0.9021527062500001
0 0.6732488937500001 0.8718023765625 0.6846302671875 0.87397025625 0.7106448359375 0.3081533984375 0.6903209546875 0.3114052203125 0.6732488937500001 0.8718023765625
0 0.6951986859375 0.9075724078125 0.7147096125 0.912992109375 0.739911225 0.3699379984375 0.7187743890625 0.3699379984375 0.6951986859375 0.9075724078125
0 0.711457790625 0.910824228125 0.748040778125 0.9054045265624999 0.7927533171875 0.22685787343750002 0.7561703296875 0.22143817187499998 0.711457790625 0.910824228125
0 0.7472278218749999 0.9032366453125 0.7797460328125 0.896733003125 0.834214034375 0.22794181406249997 0.79112740625 0.2246899921875 0.7472278218749999 0.9032366453125
0 0.7805589875 0.8989008843749999 0.8203937953124999 0.9032366453125 0.8821783953125 0.22794181406249997 0.8309622140625 0.2246899921875 0.7805589875 0.8989008843749999
0 0.819580840625 0.9043205859375 0.8602286031249999 0.899984825 0.9309557109375 0.2257739328125 0.8862431718750001 0.2246899921875 0.819580840625 0.9043205859375
0 0.8618545140625 0.9064884671875 0.9000634109375 0.9097402875 0.9691646078125 0.223606053125 0.9277038890625 0.2257739328125 0.8618545140625 0.9064884671875
0 0.9992439515625 0.2246899921875 0.9968050859375 0.12930324375 0.8992504546875001 0.9010687656249999 0.9171354703124999 0.9043205859375 0.9992439515625 0.2246899921875
0 0.999747984375 0.414314515625 0.998430996875 0.232277575 0.9155095609374999 0.9043205859375 0.9358334421875 0.9032366453125 0.999747984375 0.414314515625