0 0.056215856249999994 0.042588015624999996 0.0245106015625 0.042588015624999996 0.032640153125 0.8945651234374999 0.061906542187500004 0.8945651234374999 0.056215856249999994 0.042588015624999996
0 0.08141746875 0.044755896875 0.056215856249999994 0.046923776562500005 0.0627194984375 0.8913133015625 0.09117293125 0.8934811828125 0.08141746875 0.044755896875
0 0.1131227234375 0.0393361953125 0.08141746875 0.040420135937500004 0.0903599765625 0.899984825 0.1171875 0.9043205859375 0.1131227234375 0.0393361953125
0 0.13913729218749998 0.1303871828125 0.11230976875000001 0.12821930312500002 0.1180004546875 0.8934811828125 0.14482797812499998 0.8945651234374999 0.13913729218749998 0.1303871828125
0 0.165964815625 0.126051421875 0.13913729218749998 0.1325550640625 0.13913729218749998 0.8989008843749999 0.1732814125 0.9021527062500001 0.165964815625 0.126051421875
0 0.196857115625 0.10112079375000001 0.16515185937500002 0.102204734375 0.17815914375 0.9021527062500001 0.2057996234375 0.9043205859375 0.196857115625 0.10112079375000001
0 0.23587896718749998 0.102204734375 0.19929598125 0.102204734375 0.20905144375 0.899984825 0.24726034062500002 0.9021527062500001 0.23587896718749998 0.102204734375
0 0.27083604375000003 0.104372615625 0.2391307890625 0.10112079375000001 0.24888625156250002 0.9032366453125 0.28059150625 0.9010687656249999 0.27083604375000003 0.104372615625
0 0.31148380625 0.2246899921875 0.278152640625 0.2257739328125 0.2846562828125 0.9032366453125 0.3179874484375 0.9054045265624999 0.31148380625 0.2246899921875
0 0.3431890609375 0.102204734375 0.3147356265625 0.10112079375000001 0.3163615375 0.9043205859375 0.35213156875 0.9021527062500001 0.3431890609375 0.102204734375
0 0.37489431562500003 0.10654049531250001 0.34156315 0.10654049531250001 0.3553833890625 0.9043205859375 0.3870886453125 0.8989008843749999 0.37489431562500003 0.10654049531250001
0 0.410664346875 0.1076244359375 0.379772046875 0.0989529140625 0.39521819687500004 0.9097402875 0.42611049687499997 0.899984825 0.410664346875 0.1076244359375
0 0.43424005 0.1423105265625 0.4098513921875 0.14339446718749999 0.4228586765625 0.9054045265624999 0.453750975 0.9054045265624999 0.43424005 0.1423105265625
0 0.4651323484375 0.14339446718749999 0.43505300468749997 0.1412265875 0.451312109375 0.9021527062500001 0.482204409375 0.9054045265624999 0.4651323484375 0.14339446718749999
0 0.4838303203125 0.13905870625 0.4602546171875 0.13905870625 0.477326678125 0.9054045265624999 0.503341246875 0.9075724078125 0.4838303203125 0.13905870625
0 0.5244780828125 0.2008433046875 0.48952100625000006 0.19650754374999999 0.5090319328125 0.9086563468750001 0.5488667406250001 0.9097402875 0.5244780828125 0.2008433046875
0 0.5724424421875 0.2051790671875 0.5301687687500001 0.2040951265625 0.5496796953125 0.9064884671875 0.5976440562499999 0.9054045265624999 0.5724424421875 0.2051790671875
0 0.5968311 0.10003685312499999 0.5700035765625 0.102204734375 0.600082921875 0.912992109375 0.6244715796875 0.9075724078125 0.5968311 0.10003685312499999
0 0.6285363546875 0.102204734375 0.5976440562499999 0.10545655625000001 0.6228456687499999 0.9043205859375 0.6512991031250001 0.910824228125 0.6285363546875 0.102204734375
0 0.6594286546875 0.2257739328125 0.6342270421875 0.22685787343750002 0.6488602359375 0.9010687656249999 0.6838173125 0.9043205859375 0.6594286546875 0.2257739328125
0 0.6927598203125 0.22794181406249997 0.655363878125 0.2290257546875 0.6797525359375001 0.912992109375 0.7179614328125 0.9194957515625 0.6927598203125 0.22794181406249997
0 0.7456019125 0.092449271875 0.696824596875 0.08919745 0.71958734375 0.9173278703125 0.7724294359375 0.91407605 0.7456019125 0.092449271875
0 0.799256959375 0.10003685312499999 0.7521055546875 0.10328867500000001 0.768364659375 0.9205796906250001 0.82120675 0.9184118109374999 0.799256959375 0.10003685312499999
0 0.849660184375 0.104372615625 0.801695825 0.0989529140625 0.8187678843749999 0.9216636312500001 0.8740488421875 0.9194957515625 0.849660184375 0.104372615625
0 0.8976245453124999 0.123883540625 0.855350871875 0.12821930312500002 0.8797395296875001 0.9249154531249999 0.9187613812500001 0.9249154531249999 0.8976245453124999 0.123883540625
0 0.9455889046875001 0.1314711234375 0.90331523125 0.1412265875 0.9236391125000001 0.922747571875 0.962660965625 0.922747571875 0.9455889046875001 0.1314711234375
0 0.979733025 0.02958073125 0.9455889046875001 0.0317486125 0.9634739203124999 0.9216636312500001 0.9894884890625001 0.9194957515625 0.979733025 0.02958073125