0 0.1296687578125 0.283203125 0.10119274687499999 0.2842881953125 0.2077743859375 0.796440971875 0.22567359374999998 0.796440971875 0.1296687578125 0.283203125
0 0.152449565625 0.2842881953125 0.1296687578125 0.2842881953125 0.23136879531250001 0.7996961796875001 0.2500816015625 0.7986111109375 0.152449565625 0.2842881953125
0 0.1622127703125 0.2745225703125 0.2574040046875 0.7921006953124999 0.26147200625 0.7975260421875 0.271235209375 0.7975260421875 0.28425281406249997 0.796440971875 0.29401601875 0.7942708328125 0.2053335859375 0.26909722187499996 0.1622127703125 0.2745225703125
0 0.29645681874999996 0.795355903125 0.3322552328125 0.795355903125 0.251708803125 0.26801215312500004 0.24682720156250001 0.2647569453125 0.2321823953125 0.2669270828125 0.2085879875 0.2712673609375 0.29645681874999996 0.795355903125
0 0.29564321875 0.2701822921875 0.25903120625 0.2712673609375 0.3355096328125 0.7996961796875001 0.3672400453125 0.8018663203124999 0.29564321875 0.2701822921875
0 0.3355096328125 0.26801215312500004 0.298957825 0.26909722187499996 0.36886724531250004 0.8029513890625 0.39815685625 0.806206596875 0.3355096328125 0.26801215312500004
0 0.355036040625 0.29730902812500004 0.339577634375 0.29839409687499996 0.403852059375 0.8072916671874999 0.4144288625 0.810546875 0.355036040625 0.29730902812500004
0 0.38025765 0.2951388890625 0.3624343875 0.2962239578125 0.42256486562499995 0.8127170140625 0.4347688703125 0.8127170140625 0.38025765 0.2951388890625
0 0.408733659375 0.2940538203125 0.3827794390625 0.2962239578125 0.4355824703125 0.8181423609375 0.45673607812499994 0.8181423609375 0.408733659375 0.2940538203125
0 0.4697536828125 0.8224826390625 0.4819576875 0.8203125 0.43802327031250005 0.29296875 0.4120763140625 0.2951388890625 0.4599904796875 0.8213975703124999 0.4697536828125 0.8224826390625
0 0.49497529218749997 0.8289930546875001 0.5031112953125 0.824652778125 0.46568568125 0.2918836796875 0.44218699062500005 0.2940538203125 0.48439848750000003 0.8268229171874999 0.49497529218749997 0.8289930546875001
0 0.5145016984375 0.830078125 0.524264903125 0.830078125 0.4941616921875 0.2918836796875 0.46904245937500005 0.2940538203125 0.5039248953125 0.8279079859375 0.5145016984375 0.830078125
0 0.5291465046875 0.835503471875 0.5380961078125 0.835503471875 0.5104336968750001 0.2907986109375 0.4975255328125 0.29296875 0.527519303125 0.835503471875 0.5291465046875 0.835503471875
0 0.5193833 0.2918836796875 0.513801575 0.2918836796875 0.5405369078125 0.834418403125 0.5462321109375 0.8376736109375 0.5193833 0.2918836796875
0 0.5478593109375 0.869140625 0.5641313171875 0.8723958328125001 0.5812169234375 0.8723958328125001 0.5559953140625 0.1378038203125 0.5307737046875001 0.1378038203125 0.512987771875 0.1399739578125 0.5478593109375 0.869140625
0 0.5732091265625 0.2549913203125 0.5860985249999999 0.8430989578125001 0.5877257250000001 0.8463541671874999 0.6088793328125 0.8506944453124999 0.629219340625 0.8517795140625 0.63816894375 0.8474392359375 0.6341009421875 0.2528211796875 0.5732091265625 0.2549913203125
0 0.7016297671875 0.24739583281250002 0.6391270953125 0.2528211796875 0.6422369453125001 0.8572048609375 0.6934937640625 0.863715278125 0.7016297671875 0.24739583281250002
0 0.7349873796875 0.24197048593749998 0.70732496875 0.244140625 0.695934565625 0.8615451390625 0.720342575 0.8615451390625 0.7349873796875 0.24197048593749998
0 0.766717790625 0.24088541718749998 0.73824178125 0.2430555546875 0.7252241749999999 0.8626302078125001 0.747191384375 0.8626302078125001 0.766717790625 0.24088541718749998
0 0.7894986 0.230034721875 0.7691585921875 0.23220486093749998 0.7537001859375 0.8615451390625 0.766717790625 0.8604600703124999 0.7894986 0.230034721875
0 0.7724129937499999 0.8713107640625 0.7878713984375 0.8713107640625 0.8114658078125 0.23111979218749998 0.7904942828125 0.2332899296875 0.7919394 0.234375 0.7724129937499999 0.8713107640625
0 0.8415690187499999 0.2159288203125 0.8263015749999999 0.220269096875 0.7951938015625 0.8702256953124999 0.7992618031250001 0.8767361109375 0.8578410249999999 0.8821614578125001 0.9009618406250001 0.209418403125 0.8814354328125 0.21158854218749998 0.860281825 0.21158854218749998 0.8415690187499999 0.2159288203125
0 1 0.2138242 0.9928986734375 0.2159288203125 0.968490665625 0.21701388906250002 0.954659459375 0.21701388906250002 0.9076817828125 0.22677951406250002 0.8619090265624999 0.8995225703124999 0.9318786515624999 0.913628471875 1 0.21602264531249998 1 0.2138242