0 0.2621788625 0.3233506953125 0.229784646875 0.32660590312500004 0.27438286562499997 0.815972221875 0.304486078125 0.8138020828125001 0.2621788625 0.3233506953125
0 0.3004180765625 0.3211805546875 0.2680333453125 0.3233506953125 0.30855407968750004 0.810546875 0.338657290625 0.8083767359375 0.3004180765625 0.3211805546875
0 0.3524884953125 0.3244357640625 0.30872345 0.3255208328125 0.3451660921875 0.8138020828125001 0.3874733078125 0.8018663203124999 0.3524884953125 0.3244357640625
0 0.3996773125 0.3200954859375 0.35511016875 0.3244357640625 0.392354909375 0.8040364578125001 0.433848525 0.795355903125 0.3996773125 0.3200954859375
0 0.44361172812499994 0.3895399296875 0.407813315625 0.3927951390625 0.43791652656249996 0.795355903125 0.47371493906250006 0.7931857640625 0.44361172812499994 0.3895399296875
0 0.5062589515625 0.795355903125 0.512767753125 0.7931857640625 0.48591894375000005 0.38519965312500004 0.4462560015625 0.3895399296875 0.478596540625 0.795355903125 0.5062589515625 0.795355903125
0 0.529853359375 0.3841145828125 0.4893875125 0.38628472187499996 0.5184629562499999 0.796440971875 0.55426136875 0.796440971875 0.529853359375 0.3841145828125
0 0.5827373796875001 0.7942708328125 0.5998229859374999 0.7942708328125 0.5746013765625 0.3797743046875 0.532519021875 0.3841145828125 0.563210971875 0.796440971875 0.5827373796875001 0.7942708328125
0 0.6088623828124999 0.2897135421875 0.5982855796875 0.2940538203125 0.585267975 0.2962239578125 0.572395325 0.2940538203125 0.60316718125 0.786675346875 0.611303184375 0.7921006953124999 0.6251343890625 0.7921006953124999 0.63652479375 0.7899305546875001 0.6430335953124999 0.785590278125 0.6121167843750001 0.2897135421875 0.6088623828124999 0.2897135421875
0 0.6511695984375 0.28754340312500004 0.63896559375 0.2897135421875 0.627575190625 0.2897135421875 0.6171544390625 0.2897135421875 0.646287996875 0.7801649296875001 0.6568647999999999 0.7845052078125 0.67069600625 0.7834201390625 0.680459209375 0.7779947921875 0.6576784015625 0.2842881953125 0.6552376 0.2842881953125 0.6511695984375 0.28754340312500004
0 0.7121896203125 0.29839409687499996 0.6749343875 0.2994791671875 0.6837136109374999 0.7725694453124999 0.716257621875 0.7682291671875 0.7121896203125 0.29839409687499996
0 0.7512424359375001 0.2951388890625 0.713816821875 0.29730902812500004 0.7178848234374999 0.7703993046875001 0.7512424359375001 0.7649739578125 0.7512424359375001 0.2951388890625
0 0.79273605 0.28862847187499996 0.7636388140625 0.2918836796875 0.7585648375 0.7801649296875001 0.7878544484375001 0.7779947921875 0.79273605 0.28862847187499996
0 0.8277208640625 0.28862847187499996 0.801073709375 0.2918836796875 0.78948165 0.776909721875 0.816330459375 0.7747395828125 0.8277208640625 0.28862847187499996