0 0.2377426765625 0.813479434375 0.1524769265625 0.2458175515625 0.117135653125 0.2491137421875 0.208145853125 0.8164393515624999 0.22516404375 0.8174260359375 0.2377426765625 0.813479434375
0 0.24292212812499997 0.8124927515625 0.2725189515625 0.80854615 0.19186760625 0.2431938234375 0.158571215625 0.245167140625 0.24292212812499997 0.8124927515625
0 0.2754786234375 0.8124927515625 0.30285566875000003 0.80854615 0.2273838234375 0.2431938234375 0.1948273265625 0.24418049062499997 0.2754786234375 0.8124927515625
0 0.2732588453125 0.24023387343749997 0.22960355312499997 0.24418049062499997 0.30581534062500004 0.8105194499999999 0.3428113953125 0.8075594671875 0.29471654375 0.4168448015625 0.2732588453125 0.24023387343749997
0 0.3169141859375 0.23826057343749998 0.27621856718750004 0.24023387343749997 0.347250903125 0.8095327671874999 0.382027128125 0.8095327671874999 0.350210575 0.513536825 0.3169141859375 0.23826057343749998
0 0.38498685 0.820385953125 0.424202634375 0.8223592546875 0.3648792703125 0.2360519265625 0.31913391562500004 0.2392472234375 0.38498685 0.820385953125
0 0.42864214218749996 0.8193993359375 0.46415831093750004 0.8213726359375 0.419404009375 0.2349668578125 0.376107784375 0.23727390625 0.42864214218749996 0.8193993359375
0 0.47451721406249997 0.7749999078124999 0.5026341515625 0.774013290625 0.47673699375 0.3181794765625 0.4478800625 0.3191661265625 0.47451721406249997 0.7749999078124999
0 0.506333815625 0.7473736343749999 0.535930540625 0.7463870171875 0.5162464578125 0.31960227343750003 0.4848761171875 0.3211394265625 0.506333815625 0.7473736343749999
0 0.5374104265625 0.7463870171875 0.5655273640625 0.7444136515625 0.5566483468750001 0.3181794765625 0.5270515234375 0.32015277656249996 0.5374104265625 0.7463870171875
0 0.56700725 0.7444136515625 0.5951241875 0.7424403500000001 0.592743853125 0.315261996875 0.5603479124999999 0.31719282656250003 0.56700725 0.7444136515625
0 0.5973439671875 0.7345471484375 0.6232412234375 0.7335604640625 0.6247210109375 0.35764562031249997 0.5936444015625 0.3586322703125 0.5973439671875 0.7345471484375
0 0.6654166296875 0.37047210625 0.6343400203125 0.3684988046875 0.6276806828125 0.7572402031250001 0.6557977203124999 0.7582268203125 0.661717065625 0.493803753125 0.6654166296875 0.37047210625
0 0.6594972859375 0.75033361875 0.6831747640625 0.75033361875 0.6987130203125 0.28660656875 0.6713359750000001 0.28759321875 0.6594972859375 0.75033361875
0 0.6876142234375 0.75230691875 0.7112917015625 0.7532935359375 0.739228228125 0.287050190625 0.7046324640625 0.28660656875 0.6876142234375 0.75230691875
0 0.7149912671875 0.7513202359375 0.7386687453125 0.75033361875 0.7717803125 0.285965121875 0.740888525 0.28660656875 0.7149912671875 0.7513202359375
0 0.74162841875 0.7513202359375 0.7712252421875 0.75033361875 0.8089611890624999 0.2895665203125 0.7734450203125001 0.2895665203125 0.74162841875 0.7513202359375
0 0.778624471875 0.7562535203125 0.8074813031250001 0.7572402031250001 0.8564157281250001 0.28813526093749997 0.820799878125 0.2895665203125 0.778624471875 0.7562535203125
0 0.8119208625000001 0.75230691875 0.8259793312499999 0.75230691875 0.8832711968750001 0.2827099140625 0.8659350578125 0.28265996718749997 0.8119208625000001 0.75230691875
0 0.827459215625 0.75230691875 0.842257578125 0.7513202359375 0.9019886453125 0.28162484375 0.883693090625 0.28463326875 0.827459215625 0.75230691875