0 0.117188 0.878125 0.123438 0.876563 0.135937 0.873437 0.1375 0.871875 0.076563 0.35468700000000003 0.039062 0.35468700000000003 0.104688 0.875 0.10625 0.875 0.117188 0.878125
0 0.175 0.871875 0.121875 0.353125 0.076563 0.35468700000000003 0.139063 0.876563 0.14843800000000001 0.88125 0.154688 0.879687 0.170313 0.878125 0.175 0.871875
0 0.16406199999999999 0.373437 0.126562 0.376563 0.176563 0.871875 0.20781299999999997 0.870313 0.16406199999999999 0.373437
0 0.196875 0.371875 0.1625 0.375 0.210938 0.875 0.242188 0.873437 0.196875 0.371875
0 0.2454876125 0.8751746031250001 0.26736261250000004 0.873612603125 0.22673761250000002 0.370487603125 0.20798761250000003 0.370487603125 0.2001746125 0.372049603125 0.2454876125 0.8751746031250001
0 0.29218700000000003 0.876563 0.253125 0.36875 0.225 0.36875 0.26875 0.875 0.27343799999999996 0.870313 0.279687 0.870313 0.2875 0.873437 0.29218700000000003 0.876563
0 0.296875 0.41875 0.259375 0.41875 0.29375 0.873437 0.31875 0.876563 0.296875 0.41875
0 0.321875 0.895312 0.357812 0.896875 0.33281299999999997 0.41875 0.296875 0.41875 0.321875 0.895312
0 0.373437 0.428125 0.33593799999999996 0.42968799999999996 0.373437 0.867188 0.40625 0.864062 0.373437 0.428125
0 0.415625 0.434375 0.37968799999999997 0.43281200000000003 0.407813 0.88125 0.44218799999999997 0.882812 0.415625 0.434375
0 0.46093799999999996 0.3625 0.42656299999999997 0.365625 0.44375 0.8875 0.47656200000000004 0.885938 0.46093799999999996 0.3625
0 0.503125 0.365625 0.467187 0.36718799999999996 0.48125 0.914062 0.5125 0.909375 0.503125 0.365625
0 0.53125 0.36875 0.504687 0.365625 0.514062 0.890625 0.534375 0.890625 0.53125 0.36875
0 0.5375 0.898438 0.564063 0.9 0.560937 0.36718799999999996 0.529687 0.37031200000000003 0.5375 0.898438
0 0.565625 0.89375 0.59375 0.890625 0.592187 0.360938 0.5625 0.3625 0.565625 0.89375
0 0.595313 0.895312 0.626563 0.89375 0.629687 0.360938 0.598437 0.3625 0.595313 0.895312
0 0.665625 0.359375 0.634375 0.360938 0.626563 0.898438 0.654687 0.895312 0.665625 0.359375
0 0.657813 0.9 0.685937 0.896875 0.696875 0.35625 0.66875 0.359375 0.657813 0.9
0 0.7375 0.403125 0.698438 0.404687 0.690625 0.903125 0.723437 0.901563 0.7375 0.403125
0 0.778125 0.39843799999999996 0.740625 0.40156200000000003 0.725 0.898438 0.75625 0.896875 0.778125 0.39843799999999996
0 0.7625 0.901563 0.801562 0.898438 0.826562 0.357812 0.784375 0.359375 0.7625 0.901563
0 0.803125 0.904687 0.84375 0.903125 0.876563 0.357812 0.829688 0.357812 0.803125 0.904687
0 0.917188 0.353125 0.882812 0.35468700000000003 0.845313 0.90625 0.873437 0.907813 0.917188 0.353125
0 0.876563 0.909375 0.904687 0.910937 0.953125 0.353125 0.91875 0.353125 0.876563 0.909375