0 0.1171875 0.896733003125 0.17490732343749998 0.8761381374999999 0.1366984265625 0.2756351890625 0.05052516875 0.278887009375 0.1171875 0.896733003125
0 0.16759072656250001 0.10545655625000001 0.1285688734375 0.104372615625 0.176533234375 0.8804738984375 0.2057996234375 0.8804738984375 0.16759072656250001 0.10545655625000001
0 0.20254780156250002 0.87397025625 0.2285623703125 0.8718023765625 0.21067735468749998 0.1097923171875 0.17490732343749998 0.1076244359375 0.20254780156250002 0.87397025625
0 0.27490082031249996 0.16290539375 0.21149030937500002 0.16182145312500001 0.2285623703125 0.865298734375 0.27083604375000003 0.8642147937500001 0.27490082031249996 0.16290539375
0 0.26514535625 0.865298734375 0.3074190296875 0.8598790328125 0.3253040453125 0.1748287375 0.26839717812499997 0.1704929765625 0.26514535625 0.865298734375
0 0.37733318125 0.17699661718749998 0.328555865625 0.17699661718749998 0.3025412984375 0.8512075093749999 0.344002015625 0.8436199265625 0.37733318125 0.17699661718749998
0 0.34156315 0.8436199265625 0.37733318125 0.8360323453125 0.41716798906249997 0.269131546875 0.3740813609375 0.26371184531249997 0.34156315 0.8436199265625
0 0.44806028906249995 0.25612426250000003 0.4187939 0.25612426250000003 0.3732684046875 0.8360323453125 0.39847001875 0.829528703125 0.44806028906249995 0.25612426250000003
0 0.4017218390625 0.8316965828124999 0.42367163124999996 0.83061264375 0.4757007671875 0.26587972656250003 0.4472473328125 0.26804760625 0.4017218390625 0.8316965828124999
0 0.4220457203125 0.8284447625 0.43586595937499995 0.8284447625 0.49846351406249995 0.25937608437500004 0.4765137234375 0.25937608437500004 0.4220457203125 0.8284447625
0 0.5220392171875 0.2647957859375 0.5009023796875 0.26046002343749997 0.43749187031250003 0.8219411203125 0.453750975 0.8197732390624999 0.5220392171875 0.2647957859375
0 0.5358594562500001 0.26371184531249997 0.52041330625 0.26371184531249997 0.456189840625 0.8165214187500001 0.471635990625 0.817605359375 0.54155014375 0.26587972656250003 0.5358594562500001 0.26371184531249997
0 0.563499934375 0.26371184531249997 0.5423630984375001 0.2647957859375 0.4732619015625 0.8078498953125001 0.4911469171875 0.8111017171875 0.563499934375 0.26371184531249997
0 0.4935857828125 0.8121856578125 0.5139096640624999 0.805682015625 0.5976440562499999 0.2723833671875 0.5651258453125 0.26804760625 0.4935857828125 0.8121856578125
0 0.630162265625 0.2734673078125 0.5976440562499999 0.26696366562499996 0.5163485296875 0.8013462546874999 0.5382983218749999 0.8013462546874999 0.630162265625 0.2734673078125
0 0.5366724109375001 0.7970104921875001 0.563499934375 0.7959265515625 0.6602416109375 0.27129942812499996 0.6309752203125 0.2745512484375 0.5366724109375001 0.7970104921875001
0 0.7106448359375 0.2051790671875 0.6748748046874999 0.198675425 0.5626869796875 0.7883389703125 0.5903274578125 0.7861710890625 0.7106448359375 0.2051790671875
0 0.59195336875 0.7861710890625 0.6147161156250001 0.781835328125 0.7439760015625 0.2127666484375 0.707393015625 0.207346946875 0.59195336875 0.7861710890625
0 0.7748683015625 0.21059876875 0.7472278218749999 0.207346946875 0.6163420265624999 0.7785835062500001 0.645608415625 0.7764156265625 0.7748683015625 0.21059876875
0 0.639917728125 0.7785835062500001 0.6667452515625001 0.7753316859375 0.803321734375 0.21601847031250002 0.778120121875 0.21385058906249999 0.639917728125 0.7785835062500001
0 0.8407176765625 0.2171024109375 0.8081994671875 0.2149345296875 0.6683711625 0.770995925 0.6984505078125001 0.767744103125 0.8407176765625 0.2171024109375
0 0.6960116421875 0.769911984375 0.717148478125 0.7623244015624999 0.8716099765624999 0.2225221125 0.8407176765625 0.2225221125 0.6960116421875 0.769911984375
0 0.8846172609374999 0.29514611562500004 0.855350871875 0.2875585328125 0.7163355234375001 0.757988640625 0.7439760015625 0.757988640625 0.8846172609374999 0.29514611562500004
0 0.7456019125 0.7612404609375 0.7699905703125001 0.7558207593749999 0.9480277703125 0.2008433046875 0.9146966046875 0.1943396640625 0.7456019125 0.7612404609375
0 0.97566825 0.20301118593749998 0.947214815625 0.2008433046875 0.768364659375 0.7514849984375 0.793566271875 0.7504010578125 0.97566825 0.20301118593749998
0 0.8008828687499999 0.7493171171874999 0.8260844828125 0.7406455953125 0.98054598125 0.292978234375 0.9439629937499999 0.292978234375 0.8008828687499999 0.7493171171874999
0 0.8277103921875 0.7384777140625001 0.849660184375 0.7395616546875 0.999747984375 0.3232526875 0.999747984375 0.25504032187500003 0.999747984375 0.233198925 0.8277103921875 0.7384777140625001
0 0.999747984375 0.39852150468750003 0.999747984375 0.3057795703125 0.8447824531249999 0.7384777140625001 0.8716099765624999 0.7319740718750001 0.999747984375 0.39852150468750003
0 0.999747984375 0.45799731250000003 0.999747984375 0.40658602187500004 0.8732358874999999 0.7319740718750001 0.89355976875 0.7298061921875 0.999747984375 0.45799731250000003