0 0.031605125 0.3066998125 0.079487975 0.7907801671875 0.0857032578125 0.79906806875 0.09902187343749999 0.8002520093750001 0.1212194453125 0.7967001078125 0.1496324203125 0.789596146875 0.115892034375 0.30653074375 0.031605125 0.3066998125
0 0.18199574999999998 0.3197206453125 0.12299524843750001 0.321922528125 0.1540718984375 0.7813082437500001 0.20734618125 0.778940284375 0.18199574999999998 0.3197206453125
0 0.2108977875 0.778940284375 0.25973253125 0.7753883828125 0.23753495781249997 0.3207385484375 0.181596940625 0.321922528125 0.2108977875 0.778940284375
0 0.2659478734375 0.7718364015625 0.3138316875 0.7676373125 0.2970245234375 0.32547446875 0.24286236875 0.32665845 0.2659478734375 0.7718364015625
0 0.32188583125000003 0.7635485 0.3662810953125 0.7611805390625 0.3511866765625 0.32665845 0.3014640609375 0.32665845 0.32188583125000003 0.7635485
0 0.4075816875 0.3275331453125 0.35473834375 0.3278424296875 0.3680568984375 0.762364559375 0.4160037109375 0.7647325203124999 0.4075816875 0.3275331453125
0 0.4257706609375 0.7671004796875 0.4603989765625 0.7635485 0.44619248906250003 0.27693115625 0.408012565625 0.2781151375 0.4257706609375 0.7671004796875
0 0.47371753125 0.7635485 0.5056821125 0.7564446171875 0.48969982187500005 0.27693115625 0.45329570312499995 0.2781151375 0.47371753125 0.7635485
0 0.5074578562500001 0.7493407359375001 0.533207096875 0.7446048140625 0.518112678125 0.3313944109375 0.4932514296875 0.332578390625 0.5074578562500001 0.7493407359375001
0 0.547230125 0.3314393953125 0.51722480625 0.3349463515625 0.533207096875 0.748156715625 0.5616200703125 0.7469727749999999 0.547230125 0.3314393953125
0 0.5669474218749999 0.7564446171875 0.5944725234375 0.7540766578125 0.583817703125 0.27693115625 0.5491893859375 0.27693115625 0.5669474218749999 0.7564446171875
0 0.5962482671875 0.7493407359375001 0.6237733703125 0.7493407359375001 0.6193337718749999 0.2792991171875 0.584705575 0.2804830984375 0.5962482671875 0.7493407359375001
0 0.65074575 0.3197206453125 0.6184459 0.3242904890625 0.6291007203125 0.7505246765625 0.654849959375 0.7469727749999999 0.65074575 0.3197206453125
0 0.6575136953125 0.7469727749999999 0.683948875 0.7428977296875 0.6805991984374999 0.31481860625 0.653074215625 0.31837058749999997 0.6575136953125 0.7469727749999999
0 0.71324575 0.3171164796875 0.6823750625 0.31718660625 0.686814540625 0.7457887546874999 0.7125637796875 0.7422367750000001 0.71324575 0.3171164796875
0 0.7445283625 0.31718660625 0.71433964375 0.31837058749999997 0.7125637796875 0.7434207953125 0.7392008921875 0.741052834375 0.7445283625 0.31718660625
0 0.7708629375 0.2676373125 0.7445283625 0.267459275 0.7392008921875 0.7434207953125 0.7631743875 0.7398688140624999 0.7708629375 0.2676373125
0 0.780932421875 0.40598537031250004 0.7685017375000001 0.4083533703125 0.76495013125 0.737500853125 0.7747170796875 0.7339489515625 0.780932421875 0.40598537031250004
0 0.7782686859375 0.7398688140624999 0.8021129374999999 0.7363873125 0.81200913125 0.2721951953125 0.7862598921874999 0.2721951953125 0.7782686859375 0.7398688140624999
0 0.8411754374999999 0.2715435625 0.8146727468750001 0.2721951953125 0.8022421828124999 0.737500853125 0.8244396953124999 0.7398688140624999 0.8411754374999999 0.2715435625
0 0.8724254374999999 0.2689393953125 0.846637328125 0.2686432546875 0.8262155578125 0.737500853125 0.8537405421875001 0.7398688140624999 0.8724254374999999 0.2689393953125
0 0.8987926249999999 0.2663352296875 0.8706108234375 0.2686432546875 0.8519647984375001 0.7398688140624999 0.8741624296875001 0.7398688140624999 0.8987926249999999 0.2663352296875