0 0.023697645312499998 0.9541818421875 0.052964034375 0.9520139609375 0.028575376562499998 0.056679240625 0.0017478531249999999 0.05234347968750001 0.023697645312499998 0.9541818421875
0 0.052964034375 0.9617694234374999 0.078978603125 0.960685484375 0.061093587500000004 0.0555953 0.0302012875 0.05776318125 0.052964034375 0.9617694234374999
0 0.0797915578125 0.9671891265625 0.10174135 0.9639373046875 0.093611796875 0.090281390625 0.053776990625 0.088113509375 0.0797915578125 0.9671891265625
0 0.10174135 0.9628533640624999 0.1334466046875 0.9650212453125 0.1180004546875 0.092449271875 0.0862952 0.09136533125 0.10174135 0.9628533640624999
0 0.1334466046875 0.9617694234374999 0.1619000390625 0.9639373046875 0.1537704859375 0.09786897343749999 0.1188134109375 0.0957010921875 0.1334466046875 0.9617694234374999
0 0.160274128125 0.9693570062499999 0.19279233906249998 0.972608828125 0.18059800937499998 0.0631828828125 0.1423891125 0.05776318125 0.160274128125 0.9693570062499999
0 0.19360529375 0.9693570062499999 0.2204328171875 0.970440946875 0.212303265625 0.0631828828125 0.18059800937499998 0.0631828828125 0.19360529375 0.9693570062499999
0 0.2196198625 0.9671891265625 0.2513251171875 0.9628533640624999 0.24563442968750002 0.1748287375 0.2155550859375 0.1748287375 0.2196198625 0.9671891265625
0 0.25620284843749996 0.9671891265625 0.3009153875 0.9693570062499999 0.30579311875 0.17699661718749998 0.24888625156250002 0.173744796875 0.25620284843749996 0.9671891265625
0 0.29847652187499996 0.9596015437500001 0.34644088125 0.9693570062499999 0.3472538375 0.1824163203125 0.29441174531250003 0.17266085625 0.29847652187499996 0.9596015437500001
0 0.349692703125 0.960685484375 0.3911534203125 0.960685484375 0.39277933125 0.0740222859375 0.344002015625 0.0631828828125 0.349692703125 0.960685484375
0 0.3944052421875 0.9650212453125 0.42936231718749995 0.9639373046875 0.4252975421875 0.10328867500000001 0.3879016 0.10003685312499999 0.3944052421875 0.9650212453125
0 0.43017527343750006 0.9693570062499999 0.4626934828125 0.9671891265625 0.4594416625 0.1076244359375 0.42367163124999996 0.104372615625 0.43017527343750006 0.9693570062499999
0 0.4683841703125 0.9736927671875 0.502528290625 0.9758606484374999 0.4911469171875 0.1097923171875 0.45862870781250004 0.10112079375000001 0.4683841703125 0.9736927671875
0 0.4992764703125 0.970440946875 0.5342335453125 0.972608828125 0.530981725 0.104372615625 0.4903339625 0.104372615625 0.4992764703125 0.970440946875
0 0.5407371875 0.9736927671875 0.5708165328125 0.9736927671875 0.569190621875 0.1076244359375 0.523665128125 0.1076244359375 0.5407371875 0.9736927671875
0 0.563499934375 0.970440946875 0.61227725 0.9715248875 0.604960653125 0.068602584375 0.5659388 0.06643470312500001 0.563499934375 0.970440946875
0 0.6090254296875 0.972608828125 0.6512991031250001 0.9747767078124999 0.6496731921875 0.0642668234375 0.6025217875 0.068602584375 0.6090254296875 0.972608828125
0 0.6569897890624999 0.9823642906250001 0.6797525359375001 0.9823642906250001 0.67893958125 0.185668140625 0.64804728125 0.18024843906250002 0.6569897890624999 0.9823642906250001
0 0.6830043578125 0.9747767078124999 0.707393015625 0.9736927671875 0.7008893734375 0.183500259375 0.6781266265625 0.1845842 0.6830043578125 0.9747767078124999
0 0.706580059375 0.9736927671875 0.767551703125 0.9747767078124999 0.7691776140625 0.068602584375 0.7025152828125 0.0751062265625 0.706580059375 0.9736927671875
0 0.7651128375 0.9812803499999999 0.8155160640625001 0.9823642906250001 0.81632901875 0.076190165625 0.762673971875 0.07077046406250001 0.7651128375 0.9812803499999999
0 0.817141975 0.9780285296875 0.8415306328125001 0.9769445890625 0.8423435874999999 0.1076244359375 0.8122642421874999 0.11087625781249999 0.817141975 0.9780285296875
0 0.839091765625 0.9823642906250001 0.8634804234375 0.9812803499999999 0.86835815625 0.10003685312499999 0.832588125 0.09786897343749999 0.839091765625 0.9823642906250001
0 0.8667322453124999 0.9769445890625 0.8878690812500001 0.9769445890625 0.8959986343749999 0.11087625781249999 0.8691711109375 0.10870837656250001 0.8667322453124999 0.9769445890625
0 0.8838043046875 0.9747767078124999 0.9252650234375001 0.972608828125 0.9293298 0.1076244359375 0.8951856796875 0.10870837656250001 0.8838043046875 0.9747767078124999
0 0.9220132031249999 0.9530979015625001 0.9390852625000001 0.9509300203125 0.9488407265625 0.18891996093750002 0.9236391125000001 0.1900039015625 0.9220132031249999 0.9530979015625001
0 0.9520925468750001 0.9693570062499999 0.9968050859375 0.9682730656249999 0.997618040625 0.17699661718749998 0.957783234375 0.1780805578125 0.9520925468750001 0.9693570062499999