0 0.15554173124999998 0.20833333281250002 0.14740572968750001 0.2039930546875 0.13194732343749999 0.20290798593749998 0.12317657500000001 0.20290798593749998 0.0823177046875 0.7736545140625 0.1148617171875 0.775824653125 0.15554173124999998 0.20833333281250002
0 0.162864134375 0.205078125 0.1557286578125 0.2061631953125 0.1148617171875 0.775824653125 0.144964928125 0.7747395828125 0.1840177421875 0.20724826406250002 0.162864134375 0.205078125
0 0.1726273375 0.7725694453124999 0.2076121515625 0.20833333281250002 0.19540814687500002 0.2061631953125 0.185839334375 0.2061631953125 0.146592128125 0.7747395828125 0.1596097328125 0.775824653125 0.1726273375 0.7725694453124999
0 0.1840177421875 0.7747395828125 0.1994761484375 0.7736545140625 0.2352745609375 0.21158854218749998 0.23039295937499998 0.2061631953125 0.21412095312499999 0.205078125 0.2110672 0.20724826406250002 0.1734409390625 0.7747395828125 0.1840177421875 0.7747395828125
0 0.24910576562500003 0.20724826406250002 0.239550271875 0.205078125 0.20273055 0.775824653125 0.2255113578125 0.776909721875 0.2588689703125 0.20833333281250002 0.24910576562500003 0.20724826406250002
0 0.2255113578125 0.775824653125 0.24910576562500003 0.775824653125 0.28164977812499997 0.205078125 0.261522928125 0.2061631953125 0.2255113578125 0.775824653125
0 0.24503776406250002 0.776909721875 0.2930401828125 0.7779947921875 0.32721139374999997 0.17035590312499999 0.285936990625 0.16818576406250002 0.24503776406250002 0.776909721875
0 0.30361698593750003 0.7779947921875 0.32721139374999997 0.7801649296875001 0.3418562 0.7790798609375 0.3467378015625 0.776909721875 0.37358661249999997 0.17144097187500001 0.3339513140625 0.1692708328125 0.297921784375 0.7736545140625 0.30361698593750003 0.7779947921875
0 0.4192444796875 0.146484375 0.378710428125 0.1453993046875 0.347647653125 0.7801649296875001 0.396463671875 0.78125 0.42656688281250005 0.1497395828125 0.4192444796875 0.146484375
0 0.4021588734375 0.7801649296875001 0.44934769062499996 0.7790798609375 0.4761965015625 0.1475694453125 0.42835235625 0.1453993046875 0.4021588734375 0.7801649296875001
0 0.4526020921875 0.78125 0.499790909375 0.78125 0.52338531875 0.146484375 0.4779942828125 0.146484375 0.4526020921875 0.78125
0 0.5722013359375 0.14865451406250002 0.527636209375 0.1475694453125 0.5014181109375 0.7790798609375 0.5046725109375 0.7823350703124999 0.551861328125 0.7834201390625 0.5722013359375 0.14865451406250002
0 0.55755653125 0.7779947921875 0.5819645390625 0.78125 0.599863746875 0.21809895781250002 0.57483673125 0.21809895781250002 0.55755653125 0.7779947921875
0 0.585218940625 0.7834201390625 0.6128813515625 0.785590278125 0.62833975625 0.2039930546875 0.6025060015625 0.2039930546875 0.585218940625 0.7834201390625
0 0.618576553125 0.7877604171875 0.6340349578125 0.7877604171875 0.6503069640625 0.111762153125 0.6391270953125 0.111762153125 0.618576553125 0.7877604171875
0 0.66251096875 0.1106770828125 0.654589334375 0.112847221875 0.6405437609375 0.7899305546875001 0.6560021671875 0.7888454859375 0.6657653703124999 0.1106770828125 0.66251096875 0.1106770828125
0 0.6584429671875001 0.78125 0.6755285734375 0.78125 0.6804101765625 0.2766927078125 0.6673925703125 0.2756076390625 0.6584429671875001 0.78125
0 0.6779905625 0.78125 0.704839371875 0.78125 0.7088861859375 0.2756076390625 0.6861053781249999 0.2745225703125 0.6779905625 0.78125
0 0.7105345734374999 0.7801649296875001 0.7512145890624999 0.7834201390625 0.7520281890625 0.15625 0.713183084375 0.15407986093749998 0.7105345734374999 0.7801649296875001
0 0.8219978156250001 0.7823350703124999 0.8268794171874999 0.7823350703124999 0.8219978156250001 0.20182291718749998 0.7538731890625 0.20290798593749998 0.756096190625 0.7779947921875 0.7650457937499999 0.78125 0.8219978156250001 0.7823350703124999
0 0.8618642296875001 0.7845052078125 0.8928218015624999 0.7834201390625 0.9041714453124999 0.7834201390625 0.893594640625 0.20182291718749998 0.86511863125 0.19748263906250002 0.8295567828125 0.19748263906250002 0.8293202171875 0.7790798609375 0.8618642296875001 0.7845052078125
0 0.9172298109374999 0.16167534687500001 0.9019851687499999 0.16167534687500001 0.910680246875 0.7845052078125 0.9432242593750001 0.7823350703124999 0.9277658531249999 0.1649305546875 0.9172298109374999 0.16167534687500001
0 0.9481466218750001 0.7801649296875001 0.980690634375 0.7823350703124999 0.9627914265624999 0.166015625 0.9320958453125 0.1649305546875 0.9481466218750001 0.7801649296875001