0 0.128757896875 0.1725260421875 0.12468989531250001 0.1692708328125 0.112485890625 0.1692708328125 0.0994682859375 0.1671006953125 0.0897050828125 0.1671006953125 0.07912827812499999 0.1671006953125 0.07190704375 0.1692708328125 0.1157402921875 0.805121528125 0.11736749375 0.8083767359375 0.12631709687499998 0.8127170140625 0.1385211 0.815972221875 0.1564203078125 0.8116319453124999 0.1661835109375 0.806206596875 0.128757896875 0.1725260421875
0 0.1946595203125 0.17144097187500001 0.18896431875 0.17144097187500001 0.177573915625 0.17144097187500001 0.1653699109375 0.17035590312499999 0.1507251046875 0.17035590312499999 0.1361974078125 0.17144097187500001 0.1718787125 0.810546875 0.178387515625 0.8181423609375 0.1922187203125 0.8203125 0.20279552343749999 0.8203125 0.2174403296875 0.815972221875 0.2272035328125 0.8127170140625 0.1946595203125 0.17144097187500001
0 0.281714753125 0.810546875 0.3036819609375 0.814887153125 0.29473235781249996 0.20833333281250002 0.21432240781249998 0.20724826406250002 0.23371233593750002 0.8094618046875001 0.281714753125 0.810546875
0 0.33215797187499996 0.23763020781250002 0.296359559375 0.23763020781250002 0.30774996250000003 0.825737846875 0.341921175 0.8279079859375 0.33215797187499996 0.23763020781250002
0 0.342734775 0.17795138906250002 0.33134437031249997 0.1768663203125 0.34517557656250003 0.853949653125 0.35737958124999997 0.853949653125 0.342734775 0.17795138906250002
0 0.40945 0.1302083328125 0.35819318125 0.1302083328125 0.39480519375 0.845269096875 0.43873961093749997 0.845269096875 0.40945 0.1302083328125
0 0.46152041875 0.1356336796875 0.41533152187500005 0.1356336796875 0.4460620125 0.8517795140625 0.488369228125 0.8474392359375 0.46152041875 0.1356336796875
0 0.5152180390625001 0.13454861093749998 0.46660105312500005 0.1399739578125 0.504641234375 0.8604600703124999 0.5510164515625 0.855034721875 0.5152180390625001 0.13454861093749998
0 0.6047140718749999 0.8615451390625 0.6104092734375001 0.8582899296875001 0.5762380609375 0.14214409687500001 0.5176588390625 0.1475694453125 0.5607796546875 0.8669704859375 0.6047140718749999 0.8615451390625
0 0.6112228734375 0.200737846875 0.6087820734375 0.20182291718749998 0.5925100671875 0.205078125 0.5805333453125 0.20290798593749998 0.613663675 0.835503471875 0.6201724765625001 0.8463541671874999 0.6340036812500001 0.8463541671874999 0.6462076859375 0.8463541671874999 0.6519028875 0.8409288203124999 0.615290875 0.20182291718749998 0.6112228734375 0.200737846875
0 0.708136753125 0.2354600703125 0.6235223234375 0.2452256953125 0.655252734375 0.8799913203124999 0.7284767609375 0.8875868046875001 0.708136753125 0.2354600703125
0 0.7602071734375 0.16818576406250002 0.739053565625 0.1692708328125 0.722948709375 0.17361111093749998 0.7439351671875001 0.8995225703124999 0.75125756875 0.903862846875 0.7650887749999999 0.9071180546875001 0.7781063796875001 0.9071180546875001 0.7862423828125 0.9016927078125001 0.7691567765625 0.1671006953125 0.7602071734375 0.16818576406250002
0 0.8334311984375 0.210503471875 0.8228931390625001 0.20670572968749998 0.81959999375 0.21158854218749998 0.8057687890624999 0.2137586796875 0.791123984375 0.2159288203125 0.77503204375 0.2159288203125 0.7927511843749999 0.9016927078125001 0.8000735875 0.9060329859375 0.8204135953125 0.9060329859375 0.8350584 0.9049479171874999 0.8456352046875001 0.8984375 0.8342447999999999 0.209418403125 0.8334311984375 0.210503471875
0 0.8798064171875 0.1529947921875 0.8482742312499999 0.15625 0.8464488046875 0.8995225703124999 0.8749248140624999 0.903862846875 0.8798064171875 0.1529947921875
0 0.88468801875 0.8984375 0.9066552265625001 0.9016927078125001 0.9147912296875 0.15190972187500001 0.8830608171875 0.15407986093749998 0.876552015625 0.8973524296875001 0.88468801875 0.8984375
0 0.9570984453125 0.15625 0.9223302203125 0.1573350703125 0.9099096281250001 0.8995225703124999 0.9400128390625 0.903862846875 0.9570984453125 0.15625