0 0.1342595609375 0.9281672734375 0.175720278125 0.9216636312500001 0.1163745453125 0.2127666484375 0.06759722968750001 0.219270290625 0.1342595609375 0.9281672734375
0 0.17490732343749998 0.932503034375 0.2204328171875 0.9249154531249999 0.1724684578125 0.219270290625 0.12287818749999999 0.21385058906249999 0.17490732343749998 0.932503034375
0 0.216368040625 0.9216636312500001 0.260267625 0.9205796906250001 0.22124577343750002 0.22035423125000003 0.16840368125 0.2257739328125 0.216368040625 0.9216636312500001
0 0.2667712671875 0.9216636312500001 0.3253040453125 0.91407605 0.28790810312500004 0.0751062265625 0.213929175 0.078358046875 0.2667712671875 0.9216636312500001
0 0.3155485828125 0.9205796906250001 0.3838368234375 0.910824228125 0.3586352109375 0.09136533125 0.293598790625 0.09136533125 0.3155485828125 0.9205796906250001
0 0.380585003125 0.91407605 0.41147730156250006 0.9173278703125 0.39277933125 0.2290257546875 0.35782225625 0.22794181406249997 0.380585003125 0.91407605
0 0.4025347953125 0.9216636312500001 0.4659453046875 0.9184118109374999 0.453750975 0.11087625781249999 0.379772046875 0.11087625781249999 0.4025347953125 0.9216636312500001
0 0.471635990625 0.9173278703125 0.527729903125 0.9097402875 0.517974440625 0.11737990000000001 0.451312109375 0.11954777968750001 0.471635990625 0.9173278703125
0 0.523665128125 0.91407605 0.5854497265624999 0.9097402875 0.58219790625 0.111960196875 0.5244780828125 0.11087625781249999 0.523665128125 0.91407605
0 0.5911404140625 0.9032366453125 0.6439825046875 0.89781694375 0.6472343265625 0.1921717828125 0.5870756375 0.1921717828125 0.5911404140625 0.9032366453125
0 0.6488602359375 0.9010687656249999 0.6943857312499999 0.9032366453125 0.7082059703125 0.185668140625 0.6512991031250001 0.1900039015625 0.6488602359375 0.9010687656249999
0 0.6984505078125001 0.8945651234374999 0.7488537328125 0.896733003125 0.768364659375 0.19759148437500001 0.709018925 0.1921717828125 0.6984505078125001 0.8945651234374999
0 0.7464148671874999 0.8923972421874999 0.80657355625 0.88806148125 0.8268974375000001 0.1921717828125 0.768364659375 0.18891996093750002 0.7464148671874999 0.8923972421874999
0 0.799256959375 0.88806148125 0.85209905 0.8902293625000001 0.8846172609374999 0.183500259375 0.8220197062500001 0.17916449843749999 0.799256959375 0.88806148125
0 0.85697678125 0.8837257203125001 0.90331523125 0.8826417796875001 0.9390852625000001 0.1824163203125 0.885430215625 0.185668140625 0.85697678125 0.8837257203125001
0 0.906567053125 0.8815578390625 0.9585961890625001 0.87830601875 0.999747984375 0.1858198921875 0.93989821875 0.18783602187499998 0.906567053125 0.8815578390625