0 0.0976765734375 0.104372615625 0.023697645312499998 0.104372615625 0.007438540624999999 0.8685505546875 0.0806045140625 0.866382675 0.0976765734375 0.104372615625
0 0.17490732343749998 0.1097923171875 0.0960506640625 0.102204734375 0.0773526921875 0.865298734375 0.15864821875 0.866382675 0.17490732343749998 0.1097923171875
0 0.21718099687499998 0.06209894218749999 0.176533234375 0.0588471203125 0.1643389046875 0.8685505546875 0.20498666718749997 0.8631308531249999 0.21718099687499998 0.06209894218749999
0 0.257828759375 0.1542338703125 0.2179939515625 0.1455623484375 0.20823848906250003 0.8718023765625 0.24726034062500002 0.8707184359375001 0.257828759375 0.1542338703125
0 0.2992894765625 0.1574856921875 0.257828759375 0.1585696328125 0.25213807187500004 0.8685505546875 0.29522470156249997 0.8631308531249999 0.2992894765625 0.1574856921875
0 0.34156315 0.16182145312500001 0.29847652187499996 0.1564017515625 0.2927858359375 0.865298734375 0.3318076875 0.8598790328125 0.34156315 0.16182145312500001
0 0.37733318125 0.1423105265625 0.33912428437500003 0.140142646875 0.33424655312499996 0.8642147937500001 0.3692036296875 0.8587950921875 0.37733318125 0.1423105265625
0 0.4098513921875 0.135806884375 0.3765202265625 0.1412265875 0.365138853125 0.8642147937500001 0.4041607046875 0.860962971875 0.4098513921875 0.135806884375
0 0.44155664687499996 0.1466462890625 0.410664346875 0.1423105265625 0.41147730156250006 0.8674666140625 0.44236960156249994 0.8620469125 0.44155664687499996 0.1466462890625
0 0.52041330625 0.044755896875 0.4472473328125 0.0393361953125 0.43505300468749997 0.8522914500000001 0.5196003515625 0.853375390625 0.52041330625 0.044755896875
0 0.6065865640625 0.0490916578125 0.5252910375 0.05342741875 0.5147226203125 0.85445933125 0.5976440562499999 0.85445933125 0.6065865640625 0.0490916578125
0 0.687069134375 0.0555953 0.6057736078125 0.05234347968750001 0.6008958765625 0.8468717484375 0.6773136703125 0.8447038671874999 0.687069134375 0.0555953
0 0.7634869281250001 0.06751864375 0.6846302671875 0.061015001562500004 0.6781266265625 0.841452046875 0.7537314640624999 0.8349484046875 0.7634869281250001 0.06751864375
0 0.8114512875000001 0.1553178109375 0.7610480625 0.1564017515625 0.7618610171875 0.8360323453125 0.8057606015625 0.8371162859375 0.8114512875000001 0.1553178109375
0 0.8431565421875 0.1585696328125 0.8000699140625 0.1564017515625 0.8025087796875001 0.8338644640625 0.8455954078125 0.8262768812499999 0.8431565421875 0.1585696328125
0 0.869984065625 0.0588471203125 0.8455954078125 0.05234347968750001 0.8464083640625001 0.8316965828124999 0.8821783953125 0.8327805234375001 0.869984065625 0.0588471203125
0 0.8976245453124999 0.068602584375 0.87242293125 0.0642668234375 0.880552484375 0.8327805234375001 0.9090059187499999 0.827360821875 0.8976245453124999 0.068602584375
0 0.926890934375 0.0967850328125 0.8968115890625 0.10003685312499999 0.9000634109375 0.827360821875 0.941524128125 0.8316965828124999 0.926890934375 0.0967850328125
0 0.9699775624999999 0.09786897343749999 0.9333945765625 0.10003685312499999 0.942337084375 0.829528703125 0.9748552937499999 0.8284447625 0.9699775624999999 0.09786897343749999