0 0.02532355625 0.9238315125 0.038330840625 0.9216636312500001 0.018006959375 0.18891996093750002 0.0009348984375 0.18891996093750002 0.02532355625 0.9238315125
0 0.03995675 0.9238315125 0.057841765625 0.9216636312500001 0.028575376562499998 0.18891996093750002 0.018006959375 0.18675208125 0.03995675 0.9238315125
0 0.063532453125 0.922747571875 0.09117293125 0.9238315125 0.0781656484375 0.14447840781250001 0.0440215265625 0.140142646875 0.063532453125 0.922747571875
0 0.09442475312500001 0.9194957515625 0.1334466046875 0.912992109375 0.1188134109375 0.304901578125 0.073287915625 0.3081533984375 0.09442475312500001 0.9194957515625
0 0.14320206875 0.9184118109374999 0.1740943671875 0.9097402875 0.155396396875 0.2257739328125 0.114748634375 0.223606053125 0.14320206875 0.9184118109374999
0 0.18303687500000002 0.9151599890625001 0.2261235046875 0.9173278703125 0.213929175 0.22685787343750002 0.15864821875 0.22685787343750002 0.18303687500000002 0.9151599890625001
0 0.226936459375 0.9097402875 0.2822174171875 0.9032366453125 0.26514535625 0.23336151562500002 0.21149030937500002 0.22794181406249997 0.226936459375 0.9097402875
0 0.29034696875 0.9032366453125 0.3350595078125 0.89781694375 0.322052225 0.23336151562500002 0.26758422187500003 0.2257739328125 0.29034696875 0.9032366453125
0 0.33587246406250004 0.8989008843749999 0.35944816562500004 0.9043205859375 0.34237610625000003 0.1455623484375 0.3196133578125 0.149898109375 0.33587246406250004 0.8989008843749999
0 0.3553833890625 0.899984825 0.3895275109375 0.8934811828125 0.37245545 0.3103212796875 0.3407501953125 0.314657040625 0.3553833890625 0.899984825
0 0.3862756890625 0.8923972421874999 0.4187939 0.8934811828125 0.3968441078125 0.3092373390625 0.3692036296875 0.3081533984375 0.3862756890625 0.8923972421874999
0 0.4098513921875 0.8934811828125 0.44887324375000004 0.8902293625000001 0.42448458593750005 0.3114052203125 0.3976570625 0.314657040625 0.4098513921875 0.8934811828125
0 0.4448084671875 0.8913133015625 0.47976554374999997 0.886977540625 0.4472473328125 0.1542338703125 0.4228586765625 0.1542338703125 0.4448084671875 0.8913133015625
0 0.4789525890625 0.884809659375 0.5163485296875 0.8858936 0.49195987187499995 0.15314993125 0.45456393124999994 0.1466462890625 0.4789525890625 0.884809659375
0 0.5252910375 0.8815578390625 0.546427875 0.875054196875 0.5293558140625 0.1542338703125 0.4943987390625 0.14881416875 0.5252910375 0.8815578390625
0 0.54561491875 0.8793899578125 0.5724424421875 0.8858936 0.5578092484375 0.15098205 0.5171614859375 0.1542338703125 0.54561491875 0.8793899578125
0 0.5675647109375 0.8772220781250001 0.6017088312500001 0.8761381374999999 0.5756942640625 0.1574856921875 0.5504926515624999 0.16073751249999998 0.5675647109375 0.8772220781250001
0 0.600082921875 0.875054196875 0.6277234 0.872886315625 0.6008958765625 0.16398933437500002 0.578946084375 0.16398933437500002 0.600082921875 0.875054196875
0 0.6293493109375 0.87830601875 0.65780274375 0.875054196875 0.6269104453125001 0.16073751249999998 0.6017088312500001 0.159653571875 0.6293493109375 0.87830601875
0 0.6594286546875 0.8772220781250001 0.6862561781250001 0.866382675 0.650486146875 0.1574856921875 0.6277234 0.1585696328125 0.6594286546875 0.8772220781250001
0 0.6862561781250001 0.8696344953124999 0.7212132546875 0.8696344953124999 0.693572775 0.1585696328125 0.6545509234375 0.1564017515625 0.6862561781250001 0.8696344953124999
0 0.7204002984375 0.8718023765625 0.7577962406250001 0.866382675 0.7309687171875 0.16182145312500001 0.6951986859375 0.16073751249999998 0.7204002984375 0.8718023765625
0 0.7537314640624999 0.8696344953124999 0.7821848984375 0.8577111515625001 0.76023510625 0.2149345296875 0.7334075828125 0.21059876875 0.7537314640624999 0.8696344953124999
0 0.786249675 0.865298734375 0.8090124218750001 0.8642147937500001 0.782997853125 0.2127666484375 0.755357375 0.2149345296875 0.786249675 0.865298734375
0 0.8073865109374999 0.8598790328125 0.839091765625 0.860962971875 0.8179549296875 0.2864745921875 0.78137194375 0.28213883125 0.8073865109374999 0.8598790328125
0 0.8366529 0.8587950921875 0.8659192890625 0.8555432703125 0.8366529 0.1574856921875 0.8138901531249999 0.16290539375 0.8366529 0.8587950921875
0 0.86266746875 0.8512075093749999 0.890307946875 0.8587950921875 0.8586026921875 0.1574856921875 0.829336303125 0.1542338703125 0.86266746875 0.8512075093749999
0 0.8894949921874999 0.8566272109374999 0.921200246875 0.849039628125 0.8927468125000001 0.32007674218750004 0.8667322453124999 0.316824921875 0.8894949921874999 0.8566272109374999
0 0.9252650234375001 0.8522914500000001 0.942337084375 0.8512075093749999 0.9057540968750001 0.16073751249999998 0.8870561265625 0.16182145312500001 0.9252650234375001 0.8522914500000001
0 0.9439629937499999 0.853375390625 0.964286875 0.8479556890625 0.926890934375 0.16398933437500002 0.90331523125 0.1661572140625 0.9439629937499999 0.853375390625
0 0.9610350546875001 0.8479556890625 0.9846107578125001 0.8457878078125001 0.947214815625 0.16290539375 0.9293298 0.165073275 0.9610350546875001 0.8479556890625
0 0.977294159375 0.3081533984375 0.957783234375 0.3081533984375 0.9878625781249999 0.849039628125 0.999747984375 0.84677419375 0.999747984375 0.68514785 0.977294159375 0.3081533984375