0 0.15548914687499998 0.20446894218749997 0.0950816875 0.20253314531250002 0.136843121875 0.826060459375 0.1883416 0.8213245390624999 0.15548914687499998 0.20446894218749997
0 0.196332746875 0.8225085578125 0.246448875 0.8197206453125 0.217642446875 0.20446894218749997 0.15815282343749998 0.20328494218749998 0.196332746875 0.8225085578125
0 0.2220819859375 0.21394080468749999 0.2549344390625 0.8225085578125 0.3215272765625 0.8177725578124999 0.3268546859375 0.8154045968749999 0.29844171249999996 0.20328494218749998 0.2433916859375 0.2021009625 0.23273680625 0.206836903125 0.2220819859375 0.21394080468749999
0 0.3082086609375 0.31221145 0.332182096875 0.826060459375 0.4056285625 0.8171164796875001 0.38012896875 0.20446894218749997 0.301993378125 0.20328494218749998 0.3055449859375 0.28616384375 0.3082086609375 0.28616384375 0.31353613125 0.293267725 0.31353613125 0.3027396078125 0.3082086609375 0.31221145
0 0.4173473125 0.1973248125 0.38279264375 0.1985490203125 0.40587814843750003 0.82487651875 0.4387306609375 0.8225085578125 0.4173473125 0.1973248125
0 0.44228226875 0.8213245390624999 0.4749645 0.8171164796875001 0.4547128921875 0.197365040625 0.4218604390625 0.197365040625 0.44228226875 0.8213245390624999
0 0.5052379375 0.1973248125 0.4582645578125 0.1997330015625 0.4742467890625 0.8154045968749999 0.5186420546875 0.8130366359375 0.5052379375 0.1973248125
0 0.5213057890624999 0.8142206562500001 0.5683646703125 0.8106686765625 0.558597721875 0.197365040625 0.50887510625 0.197365040625 0.5213057890624999 0.8142206562500001
0 0.6028941875 0.1947206453125 0.563925190625 0.196181040625 0.5683646703125 0.8130366359375 0.6003292515624999 0.809484734375 0.6028941875 0.1947206453125
0 0.6003292515624999 0.8118526953125 0.63512075 0.8080018953125 0.638509175 0.1938130796875 0.6029929859375 0.196181040625 0.6003292515624999 0.8118526953125
0 0.638509175 0.8118526953125 0.69762075 0.8040956453125 0.7077656875 0.2021009625 0.642948653125 0.20328494218749998 0.638509175 0.8118526953125
0 0.7415660625 0.1921164796875 0.70954143125 0.1938130796875 0.6997744828125 0.8106686765625 0.7326269359375 0.809484734375 0.7415660625 0.1921164796875
0 0.7335149265625 0.8165886171875 0.7650035625 0.8158143953125 0.7805738078125 0.1997330015625 0.7459456109375 0.1997330015625 0.7335149265625 0.8165886171875
0 0.8649247390625 0.144085746875 0.7947803546875 0.1417177875 0.774358465625 0.8213245390624999 0.8329601578125001 0.8213245390624999 0.8649247390625 0.144085746875
0 0.94217245625 0.145269746875 0.8764675515624999 0.1429017671875 0.8409513625 0.8225085578125 0.9004409265625 0.818956578125 0.94217245625 0.145269746875