0 0.0773526921875 0.137974765625 0.035891975 0.1412265875 0.0724749609375 0.8891454218750001 0.10418021562499999 0.8923972421874999 0.0773526921875 0.137974765625
0 0.1204393203125 0.1455623484375 0.0773526921875 0.135806884375 0.10905794687499999 0.886977540625 0.14482797812499998 0.8934811828125 0.1204393203125 0.1455623484375
0 0.16515185937500002 0.14881416875 0.119626365625 0.1412265875 0.14726684375000001 0.8956490640625001 0.181410965625 0.9054045265624999 0.16515185937500002 0.14881416875
0 0.2204328171875 0.0382522546875 0.1619000390625 0.0241610296875 0.1773461890625 0.899984825 0.23425305624999998 0.896733003125 0.2204328171875 0.0382522546875
0 0.283843328125 0.041504075 0.22124577343750002 0.0382522546875 0.23587896718749998 0.9054045265624999 0.283843328125 0.9119081687499999 0.283843328125 0.041504075
0 0.36595180781250003 0.15314993125 0.283843328125 0.149898109375 0.2870951484375 0.9043205859375 0.364325896875 0.9086563468750001 0.36595180781250003 0.15314993125
0 0.44887324375000004 0.1704929765625 0.3683906734375 0.1661572140625 0.3610740765625 0.9064884671875 0.43667891562500005 0.9184118109374999 0.44887324375000004 0.1704929765625
0 0.5423630984375001 0.1661572140625 0.46431939375000003 0.16073751249999998 0.4448084671875 0.9173278703125 0.512283753125 0.9151599890625001 0.5423630984375001 0.1661572140625
0 0.6179679375 0.1780805578125 0.5439890093749999 0.173744796875 0.5163485296875 0.9184118109374999 0.584636771875 0.9205796906250001 0.6179679375 0.1780805578125
0 0.6675582078125 0.00573404375 0.6309752203125 0.006817984375 0.5805719953125 0.9238315125 0.6212197578125 0.9194957515625 0.6675582078125 0.00573404375
0 0.7130837015625 0.0122376859375 0.6732488937500001 0.00573404375 0.6212197578125 0.9249154531249999 0.6569897890624999 0.9249154531249999 0.7130837015625 0.0122376859375
0 0.7545444203125 0.018741328125 0.709018925 0.008985865625 0.6586157 0.932503034375 0.6903209546875 0.9281672734375 0.7545444203125 0.018741328125
0 0.767551703125 0.1813323796875 0.7358464484375 0.1824163203125 0.6919468656250001 0.932503034375 0.717148478125 0.934670915625 0.767551703125 0.1813323796875
0 0.7943792265625 0.18675208125 0.7659257937499999 0.18024843906250002 0.7147096125 0.93575485625 0.7439760015625 0.93575485625 0.7943792265625 0.18675208125
0 0.829336303125 0.1824163203125 0.7951921828125 0.183500259375 0.743163046875 0.9314190953124999 0.7634869281250001 0.9314190953124999 0.829336303125 0.1824163203125
0 0.8488472296875 0.1910878421875 0.8220197062500001 0.18891996093750002 0.7716164796875 0.932503034375 0.7919403609375 0.932503034375 0.8488472296875 0.1910878421875
0 0.8951856796875 0.232277575 0.850473140625 0.22794181406249997 0.7943792265625 0.9368387968749999 0.8423435874999999 0.9368387968749999 0.8951856796875 0.232277575
0 0.942337084375 0.22794181406249997 0.8943727234375001 0.22685787343750002 0.8439694984375 0.944426378125 0.8813654390625001 0.944426378125 0.942337084375 0.22794181406249997
0 0.9837978015625 0.2376972765625 0.9382723078125 0.2290257546875 0.8821783953125 0.94551031875 0.9146966046875 0.9433424390624999 0.9837978015625 0.2376972765625
0 0.9553443671874999 0.9433424390624999 0.995179175 0.52060570625 0.999747984375 0.23420698906249998 0.977294159375 0.23119363437499998 0.9171354703124999 0.94551031875 0.9553443671874999 0.9433424390624999