0 0.075918675 0.8083767359375 0.10032668281249998 0.806206596875 0.1117170875 0.3331163203125 0.08812267812499999 0.3342013890625 0.075918675 0.8083767359375
0 0.10032668281249998 0.8072916671874999 0.12554829218750002 0.806206596875 0.135311496875 0.3352864578125 0.11497148906250002 0.3331163203125 0.10032668281249998 0.8072916671874999
0 0.12880269375 0.805121528125 0.1833139140625 0.805121528125 0.19633151875 0.32660590312500004 0.1435216265625 0.3233506953125 0.12880269375 0.805121528125
0 0.187381309375 0.806206596875 0.24351972968750002 0.8072916671874999 0.2549107390625 0.32769097187499996 0.20211537656249998 0.3255208328125 0.187381309375 0.806206596875
0 0.24677413124999997 0.806206596875 0.30128535156249997 0.806206596875 0.3118621546875 0.3309461796875 0.2607091265625 0.3287760421875 0.24677413124999997 0.806206596875
0 0.305353353125 0.806206596875 0.35010136875 0.806206596875 0.3614917734375 0.34613715312500004 0.318489075 0.3428819453125 0.305353353125 0.806206596875
0 0.3606781734375 0.815972221875 0.4029853890625 0.8127170140625 0.41274859218750004 0.3428819453125 0.373827615625 0.3385416671875 0.3606781734375 0.815972221875
0 0.4029853890625 0.80078125 0.424138996875 0.80078125 0.4306477984375 0.37109375 0.4145177203125 0.3721788203125 0.4029853890625 0.80078125
0 0.427393396875 0.8018663203124999 0.45098780625 0.80078125 0.45668300781250004 0.3721788203125 0.4364903765625 0.3721788203125 0.427393396875 0.8018663203124999
0 0.46725981250000004 0.810546875 0.478650215625 0.8072916671874999 0.48353181718749993 0.3157552078125 0.4802774171875 0.3146701390625 0.46970061249999995 0.3135850703125 0.46253204375 0.3135850703125 0.45342860625 0.8094618046875001 0.46725981250000004 0.810546875
0 0.4827182171875 0.8040364578125001 0.510380628125 0.8040364578125001 0.511194228125 0.3645833328125 0.48613230312500005 0.3624131953125 0.4827182171875 0.8040364578125001
0 0.5510606421875 0.3483072921875 0.5339750359375001 0.34722222187499996 0.5186843875 0.34722222187499996 0.5177030296875 0.815972221875 0.5225846328125 0.8203125 0.5323478359375 0.8213975703124999 0.55431504375 0.8235677078125001 0.5689598484375 0.8213975703124999 0.5746550515625 0.815972221875 0.5754686515625 0.3493923609375 0.57140065 0.3493923609375 0.5510606421875 0.3483072921875
0 0.5754686515625 0.8029513890625 0.5925542578125 0.805121528125 0.6039446625 0.8018663203124999 0.6088262640625001 0.3515625 0.6080126640625 0.3483072921875 0.597435859375 0.34722222187499996 0.5836046546875 0.3483072921875 0.5780919390625 0.3493923609375 0.5754686515625 0.8029513890625
0 0.6055718625 0.80078125 0.640556675 0.8029513890625 0.647065478125 0.3385416671875 0.61389923125 0.3385416671875 0.6055718625 0.80078125
0 0.6421838765625 0.7921006953124999 0.65926948125 0.791015625 0.664151084375 0.3873697921875 0.64807891875 0.38628472187499996 0.6421838765625 0.7921006953124999
0 0.6600830828124999 0.791015625 0.684491090625 0.791015625 0.69181349375 0.3873697921875 0.6684239703125 0.3873697921875 0.6600830828124999 0.791015625
0 0.6861182921875 0.7921006953124999 0.7145943015625 0.7942708328125 0.7219167046875 0.3873697921875 0.69262709375 0.38628472187499996 0.6861182921875 0.7921006953124999
0 0.715407903125 0.7931857640625 0.7446975124999999 0.7921006953124999 0.752019915625 0.3884548609375 0.725390115625 0.3873697921875 0.715407903125 0.7931857640625
0 0.7471383140625 0.7942708328125 0.766664721875 0.7942708328125 0.7731735234375 0.3895399296875 0.75550079375 0.3884548609375 0.7471383140625 0.7942708328125
0 0.769105521875 0.7931857640625 0.7886319296875001 0.7942708328125 0.7967679328124999 0.3917100703125 0.7758458453125 0.3895399296875 0.769105521875 0.7931857640625
0 0.79514073125 0.80078125 0.8154807390625001 0.80078125 0.8228031421875001 0.38519965312500004 0.805956521875 0.3830295140625 0.79514073125 0.80078125
0 0.8146671390625 0.7888454859375 0.8309391453125 0.7888454859375 0.835007146875 0.38519965312500004 0.8236167421875 0.38519965312500004 0.8146671390625 0.7888454859375
0 0.8317527453125001 0.7888454859375 0.8504655515625 0.7877604171875 0.854533553125 0.3873697921875 0.837447946875 0.3884548609375 0.8317527453125001 0.7888454859375
0 0.8789415625 0.4079861109375 0.857226053125 0.40581597187499996 0.852906353125 0.7888454859375 0.8740599609374999 0.7877604171875 0.8748735609375 0.7736545140625 0.8789415625 0.4079861109375
0 0.8773143625 0.786675346875 0.8992815703125 0.786675346875 0.9041631718750001 0.4079861109375 0.8832677203125 0.4069010421875 0.8773143625 0.786675346875
0 0.92857118125 0.4275173609375 0.9066039734375 0.4275173609375 0.9009087703124999 0.7845052078125 0.9066039734375 0.7877604171875 0.922875978125 0.785590278125 0.92857118125 0.4275173609375
0 0.9277575812500001 0.7877604171875 0.9513519890625 0.7888454859375 0.954606390625 0.4264322921875 0.932909646875 0.4275173609375 0.9277575812500001 0.7877604171875