0 0.0773526921875 0.9173278703125 0.1155615890625 0.9194957515625 0.0960506640625 0.2225221125 0.0594676765625 0.223606053125 0.0773526921875 0.9173278703125
0 0.1188134109375 0.9205796906250001 0.14970571093750001 0.9064884671875 0.1415761578125 0.2246899921875 0.09686361875 0.22035423125000003 0.1188134109375 0.9205796906250001
0 0.1464538890625 0.9151599890625001 0.1716555015625 0.91407605 0.16677777031250002 0.2853906515625 0.13263365 0.28430671093750004 0.1464538890625 0.9151599890625001
0 0.165964815625 0.9184118109374999 0.1976700703125 0.9119081687499999 0.186288696875 0.1943396640625 0.1545834421875 0.2008433046875 0.165964815625 0.9184118109374999
0 0.1903534734375 0.91407605 0.23425305624999998 0.91407605 0.22449759375 0.2301096953125 0.19279233906249998 0.235529396875 0.1903534734375 0.91407605
0 0.23425305624999998 0.91407605 0.26839717812499997 0.9010687656249999 0.25620284843749996 0.10654049531250001 0.22368463906249997 0.111960196875 0.23425305624999998 0.91407605
0 0.26839717812499997 0.9151599890625001 0.3049801640625 0.9119081687499999 0.30010243281250004 0.10545655625000001 0.2635194453125 0.09786897343749999 0.26839717812499997 0.9151599890625001
0 0.3163615375 0.9119081687499999 0.364325896875 0.9151599890625001 0.3561963453125 0.2366133359375 0.30579311875 0.22794181406249997 0.3163615375 0.9119081687499999
0 0.36757771875 0.9075724078125 0.4049736609375 0.9086563468750001 0.4065995703125 0.1206317203125 0.37001658437499996 0.11087625781249999 0.36757771875 0.9075724078125
0 0.4098513921875 0.9064884671875 0.4529380203125 0.89781694375 0.4504991546875 0.1217156609375 0.4090384359375 0.126051421875 0.4098513921875 0.9064884671875
0 0.4578157515625 0.9043205859375 0.4968376046875 0.9010687656249999 0.4992764703125 0.123883540625 0.45212506562500004 0.123883540625 0.4578157515625 0.9043205859375
0 0.49846351406249995 0.9064884671875 0.5382983218749999 0.910824228125 0.5448019640624999 0.136890825 0.4968376046875 0.12821930312500002 0.49846351406249995 0.9064884671875
0 0.5391112765625 0.910824228125 0.5756942640625 0.9010687656249999 0.5854497265624999 0.13905870625 0.5391112765625 0.140142646875 0.5391112765625 0.910824228125
0 0.5756942640625 0.8989008843749999 0.6147161156250001 0.8923972421874999 0.61715498125 0.14339446718749999 0.583823815625 0.1412265875 0.5756942640625 0.8989008843749999
0 0.6179679375 0.8989008843749999 0.66349343125 0.8989008843749999 0.6756877593749999 0.2626279046875 0.6317881765625 0.257208203125 0.6179679375 0.8989008843749999
0 0.6626804765625 0.9010687656249999 0.7082059703125 0.9021527062500001 0.7106448359375 0.137974765625 0.6756877593749999 0.1423105265625 0.6626804765625 0.9010687656249999
0 0.7082059703125 0.9064884671875 0.7496666875 0.9032366453125 0.7586091953125 0.1412265875 0.7204002984375 0.1347229453125 0.7082059703125 0.9064884671875
0 0.7496666875 0.8989008843749999 0.793566271875 0.896733003125 0.7870626296875 0.3222446234375 0.7464148671874999 0.3179088625 0.7496666875 0.8989008843749999
0 0.7919403609375 0.896733003125 0.8155160640625001 0.89781694375 0.8203937953124999 0.18783602187499998 0.788688540625 0.185668140625 0.7919403609375 0.896733003125
0 0.8187678843749999 0.8923972421874999 0.8529120062500001 0.8956490640625001 0.855350871875 0.185668140625 0.8130771984375 0.1824163203125 0.8187678843749999 0.8923972421874999
0 0.8529120062500001 0.8923972421874999 0.9016893203125 0.8989008843749999 0.8894949921874999 0.269131546875 0.8455954078125 0.269131546875 0.8529120062500001 0.8923972421874999
0 0.9016893203125 0.8913133015625 0.9407111734375 0.8913133015625 0.92851684375 0.281054890625 0.8911209031249999 0.2734673078125 0.9016893203125 0.8913133015625
0 0.93989821875 0.8923972421874999 0.98054598125 0.8902293625000001 0.9699775624999999 0.2756351890625 0.926890934375 0.2734673078125 0.93989821875 0.8923972421874999
0 0.9789200703125 0.8891454218750001 0.999747984375 0.8891129031249999 0.999747984375 0.2775537640625 0.9691646078125 0.278887009375 0.9789200703125 0.8891454218750001