0 0.0971130421875 0.834418403125 0.0971130421875 0.24088541718749998 0.03283861875 0.239800346875 0.027147928124999998 0.24088541718749998 0.0344658203125 0.8333333328125001 0.0971130421875 0.834418403125
0 0.1117578484375 0.228949653125 0.107714334375 0.23111979218749998 0.10524904531249998 0.824652778125 0.110130646875 0.8268229171874999 0.143488259375 0.8279079859375 0.160573865625 0.8279079859375 0.16870986875 0.2354600703125 0.16382826718750002 0.228949653125 0.1117578484375 0.228949653125
0 0.1817274734375 0.8213975703124999 0.194745078125 0.825737846875 0.20369468125 0.8224826390625 0.20206748125 0.24197048593749998 0.1882362765625 0.24088541718749998 0.17932891875 0.2452256953125 0.1817274734375 0.8213975703124999
0 0.278545909375 0.22786458281250002 0.20374298125 0.230034721875 0.20450828125 0.8311631953124999 0.2752915078125 0.8322482640625 0.278545909375 0.22786458281250002
0 0.36234673906250003 0.23111979218749998 0.283495584375 0.2256944453125 0.281800309375 0.835503471875 0.3558379375 0.8311631953124999 0.36234673906250003 0.23111979218749998
0 0.3965179515625 0.27777777812500004 0.364061990625 0.2766927078125 0.3599059390625 0.8170572921874999 0.39000914999999997 0.8170572921874999 0.3965179515625 0.27777777812500004
0 0.42906196406249997 0.27777777812500004 0.40058595312499995 0.2766927078125 0.39244995 0.8170572921874999 0.4241803625 0.815972221875 0.42906196406249997 0.27777777812500004
0 0.46160597656249996 0.2549913203125 0.43323516875 0.2549913203125 0.42743476406249997 0.8224826390625 0.45672437343750005 0.8203125 0.46160597656249996 0.2549913203125
0 0.46079237500000003 0.8083767359375 0.468114778125 0.8116319453124999 0.47462358125000004 0.8083767359375 0.484386784375 0.23763020781250002 0.48113238281250004 0.230034721875 0.46741485625 0.228949653125 0.46079237500000003 0.8083767359375
0 0.5519156093750001 0.25824652812500004 0.4902013140625 0.2549913203125 0.485200384375 0.814887153125 0.54622040625 0.814887153125 0.5519156093750001 0.25824652812500004
0 0.5722556156249999 0.27886284687499996 0.5561192828125 0.2799479171875 0.5494748078125 0.8138020828125001 0.5649332140625 0.8127170140625 0.5722556156249999 0.27886284687499996
0 0.6161900328125001 0.2549913203125 0.57971954375 0.2549913203125 0.5722556156249999 0.8311631953124999 0.6088676296875 0.830078125 0.6161900328125001 0.2549913203125
0 0.6617516484375 0.18988715312499999 0.6261062625 0.1888020828125 0.6153764328125 0.8289930546875001 0.6528020453125001 0.830078125 0.6617516484375 0.18988715312499999
0 0.6918548609374999 0.8268229171874999 0.6951092609375 0.825737846875 0.706499665625 0.18988715312499999 0.669237771875 0.18988715312499999 0.654429246875 0.8279079859375 0.6918548609374999 0.8268229171874999
0 0.773214890625 0.23654513906250002 0.7610108859375 0.234375 0.7414844781250001 0.23220486093749998 0.722771671875 0.23111979218749998 0.7099278765625 0.23220486093749998 0.6983636625 0.815972221875 0.7008044640625 0.8192274296875001 0.7097540671875 0.8235677078125001 0.724398871875 0.8235677078125001 0.7422980781249999 0.8235677078125001 0.7536884828125 0.8203125 0.773214890625 0.23654513906250002
0 0.8399301140625001 0.2354600703125 0.781542459375 0.23220486093749998 0.7642652859375 0.824652778125 0.8195901062500001 0.824652778125 0.8399301140625001 0.2354600703125
0 0.8765421281249999 0.24739583281250002 0.8409500124999999 0.24739583281250002 0.8220309078125 0.8224826390625 0.8562021203124999 0.8224826390625 0.8765421281249999 0.24739583281250002
0 0.9115269406250001 0.249565971875 0.8783849078125 0.24739583281250002 0.860270121875 0.8192274296875001 0.893627734375 0.8203125 0.9115269406250001 0.249565971875
0 0.9538341562499999 0.22786458281250002 0.93918935 0.22677951406250002 0.926985346875 0.22677951406250002 0.9050181374999999 0.8203125 0.92129014375 0.824652778125 0.9367485500000001 0.825737846875 0.9489525546875001 0.8213975703124999 0.9758013640625001 0.230034721875 0.9684789609375001 0.22786458281250002 0.9538341562499999 0.22786458281250002