0 0.0978311984375 0.8669704859375 0.1401384140625 0.863715278125 0.078304790625 0.2528211796875 0.037727356249999996 0.25390625 0.0978311984375 0.8669704859375
0 0.1376976125 0.238715278125 0.1067808015625 0.238715278125 0.08888159531249999 0.24088541718749998 0.0807455921875 0.24197048593749998 0.078417459375 0.2517361109375 0.145020015625 0.8821614578125001 0.161292021875 0.8854166671874999 0.170241625 0.883246528125 0.18732723125 0.884331596875 0.20359923750000003 0.8799913203124999 0.21743044218750002 0.874565971875 0.163732821875 0.238715278125 0.1507152171875 0.238715278125 0.1376976125 0.238715278125
0 0.1930224328125 0.23111979218749998 0.163732821875 0.2332899296875 0.21743044218750002 0.8810763890625 0.231261646875 0.883246528125 0.2418384515625 0.8821614578125001 0.1930224328125 0.23111979218749998
0 0.22149844375 0.049913195312500006 0.21173523906249997 0.049913195312500006 0.2027856359375 0.049913195312500006 0.1938360328125 0.0509982640625 0.18651363125 0.053168403125 0.17932891875 0.05533854218749999 0.2442792515625 0.9049479171874999 0.247533653125 0.9092881953124999 0.25648325625 0.9103732640625 0.2695008609375 0.9114583328125001 0.28170486562499997 0.9103732640625 0.29309526875 0.908203125 0.23370244843750002 0.05208333281250001 0.230448046875 0.0509982640625 0.22149844375 0.049913195312500006
0 0.332148084375 0.9060329859375 0.3370296859375 0.902777778125 0.28984086875 0.054253471875 0.2434656515625 0.057508679687499994 0.2971632703125 0.908203125 0.3183168796875 0.908203125 0.332148084375 0.9060329859375
0 0.332148084375 0.057508679687499994 0.3183168796875 0.057508679687499994 0.305468240625 0.05859375 0.3427248875 0.9049479171874999 0.35411529218750004 0.9092881953124999 0.36794649687500003 0.908203125 0.3825913015625 0.9071180546875001 0.3899137046875 0.9006076390625 0.35330169218749996 0.057508679687499994 0.349233690625 0.057508679687499994 0.3451656890625 0.057508679687499994 0.332148084375 0.057508679687499994
0 0.3980497078125 0.2256944453125 0.385845703125 0.228949653125 0.376269021875 0.23220486093749998 0.3964225078125 0.883246528125 0.40699931093749997 0.8897569453124999 0.42001691562500004 0.8908420140625 0.435475321875 0.8897569453124999 0.443611325 0.884331596875 0.437916121875 0.23220486093749998 0.43222092031250003 0.230034721875 0.41432171406249996 0.22677951406250002 0.3980497078125 0.2256944453125
0 0.4493065265625 0.883246528125 0.49649534375000004 0.8821614578125001 0.49812254375 0.18120659687500001 0.444424925 0.18012152812499999 0.4493065265625 0.883246528125
0 0.5607697671875 0.1822916671875 0.5062585484375 0.18012152812499999 0.502190546875 0.883246528125 0.539616159375 0.8821614578125001 0.5501929640625 0.8778211796875001 0.5607697671875 0.1822916671875
0 0.55923034375 0.8778211796875001 0.6145551640625 0.8767361109375 0.6479127765625 0.1790364578125 0.583788553125 0.1790364578125 0.55923034375 0.8778211796875001
0 0.620250365625 0.8767361109375 0.6812703890625 0.87890625 0.7268320046875 0.1725260421875 0.66028595 0.17144097187500001 0.620250365625 0.8767361109375
0 0.688592790625 0.8810763890625 0.72927280625 0.8821614578125001 0.770766421875 0.21267361093749998 0.727831521875 0.2137586796875 0.688592790625 0.8810763890625
0 0.780529625 0.2354600703125 0.77014923125 0.23654513906250002 0.756935215625 0.8821614578125001 0.76425761875 0.8854166671874999 0.779716025 0.8897569453124999 0.7959880296875 0.8908420140625 0.8090056359375 0.888671875 0.8163280374999999 0.8865017359375 0.841549646875 0.23220486093749998 0.7951744296875 0.2332899296875 0.780529625 0.2354600703125