0 0.06759722968750001 0.9368387968749999 0.056215856249999994 0.2181863515625 0.038330840625 0.22143817187499998 0.0139421828125 0.2246899921875 0.020445825 0.9465942593750001 0.06759722968750001 0.9368387968749999
0 0.08141746875 0.219270290625 0.0602806328125 0.219270290625 0.07166200625 0.9465942593750001 0.0927988421875 0.94551031875 0.08141746875 0.219270290625
0 0.114748634375 0.0870295703125 0.08141746875 0.08160986875000001 0.088734065625 0.9498460796874999 0.12287818749999999 0.9476782 0.114748634375 0.0870295703125
0 0.14726684375000001 0.0870295703125 0.1139356796875 0.08269380781249999 0.1139356796875 0.9498460796874999 0.15295753125 0.9498460796874999 0.14726684375000001 0.0870295703125
0 0.19929598125 0.02199315 0.1464538890625 0.018741328125 0.15295753125 0.9530979015625001 0.2057996234375 0.9574336625000001 0.19929598125 0.02199315
0 0.2586417140625 0.025244970312499997 0.2033607578125 0.0176573875 0.20010893593749998 0.9498460796874999 0.2570158046875 0.9476782 0.2586417140625 0.025244970312499997
0 0.309044940625 0.020909209375 0.25620284843749996 0.015489507812500001 0.2537639828125 0.9476782 0.31067085 0.9465942593750001 0.309044940625 0.020909209375
0 0.36595180781250003 0.025244970312499997 0.3098578953125 0.0241610296875 0.31067085 0.948762140625 0.3708295390625 0.9498460796874999 0.36595180781250003 0.025244970312499997
0 0.42448458593750005 0.035000432812499996 0.3740813609375 0.030664671875 0.37489431562500003 0.948762140625 0.43098822812500004 0.9520139609375 0.42448458593750005 0.035000432812499996
0 0.4943987390625 0.1076244359375 0.43505300468749997 0.1076244359375 0.43017527343750006 0.960685484375 0.4862691859375 0.9530979015625001 0.4943987390625 0.1076244359375
0 0.5529315171875 0.10870837656250001 0.487082140625 0.10545655625000001 0.48545623125 0.9574336625000001 0.5513056062499999 0.9552657828125 0.5529315171875 0.10870837656250001
0 0.5984570109375 0.10328867500000001 0.5423630984375001 0.0967850328125 0.548053784375 0.948762140625 0.5984570109375 0.9498460796874999 0.5984570109375 0.10328867500000001
0 0.6447954609375001 0.0989529140625 0.5976440562499999 0.102204734375 0.595205190625 0.9563497218749999 0.6439825046875 0.9520139609375 0.6447954609375001 0.0989529140625
0 0.706580059375 0.09786897343749999 0.645608415625 0.10112079375000001 0.64804728125 0.9574336625000001 0.6976375515625 0.948762140625 0.706580059375 0.09786897343749999
0 0.75047964375 0.102204734375 0.7008893734375 0.09786897343749999 0.6951986859375 0.9530979015625001 0.7456019125 0.9574336625000001 0.75047964375 0.102204734375
0 0.7764942109375 0.0967850328125 0.748040778125 0.092449271875 0.7464148671874999 0.9574336625000001 0.7805589875 0.9530979015625001 0.7764942109375 0.0967850328125
0 0.850473140625 0.1704929765625 0.7756812562500001 0.171576915625 0.7773071671875 0.94551031875 0.85209905 0.94551031875 0.850473140625 0.1704929765625
0 0.9333945765625 0.1704929765625 0.8464083640625001 0.171576915625 0.8488472296875 0.9541818421875 0.916322515625 0.9520139609375 0.9333945765625 0.1704929765625
0 0.979733025 0.12821930312500002 0.9407111734375 0.12496748124999998 0.9301427546875001 0.9596015437500001 0.9748552937499999 0.9552657828125 0.979733025 0.12821930312500002