0 0.1157606734375 0.3450520828125 0.10120391875000001 0.3450520828125 0.13854148125000001 0.845269096875 0.148304684375 0.8485243046875001 0.167017490625 0.8517795140625 0.181662296875 0.8506944453124999 0.1897983 0.8463541671874999 0.1556270875 0.3450520828125 0.148304684375 0.3439670140625 0.13935508125 0.3439670140625 0.1157606734375 0.3450520828125
0 0.20688390625 0.8506944453124999 0.22966471406250002 0.8528645828125001 0.24268231875000001 0.849609375 0.20607030625 0.3407118046875 0.17759429531249998 0.341796875 0.15979766875 0.3439670140625 0.19712070312500002 0.8463541671874999 0.20688390625 0.8506944453124999
0 0.2581611046875 0.849609375 0.285823515625 0.8474392359375 0.24839790156250002 0.3678385421875 0.217577615625 0.3700086796875 0.2581611046875 0.849609375
0 0.306163521875 0.8485243046875001 0.34358913593749996 0.8463541671874999 0.29558671875 0.36675347187499996 0.251757303125 0.3732638890625 0.306163521875 0.8485243046875001
0 0.3492843390625 0.8506944453124999 0.40949076093750003 0.849609375 0.36230194375 0.3493923609375 0.29651641875 0.3580729171875 0.3492843390625 0.8506944453124999
0 0.4168131625 0.8582899296875001 0.48027398593750004 0.855034721875 0.43064436875 0.34613715312500004 0.36487579375 0.3580729171875 0.4168131625 0.8582899296875001
0 0.4875963890625 0.859375 0.53397160625 0.859375 0.48840998906250005 0.3483072921875 0.435676575 0.35698784687499996 0.4875963890625 0.859375
0 0.5396668078125 0.8658854171874999 0.587669225 0.8680555546875001 0.543734809375 0.3450520828125 0.49182891875 0.35590277812500004 0.5396668078125 0.8658854171874999
0 0.5917372265624999 0.873480903125 0.6421804453125 0.874565971875 0.5966188296875 0.3450520828125 0.5478028109374999 0.3515625 0.5917372265624999 0.873480903125
0 0.628349240625 0.3537326390625 0.603319803125 0.3591579859375 0.647875646875 0.8767361109375 0.6674020546875 0.873480903125 0.67147005625 0.8713107640625 0.628349240625 0.3537326390625
0 0.6763516578125001 0.3537326390625 0.632616678125 0.361328125 0.67147005625 0.8799913203124999 0.7064548687500001 0.883246528125 0.712150071875 0.8778211796875001 0.6763516578125001 0.3537326390625
0 0.7414396812499999 0.8865017359375 0.7512028859375001 0.883246528125 0.7105228703125 0.2810329859375 0.674120584375 0.28862847187499996 0.713777271875 0.8810763890625 0.721913275 0.8854166671874999 0.7414396812499999 0.8865017359375
0 0.7544572859375 0.8897569453124999 0.799205303125 0.8897569453124999 0.7691020921875 0.26909722187499996 0.71643829375 0.27886284687499996 0.7544572859375 0.8897569453124999
0 0.8171045093749999 0.2745225703125 0.7756108937499999 0.27886284687499996 0.8016461046875 0.8962673609375 0.8325629156250001 0.8984375 0.84313971875 0.894097221875 0.8171045093749999 0.2745225703125
0 0.8472077203125 0.8995225703124999 0.883819734375 0.902777778125 0.8642933265625 0.2734375 0.8246739703125 0.27886284687499996 0.8472077203125 0.8995225703124999
0 0.8887013359375 0.902777778125 0.9098549437499999 0.9016927078125001 0.8976509390625 0.2701822921875 0.8751296999999999 0.2723524296875 0.8887013359375 0.902777778125
0 0.9244997484375 0.2669270828125 0.9019851687499999 0.26801215312500004 0.9139229453125 0.9006076390625 0.92856775 0.9006076390625 0.935890153125 0.9006076390625 0.9244997484375 0.2669270828125