0 0.027762421875 0.9715248875 0.06597131875 0.9682730656249999 0.049712214062499996 0.2181863515625 0.00987740625 0.21601847031250002 0.027762421875 0.9715248875
0 0.0643454078125 0.9758606484374999 0.10418021562499999 0.9715248875 0.08710815625 0.2257739328125 0.052964034375 0.2246899921875 0.0643454078125 0.9758606484374999
0 0.10661908125 0.972608828125 0.1334466046875 0.970440946875 0.1180004546875 0.078358046875 0.083856334375 0.076190165625 0.10661908125 0.972608828125
0 0.1358854703125 0.9780285296875 0.16515185937500002 0.9769445890625 0.14970571093750001 0.0794419875 0.1171875 0.08269380781249999 0.1358854703125 0.9780285296875
0 0.1562093515625 0.9791124703125 0.1976700703125 0.9791124703125 0.1822239203125 0.0859456296875 0.14889275468750002 0.090281390625 0.1562093515625 0.9791124703125
0 0.20010893593749998 0.980196409375 0.22531054843749998 0.9780285296875 0.2155550859375 0.088113509375 0.1871016515625 0.0848616890625 0.20010893593749998 0.980196409375
0 0.22368463906249997 0.9769445890625 0.2513251171875 0.9747767078124999 0.2431955640625 0.23119363437499998 0.2204328171875 0.232277575 0.22368463906249997 0.9769445890625
0 0.24888625156250002 0.9812803499999999 0.273274909375 0.9769445890625 0.260267625 0.232277575 0.23994374375 0.23336151562500002 0.24888625156250002 0.9812803499999999
0 0.262706490625 0.980196409375 0.3025412984375 0.972608828125 0.30579311875 0.23336151562500002 0.26514535625 0.23444545625000002 0.262706490625 0.980196409375
0 0.30416720937499997 0.9812803499999999 0.3374983734375 0.9780285296875 0.328555865625 0.2376972765625 0.293598790625 0.243116978125 0.30416720937499997 0.9812803499999999
0 0.33668541875 0.9791124703125 0.3846497796875 0.9791124703125 0.37814613750000003 0.10328867500000001 0.33018177656250003 0.0989529140625 0.33668541875 0.9791124703125
0 0.3822109125 0.9791124703125 0.43017527343750006 0.9823642906250001 0.43098822812500004 0.10870837656250001 0.37733318125 0.10545655625000001 0.3822109125 0.9791124703125
0 0.43261413906249996 0.98344823125 0.4789525890625 0.9812803499999999 0.477326678125 0.1217156609375 0.42692345156249994 0.123883540625 0.43261413906249996 0.98344823125
0 0.4748878125 0.9856161109375 0.5358594562500001 0.980196409375 0.5317946796874999 0.11954777968750001 0.477326678125 0.11737990000000001 0.4748878125 0.9856161109375
0 0.530981725 0.9747767078124999 0.563499934375 0.9747767078124999 0.558622203125 0.318992803125 0.530981725 0.31357310156249996 0.530981725 0.9747767078124999
0 0.5651258453125 0.98344823125 0.6017088312500001 0.98344823125 0.594392234375 0.24962062031249999 0.5545574265625001 0.24962062031249999 0.5651258453125 0.98344823125
0 0.6017088312500001 0.980196409375 0.6391047734375 0.980196409375 0.630162265625 0.1466462890625 0.594392234375 0.147730228125 0.6017088312500001 0.980196409375
0 0.6374788625 0.9823642906250001 0.67406185 0.9823642906250001 0.6667452515625001 0.149898109375 0.6277234 0.15098205 0.6374788625 0.9823642906250001
0 0.6797525359375001 0.9888679328125001 0.711457790625 0.9877839921874999 0.7057671046875 0.1542338703125 0.6675582078125 0.15314993125 0.6797525359375001 0.9888679328125001
0 0.7057671046875 0.9867000515625 0.7691776140625 0.9910358140625 0.768364659375 0.11521201875 0.7025152828125 0.114128078125 0.7057671046875 0.9867000515625
0 0.767551703125 0.9812803499999999 0.8268974375000001 0.9867000515625 0.8309622140625 0.116295959375 0.7634869281250001 0.11521201875 0.767551703125 0.9812803499999999
0 0.834214034375 0.984532171875 0.865106334375 0.9823642906250001 0.8586026921875 0.2225221125 0.8301492578125 0.223606053125 0.834214034375 0.984532171875
0 0.8618545140625 0.992119753125 0.890307946875 0.9856161109375 0.8911209031249999 0.223606053125 0.85697678125 0.2257739328125 0.8618545140625 0.992119753125
0 0.8943727234375001 0.9888679328125001 0.92851684375 0.9867000515625 0.9236391125000001 0.2290257546875 0.8886820375 0.2290257546875 0.8943727234375001 0.9888679328125001
0 0.9277038890625 0.9877839921874999 0.95940914375 0.9867000515625 0.9512795921875 0.2257739328125 0.9220132031249999 0.2301096953125 0.9277038890625 0.9877839921874999
0 0.9992439515625 0.2647957859375 0.9520925468750001 0.2626279046875 0.9545314125000001 0.9812803499999999 0.999747984375 0.983198925 0.999747984375 0.412634409375 0.9992439515625 0.2647957859375