0 0.06645498749999999 0.9505008828125 0.0790336203125 0.9574074687499999 0.0923521953125 0.954447484375 0.11159011562500001 0.9514875 0.06645498749999999 0.3259493765625 0.013180735937499998 0.32792267656249996 0.06645498749999999 0.9505008828125
0 0.076813890625 0.3249627265625 0.116669634375 0.9446022734374999 0.12416879843749999 0.9485275828124999 0.1308280359375 0.952474184375 0.1456264484375 0.9534608671875 0.15598535156249999 0.9475409000000001 0.164124475 0.9406343156249999 0.1286083078125 0.3220027578125 0.076813890625 0.3249627265625
0 0.1774430515625 0.9534608671875 0.1870620109375 0.9495142 0.19964064374999999 0.9475409000000001 0.210739440625 0.9416209984374999 0.1833623953125 0.3210161078125 0.16116480312499998 0.3190428078125 0.1426667765625 0.3190428078125 0.1308280359375 0.3220027578125 0.1656043109375 0.9366877140625001 0.1663442546875 0.9465542828125001 0.1774430515625 0.9534608671875
0 0.19150151875000002 0.3190428078125 0.21295921875 0.9416209984374999 0.2255378515625 0.9445809828125 0.2403362625 0.9455676000000001 0.24921532968750001 0.9435942984375 0.25883429062499996 0.9366877140625001 0.246064165625 0.3185172046875 0.19150151875000002 0.3190428078125
0 0.27215286562499996 0.9347144140625 0.2980500734375 0.9327411124999999 0.3121085421875 0.9287945109375 0.306929090625 0.8419690234375 0.290009478125 0.34238873281250004 0.24699555 0.34469578125 0.27215286562499996 0.9347144140625
0 0.363163065625 0.9287945109375 0.3394855875 0.3703487703125 0.3113686 0.3733087390625 0.29065084375 0.3752820390625 0.321727503125 0.9347144140625 0.3298666265625 0.9386610140625 0.342445259375 0.9416209984374999 0.355763834375 0.9366877140625001 0.3609432859375 0.933727796875 0.363163065625 0.9287945109375
0 0.394989946875 0.36843039843750003 0.342445259375 0.371335421875 0.367602575 0.9327411124999999 0.3757416984375 0.9347144140625 0.384620715625 0.9347144140625 0.39497961875 0.933727796875 0.40977802968750004 0.927807828125 0.3957195609375 0.43152128593750005 0.394989946875 0.36843039843750003
0 0.4185902078125 0.345643940625 0.4378950171875 0.925834528125 0.44825392031250005 0.9268212109375 0.45787283125 0.9238612265624999 0.4630522828125 0.9218879265625001 0.47045151250000006 0.913994725 0.45639304375 0.34370913125 0.4185902078125 0.345643940625
0 0.45713293750000006 0.34272248125 0.47267129218750004 0.911034740625 0.48524987499999994 0.9149813421875 0.49412889218749995 0.9149813421875 0.5015281234375 0.9080747562499999 0.490204790625 0.34347380156249996 0.45713293750000006 0.34272248125
0 0.5570222046875 0.309176271875 0.49190921249999997 0.31213622343749997 0.50596768125 0.9435942984375 0.5651613281250001 0.9396476984375 0.5570222046875 0.309176271875
0 0.597626665625 0.325027621875 0.557762096875 0.32792267656249996 0.5666411140625 0.9169546421874999 0.5991976109375 0.9130080406250001 0.597626665625 0.325027621875
0 0.6358753640625 0.32285748281250004 0.59697783125 0.323976075 0.6014173890625 0.915968025 0.6317541062500001 0.911034740625 0.6358753640625 0.32285748281250004
0 0.67318961875 0.3220027578125 0.634713778125 0.323976075 0.6361936640625 0.9149813421875 0.6687501609375001 0.9100481234375 0.67318961875 0.3220027578125
0 0.6798206765625 0.31960227343750003 0.6754093984375 0.9179413249999999 0.7346030453125 0.9090614406249999 0.746441734375 0.316082840625 0.6798206765625 0.31960227343750003
0 0.74274216875 0.90610145625 0.79897614375 0.9021548546875 0.8137745046875 0.3062163046875 0.7486615140625 0.30720295468750003 0.74274216875 0.90610145625
0 0.8233935156250001 0.2933898171875 0.8063752750000001 0.8932749687499999 0.8219136296875 0.8982082531250001 0.8359720984375001 0.8982082531250001 0.851510453125 0.8982082531250001 0.8648290281250001 0.89130166875 0.8922060734375 0.2933898171875 0.8233935156250001 0.2933898171875
0 0.9077444265624999 0.3387758625 0.8774077109375 0.8922883515625 0.8833270546875 0.8972215703125 0.8936859578125 0.9031415390624999 0.907004534375 0.9021548546875 0.9121838859375 0.896234953125 0.9417807093749999 0.3407491796875 0.9077444265624999 0.3387758625