0 0.0009348984375 0.9596015437500001 0.048086303125 0.9780285296875 0.21718099687499998 0.207346946875 0.1513316203125 0.17699661718749998 0.002560809375 0.8674666140625 0.0009348984375 0.9596015437500001
0 0.2895340140625 0.22035423125000003 0.23425305624999998 0.18783602187499998 0.049712214062499996 0.9530979015625001 0.12206523124999999 0.9715248875 0.2895340140625 0.22035423125000003
0 0.1261300078125 0.9520139609375 0.1895405171875 0.9812803499999999 0.3626999875 0.2084308875 0.3025412984375 0.185668140625 0.1261300078125 0.9520139609375
0 0.457002796875 0.0024822234374999998 0.4187939 0.0003143421875 0.196857115625 0.9671891265625 0.23669192187500002 0.9769445890625 0.457002796875 0.0024822234374999998
0 0.23994374375 0.9639373046875 0.2765267296875 0.9693570062499999 0.49521169374999996 0.0046501046875 0.4578157515625 0.0013982828124999998 0.23994374375 0.9639373046875
0 0.484643275 0.2062630078125 0.45537688593750003 0.19975936562500002 0.275713775 0.9682730656249999 0.308231984375 0.9747767078124999 0.484643275 0.2062630078125
0 0.3155485828125 0.9628533640624999 0.34644088125 0.9747767078124999 0.52041330625 0.2127666484375 0.487082140625 0.19975936562500002 0.3155485828125 0.9628533640624999
0 0.5659388 0.2051790671875 0.5220392171875 0.183500259375 0.3553833890625 0.9693570062499999 0.39521819687500004 0.9758606484374999 0.5659388 0.2051790671875
0 0.4025347953125 0.9541818421875 0.4448084671875 0.9715248875 0.6065865640625 0.2019272453125 0.5732553984375001 0.195423603125 0.4025347953125 0.9541818421875
0 0.451312109375 0.9498460796874999 0.492772828125 0.972608828125 0.65373796875 0.20301118593749998 0.619593846875 0.18675208125 0.451312109375 0.9498460796874999
0 0.712270746875 0.1097923171875 0.67893958125 0.09353321249999999 0.5065930671875 0.948762140625 0.5350465015625 0.958517603125 0.712270746875 0.1097923171875
0 0.5374853671875 0.958517603125 0.5683776671875 0.9671891265625 0.7472278218749999 0.1217156609375 0.71389665625 0.1097923171875 0.5374853671875 0.958517603125
0 0.79112740625 0.11954777968750001 0.7512925984375001 0.10003685312499999 0.5748813078125 0.9639373046875 0.6098383843749999 0.9628533640624999 0.79112740625 0.11954777968750001
0 0.6147161156250001 0.9498460796874999 0.639917728125 0.9596015437500001 0.84722131875 0.0176573875 0.8285233484375001 0.0013982828124999998 0.6147161156250001 0.9498460796874999
0 0.6773136703125 0.9617694234374999 0.8846172609374999 0.0165734484375 0.8797395296875001 0.0133216265625 0.8586026921875 0.007901925 0.6439825046875 0.9530979015625001 0.6773136703125 0.9617694234374999
0 0.6813784468749999 0.9476782 0.709018925 0.9596015437500001 0.9236391125000001 0.015489507812500001 0.8984375 0.00573404375 0.6813784468749999 0.9476782
0 0.92851684375 0.0046501046875 0.71958734375 0.9379227374999999 0.767551703125 0.960685484375 0.9837978015625 0.0035661640624999997 0.92851684375 0.0046501046875
0 0.9862366671875 0.0024822234374999998 0.7748683015625 0.9400906171875001 0.8268974375000001 0.9596015437500001 0.9959921312500001 0.185668140625 0.9862366671875 0.0024822234374999998
0 0.9968050859375 0.198675425 0.8366529 0.948762140625 0.88299135 0.960685484375 0.999747984375 0.485887096875 0.9968050859375 0.198675425