0 0.16271299374999998 0.318992803125 0.109870903125 0.28430671093750004 0.00418671875 0.7157149671874999 0.0017478531249999999 0.932503034375 0.16271299374999998 0.318992803125
0 0.0033737640625000004 0.992119753125 0.0391437953125 0.996455515625 0.2692101328125 0.2127666484375 0.21718099687499998 0.18024843906250002 0.0033737640625000004 0.93575485625 0.0033737640625000004 0.992119753125
0 0.0545899453125 0.9563497218749999 0.1001154390625 0.9661051859375 0.3334335984375 0.219270290625 0.29197287968749996 0.18675208125 0.0545899453125 0.9563497218749999
0 0.3862756890625 0.006817984375 0.3456279265625 0.0003143421875 0.3025412984375 0.9986233953125 0.3374983734375 0.9953715750000001 0.3862756890625 0.006817984375
0 0.3610740765625 0.996455515625 0.400908884375 0.9975394546875 0.43911778124999995 0.007901925 0.3911534203125 0.00573404375 0.3610740765625 0.996455515625
0 0.4992764703125 0.0035661640624999997 0.43993073593750004 0.00573404375 0.40977822656249996 0.999663978125 0.46421370937499995 0.999663978125 0.4992764703125 0.0035661640624999997
0 0.46757121562500004 0.992119753125 0.5098448875 0.9953715750000001 0.5683776671875 0.00573404375 0.502528290625 0.006817984375 0.46757121562500004 0.992119753125
0 0.604960653125 0.2615439640625 0.5529315171875 0.26587972656250003 0.5551915328125 0.999663978125 0.600050403125 0.999663978125 0.604960653125 0.2615439640625
0 0.6472343265625 0.9899518734375 0.693572775 0.9877839921874999 0.6618675203125 0.2225221125 0.6065865640625 0.23444545625000002 0.6472343265625 0.9899518734375
0 0.706580059375 0.111960196875 0.6521120578125 0.15206599062499998 0.906567053125 0.9184118109374999 0.9390852625000001 0.8902293625000001 0.706580059375 0.111960196875
0 0.999747984375 0.8931451609375 0.999747984375 0.7859543015625 0.8090124218750001 0.2409490984375 0.7659257937499999 0.27997095 0.9959921312500001 0.9509300203125 0.999747984375 0.8931451609375
0 0.8138901531249999 0.2517885015625 0.993553265625 0.7731638046875 0.999747984375 0.7103494625 0.9968050859375 0.64959460625 0.839091765625 0.21601847031250002 0.8138901531249999 0.2517885015625