0 0.1288519765625 0.8769718125000001 0.198996421875 0.8722358109374999 0.171471378125 0.389170409375 0.0951116515625 0.38561846875 0.1288519765625 0.8769718125000001
0 0.21142710468749998 0.8793397734375 0.23273680625 0.8757877921875 0.2064098125 0.3926373125 0.182126259375 0.3950903515625 0.21142710468749998 0.8793397734375
0 0.252270703125 0.390354390625 0.20698756562499998 0.3939063703125 0.25049489999999996 0.8757877921875 0.2922264296875 0.8698678515625 0.252270703125 0.390354390625
0 0.3446127796875 0.38325050781250003 0.26647719062499997 0.3879864296875 0.297553840625 0.871051871875 0.3685191875 0.8652935625 0.3446127796875 0.38325050781250003
0 0.3703620203125 0.8686839093750001 0.4396185328125 0.8639479890624999 0.426136375 0.3835227296875 0.346388584375 0.389170409375 0.3703620203125 0.8686839093750001
0 0.476910525 0.389170409375 0.429851584375 0.390354390625 0.44494594374999996 0.8793397734375 0.4857896015625 0.8722358109374999 0.476910525 0.389170409375
0 0.5221936609375 0.3844344875 0.479574259375 0.3868024484375 0.4893412078125 0.867499890625 0.5284090031249999 0.8663159500000001 0.5221936609375 0.3844344875
0 0.5701405328125 0.3868024484375 0.5257452687499999 0.3868024484375 0.5328484812500001 0.8698678515625 0.5716441875 0.8691998125 0.5701405328125 0.3868024484375
0 0.573692140625 0.8603960078125 0.5994413796875 0.8615800281249999 0.6068004375 0.3848248125 0.5745800109375 0.3868024484375 0.573692140625 0.8603960078125
0 0.6527156015625 0.3844344875 0.61364780625 0.38561846875 0.6100962 0.867499890625 0.6447243968749999 0.86276396875 0.6527156015625 0.3844344875
0 0.6456123875 0.86276396875 0.6837921921875 0.8580280468750001 0.70421408125 0.348914959375 0.6660341578125 0.3500989390625 0.6456123875 0.86276396875
0 0.688231790625 0.8615800281249999 0.7228599874999999 0.8568440265625 0.748402 0.3796164796875 0.706877815625 0.38325050781250003 0.688231790625 0.8615800281249999
0 0.791228628125 0.38325050781250003 0.7503850890625 0.382066528125 0.7255237218749999 0.8592119890625 0.761039909375 0.8544760671875 0.791228628125 0.38325050781250003
0 0.8871223718750001 0.34536301875 0.802771440625 0.3429950578125 0.7663673796875 0.8568440265625 0.8480113749999999 0.8509706453125 0.8871223718750001 0.34536301875
0 0.8480545765624999 0.8485562046874999 0.924414303125 0.8426362640624999 0.9788707499999999 0.3457623125 0.8915618500000001 0.3429950578125 0.8480545765624999 0.8485562046874999