0 0.023697645312499998 0.922747571875 0.06759722968750001 0.9184118109374999 0.031827198437499996 0.1564017515625 0.0009348984375 0.1542338703125 0.023697645312499998 0.922747571875
0 0.0367049296875 0.1574856921875 0.0456474375 0.1683250953125 0.0643454078125 0.9238315125 0.10580612656249999 0.9270833328125001 0.0822304234375 0.16073751249999998 0.0367049296875 0.1574856921875
0 0.10661908125 0.9205796906250001 0.14076320312499999 0.9249154531249999 0.12694296249999998 0.0371683140625 0.0846692890625 0.0371683140625 0.10661908125 0.9205796906250001
0 0.1366984265625 0.9292512140625 0.1871016515625 0.9314190953124999 0.1716555015625 0.05342741875 0.1318206953125 0.05234347968750001 0.1366984265625 0.9292512140625
0 0.18466278593750002 0.9281672734375 0.24563442968750002 0.9216636312500001 0.2431955640625 0.0458398375 0.1732814125 0.0360843734375 0.18466278593750002 0.9281672734375
0 0.24238260937499997 0.9303351546874999 0.2992894765625 0.9292512140625 0.3025412984375 0.054511359375 0.24563442968750002 0.05342741875 0.24238260937499997 0.9303351546874999
0 0.3456279265625 0.2040951265625 0.31067085 0.20301118593749998 0.30335425312500003 0.922747571875 0.309044940625 0.922747571875 0.33424655312499996 0.9238315125 0.3456279265625 0.2040951265625
0 0.33912428437500003 0.9249154531249999 0.37814613750000003 0.9238315125 0.400908884375 0.10545655625000001 0.3570093 0.10545655625000001 0.33912428437500003 0.9249154531249999
0 0.37570727187499997 0.9259993937500001 0.41147730156250006 0.9259993937500001 0.44155664687499996 0.1206317203125 0.39928297343749997 0.1130441375 0.37570727187499997 0.9259993937500001
0 0.4187939 0.9314190953124999 0.45862870781250004 0.932503034375 0.500089425 0.08052592812500001 0.44968620000000004 0.0729383453125 0.4187939 0.9314190953124999
0 0.4578157515625 0.934670915625 0.503341246875 0.9379227374999999 0.5399242328125 0.078358046875 0.4903339625 0.069686525 0.4578157515625 0.934670915625
0 0.5009023796875 0.932503034375 0.5382983218749999 0.922747571875 0.56675175625 0.2225221125 0.5301687687500001 0.2246899921875 0.5009023796875 0.932503034375
0 0.5342335453125 0.9259993937500001 0.5870756375 0.9238315125 0.6285363546875 0.1748287375 0.5724424421875 0.1661572140625 0.5342335453125 0.9259993937500001
0 0.5911404140625 0.922747571875 0.6423565953125 0.932503034375 0.687069134375 0.17916449843749999 0.6366659078125 0.1661572140625 0.5911404140625 0.922747571875
0 0.63829181875 0.9270833328125001 0.6813784468749999 0.9303351546874999 0.742350090625 0.10003685312499999 0.696824596875 0.092449271875 0.63829181875 0.9270833328125001
0 0.6724359390625 0.93575485625 0.71389665625 0.93575485625 0.7870626296875 0.10112079375000001 0.7382853140625001 0.0989529140625 0.6724359390625 0.93575485625
0 0.71389665625 0.93575485625 0.7659257937499999 0.9368387968749999 0.8358399453124999 0.10003685312499999 0.786249675 0.09353321249999999 0.71389665625 0.93575485625
0 0.7642998828125 0.93575485625 0.8090124218750001 0.93575485625 0.8894949921874999 0.10870837656250001 0.8407176765625 0.102204734375 0.7642998828125 0.93575485625
0 0.8081994671875 0.932503034375 0.8512860953124999 0.9314190953124999 0.9350204859375 0.15314993125 0.8886820375 0.14339446718749999 0.8081994671875 0.932503034375
0 0.855350871875 0.9314190953124999 0.8797395296875001 0.9314190953124999 0.962660965625 0.149898109375 0.9325816203124999 0.149898109375 0.855350871875 0.9314190953124999
0 0.880552484375 0.934670915625 0.9130706953125 0.934670915625 0.992740309375 0.1542338703125 0.9667257421875 0.1455623484375 0.880552484375 0.934670915625