0 0.16721848749999998 0.11319005625 0.13609731249999998 0.1152935625 0.168994290625 0.74425345625 0.202734615625 0.743069515625 0.1743217015625 0.11319005625 0.16721848749999998 0.11319005625
0 0.202734615625 0.74425345625 0.23825080468749998 0.7454374765625 0.2142223125 0.1126893953125 0.1778733078125 0.1143740375 0.202734615625 0.74425345625
0 0.23913873593749999 0.743069515625 0.2711032578125 0.74425345625 0.250355125 0.12180397968750001 0.21871690625 0.1214779390625 0.23913873593749999 0.743069515625
0 0.2719911890625 0.7489893765625 0.30129203437499996 0.7466214171875001 0.2845348125 0.1205018953125 0.24979355625 0.1214779390625 0.2719911890625 0.7489893765625
0 0.3030678390625 0.750173396875 0.32970495 0.7478054375000001 0.3157848125 0.1165956453125 0.28530974375 0.11792599687500001 0.3030678390625 0.750173396875
0 0.364333265625 0.7513573375 0.39452198437499997 0.750173396875 0.3847550359375 0.2055408 0.35101465 0.2055408 0.364333265625 0.7513573375
0 0.331480753125 0.7478054375000001 0.36166953125 0.7478054375000001 0.349238846875 0.20790876093750002 0.3187145 0.20774147968749998 0.331480753125 0.7478054375000001
0 0.4371413859375 0.7489893765625 0.4291503 0.11792599687500001 0.38512075 0.11789772968750001 0.39718571874999997 0.7489893765625 0.4371413859375 0.7489893765625
0 0.4735454453125 0.11792599687500001 0.43092604375 0.11792599687500001 0.4398051203125 0.7513573375 0.47887075 0.7494081453125 0.4735454453125 0.11792599687500001
0 0.49663095 0.103718175 0.48153664999999995 0.103718175 0.48242452187499996 0.7596452390625 0.514389103125 0.7596452390625 0.5392503515625 0.7560933390625 0.5419140875 0.10727013437499999 0.5312592656249999 0.10490217500000001 0.5170528390625 0.103718175 0.509061634375 0.10253419374999999 0.49663095 0.103718175
0 0.544577821875 0.7478054375000001 0.5694391890625 0.7478054375000001 0.5676633265625 0.23395640625 0.54368995 0.2363243875 0.544577821875 0.7478054375000001
0 0.5703270609375 0.7489893765625 0.5943004375000001 0.7478054375000001 0.593412565625 0.23395640625 0.5676633265625 0.2351403875 0.5703270609375 0.7489893765625
0 0.6546779921875 0.7525413578125 0.6582296000000001 0.1806771328125 0.64491104375 0.1771251921875 0.645798915625 0.2505321921875 0.645798915625 0.3203872296875 0.6466867875 0.39853016874999997 0.645798915625 0.4731211671875 0.642247309375 0.5927034984375 0.640471565625 0.6566386734375 0.640471565625 0.7170218687500001 0.64313518125 0.7572772796875 0.6546779921875 0.7525413578125
0 0.6591174718749999 0.1771251921875 0.6564537374999999 0.7466214171875001 0.6582296000000001 0.7489893765625 0.674211890625 0.7489893765625 0.6875304453125 0.7478054375000001 0.6981852671875 0.7454374765625 0.6981852671875 0.159365428125 0.6575816875 0.1582623125 0.6591174718749999 0.1771251921875
0 0.746448875 0.1569602296875 0.71061595 0.1558134671875 0.70706434375 0.15818144843749998 0.709728078125 0.7525413578125 0.7514596078125 0.750173396875 0.746448875 0.1569602296875
0 0.7914152750000001 0.1617333890625 0.7825361984375 0.16291736875 0.773792625 0.1673768953125 0.8358104203125001 0.7584613 0.8722146000000001 0.7478054375000001 0.809173309375 0.1605494078125 0.7914152750000001 0.1617333890625