0 0.141282659375 0.8379003421875 0.1945569421875 0.8367163218749999 0.22119405312499998 0.1831572171875 0.16539418749999998 0.1777935625 0.141282659375 0.8379003421875
0 0.27002879687500003 0.1878931578125 0.2220819859375 0.1819732375 0.196332746875 0.8367163218749999 0.250355125 0.8340435625 0.27002879687500003 0.1878931578125
0 0.25404650625 0.8343483609375 0.3037691828125 0.8343483609375 0.3196910625 0.1908143953125 0.27446833593750003 0.1890771390625 0.25404650625 0.8343483609375
0 0.33395790000000003 0.8367163218749999 0.41386929375000003 0.8367163218749999 0.4193004375 0.2923768953125 0.3401732421875 0.2908997640625 0.33395790000000003 0.8367163218749999
0 0.5168661921875 0.236436490625 0.4413943359375 0.23525251093750002 0.43199575 0.8457623125 0.511538840625 0.8450042234374999 0.5168661921875 0.236436490625
0 0.5168661921875 0.8450042234374999 0.6021049953125 0.8450042234374999 0.6028941875 0.23508522968749998 0.5221936609375 0.23762049062499999 0.5168661921875 0.8450042234374999
0 0.6971108671875 0.23406852968749997 0.6065445921875 0.23525251093750002 0.6083203375 0.84618824375 0.701527 0.8470643953125 0.6971108671875 0.23406852968749997
0 0.7059898234374999 0.8450042234374999 0.8009955765625 0.8485562046874999 0.795277 0.2285748125 0.706877815625 0.2305165890625 0.7059898234374999 0.8450042234374999
0 0.8276328078124999 0.2317005703125 0.8045473031249999 0.23288455 0.8045473031249999 0.8473721843750001 0.8294085515624999 0.8473721843750001 0.8276328078124999 0.2317005703125
0 0.8302964234375001 0.840268303125 0.8533819265625 0.84145224375 0.8597301249999999 0.23508522968749998 0.8320722859374999 0.236436490625 0.8302964234375001 0.840268303125
0 0.9181989609375 0.23880447187499998 0.8604852609375 0.236436490625 0.855157790625 0.84145224375 0.9144176249999999 0.8431581453125 0.9181989609375 0.23880447187499998