0 0.0449752265625 0.8810763890625 0.081587240625 0.8778211796875001 0.06368803437500001 0.3190104171875 0.028703221875 0.31792534687499996 0.0449752265625 0.8810763890625
0 0.083214440625 0.87890625 0.1190128546875 0.8767361109375 0.099486446875 0.3190104171875 0.066210428125 0.31792534687499996 0.083214440625 0.87890625
0 0.175151275 0.8799913203124999 0.22071289218749998 0.873480903125 0.1442344640625 0.2756076390625 0.099486446875 0.283203125 0.175151275 0.8799913203124999
0 0.22559449374999999 0.8799913203124999 0.23535769687500002 0.8810763890625 0.2500025015625 0.87890625 0.25976570625 0.873480903125 0.1816600765625 0.2766927078125 0.1718968734375 0.2766927078125 0.15806566875 0.2766927078125 0.148302465625 0.2799479171875 0.22559449374999999 0.8799913203124999
0 0.185839334375 0.2821180546875 0.26139290625 0.8778211796875001 0.2735969109375 0.8810763890625 0.285800915625 0.8799913203124999 0.29719131875000004 0.8702256953124999 0.219085690625 0.2821180546875 0.21420408906250002 0.2766927078125 0.2060680859375 0.27777777812500004 0.19305048125 0.27777777812500004 0.185839334375 0.2821180546875
0 0.254070503125 0.27886284687499996 0.2459345 0.27886284687499996 0.236984896875 0.27886284687499996 0.2288488953125 0.2799479171875 0.22327423125 0.2842881953125 0.3139861515625 0.8805338546874999 0.3240401296875 0.883246528125 0.336244134375 0.8799913203124999 0.3451937375 0.8756510421874999 0.355770540625 0.8713107640625 0.3614657421875 0.8658854171874999 0.26883133593749997 0.2750651046875 0.26220650624999997 0.2766927078125 0.254070503125 0.27886284687499996
0 0.421672165625 0.87890625 0.42492656562500003 0.87890625 0.4346897703125 0.8767361109375 0.44770737499999996 0.8702256953124999 0.458284178125 0.8626302078125001 0.46560658125 0.855034721875 0.32648092968750003 0.2918836796875 0.278612771875 0.30815972187499996 0.421672165625 0.87890625
0 0.4802513859375 0.8604600703124999 0.5046593953125 0.8506944453124999 0.354956940625 0.26801215312500004 0.332323709375 0.2745225703125 0.4802513859375 0.8604600703124999
0 0.5168634 0.8713107640625 0.5388306078125 0.8604600703124999 0.3842465515625 0.2756076390625 0.36227934375 0.2842881953125 0.5168634 0.8713107640625
0 0.559984215625 0.874565971875 0.5811378234375 0.863715278125 0.42655376718750004 0.3309461796875 0.40702735937499995 0.3396267359375 0.559984215625 0.874565971875
0 0.5892738265624999 0.873480903125 0.610427434375 0.8626302078125001 0.456656978125 0.3331163203125 0.4364903765625 0.3407118046875 0.5892738265624999 0.873480903125
0 0.6218178375 0.8756510421874999 0.6600570515624999 0.8528645828125001 0.48920098906250004 0.2734375 0.4542161765625 0.2842881953125 0.6218178375 0.8756510421874999
0 0.6738882578125 0.8778211796875001 0.7121274718749999 0.853949653125 0.543712209375 0.2701822921875 0.507100196875 0.2864583328125 0.6738882578125 0.8778211796875001
0 0.7275858765625001 0.8778211796875001 0.7674522921875 0.8528645828125001 0.6161226359375 0.3483072921875 0.5803242234375 0.36566840312500004 0.7275858765625001 0.8778211796875001
0 0.8008801249999999 0.883246528125 0.8383057390624999 0.8582899296875001 0.6780264796875 0.3526475703125 0.64710966875 0.3689236109375 0.8008801249999999 0.883246528125
0 0.8448145406249999 0.8702256953124999 0.8838673546875 0.845269096875 0.6975528875 0.28754340312500004 0.67249298125 0.3038194453125 0.8448145406249999 0.8702256953124999
0 0.9017665625 0.8680555546875001 0.91885216875 0.8615451390625 0.935937775 0.8506944453124999 0.938378575 0.83984375 0.7610137109374999 0.2810329859375 0.7374193015625 0.2940538203125 0.8993257609375 0.8669704859375 0.9017665625 0.8680555546875001