0 0.0448344828125 0.9476782 0.1342595609375 0.9498460796874999 0.1009283953125 0.09786897343749999 0.0033737640625000004 0.09353321249999999 0.0448344828125 0.9476782
0 0.13913729218749998 0.9541818421875 0.17815914375 0.9541818421875 0.1537704859375 0.123883540625 0.10499317187499999 0.1206317203125 0.13913729218749998 0.9541818421875
0 0.1822239203125 0.9509300203125 0.2204328171875 0.9530979015625001 0.20092189062500002 0.12496748124999998 0.15295753125 0.1271353625 0.1822239203125 0.9509300203125
0 0.2204328171875 0.9530979015625001 0.26758422187500003 0.9530979015625001 0.2537639828125 0.1325550640625 0.19929598125 0.12821930312500002 0.2204328171875 0.9530979015625001
0 0.26514535625 0.948762140625 0.31148380625 0.9520139609375 0.2992894765625 0.1336390046875 0.2513251171875 0.1336390046875 0.26514535625 0.948762140625
0 0.3098578953125 0.9476782 0.3626999875 0.9498460796874999 0.3472538375 0.011153745312500001 0.2976635671875 0.006817984375 0.3098578953125 0.9476782
0 0.3586352109375 0.948762140625 0.40822548125 0.9498460796874999 0.4090384359375 0.0176573875 0.35213156875 0.0133216265625 0.3586352109375 0.948762140625
0 0.4122902578125 0.9498460796874999 0.44643437812500003 0.9574336625000001 0.438304825 0.12821930312500002 0.400095928125 0.1336390046875 0.4122902578125 0.9498460796874999
0 0.44236960156249994 0.948762140625 0.4805784984375 0.9465942593750001 0.4805784984375 0.12821930312500002 0.4439955125 0.1271353625 0.44236960156249994 0.948762140625
0 0.48301736406250007 0.9476782 0.517974440625 0.9520139609375 0.52041330625 0.0870295703125 0.48301736406250007 0.0870295703125 0.48301736406250007 0.9476782
0 0.5212262609375 0.9465942593750001 0.5545574265625001 0.944426378125 0.5578092484375 0.09136533125 0.5220392171875 0.08919745 0.5212262609375 0.9465942593750001
0 0.5529315171875 0.9509300203125 0.599269965625 0.9498460796874999 0.6114642953125 0.135806884375 0.5610610687500001 0.136890825 0.5529315171875 0.9509300203125
0 0.6017088312500001 0.9498460796874999 0.6423565953125 0.9509300203125 0.65373796875 0.1347229453125 0.6139031609375001 0.1347229453125 0.6017088312500001 0.9498460796874999
0 0.639917728125 0.9520139609375 0.701702328125 0.9422584984375 0.7179614328125 0.111960196875 0.65373796875 0.11521201875 0.639917728125 0.9520139609375
0 0.7049541500000001 0.9422584984375 0.7285298515624999 0.93575485625 0.743163046875 0.0263289109375 0.71958734375 0.028496792187499998 0.7049541500000001 0.9422584984375
0 0.72527803125 0.9422584984375 0.7521055546875 0.9411745578125 0.7659257937499999 0.01982526875 0.7415371359375 0.020909209375 0.72527803125 0.9422584984375
0 0.7569832859375001 0.9400906171875001 0.78543671875 0.9422584984375 0.8081994671875 0.14447840781250001 0.7642998828125 0.1423105265625 0.7569832859375001 0.9400906171875001
0 0.7895014953125 0.93575485625 0.8179549296875 0.9379227374999999 0.8431565421875 0.14447840781250001 0.8106383328125 0.1455623484375 0.7895014953125 0.93575485625
0 0.8252715265624999 0.9390066765625 0.8480342734375 0.9400906171875001 0.8707970218750001 0.2398651578125 0.8439694984375 0.2376972765625 0.8252715265624999 0.9390066765625
0 0.8464083640625001 0.93575485625 0.8675452 0.9411745578125 0.8976245453124999 0.232277575 0.8707970218750001 0.232277575 0.8464083640625001 0.93575485625
0 0.8732358874999999 0.93575485625 0.8927468125000001 0.9368387968749999 0.9236391125000001 0.22685787343750002 0.8959986343749999 0.2225221125 0.8732358874999999 0.93575485625
0 0.8976245453124999 0.93575485625 0.9277038890625 0.9400906171875001 0.9585961890625001 0.1412265875 0.926890934375 0.137974765625 0.8976245453124999 0.93575485625
0 0.92445206875 0.9368387968749999 0.962660965625 0.9368387968749999 0.9968050859375 0.14447840781250001 0.9610350546875001 0.1455623484375 0.92445206875 0.9368387968749999