0 0.159375 0.120313 0.096875 0.121875 0.065625 0.775 0.134375 0.773438 0.159375 0.120313
0 0.232813 0.125 0.170313 0.121875 0.145313 0.773438 0.2125 0.770312 0.232813 0.125
0 0.275 0.76875 0.2875 0.123438 0.2375 0.121875 0.220312 0.773438 0.275 0.76875
0 0.29375 0.126562 0.279687 0.771875 0.3375 0.76875 0.35156200000000004 0.126562 0.296875 0.128125 0.29375 0.126562
0 0.389062 0.134375 0.37031200000000003 0.13125 0.35310896718749996 0.134117171875 0.345313 0.76875 0.4125 0.767188 0.41093799999999997 0.13281199999999999 0.404687 0.134375 0.389062 0.134375
0 0.454688 0.767188 0.47968700000000003 0.76875 0.47968700000000003 0.13125 0.41875 0.13125 0.420312 0.134375 0.41875 0.76875 0.4375 0.76875 0.454688 0.767188
0 0.485938 0.123438 0.48906299999999997 0.76875 0.554688 0.76875 0.546875 0.125 0.48906299999999997 0.126562 0.485938 0.123438
0 0.621875 0.123438 0.559375 0.125 0.559375 0.76875 0.634375 0.767188 0.621875 0.123438
0 0.6875 0.185938 0.640625 0.1875 0.6375 0.2125 0.6375 0.764062 0.6625 0.765625 0.69375 0.76875 0.6875 0.185938
0 0.721875 0.204687 0.69375 0.203125 0.7 0.767188 0.73125 0.76875 0.721875 0.204687
0 0.767188 0.765625 0.751563 0.190625 0.725 0.192188 0.7375 0.765625 0.767188 0.765625
0 0.751563 0.203125 0.76875 0.7625 0.779687 0.759375 0.7625 0.204687 0.753125 0.209375 0.751563 0.203125
0 0.782813 0.278125 0.765625 0.28125 0.784375 0.75625 0.8 0.753125 0.782813 0.278125
0 0.7875 0.29375 0.798438 0.751563 0.83125 0.751563 0.814063 0.28125 0.7875 0.28125 0.7875 0.29375
0 0.8875 0.123438 0.876563 0.123438 0.867188 0.123438 0.853125 0.123438 0.846875 0.128125 0.871875 0.7625 0.932813 0.7625 0.94375 0.7625 0.95625 0.760938 0.965625 0.760938 0.9375 0.123438 0.93125 0.123438 0.923438 0.123438 0.909375 0.125 0.898438 0.125 0.8875 0.123438
0 0.7265625 0.646875 0.703125 0.646875 0.703125 0.7328125 0.7265625 0.7328125 0.7265625 0.646875
0 0.934375 0.646875 0.890625 0.646875 0.890625 0.7234375 0.934375 0.7234375 0.934375 0.646875
0 0.8015625 0.659375 0.8015625 0.7265625 0.8296875 0.7265625 0.8296875 0.659375 0.8015625 0.659375
0 0.6203125 0.653125 0.578125 0.653125 0.578125 0.7359375 0.6203125 0.7359375 0.6203125 0.653125
0 0.771875 0.659375 0.771875 0.7375 0.7765625 0.7375 0.7765625 0.659375 0.771875 0.659375
0 0.784375 0.659375 0.784375 0.728125 0.7953125 0.728125 0.7953125 0.659375 0.784375 0.659375
0 0.2703125 0.646875 0.228125 0.646875 0.228125 0.7125 0.2703125 0.7125 0.2703125 0.646875
0 0.5390625 0.659375 0.503125 0.659375 0.503125 0.7265625 0.5390625 0.7265625 0.5390625 0.659375
0 0.7609375 0.653125 0.740625 0.653125 0.740625 0.734375 0.7609375 0.734375 0.7609375 0.653125
0 0.6890625 0.653125 0.646875 0.653125 0.646875 0.7296875 0.6890625 0.7296875 0.6890625 0.653125
0 0.4703125 0.653125 0.428125 0.653125 0.428125 0.7328125 0.4703125 0.7328125 0.4703125 0.653125
0 0.359375 0.653125 0.359375 0.7328125 0.4015625 0.7328125 0.4015625 0.653125 0.359375 0.653125