0 0.1930454359375 0.30815972187499996 0.132128396875 0.30707465312500004 0.11738060937499999 0.9092881953124999 0.17840063125 0.908203125 0.1930454359375 0.30815972187499996
0 0.2605742609375 0.3135850703125 0.20211537656249998 0.3103298609375 0.188977434375 0.908203125 0.24837025625 0.9049479171874999 0.2605742609375 0.3135850703125
0 0.263964334375 0.37109375 0.2524382578125 0.9016927078125001 0.2573198609375 0.9049479171874999 0.28010066875 0.9049479171874999 0.29149107343749997 0.903862846875 0.298813475 0.3721788203125 0.2678966640625 0.37109375 0.263964334375 0.37109375
0 0.339493490625 0.36566840312500004 0.300585428125 0.36566840312500004 0.2931182734375 0.9168836796875001 0.33379828749999996 0.9157986109375 0.339493490625 0.36566840312500004
0 0.3437169390625 0.35698784687499996 0.341120690625 0.903862846875 0.3460022921875 0.9103732640625 0.3866823078125 0.9092881953124999 0.4013271125 0.9071180546875001 0.4037679140625 0.361328125 0.39644551093749997 0.35698784687499996 0.3437169390625 0.35698784687499996
0 0.407022315625 0.9071180546875001 0.4208535203125 0.908203125 0.4411935265625 0.9049479171874999 0.45339753125 0.902777778125 0.459906334375 0.3602430546875 0.4145177203125 0.3580729171875 0.407022315625 0.9071180546875001
0 0.5054679515625 0.361328125 0.46253204375 0.3602430546875 0.4558383328125 0.9071180546875001 0.50221355 0.9071180546875001 0.5054679515625 0.361328125
0 0.5616063718750001 0.2669270828125 0.515429178125 0.2658420140625 0.50465435 0.922309028125 0.55591116875 0.922309028125 0.5616063718750001 0.2669270828125
0 0.5673015734375 0.922309028125 0.6128631906249999 0.9212239578125001 0.6169311921875 0.26909722187499996 0.56995391875 0.26801215312500004 0.5607927703125 0.91796875 0.5673015734375 0.922309028125
0 0.647126215625 0.8973524296875001 0.68861983125 0.8962673609375 0.68861983125 0.3884548609375 0.61878204375 0.3884548609375 0.613768603125 0.8995225703124999 0.647126215625 0.8973524296875001
0 0.79438786875 0.3884548609375 0.7488262531250001 0.3884548609375 0.698534646875 0.3873697921875 0.698383034375 0.8962673609375 0.7081462375 0.8962673609375 0.734181446875 0.8951822921874999 0.75940305625 0.8951822921874999 0.7838110656249999 0.8951822921874999 0.79520146875 0.8962673609375 0.79438786875 0.3884548609375
0 0.8375086843749999 0.35698784687499996 0.810839334375 0.35698784687499996 0.8147278765625 0.903862846875 0.8423902859375 0.902777778125 0.8375086843749999 0.35698784687499996
0 0.872493496875 0.3602430546875 0.8448310875 0.3580729171875 0.851339890625 0.903862846875 0.8798159 0.902777778125 0.872493496875 0.3602430546875