0 0.109375 0.901563 0.1375 0.903125 0.15 0.898438 0.14843800000000001 0.36875 0.10625 0.365625 0.107813 0.525 0.109375 0.71875 0.109375 0.901563
0 0.189062 0.365625 0.151562 0.36718799999999996 0.151562 0.371875 0.153125 0.901563 0.184375 0.898438 0.192188 0.895312 0.189062 0.365625
0 0.19375 0.9 0.198437 0.9 0.203125 0.32031200000000004 0.19375 0.32031200000000004 0.19375 0.9
0 0.198437 0.91875 0.271875 0.921875 0.278125 0.210938 0.204687 0.210938 0.198437 0.91875
0 0.278125 0.921875 0.35 0.923438 0.357812 0.209375 0.2875 0.209375 0.278125 0.921875
0 0.39531299999999997 0.929688 0.409375 0.928125 0.439063 0.165625 0.434375 0.1625 0.421875 0.160938 0.404687 0.160938 0.389062 0.159375 0.378125 0.159375 0.353125 0.921875 0.35625 0.925 0.36718799999999996 0.928125 0.384375 0.928125 0.39531299999999997 0.929688
0 0.425 0.909375 0.471875 0.910937 0.496875 0.314063 0.44843700000000003 0.310937 0.425 0.909375
0 0.47968700000000003 0.909375 0.5 0.909375 0.525 0.340625 0.503125 0.33906200000000003 0.47968700000000003 0.909375
0 0.5 0.904687 0.521875 0.90625 0.551562 0.342187 0.528125 0.340625 0.5 0.904687
0 0.526563 0.9 0.548438 0.9 0.56875 0.454688 0.548438 0.454688 0.526563 0.9
0 0.551562 0.895312 0.575 0.895312 0.592187 0.454688 0.573438 0.453125 0.551562 0.895312
0 0.584375 0.928125 0.61875 0.929688 0.65625 0.232813 0.620313 0.228125 0.584375 0.928125
0 0.621875 0.915625 0.65 0.915625 0.679688 0.33593799999999996 0.651563 0.334375 0.621875 0.915625
0 0.651563 0.910937 0.68125 0.910937 0.7125 0.33593799999999996 0.68125 0.334375 0.651563 0.910937
0 0.695312 0.903125 0.732812 0.903125 0.757812 0.33593799999999996 0.715625 0.33281299999999997 0.695312 0.903125
0 0.735938 0.889062 0.776563 0.8875 0.796875 0.3375 0.757812 0.33593799999999996 0.735938 0.889062
0 0.78125 0.889062 0.810937 0.8875 0.835938 0.267188 0.801562 0.264062 0.78125 0.889062
0 0.8125 0.878125 0.83125 0.879687 0.851562 0.315625 0.834375 0.31718799999999997 0.8125 0.878125
0 0.84375 0.889062 0.857812 0.889062 0.88125 0.25625 0.867188 0.25781200000000004 0.84375 0.889062
0 0.8625 0.890625 0.875 0.890625 0.9 0.25625 0.889062 0.25468799999999997 0.885938 0.25468799999999997 0.8625 0.890625
0 0.65 0.815625 0.628125 0.815625 0.628125 0.8921875 0.65 0.8921875 0.65 0.815625
0 0.734375 0.796875 0.696875 0.796875 0.696875 0.8765625 0.734375 0.8765625 0.734375 0.796875
0 0.55 0.803125 0.534375 0.803125 0.534375 0.8828125 0.55 0.8828125 0.55 0.803125
0 0.6828125 0.809375 0.659375 0.809375 0.659375 0.8890625 0.6828125 0.8890625 0.6828125 0.809375
0 0.5734375 0.809375 0.553125 0.809375 0.553125 0.8828125 0.5734375 0.8828125 0.5734375 0.809375
0 0.740625 0.784375 0.740625 0.8515625 0.7765625 0.8515625 0.7765625 0.784375 0.740625 0.784375
0 0.6203125 0.828125 0.590625 0.828125 0.590625 0.9078125 0.6203125 0.9078125 0.6203125 0.828125
0 0.4703125 0.815625 0.428125 0.815625 0.428125 0.86875 0.4703125 0.86875 0.4703125 0.815625
0 0.8078125 0.790625 0.790625 0.790625 0.790625 0.8640625 0.8078125 0.8640625 0.8078125 0.790625
0 0.5015625 0.796875 0.478125 0.796875 0.478125 0.875 0.5015625 0.875 0.5015625 0.796875
0 0.1875 0.796875 0.159375 0.796875 0.159375 0.8703125 0.1875 0.8703125 0.1875 0.796875
0 0.4078125 0.809375 0.365625 0.809375 0.365625 0.8640625 0.4078125 0.8640625 0.4078125 0.809375
0 0.8328125 0.790625 0.821875 0.790625 0.821875 0.85625 0.8328125 0.85625 0.8328125 0.790625
0 0.1453125 0.796875 0.115625 0.796875 0.115625 0.8734375 0.1453125 0.8734375 0.1453125 0.796875
0 0.8578125 0.784375 0.846875 0.784375 0.846875 0.8578125 0.8578125 0.8578125 0.8578125 0.784375
0 0.8765625 0.790625 0.865625 0.790625 0.865625 0.846875 0.8765625 0.846875 0.8765625 0.790625
0 0.2515625 0.784375 0.215625 0.784375 0.215625 0.834375 0.2515625 0.834375 0.2515625 0.784375
0 0.525 0.790625 0.509375 0.790625 0.509375 0.85 0.525 0.85 0.525 0.790625