0 0.16880770312499999 0.36312276250000003 0.12340199999999998 0.3705018953125 0.1936690109375 0.8367163218749999 0.230961003125 0.8236924984374999 0.16880770312499999 0.36312276250000003
0 0.23273680625 0.8225085578125 0.2708629375 0.8106060625 0.2132029078125 0.359570821875 0.17058350625000002 0.36667474375000003 0.23273680625 0.8225085578125
0 0.23895214843749998 0.3323391953125 0.2122691875 0.3327414796875 0.2718046015625 0.8236924984374999 0.29489010625 0.8177725578124999 0.23895214843749998 0.3323391953125
0 0.297553840625 0.8201405968750001 0.3187145 0.8132102296875001 0.269140865625 0.3323391953125 0.2398400203125 0.3358911359375 0.297553840625 0.8201405968750001
0 0.3333629375 0.3613873125 0.2780199421875 0.3690427046875 0.3215272765625 0.809484734375 0.36503454999999996 0.798828871875 0.3333629375 0.3613873125
0 0.3694740890625 0.8011968328125001 0.41637075 0.7871685625 0.3872321828125 0.3583868421875 0.335733703125 0.36430674218750003 0.3694740890625 0.8011968328125001
0 0.433948875 0.3600852296875 0.3907837890625 0.36667474375000003 0.41742090000000004 0.78225306875 0.44760967812499997 0.7751491875000001 0.433948875 0.3600852296875
0 0.4511612859375 0.7680453046875 0.4840137390625 0.76094134375 0.47158311406250003 0.3548349 0.434291121875 0.359570821875 0.4511612859375 0.7680453046875
0 0.48756534531250006 0.7751491875000001 0.51597831875 0.7680453046875 0.509762978125 0.30865950937500003 0.47779839687500003 0.31221145 0.48756534531250006 0.7751491875000001
0 0.5403941875 0.3066998125 0.509762978125 0.31102746875 0.51597831875 0.766861284375 0.5417275578125 0.76094134375 0.5403941875 0.3066998125
0 0.547054909375 0.7727812265625 0.607777 0.7637310625 0.622526884375 0.318131390625 0.548830771875 0.32641929375 0.547054909375 0.7727812265625
0 0.7005504375 0.3132102296875 0.626078490625 0.31931537187500003 0.610984071875 0.7680453046875 0.67580110625 0.759757403125 0.7005504375 0.3132102296875
0 0.6855680546875 0.7846210296875 0.712205165625 0.78580505 0.7512729609375 0.298003646875 0.7166447640625 0.300371646875 0.6855680546875 0.7846210296875
0 0.7992198328125 0.30865950937500003 0.7663673796875 0.31221145 0.7139810296875 0.788173009375 0.742393884375 0.788173009375 0.7992198328125 0.30865950937500003
0 0.74505761875 0.7869889890625 0.769886375 0.7858664796875 0.8329601578125001 0.318131390625 0.8018835671875 0.3204993515625 0.74505761875 0.7869889890625
0 0.8675426249999999 0.3145123125 0.8365117640624999 0.31931537187500003 0.7770222 0.788173009375 0.7983319609375 0.7846210296875 0.8675426249999999 0.3145123125