0 0.1070977640625 0.1342793015625 0.046221140625000004 0.137285553125 0.005636725 0.8547779375 0.0048851609375 0.9990780828125001 0.0710227265625 0.9960718296875 0.1070977640625 0.1342793015625
0 0.07703523281249999 0.9980759984375001 0.09056337187499999 0.9960718296875 0.134154040625 0.0160333484375 0.121377465625 0.0160333484375 0.07703523281249999 0.9980759984375001
0 0.0958243140625 0.9930655765624999 0.108600890625 0.9930655765624999 0.1521915578125 0.013027096875 0.1424212359375 0.017035434375 0.0958243140625 0.9930655765624999
0 0.11611652187499999 0.9980759984375001 0.13189935 0.9960718296875 0.1709806390625 0.011022928125000001 0.15745250156249999 0.013027096875 0.11611652187499999 0.9980759984375001
0 0.13791185625 0.9980759984375001 0.15444624843750002 0.9980759984375001 0.1920244109375 0.011022928125000001 0.17699314531250002 0.011022928125000001 0.13791185625 0.9980759984375001
0 0.16196188125 0.9940676609375 0.1987884796875 0.9930655765624999 0.2431307125 0.0040083375 0.20254629687499998 0.00601250625 0.16196188125 0.9940676609375
0 0.20555255 0.9950697453125 0.21607443437499999 0.9980759984375001 0.2634229203125 0.00601250625 0.25139790781250004 0.007014590625 0.20555255 0.9950697453125
0 0.22283850468750002 0.9970739140625 0.23711820625 0.9990780828125001 0.2859698171875 0.005010421875 0.269435425 0.005010421875 0.22283850468750002 0.9970739140625
0 0.24989478125 0.9950697453125 0.265677609375 0.9960718296875 0.306262025 0.0040083375 0.291230759375 0.008016675 0.24989478125 0.9950697453125
0 0.27394480468750004 0.9960718296875 0.2852182546875 0.9980759984375001 0.32505110625 0.007014590625 0.31302609375 0.007014590625 0.27394480468750004 0.9960718296875
0 0.29198232343749997 0.9980759984375001 0.303255771875 0.9980759984375001 0.3453433140625 0.0120250125 0.3303120484375 0.00601250625 0.29198232343749997 0.9980759984375001
0 0.3107714046875 0.9970739140625 0.3258026703125 0.9940676609375 0.365635521875 0.003006253125 0.35436207343750004 0.00200416875 0.3107714046875 0.9970739140625
0 0.331815175 0.9960718296875 0.346846440625 0.9950697453125 0.3859277296875 0.005010421875 0.371648028125 0.003006253125 0.331815175 0.9960718296875
0 0.35436207343750004 0.9960718296875 0.372399590625 0.9960718296875 0.41298400625 0.00601250625 0.394194925 0.008016675 0.35436207343750004 0.9960718296875
0 0.3806667875 0.9960718296875 0.3987043046875 0.9980759984375001 0.44004028437500003 0.00200416875 0.4197480765625 0.00200416875 0.3806667875 0.9960718296875
0 0.4084746265625 0.9960718296875 0.4490590421875 0.9950697453125 0.48363095312500004 0.005010421875 0.45056216875 0.0040083375 0.4084746265625 0.9960718296875
0 0.4573262390625 0.9940676609375 0.4941528375 0.9930655765624999 0.531731 0.008016675 0.4941528375 0.00601250625 0.4573262390625 0.9940676609375
0 0.503171596875 0.9940676609375 0.56179353125 0.9950697453125 0.577576359375 0.22346480624999998 0.5324825640624999 0.2194564703125 0.503171596875 0.9940676609375
0 0.5730669796875001 0.9950697453125 0.59937169375 0.9950697453125 0.61289983125 0.0951980125 0.5865951171875 0.09720218124999999 0.5730669796875001 0.9950697453125
0 0.6053841984375 0.9950697453125 0.6331920390625 0.9950697453125 0.6422107984375 0.0951980125 0.621167028125 0.0951980125 0.6053841984375 0.9950697453125
0 0.639956109375 0.9970739140625 0.666260821875 0.9950697453125 0.67452801875 0.09018759062500001 0.653484246875 0.0951980125 0.639956109375 0.9970739140625
0 0.672273328125 0.9960718296875 0.6955717890625001 0.9960718296875 0.706093675 0.096200096875 0.6827952140625 0.09720218124999999 0.672273328125 0.9960718296875
0 0.7030874218750001 0.9940676609375 0.72563431875 0.9930655765624999 0.731646825 0.1002084328125 0.7136093078125 0.098204265625 0.7030874218750001 0.9940676609375
0 0.7331499515625 0.9960718296875 0.758703103125 0.9990780828125001 0.76321248125 0.1022126015625 0.7391624578125 0.1022126015625 0.7331499515625 0.9960718296875
0 0.7699765515625 0.9960718296875 0.8135672203125001 0.9940676609375 0.8098094031249999 0.1262626265625 0.771479678125 0.1262626265625 0.7699765515625 0.9960718296875
0 0.821082853125 0.9980759984375001 0.8691829 0.9970739140625 0.8639219578124999 0.1292688796875 0.8218344156249999 0.1302709640625 0.821082853125 0.9980759984375001
0 0.8789532234375 0.9960718296875 0.921792328125 0.9900593234375 0.9165313859375 0.12826679531250001 0.8699344640625 0.1302709640625 0.8789532234375 0.9960718296875