0 0.5510912703125 0.4761904765625 0.54227816875 0.4788787484375 0.524250515625 0.48008814843750003 0.5104179984375 0.4791810984375 0.5150416546875001 0.806247771875 0.5283072640625 0.8082130062499999 0.5403256796875 0.806852471875 0.5498497078125 0.8044336718749999 0.5510912703125 0.4761904765625
0 0.5064484125 0.5198412703125 0.49983926875 0.5177226593750001 0.490088478125 0.5186297093750001 0.4771630125 0.5199902859375001 0.48117241093749996 0.7950330859375 0.48967600625 0.7959401374999999 0.502714853125 0.7971495375 0.5060029109374999 0.7971495375 0.5064484125 0.5198412703125
0 0.463610453125 0.5208916234375 0.45488009375000005 0.5207404484375 0.44671664218749996 0.5234615984375 0.44932834687499995 0.8020433703125001 0.4586256125 0.8034039046875 0.472344746875 0.8024968546875 0.46924603125 0.521825396875 0.463610453125 0.5208916234375
0 0.42256240156249997 0.5323531546875 0.41247146875 0.5323531546875 0.40408125312500004 0.531294928125 0.4046742265625 0.7997467203124999 0.4157855921875 0.8015608203125 0.43143220937500004 0.8024678703125 0.4320436515625 0.5330687828125 0.42256240156249997 0.5323531546875
0 0.40225110781250006 0.51522488125 0.39011927968750004 0.5141666546875 0.3788945328125 0.5159807562500001 0.3826332703125 0.7892175499999999 0.3915904515625 0.789368725 0.404175834375 0.788159325 0.40277777812500004 0.5257936515625 0.40225110781250006 0.51522488125
0 0.373386321875 0.5292084499999999 0.373743784375 0.5274635796875 0.3584371296875 0.5259518296875 0.3490264828125 0.5251959546875 0.3312255921875 0.5276147546875001 0.3299381015625 0.7963766671875 0.34603824375 0.791841415625 0.359190471875 0.789573790625 0.37018845625 0.789876140625 0.373386321875 0.5292084499999999
0 0.287635515625 0.45360831562500004 0.2891600171875 0.8337453203124999 0.29630303750000003 0.8340476703125 0.306507353125 0.8345011546875 0.310538534375 0.4563294671875 0.2986335 0.453305965625 0.287635515625 0.45360831562500004
0 0.26520465625 0.5163560296874999 0.2643849203125 0.515873015625 0.2550229578125 0.513953596875 0.241417203125 0.511988321875 0.22679101875000002 0.514104771875 0.23889901875000003 0.796976765625 0.2503505890625 0.7960697156250001 0.2619154796875 0.7968255906249999 0.2733669890625 0.798790865625 0.26520465625 0.5163560296874999
0 0.2140204421875 0.4830957640625 0.1958794375 0.486723965625 0.214553196875 0.81792441875 0.2277272546875 0.8195578359375 0.21676587343749998 0.525132275 0.2157417484375 0.5004490046875001 0.2140204421875 0.4830957640625
0 0.179672665625 0.5174403109375 0.1684478875 0.5175914859375 0.16584011875 0.5228826125 0.18428124375 0.8534451031250001 0.1905172140625 0.8554103796874999 0.198000378125 0.853142753125 0.181486765625 0.5278713890625 0.179672665625 0.5174403109375
0 0.6749283921875 0.7936164812500001 0.68059745625 0.7883253546875 0.6828755578125 0.7901811953125 0.6064016249999999 0.497807609375 0.5906416265625001 0.5047616703125 0.5772626359374999 0.5156462734375 0.6519119921875001 0.804652259375 0.663930378125 0.7967911578125 0.6749283921875 0.7936164812500001