0 0.1458366421875 0.8604600703124999 0.1702446515625 0.8572048609375 0.139327840625 0.3059895828125 0.11341095000000001 0.3049045140625 0.1458366421875 0.8604600703124999
0 0.173499053125 0.855034721875 0.1962798609375 0.8517795140625 0.16617664999999998 0.3049045140625 0.142582240625 0.3049045140625 0.173499053125 0.855034721875
0 0.2003478625 0.853949653125 0.25648628281249997 0.849609375 0.22801027187499998 0.3005642359375 0.16956329375 0.302734375 0.2003478625 0.853949653125
0 0.3012343 0.8528645828125001 0.3321511109375 0.8474392359375 0.2638086859375 0.30707465312500004 0.23385365781249998 0.3135850703125 0.3012343 0.8528645828125001
0 0.32076070625 0.3537326390625 0.285936990625 0.3602430546875 0.3476095171875 0.844184028125 0.3744583265625 0.83984375 0.31994710625 0.3624131953125 0.32076070625 0.3537326390625
0 0.378526328125 0.864800346875 0.41676554218749995 0.859375 0.362254321875 0.3526475703125 0.320116678125 0.3602430546875 0.378526328125 0.864800346875
0 0.4615135578125 0.849609375 0.46720876093749997 0.8420138890625 0.397239134375 0.3005642359375 0.3679495234375 0.3049045140625 0.43791915000000003 0.8528645828125001 0.44686875312499996 0.8517795140625 0.4615135578125 0.849609375
0 0.43710554999999995 0.3016493046875 0.40882110625 0.30707465312500004 0.4777855640625 0.8485243046875001 0.5046343734375001 0.8430989578125001 0.507888775 0.8376736109375 0.43710554999999995 0.3016493046875
0 0.4802263640625 0.3255208328125 0.44706980312500005 0.33203125 0.517651978125 0.845269096875 0.5461279890624999 0.834418403125 0.48103996562500007 0.3352864578125 0.4802263640625 0.3255208328125
0 0.5184655796875 0.32660590312500004 0.48694610625 0.3331163203125 0.48673516718750004 0.3352864578125 0.551009590625 0.8420138890625 0.581926403125 0.834418403125 0.5184655796875 0.32660590312500004
0 0.586808003125 0.8430989578125001 0.603080009375 0.8376736109375 0.5428735875 0.30815972187499996 0.5268224078125 0.3103298609375 0.586808003125 0.8430989578125001
0 0.5648407953125 0.30707465312500004 0.5487950640625 0.3103298609375 0.6055208109375 0.8430989578125001 0.620165615625 0.83984375 0.6242336171875 0.835503471875 0.5648407953125 0.30707465312500004
0 0.62911521875 0.845269096875 0.6502688265625001 0.8387586796875001 0.59413040625 0.3016493046875 0.5780919390625 0.3049045140625 0.62911521875 0.845269096875
0 0.6559640296875 0.8474392359375 0.6754904359375 0.8409288203124999 0.6250472171875 0.2994791671875 0.605761209375 0.3049045140625 0.6559640296875 0.8474392359375
0 0.6819992390625 0.8474392359375 0.7340696578125 0.835503471875 0.69420324375 0.33203125 0.637499490625 0.3439670140625 0.6819992390625 0.8474392359375
0 0.75047080625 0.83984375 0.801727625 0.835503471875 0.8424076406250001 0.3342013890625 0.7870828203125 0.33203125 0.75047080625 0.83984375
0 0.81881323125 0.8376736109375 0.876578853125 0.8365885421874999 0.9123772656250001 0.3342013890625 0.8531570437499999 0.33203125 0.81881323125 0.8376736109375