0 0.171471378125 0.7325257359374999 0.1812383265625 0.7348936968750001 0.1936690109375 0.7313417953125 0.204323890625 0.7266057953125 0.151049609375 0.2885318046875 0.11754262499999998 0.2910748125 0.171471378125 0.7325257359374999
0 0.1794625234375 0.28616384375 0.151937540625 0.289715784375 0.2052117625 0.7266057953125 0.2282972671875 0.7266057953125 0.1794625234375 0.28616384375
0 0.23007307031250002 0.728973834375 0.2552379375 0.7285748125 0.2060996953125 0.2826118625 0.1794625234375 0.2849798234375 0.23007307031250002 0.728973834375
0 0.234730125 0.2780539796875 0.2060996953125 0.2814278828125 0.255822309375 0.728973834375 0.28334735312500003 0.7277898140625 0.234730125 0.2780539796875
0 0.265980125 0.3405539796875 0.24516748906250002 0.3429950578125 0.28334735312500003 0.7254218546875 0.30288125 0.7254218546875 0.265980125 0.3405539796875
0 0.3055449859375 0.728973834375 0.324573875 0.7246685625 0.284235284375 0.338259096875 0.26647719062499997 0.341811078125 0.3055449859375 0.728973834375
0 0.3392853109375 0.269588059375 0.2825816875 0.2767518953125 0.3250788828125 0.728973834375 0.3756894296875 0.7230538937500001 0.3392853109375 0.269588059375
0 0.3792410375 0.7266057953125 0.430042625 0.7194602296875 0.3943353953125 0.2636681375 0.3401732421875 0.2707720390625 0.3792410375 0.7266057953125
0 0.4209725671875 0.26130015625 0.39699913124999997 0.2636681375 0.4316273875 0.7230538937500001 0.45648869531249997 0.724237834375 0.4209725671875 0.26130015625
0 0.4573766265625 0.7218698734375 0.4798473125 0.7181581453125 0.44849760937500005 0.25538023593750003 0.4227483703125 0.258932196875 0.4573766265625 0.7218698734375
0 0.500355125 0.2962831453125 0.4520492171875 0.300371646875 0.48135000312500004 0.7218698734375 0.5230815328125 0.718317971875 0.500355125 0.2962831453125
0 0.526633140625 0.7218698734375 0.570667625 0.7181581453125 0.548830771875 0.293267725 0.5053234984375 0.298003646875 0.526633140625 0.7218698734375
0 0.5985533875 0.24117243125 0.54971864375 0.24472439218750003 0.5719162765625 0.7443656187500001 0.61542355 0.7431815984375 0.5985533875 0.24117243125
0 0.652698875 0.23117897968749998 0.6012171234375 0.2399884515625 0.6198631484375 0.7431815984375 0.6669220296875 0.7408136375 0.652698875 0.23117897968749998
0 0.6669220296875 0.7419976578125 0.7161754375 0.7428977296875 0.708653559375 0.2257806484375 0.658043071875 0.2317005703125 0.6669220296875 0.7419976578125
0 0.7610973125 0.2168560625 0.710429421875 0.22341268749999998 0.7157567734375 0.7443656187500001 0.7628157734375 0.7408136375 0.7610973125 0.2168560625
0 0.8143142515624999 0.26130015625 0.76370364375 0.2636681375 0.76370364375 0.7218698734375 0.80898678125 0.718317971875 0.8143142515624999 0.26130015625
0 0.83562389375 0.2565642359375 0.8311844140625 0.7277898140625 0.8809070296874999 0.7206859328124999 0.8888981156250001 0.2506443140625 0.83562389375 0.2565642359375