0 0.031014242187500003 0.9617694234374999 0.057028810937499994 0.9639373046875 0.03995675 0.09136533125 0.012316271875 0.09353321249999999 0.031014242187500003 0.9617694234374999
0 0.056215856249999994 0.9650212453125 0.08710815625 0.9628533640624999 0.0749138265625 0.10003685312499999 0.043208571875000004 0.10003685312499999 0.056215856249999994 0.9650212453125
0 0.0879211109375 0.9650212453125 0.1212522765625 0.9661051859375 0.10824499218750001 0.028496792187499998 0.073287915625 0.032832553125000004 0.0879211109375 0.9650212453125
0 0.124504096875 0.9682730656249999 0.15295753125 0.9693570062499999 0.13751138125 0.0230770890625 0.10661908125 0.025244970312499997 0.124504096875 0.9682730656249999
0 0.1513316203125 0.970440946875 0.18059800937499998 0.9682730656249999 0.1732814125 0.2290257546875 0.1383243359375 0.2301096953125 0.1513316203125 0.970440946875
0 0.1789721 0.9650212453125 0.20986439843750002 0.9671891265625 0.20010893593749998 0.2366133359375 0.1692166359375 0.23444545625000002 0.1789721 0.9650212453125
0 0.21067735468749998 0.9682730656249999 0.24400852031250003 0.9682730656249999 0.23181419062500003 0.24420091875 0.1976700703125 0.2409490984375 0.21067735468749998 0.9682730656249999
0 0.24238260937499997 0.9791124703125 0.275713775 0.9715248875 0.2667712671875 0.243116978125 0.23018828125000002 0.2398651578125 0.24238260937499997 0.9791124703125
0 0.27490082031249996 0.9715248875 0.31148380625 0.9693570062499999 0.3025412984375 0.035000432812499996 0.2635194453125 0.03391649375 0.27490082031249996 0.9715248875
0 0.313922671875 0.972608828125 0.3553833890625 0.9671891265625 0.34156315 0.041504075 0.30416720937499997 0.0393361953125 0.313922671875 0.972608828125
0 0.3561963453125 0.9736927671875 0.39928297343749997 0.9693570062499999 0.396031153125 0.10654049531250001 0.34644088125 0.10870837656250001 0.3561963453125 0.9736927671875
0 0.4025347953125 0.9736927671875 0.44643437812500003 0.9715248875 0.43993073593750004 0.11521201875 0.396031153125 0.114128078125 0.4025347953125 0.9736927671875
0 0.453750975 0.9617694234374999 0.4935857828125 0.9617694234374999 0.4903339625 0.2463688 0.44562142343750005 0.2507045609375 0.453750975 0.9617694234374999
0 0.500089425 0.972608828125 0.530981725 0.9715248875 0.5301687687500001 0.2246899921875 0.49521169374999996 0.2246899921875 0.500089425 0.972608828125
0 0.5269169484375 0.9693570062499999 0.56675175625 0.9682730656249999 0.559435159375 0.2257739328125 0.5261039937499999 0.223606053125 0.5269169484375 0.9693570062499999
0 0.5602481140625 0.9693570062499999 0.5862626828125 0.9661051859375 0.579759040625 0.2539563828125 0.5578092484375 0.257208203125 0.5602481140625 0.9693570062499999
0 0.58219790625 0.9563497218749999 0.63829181875 0.9574336625000001 0.6342270421875 0.2626279046875 0.5854497265624999 0.2647957859375 0.58219790625 0.9563497218749999
0 0.639917728125 0.9661051859375 0.67893958125 0.9650212453125 0.6756877593749999 0.23336151562500002 0.6366659078125 0.2290257546875 0.639917728125 0.9661051859375
0 0.6724359390625 0.9650212453125 0.7106448359375 0.9639373046875 0.70983188125 0.12496748124999998 0.676500715625 0.126051421875 0.6724359390625 0.9650212453125
0 0.7334075828125 0.12930324375 0.7082059703125 0.126051421875 0.711457790625 0.9661051859375 0.748040778125 0.9682730656249999 0.7407241796874999 0.1227996015625 0.7334075828125 0.12930324375
0 0.7415371359375 0.9661051859375 0.767551703125 0.9671891265625 0.7691776140625 0.123883540625 0.7439760015625 0.11954777968750001 0.7415371359375 0.9661051859375
0 0.768364659375 0.9671891265625 0.7878755859375 0.9650212453125 0.7870626296875 0.123883540625 0.768364659375 0.1227996015625 0.768364659375 0.9671891265625
0 0.78543671875 0.9639373046875 0.8098253765625 0.9650212453125 0.80657355625 0.2626279046875 0.782997853125 0.2615439640625 0.78543671875 0.9639373046875
0 0.8114512875000001 0.9639373046875 0.8586026921875 0.9628533640624999 0.8488472296875 0.26046002343749997 0.8098253765625 0.2626279046875 0.8114512875000001 0.9639373046875
0 0.8577897374999999 0.9617694234374999 0.8968115890625 0.9639373046875 0.8976245453124999 0.2463688 0.855350871875 0.2507045609375 0.8577897374999999 0.9617694234374999
0 0.8919338578125 0.9617694234374999 0.931768665625 0.960685484375 0.931768665625 0.269131546875 0.8951856796875 0.26371184531249997 0.8919338578125 0.9617694234374999
0 0.9325816203124999 0.9639373046875 0.9659127859375 0.9617694234374999 0.9618480093749999 0.2702154875 0.92851684375 0.26804760625 0.9325816203124999 0.9639373046875
0 0.9992439515625 0.2702154875 0.9667257421875 0.2723833671875 0.9683516515624999 0.9617694234374999 0.997618040625 0.9661051859375 0.999747984375 0.6975806453125 0.9992439515625 0.2702154875