0 0.117358434375 0.8557946515625 0.1565742171875 0.85678126875 0.14399553437499998 0.26084271875 0.10256002187499999 0.26084271875 0.117358434375 0.8557946515625
0 0.182471425 0.8291549953124999 0.2187274859375 0.8291549953124999 0.210256875 0.37928109375 0.1706326859375 0.3792411140625 0.182471425 0.8291549953124999
0 0.2675622296875 0.82520839375 0.2890199296875 0.8212617265625 0.24036755156249998 0.383621371875 0.21724765000000001 0.38614766562499997 0.2675622296875 0.82520839375
0 0.26608239375 0.38417436562499996 0.24240496406249998 0.388121 0.29419938125 0.8271816937500001 0.3126974078125 0.8242217109375 0.26608239375 0.38417436562499996
0 0.3149171375 0.8390214968749999 0.3474736328125 0.835074896875 0.29570609375 0.30766651093749997 0.2586832125 0.31017537968750003 0.3149171375 0.8390214968749999
0 0.3496934125 0.8390214968749999 0.38446963749999996 0.8340882796875 0.333954790625 0.3087515796875 0.29641915937499996 0.31214868125 0.3496934125 0.8390214968749999
0 0.374850678125 0.3160952984375 0.3363748375 0.3180685984375 0.387429359375 0.8380348796874999 0.42220558593749996 0.835074896875 0.374850678125 0.3160952984375
0 0.42664514374999996 0.840994796875 0.46142136875000006 0.835074896875 0.41289359374999995 0.30983664843750003 0.3755906203125 0.31510864843749997 0.42664514374999996 0.840994796875
0 0.451062465625 0.31313533125 0.4133265671875 0.3180685984375 0.46586092656250006 0.8429680984375001 0.499897209375 0.8380348796874999 0.451062465625 0.31313533125
0 0.503596875 0.8439547812500001 0.535413378125 0.8380348796874999 0.4869495828125 0.316347065625 0.4532822453125 0.320041915625 0.503596875 0.8439547812500001
0 0.5361533703125 0.8429680984375001 0.5664900875 0.8380348796874999 0.519501665625 0.316347065625 0.486578634375 0.321028565625 0.5361533703125 0.8429680984375001
0 0.5709295453125 0.8646744703125 0.6064457140624999 0.85875456875 0.55909085625 0.30228214531250003 0.526825884375 0.3087515796875 0.5709295453125 0.8646744703125
0 0.5983065890625 0.3032688125 0.5650102015625 0.30622876250000003 0.60866549375 0.865661153125 0.6407581765625 0.8567116484374999 0.5983065890625 0.3032688125
0 0.6486212203124999 0.85480796875 0.690796725 0.840994796875 0.652320784375 0.320041915625 0.60718570625 0.326948484375 0.6486212203124999 0.85480796875
0 0.7011555281249999 0.32201521718750004 0.6552804578125 0.32990845156250004 0.693756396875 0.8439547812500001 0.739228228125 0.8382654687500001 0.7011555281249999 0.32201521718750004
0 0.7596092828125001 0.8449414656249999 0.7692281921874999 0.8449414656249999 0.781806875 0.84198148125 0.78920610625 0.8390214968749999 0.7455508140625 0.30030884375 0.702607134375 0.30766651093749997 0.750730265625 0.8429680984375001 0.7596092828125001 0.8449414656249999
0 0.8195428234375 0.849874684375 0.8284218390625 0.8439547812500001 0.7906858921875 0.3012954953125 0.7470306 0.3082020796875 0.7914258859375 0.846914765625 0.806224246875 0.8538212843749999 0.8195428234375 0.849874684375
0 0.855798884375 0.8518479843750001 0.869857353125 0.84198148125 0.835256875 0.30115609375 0.792165778125 0.3072154125 0.8328613984375 0.8449414656249999 0.8447000875 0.8518479843750001 0.855798884375 0.8518479843750001
0 0.869857353125 0.8301416125 0.8950147171875 0.8261950109375 0.86699515625 0.35215435781250004 0.8439601937500001 0.3555614421875 0.841000521875 0.3545747921875 0.8387807421875 0.3545747921875 0.869857353125 0.8301416125
0 0.876516690625 0.3535881078125 0.8691174593750001 0.3545747921875 0.8950147171875 0.8261950109375 0.9272165093750001 0.8230744968750001 0.90019416875 0.35260145781249996 0.8757767968750001 0.3565480921875 0.876516690625 0.3535881078125