0 0.133291515625 0.8639479890624999 0.1732472421875 0.867499890625 0.1430584640625 0.3500989390625 0.0950816875 0.3496685625 0.133291515625 0.8639479890624999
0 0.18922947343750002 0.352466940625 0.1439463953125 0.35128292031249997 0.1750230453125 0.8864436546875 0.217152 0.8848248125 0.18922947343750002 0.352466940625
0 0.2398400203125 0.3536509203125 0.1901174046875 0.3536509203125 0.21941825 0.881707734375 0.262073875 0.8809185625 0.2398400203125 0.3536509203125
0 0.26736506250000003 0.8793397734375 0.29489010625 0.8793397734375 0.2728160625 0.3574810625 0.24516748906250002 0.3548349 0.26736506250000003 0.8793397734375
0 0.31353613125 0.359570821875 0.28157155 0.3583868421875 0.29489010625 0.8793397734375 0.3277425578125 0.881707734375 0.31353613125 0.359570821875
0 0.331294225 0.8793397734375 0.36858615625 0.8840756937500001 0.357777 0.3587831453125 0.31708773749999997 0.35720286093750003 0.331294225 0.8793397734375
0 0.41120561875000006 0.359570821875 0.3694740890625 0.3607548015625 0.3748014984375 0.8864436546875 0.414417625 0.8861268953125 0.41120561875000006 0.359570821875
0 0.4413943359375 0.888811615625 0.4573766265625 0.8864436546875 0.4591524296875 0.36430674218750003 0.41653302812500004 0.36312276250000003 0.41830883124999996 0.8828916734375 0.42807578125 0.888811615625 0.4413943359375 0.888811615625
0 0.5035476359375 0.341811078125 0.461816165625 0.340627096875 0.4582645578125 0.8935475359374999 0.496448875 0.8926373125 0.5035476359375 0.341811078125
0 0.49910815625 0.892363596875 0.5364000890625 0.892363596875 0.5479429 0.341811078125 0.507987234375 0.341811078125 0.49910815625 0.892363596875
0 0.5408396875 0.8994674781249999 0.581683225 0.8982834578125001 0.5989879375 0.3066998125 0.5550461140625 0.307475528125 0.5408396875 0.8994674781249999
0 0.6473881312499999 0.30865950937500003 0.6021049953125 0.30865950937500003 0.5825710984375 0.8994674781249999 0.6251905 0.8935475359374999 0.6473881312499999 0.30865950937500003
0 0.626078490625 0.9006514984375 0.658043071875 0.8982834578125001 0.6849254375 0.3626893953125 0.646500259375 0.36193878281249997 0.626078490625 0.9006514984375
0 0.7246358500000001 0.3607548015625 0.68734391875 0.3607548015625 0.659818815625 0.8994674781249999 0.6946910625 0.9004498125 0.7246358500000001 0.3607548015625
0 0.69444713125 0.8994674781249999 0.7272995843750001 0.8982834578125001 0.7672552515625 0.2991876671875 0.7337535625 0.2988873125 0.69444713125 0.8994674781249999
0 0.8036593109375 0.300371646875 0.7681431234375 0.2991876671875 0.729075328125 0.9018354390625 0.76012075 0.9004498125 0.8036593109375 0.300371646875
0 0.7628157734375 0.8959154968749999 0.7894528843749999 0.8982834578125001 0.8372691874999999 0.3106060625 0.8036593109375 0.30984348906250003 0.7628157734375 0.8959154968749999
0 0.870252209375 0.31102746875 0.8391755 0.31221145 0.791228628125 0.8970995171875 0.8177379374999999 0.8978456453125 0.870252209375 0.31102746875