0 0.21231503593749998 0.7396296171875 0.2620376515625 0.7384456765625 0.2291852 0.2624841375 0.17320668749999998 0.2637310625 0.21231503593749998 0.7396296171875
0 0.28512315625 0.257748215625 0.2282972671875 0.2601161765625 0.2602618484375 0.7384456765625 0.31480825 0.7441998125 0.28512315625 0.257748215625
0 0.31619980625 0.7443656187500001 0.36592248125000004 0.7479175203125 0.3450816875 0.2546164796875 0.2913384984375 0.258932196875 0.31619980625 0.7443656187500001
0 0.39699913124999997 0.2518282953125 0.3446127796875 0.25538023593750003 0.36503454999999996 0.7479175203125 0.4212535625 0.7494081453125 0.39699913124999997 0.2518282953125
0 0.4254120453125 0.7419976578125 0.4706951828125 0.745549559375 0.4603160625 0.2728456453125 0.4103176859375 0.2755079609375 0.4254120453125 0.7419976578125
0 0.5124267125 0.27195601875 0.4600403625 0.27314 0.4706951828125 0.7491015390625 0.51597831875 0.7562054218750001 0.5124267125 0.27195601875
0 0.5204177984375 0.7585733828125 0.5417275578125 0.7621253640625001 0.5372880796875 0.20328494218749998 0.514027 0.20383522968749998 0.5204177984375 0.7585733828125
0 0.56126145625 0.2021009625 0.5381759515625 0.20091698125000002 0.5408396875 0.7644933234375 0.56480825 0.7637310625 0.56126145625 0.2021009625
0 0.5648130625000001 0.7656772640625 0.5861227046875 0.7656772640625 0.58824575 0.1986268953125 0.5648130625000001 0.1985490203125 0.5648130625000001 0.7656772640625
0 0.6171994140625 0.197365040625 0.5914501750000001 0.1985490203125 0.5887864390625 0.77159720625 0.61168325 0.7702414796875 0.6171994140625 0.197365040625
0 0.610984071875 0.7727812265625 0.6367333109375 0.7739651671875001 0.6458629375 0.1960227296875 0.6189752765625001 0.196181040625 0.610984071875 0.7727812265625
0 0.678464840625 0.1938130796875 0.6491639953125 0.1949970609375 0.638509175 0.7751491875000001 0.66248255 0.7739651671875001 0.678464840625 0.1938130796875
0 0.740618140625 0.24354041249999997 0.6793527125 0.2459083734375 0.6660341578125 0.7787010875 0.72105825 0.7819602296875 0.740618140625 0.24354041249999997
0 0.7246358500000001 0.777517146875 0.7938923625000001 0.781069128125 0.8275035624999999 0.2441998125 0.74505761875 0.24472439218750003 0.7246358500000001 0.777517146875
0 0.9181989609375 0.23288455 0.8338481484375 0.236436490625 0.7992198328125 0.7834370890625 0.8738038156249999 0.7917249109375 0.9181989609375 0.23288455