0 0.09955112968749999 0.178421296875 0.0423473125 0.1790956453125 0.102214865625 0.788173009375 0.1483858734375 0.7834370890625 0.09955112968749999 0.178421296875
0 0.14927380625 0.7846210296875 0.196332746875 0.7798851078125 0.15548914687499998 0.178421296875 0.10043906250000001 0.178421296875 0.14927380625 0.7846210296875
0 0.199884353125 0.781069128125 0.3001598125 0.7754498125 0.2726925328125 0.24117243125 0.16614396874999998 0.24472439218750003 0.199884353125 0.781069128125
0 0.281605125 0.23378314531250002 0.3064328578125 0.781069128125 0.3597071390625 0.7727812265625 0.3401732421875 0.23288455 0.281605125 0.23378314531250002
0 0.404652 0.2324810625 0.3419490453125 0.23406852968749997 0.36503454999999996 0.7763331265625 0.41742090000000004 0.77159720625 0.404652 0.2324810625
0 0.4191967640625 0.7633093046874999 0.4582645578125 0.759757403125 0.45027341249999997 0.24354041249999997 0.40942981562499997 0.24472439218750003 0.4191967640625 0.7633093046874999
0 0.480823875 0.2546164796875 0.4511612859375 0.25538023593750003 0.4600403625 0.7585733828125 0.48490160937500004 0.7585733828125 0.480823875 0.2546164796875
0 0.48490160937500004 0.7573894421875 0.5091441875 0.7572206453125 0.5035476359375 0.25538023593750003 0.479574259375 0.25419625468749996 0.48490160937500004 0.7573894421875
0 0.5408396875 0.23880447187499998 0.5052379375 0.23899147968749998 0.50887510625 0.7692292453125 0.5408396875 0.770413265625 0.5408396875 0.23880447187499998
0 0.547230125 0.7624289796875 0.579019490625 0.7644933234375 0.579019490625 0.23880447187499998 0.5461670375 0.2399884515625 0.547230125 0.7624289796875
0 0.6165660625 0.2546164796875 0.5870106953125 0.25419625468749996 0.581683225 0.7621253640625001 0.6100962 0.76094134375 0.6165660625 0.2546164796875
0 0.6482761234375001 0.2518282953125 0.6171994140625 0.2518282953125 0.610984071875 0.759757403125 0.638509175 0.7573894421875 0.6482761234375001 0.2518282953125
0 0.643836525 0.7739651671875001 0.70543325 0.7767518953125 0.7228599874999999 0.22341268749999998 0.6527156015625 0.22341268749999998 0.643836525 0.7739651671875001
0 0.793323875 0.22206439531250002 0.723747978125 0.2222286875 0.70954143125 0.7727812265625 0.7708068578125 0.7751491875000001 0.793323875 0.22206439531250002
0 0.7708068578125 0.7692292453125 0.8079723124999999 0.7689393953125 0.843614978125 0.21157284375000002 0.7965560984375 0.21157284375000002 0.7708068578125 0.7692292453125
0 0.8258569437500001 0.7692292453125 0.8338481484375 0.766861284375 0.8427271062499999 0.7644933234375 0.8809070296874999 0.21394080468749999 0.8711400812500001 0.2222286875 0.8649247390625 0.22459666875 0.855157790625 0.21986072656250003 0.8480545765624999 0.2151247859375 0.8453908421874999 0.21038886406250001 0.8098746531250001 0.766861284375 0.8169778671874999 0.7692292453125 0.8258569437500001 0.7692292453125
0 0.920862696875 0.2151247859375 0.8844586359375001 0.216308765625 0.8462787140625 0.7633093046874999 0.855157790625 0.7633093046874999 0.8631488765625001 0.7621253640625001 0.8809070296874999 0.76094134375 0.920862696875 0.2151247859375
0 0.9573863749999999 0.20774147968749998 0.9261901671875 0.2080208828125 0.8826827734375 0.7585733828125 0.9173110890625 0.7573894421875 0.9573863749999999 0.20774147968749998