0 0.1267546140625 0.31225954218749996 0.0979521875 0.3120067890625 0.0875388796875 0.7897996953125 0.1156558171875 0.7917730625 0.1267546140625 0.31225954218749996
0 0.153290728125 0.31417692656249996 0.12749455625 0.313246225 0.117135653125 0.7917730625 0.1437728046875 0.7917730625 0.153290728125 0.31417692656249996
0 0.185029009375 0.3575797046875 0.15413170781250002 0.35665896875 0.14747242031250002 0.786839778125 0.180768809375 0.786839778125 0.185029009375 0.3575797046875
0 0.21595348906249998 0.35649463593749997 0.186688203125 0.35665896875 0.1815087515625 0.786839778125 0.21332530468750002 0.786839778125 0.21595348906249998 0.35649463593749997
0 0.2481015796875 0.32508606093750003 0.22246390625 0.325027621875 0.21554508437500003 0.7848664765625 0.24292212812499997 0.7848664765625 0.2481015796875 0.32508606093750003
0 0.27621856718750004 0.3290326625 0.2518011953125 0.3290326625 0.24514190781249998 0.7848664765625 0.2725189515625 0.7838797937499999 0.27621856718750004 0.3290326625
0 0.316864946875 0.3510692890625 0.2791782390625 0.349752384375 0.2754786234375 0.7838797937499999 0.313214571875 0.7838797937499999 0.316864946875 0.3510692890625
0 0.3551136453125 0.35215435781250004 0.31913391562500004 0.348765734375 0.3176540796875 0.78190649375 0.3524303546875 0.7838797937499999 0.3551136453125 0.35215435781250004
0 0.38424690781250004 0.322126078125 0.358368853125 0.3217724140625 0.35760975625 0.776973209375 0.38498685 0.776973209375 0.38424690781250004 0.322126078125
0 0.416803403125 0.3240994109375 0.389426359375 0.322126078125 0.389426359375 0.7799331921875 0.416803403125 0.778946509375 0.416803403125 0.3240994109375
0 0.44344055468750004 0.3586322703125 0.419763075 0.35764562031249997 0.41902318281250006 0.7799331921875 0.4441804484375 0.7799331921875 0.44344055468750004 0.3586322703125
0 0.46859786875 0.3586322703125 0.4441804484375 0.35764562031249997 0.4464002265625 0.7799331921875 0.4708175484375 0.7799331921875 0.46859786875 0.3586322703125
0 0.4967152078125 0.30332623281250004 0.47303732812500005 0.3043663390625 0.47451721406249997 0.78190649375 0.4996744796875 0.7809198765625001 0.4967152078125 0.30332623281250004
0 0.5277914171875 0.778946509375 0.52483174375 0.34580578281249996 0.52519828125 0.30332623281250004 0.500414371875 0.3023930390625 0.5018942578125001 0.7809198765625001 0.5277914171875 0.778946509375
0 0.578106046875 0.30633964062499996 0.5325225 0.30441130156249996 0.5307510890625 0.7779598921875001 0.5788459390625 0.7779598921875001 0.578106046875 0.30633964062499996
0 0.6261097390625 0.30766651093749997 0.580325825 0.30633964062499996 0.580325825 0.776973209375 0.6276806828125 0.774013290625 0.6261097390625 0.30766651093749997
0 0.675035640625 0.30633964062499996 0.6291605687499999 0.3053529890625 0.6299004625 0.7779598921875001 0.6787352062500001 0.7779598921875001 0.675035640625 0.30633964062499996
0 0.6798206765625 0.27077414843750003 0.682434771875 0.778946509375 0.716471153125 0.776973209375 0.7105518078124999 0.27279343125 0.6798206765625 0.27077414843750003
0 0.7431083046875 0.2688468140625 0.737928853125 0.2678601640625 0.7290498359375001 0.2678601640625 0.7127715875 0.26983346406250003 0.719430825 0.778946509375 0.748993853125 0.7764165109375 0.7431083046875 0.2688468140625
0 0.776663125 0.26860401093749997 0.7475477625 0.2688468140625 0.751987321875 0.778946509375 0.780104259375 0.778946509375 0.776663125 0.26860401093749997
0 0.8074813031250001 0.2688468140625 0.778624471875 0.2678601640625 0.7815841453125 0.7779598921875001 0.8082212953125 0.7779598921875001 0.8074813031250001 0.2688468140625
0 0.8442086968750001 0.2696890796875 0.8126607546875 0.2688468140625 0.8126607546875 0.7759865921875 0.8452172515624999 0.7759865921875 0.8442086968750001 0.2696890796875
0 0.8832711968750001 0.2696890796875 0.8481769234375 0.2688468140625 0.848916915625 0.7749999078124999 0.8829531984375001 0.774013290625 0.8832711968750001 0.2696890796875
0 0.9199492515625 0.27279343125 0.8851729765625 0.27180678125 0.8866528625000001 0.776973209375 0.9206891453124999 0.776973209375 0.9199492515625 0.27279343125