0 0.0959995234375 0.7917249109375 0.13595525 0.78225306875 0.106654403125 0.206836903125 0.06480825 0.2051373125 0.0959995234375 0.7917249109375
0 0.151049609375 0.2080208828125 0.1128697453125 0.2080208828125 0.137731053125 0.78580505 0.17320668749999998 0.7819602296875 0.151049609375 0.2080208828125
0 0.172359309375 0.7869889890625 0.20698756562499998 0.78580505 0.18590199999999998 0.20774147968749998 0.151049609375 0.20565292343750002 0.172359309375 0.7869889890625
0 0.20787549843750003 0.78580505 0.24427955781250002 0.7834370890625 0.232777 0.22206439531250002 0.1945569421875 0.22104470781250002 0.20787549843750003 0.78580505
0 0.27446833593750003 0.22341268749999998 0.23895214843749998 0.2222286875 0.247831165625 0.78580505 0.281605125 0.7819602296875 0.27446833593750003 0.22341268749999998
0 0.286898959375 0.7905409703124999 0.33395790000000003 0.7869889890625 0.3286304890625 0.146453728125 0.2806285625 0.1439393953125 0.286898959375 0.7905409703124999
0 0.3375095078125 0.788173009375 0.381904771875 0.7846210296875 0.384568446875 0.146453728125 0.3366216359375 0.1429017671875 0.3375095078125 0.788173009375
0 0.3872321828125 0.788173009375 0.42363624218749996 0.7846210296875 0.435902 0.1478456453125 0.3934475234375 0.145269746875 0.3872321828125 0.788173009375
0 0.48312586562500004 0.15000566875000002 0.4413943359375 0.14882168906249998 0.4289637125 0.788173009375 0.467152 0.7832623125 0.48312586562500004 0.15000566875000002
0 0.4706951828125 0.7869889890625 0.51597831875 0.7834370890625 0.5390638234375 0.15000566875000002 0.49022907968749996 0.14763770781250002 0.4706951828125 0.7869889890625
0 0.5932260375 0.15237365 0.581683225 0.15118966875 0.5665888078125 0.154741609375 0.5568218578125 0.155925590625 0.54971864375 0.1618455125 0.54261543125 0.167765434375 0.5195299265625 0.7846210296875 0.566761375 0.7832623125 0.5932260375 0.15237365
0 0.5692525421875 0.78225306875 0.6100962 0.7834370890625 0.6380504375 0.20383522968749998 0.5967776437500001 0.20328494218749998 0.5692525421875 0.78225306875
0 0.6864559265625 0.20565292343750002 0.6447243968749999 0.20328494218749998 0.614535678125 0.7834370890625 0.654652 0.7819602296875 0.6864559265625 0.20565292343750002
0 0.6589309437499999 0.7846210296875 0.6988866109375 0.7834370890625 0.73973026875 0.1618455125 0.6971108671875 0.15947755156250001 0.6589309437499999 0.7846210296875
0 0.8072109187500001 0.1582935703125 0.7672552515625 0.1571095703125 0.7272995843750001 0.8023807734374999 0.7630504375 0.7936789796875 0.8072109187500001 0.1582935703125
0 0.7645915171875 0.7834370890625 0.7832375421875 0.7846210296875 0.7938923625000001 0.777517146875 0.7974439703125 0.7739651671875001 0.8453908421874999 0.20565292343750002 0.8258569437500001 0.20446894218749997 0.8054351750000001 0.20446894218749997 0.7645915171875 0.7834370890625
0 0.8409513625 0.7692292453125 0.8860973124999999 0.2090435625 0.8711400812500001 0.2080208828125 0.8604852609375 0.20565292343750002 0.85426991875 0.20328494218749998 0.8498303203124999 0.2021009625 0.8036593109375 0.7751491875000001 0.8098746531250001 0.7787010875 0.8169778671874999 0.777517146875 0.8249690718749999 0.777517146875 0.8311844140625 0.7751491875000001 0.8409513625 0.7692292453125