0 0.302869625 0.33447265625 0.2822017671875 0.3312174484375 0.25710410625 0.6363932296875 0.25893472812499996 0.86669921875 0.302869625 0.33447265625
0 0.329108521875 0.3336588546875 0.3102779390625 0.3312174484375 0.259544934375 0.8992513015625001 0.27907155625 0.9033203125 0.329108521875 0.3336588546875
0 0.3742638328125 0.3377278640625 0.35605430625 0.3361002609375 0.3077512796875 0.8902994796874999 0.32666769375000004 0.8935546875 0.3742638328125 0.3377278640625
0 0.3333799703125 0.888671875 0.3358207984375 0.8927408859374999 0.3474147296875 0.8943684890625001 0.3559576265625 0.8943684890625001 0.41087624843750004 0.2872721359375 0.38951900625 0.2848307296875 0.3333799703125 0.888671875
0 0.4103755953125 0.3963216140625 0.3645005234375 0.89111328125 0.36694135 0.8927408859374999 0.37304342031250004 0.8943684890625001 0.380365903125 0.89599609375 0.3852475578125 0.8943684890625001 0.4255212140625 0.3995768234375 0.4103755953125 0.3963216140625
0 0.42369059375000007 0.8658854171874999 0.4316232828125 0.869140625 0.438335559375 0.869140625 0.4426070078125 0.8683268234374999 0.4633540421875 0.3987630203125 0.4482173921875 0.3987630203125 0.42369059375000007 0.8658854171874999
0 0.4828806640625 0.24088541718749998 0.4714107515625 0.24088541718749998 0.4426070078125 0.8943684890625001 0.44565804218749994 0.8943684890625001 0.44992949062500004 0.8968098953125001 0.45725197343749996 0.8976236984374999 0.46274383593749996 0.8968098953125001 0.48898273281250004 0.24251302031250002 0.4828806640625 0.24088541718749998
0 0.4920337671875 0.24169921875 0.46701528437500006 0.89599609375 0.47006631875 0.8984375 0.478609215625 0.9000651046874999 0.48349087031250004 0.8984375 0.48532149062499996 0.89599609375 0.5115603875 0.24251302031250002 0.4920337671875 0.24169921875
0 0.5080318453125 0.37353515625 0.4883725265625 0.888671875 0.4926439734375 0.8902994796874999 0.49996645624999997 0.8927408859374999 0.507899146875 0.8927408859374999 0.5146114234375 0.8927408859374999 0.53413804375 0.3751627609375 0.5080318453125 0.37353515625
0 0.5182726640624999 0.8902994796874999 0.5274257687499999 0.8943684890625001 0.5359686640625 0.89599609375 0.54512176875 0.8951822921874999 0.565868803125 0.37353515625 0.539159775 0.3727213546875 0.5182726640624999 0.8902994796874999
0 0.589056665625 0.24983723906250002 0.5751705171875 0.24820963593749998 0.548172803125 0.8976236984374999 0.563427975 0.8968098953125001 0.589056665625 0.24983723906250002
0 0.611634321875 0.24983723906250002 0.5971431734375 0.24820963593749998 0.565868803125 0.8976236984374999 0.5811239765625 0.8984375 0.611634321875 0.24983723906250002
0 0.6244486671875 0.37353515625 0.6093502046875 0.3719075515625 0.58600563125 0.8976236984374999 0.6012608046875 0.8976236984374999 0.6244486671875 0.37353515625
0 0.640314046875 0.3743489578125 0.6276607515625 0.37353515625 0.6024812171875 0.8854166671874999 0.6165159765625 0.8854166671874999 0.640314046875 0.3743489578125
0 0.6738754265625 0.3759765625 0.6482467359374999 0.3743489578125 0.6244486671875 0.9016927078125001 0.6476365296875 0.90087890625 0.6738754265625 0.3759765625