0 0.043971846875 0.7505246171875 0.07504849687500001 0.7493406765625 0.041308171875 0.1313010609375 0.0102314625 0.12774913906250002 0.043971846875 0.7505246171875
0 0.0785127375 0.1348710203125 0.0456602234375 0.1348710203125 0.07762480468750001 0.7517266359375 0.11265981249999998 0.7481060625 0.0785127375 0.1348710203125
0 0.11314099375 0.7505426171875 0.15132085625 0.7469907140625 0.13267489062499999 0.191702234375 0.0953828984375 0.18815029375 0.11314099375 0.7505426171875
0 0.168191078125 0.192886215625 0.13356276250000002 0.192886215625 0.1548724640625 0.74817465625 0.18785512499999998 0.7468039796875 0.168191078125 0.192886215625
0 0.1895007796875 0.7529105765625 0.22768064375 0.7505426171875 0.2103160625 0.1074810625 0.167303146875 0.10408743281249999 0.1895007796875 0.7529105765625
0 0.230344378125 0.7552785375 0.2685242421875 0.7552785375 0.2569814890625 0.11119133437499999 0.2143620875 0.10645539374999999 0.230344378125 0.7552785375
0 0.30492836093750003 0.1857823140625 0.2676363703125 0.1845983328125 0.27651538593749997 0.743438734375 0.3118785625 0.7402935625 0.30492836093750003 0.1857823140625
0 0.312919446875 0.7422547140625 0.3422202921875 0.7422547140625 0.3377808140625 0.18696629375 0.3084799671875 0.1857823140625 0.312919446875 0.7422547140625
0 0.345771959375 0.7576465781249999 0.3875034296875 0.7611984796875 0.3830639515625 0.11592727656249999 0.3395566171875 0.1135592953125 0.345771959375 0.7576465781249999
0 0.43012283125 0.11711125625 0.3857276265625 0.11592727656249999 0.3875034296875 0.75883051875 0.4290660625 0.7598248125 0.43012283125 0.11711125625
0 0.49671566875 0.1845983328125 0.475406028125 0.1845983328125 0.4594237375 0.183414353125 0.44610518125 0.183414353125 0.43633817343750003 0.754094596875 0.48517297656249997 0.7552785375 0.49671566875 0.1845983328125
0 0.4878365921875 0.7505426171875 0.5162495671875 0.7517266359375 0.527792378125 0.21064600000000003 0.4984915328125 0.21064600000000003 0.4878365921875 0.7505426171875
0 0.5606448312500001 0.2130139609375 0.5304559953125 0.2118299796875 0.5171374390625 0.7529105765625 0.5462535625 0.7533143953125 0.5606448312500001 0.2130139609375
0 0.5482141484375 0.7683023609374999 0.5553173625000001 0.7671184203125 0.5686359171875 0.183414353125 0.5633085671875 0.1857823140625 0.5482141484375 0.7683023609374999
0 0.6032642328125 0.7683023609374999 0.6325650796875 0.160918646875 0.5934972843749999 0.1561827265625 0.573075515625 0.160918646875 0.559756840625 0.7635664390625 0.5633085671875 0.7683023609374999 0.576627121875 0.7730383609375 0.5846182078125 0.7730383609375 0.595273028125 0.7718543421875 0.6032642328125 0.7683023609374999
0 0.60415210625 0.7623824984375001 0.6387804218750001 0.7659344 0.6627537984375 0.269845175 0.6307892171875 0.2674772140625 0.60415210625 0.7623824984375001
0 0.63966829375 0.76948638125 0.6947183796874999 0.7718543421875 0.7311224390625 0.192886215625 0.6732066875 0.1895123125 0.63966829375 0.76948638125
0 0.7515442078125 0.2047260578125 0.7311224390625 0.203542078125 0.6973821140625 0.75883051875 0.7181285625 0.7598248125 0.7515442078125 0.2047260578125
0 0.72046761875 0.764750459375 0.7586475421875 0.7683023609374999 0.79949108125 0.17275849062499998 0.765980125 0.1686789796875 0.72046761875 0.764750459375
0 0.822576584375 0.1905182546875 0.8039305593750001 0.18696629375 0.7604232859375 0.7659344 0.7806285625 0.7650331453125 0.822576584375 0.1905182546875
0 0.7799571828125 0.7700783515625 0.7959394734374999 0.7700783515625 0.8332314046875 0.2899729203125 0.81991285 0.2899729203125 0.7799571828125 0.7700783515625
0 0.88739361875 0.1455268625 0.8607565078125001 0.141974921875 0.8456620890625001 0.141974921875 0.7986032078124999 0.7611984796875 0.8154733703125 0.764750459375 0.8350072687500001 0.7635664390625 0.8900573546875 0.14671084375000001 0.88739361875 0.1455268625
0 0.8953847046875 0.1384229609375 0.838558875 0.75883051875 0.8492136953125 0.7623824984375001 0.86697185 0.7611984796875 0.8802904046875 0.75883051875 0.9362283625 0.1514467859375 0.9237976796874999 0.1502628046875 0.9131428578125 0.149078825 0.9069275171875001 0.14434288281250002 0.8953847046875 0.1384229609375