0 0.14348168125 0.3963144421875 0.0938831765625 0.3998974140625 0.09538687968750001 0.4574869578125 0.118324415625 0.916280690625 0.1664192171875 0.9074008046875001 0.14348168125 0.3963144421875
0 0.170858725 0.9103607890625 0.216733796875 0.9074008046875001 0.187470415625 0.39772727343750003 0.14348168125 0.402234378125 0.170858725 0.9103607890625
0 0.21747373906249998 0.9202272921875 0.24929029218749998 0.9182539921874999 0.21839489531249998 0.3966422046875 0.188616809375 0.40026104374999993 0.21747373906249998 0.9202272921875
0 0.22709269999999998 0.26212960937499996 0.218953575 0.265089559375 0.211884478125 0.267518940625 0.25151007187499996 0.95081355 0.25816935937499996 0.9518002328125 0.26926815625 0.9518002328125 0.2870262390625 0.95081355 0.3018246515625 0.9429203484374999 0.2640887046875 0.263116259375 0.25446974375 0.2611429421875 0.24041127499999998 0.26212960937499996 0.22709269999999998 0.26212960937499996
0 0.321802465625 0.916280690625 0.3506593953125 0.912334090625 0.32328235156249996 0.4091409296875 0.294892290625 0.4118331765625 0.321802465625 0.916280690625
0 0.35213923125 0.916280690625 0.37951627499999996 0.9152940734375001 0.353486040625 0.4096630390625 0.3247621875 0.41308756406249997 0.35213923125 0.916280690625
0 0.41429255 0.9251605765625 0.4268711328125 0.919240675 0.389875178125 0.3558616484375 0.3502308328125 0.35866477343750003 0.38617556406250003 0.9202272921875 0.39505458125000004 0.9251605765625 0.41429255 0.9251605765625
0 0.40615342656250003 0.35783495 0.39357474375 0.36178158437499996 0.43205058437500005 0.9222005921875001 0.446849046875 0.9241739593749999 0.46090751562500004 0.9231872765625001 0.4720063109375 0.9222005921875001 0.4332386453125 0.355409565625 0.418732059375 0.3568483 0.40615342656250003 0.35783495
0 0.474965984375 0.912334090625 0.5075224796875 0.9074008046875001 0.4747425515625 0.4020675515625 0.44092970156250005 0.40420767812499997 0.474965984375 0.912334090625
0 0.5104821515625 0.912334090625 0.5393390828125 0.9083874890624999 0.5081084375 0.403152621875 0.4771857625 0.405194328125 0.5104821515625 0.912334090625
0 0.5045628078125 0.26568203281249997 0.5452584265625 0.9636400359374999 0.5911334984375001 0.960285909375 0.550437878125 0.26370873281249996 0.5045628078125 0.26568203281249997
0 0.5903936046875 0.9340404609374999 0.6185105421875 0.9320671609375 0.5896536125 0.38250130625 0.5600567890625 0.38546125625 0.5903936046875 0.9340404609374999
0 0.6281295515624999 0.328235375 0.590302446875 0.3315380390625 0.620730321875 0.9350271453125 0.648847259375 0.9350271453125 0.6643856140625 0.9340404609374999 0.6281295515624999 0.328235375
0 0.7065610203125 0.9498269328125 0.6791839765625001 0.30948895468750004 0.6407581765625 0.31309185781250004 0.6673452859375 0.9518002328125 0.7065610203125 0.9498269328125
0 0.7472566390625001 0.955746834375 0.767234553125 0.9527868500000001 0.7761135703125001 0.9478536328124999 0.74947641875 0.319355490625 0.7309783921874999 0.31738218906250004 0.7139602515625 0.31738218906250004 0.6895863015625 0.31960227343750003 0.7154401359375 0.9537735328125001 0.7472566390625001 0.955746834375
0 0.7841776828125 0.9564207859374999 0.795276478125 0.9643140546875 0.8078551609375 0.967273971875 0.81895395625 0.967273971875 0.84115155 0.9702339546875001 0.850770559375 0.9662873546874999 0.8352322046875 0.31114957187500003 0.7730788859375 0.310162921875 0.7628284890625 0.316347065625 0.7841776828125 0.9564207859374999