0 0.058997715625 0.25553150625 0.0018789078125 0.25553150625 0.0011273453125 0.42187750468749996 0.0732774171875 0.9910614078125001 0.13189935 0.9870530703125 0.058997715625 0.25553150625
0 0.1431728 0.9800384796875001 0.19427909999999998 0.9830447328125 0.13189935 0.254529421875 0.0680164734375 0.252525253125 0.1431728 0.9800384796875001
0 0.14993686875 0.00200416875 0.11536495937499999 0.001002084375 0.2070556765625 0.9900593234375 0.21983225156250003 0.9930655765624999 0.2311057 0.9890572390625 0.14993686875 0.00200416875
0 0.23711820625 0.9900593234375 0.2604166671875 0.9900593234375 0.1890181578125 0.00200416875 0.1567009375 0.003006253125 0.23711820625 0.9900593234375
0 0.266429171875 0.9890572390625 0.2852182546875 0.9930655765624999 0.234111953125 0.252525253125 0.209310365625 0.2535273375 0.266429171875 0.9890572390625
0 0.29198232343749997 0.9910614078125001 0.31302609375 0.9910614078125001 0.2641744828125 0.2535273375 0.24162758593749997 0.254529421875 0.29198232343749997 0.9910614078125001
0 0.32204485312500003 0.9890572390625 0.3558652 0.9850489015624999 0.296491703125 0.0040083375 0.25440416093749996 0.00601250625 0.32204485312500003 0.9890572390625
0 0.3611261421875 0.9950697453125 0.40020743124999997 0.9920634921874999 0.353610509375 0.0040083375 0.3047588984375 0.005010421875 0.3611261421875 0.9950697453125
0 0.4047168109375 0.9950697453125 0.4295183984375 0.9950697453125 0.390437109375 0.005010421875 0.359623015625 0.0040083375 0.4047168109375 0.9950697453125
0 0.43327621406250005 0.9920634921874999 0.4550715484375 0.9890572390625 0.42651214531250004 0.005010421875 0.39494648906249996 0.007014590625 0.43327621406250005 0.9920634921874999
0 0.46183561875 0.9910614078125001 0.4918981484375 0.9920634921874999 0.4738606296875 0.005010421875 0.43402777812500004 0.005010421875 0.46183561875 0.9910614078125001
0 0.497159090625 0.9910614078125001 0.5227122421875 0.9900593234375 0.5159481718750001 0.018037518750000002 0.4806247 0.017035434375 0.497159090625 0.9910614078125001
0 0.527973184375 0.9900593234375 0.553526334375 0.9870530703125 0.552774771875 0.018037518750000002 0.5227122421875 0.021043771875 0.527973184375 0.9900593234375
0 0.558787278125 0.9840468171874999 0.5805826125 0.9800384796875001 0.590352934375 0.0200416875 0.5595388406249999 0.0200416875 0.558787278125 0.9840468171874999
0 0.585091990625 0.9770322265625 0.609893578125 0.9780343109375 0.6331920390625 0.0270562765625 0.6016263828125 0.026054192187500002 0.585091990625 0.9770322265625
0 0.615154521875 0.9740259734375 0.646720178125 0.9740259734375 0.6827952140625 0.0270562765625 0.646720178125 0.0300625296875 0.615154521875 0.9740259734375
0 0.6512295578125 0.9760301421875001 0.680540525 0.9720218046875001 0.7354046421875 0.0330687828125 0.6948202265625001 0.0360750359375 0.6512295578125 0.9760301421875001
0 0.6835467765625001 0.9740259734375 0.7233796296875 0.9640051312500001 0.78801406875 0.0430896265625 0.7489327796875 0.0430896265625 0.6835467765625001 0.9740259734375
0 0.728640571875 0.9710197203125001 0.76246091875 0.967011384375 0.8451328765625 0.0541125546875 0.8007906453125001 0.0541125546875 0.728640571875 0.9710197203125001
0 0.7692249875 0.963003046875 0.797032828125 0.95999679375 0.8917297984375001 0.0541125546875 0.8549031984375001 0.0541125546875 0.7692249875 0.963003046875
0 0.8022937703125 0.960998878125 0.8323563015625 0.9579926249999999 0.93682359375 0.0561167234375 0.9007485578125 0.055114639062500005 0.8022937703125 0.960998878125
0 0.8383688078124999 0.9559884562500001 0.8654250843750001 0.954986371875 0.9736501921875 0.066137565625 0.9428360984375 0.06513548125 0.8383688078124999 0.9559884562500001
0 0.9977002171875 0.06914381875 0.984923640625 0.06513548125 0.87444384375 0.9519801187500001 0.8954876140625 0.9529822031249999 0.9977002171875 0.23448773437499998 0.9977002171875 0.06914381875