0 0.068410184375 0.84036810625 0.10499317187499999 0.8349484046875 0.058654721875 0.1704929765625 0.0106903609375 0.1748287375 0.068410184375 0.84036810625
0 0.109870903125 0.84036810625 0.20498666718749997 0.8284447625 0.16515185937500002 0.173744796875 0.0554029 0.171576915625 0.109870903125 0.84036810625
0 0.19848302499999998 0.8349484046875 0.260267625 0.8284447625 0.2204328171875 0.046923776562500005 0.1545834421875 0.0501755984375 0.19848302499999998 0.8349484046875
0 0.260267625 0.8360323453125 0.3131097171875 0.8338644640625 0.26839717812499997 0.046923776562500005 0.213929175 0.0501755984375 0.260267625 0.8360323453125
0 0.318800403125 0.8338644640625 0.3537574796875 0.8349484046875 0.3171744921875 0.0035661640624999997 0.272461953125 0.0046501046875 0.318800403125 0.8338644640625
0 0.3513186140625 0.8338644640625 0.385462734375 0.8316965828124999 0.354570434375 0.0035661640624999997 0.31148380625 0.0035661640624999997 0.3513186140625 0.8338644640625
0 0.3870886453125 0.8327805234375001 0.431801184375 0.8284447625 0.4041607046875 0.0653507625 0.3553833890625 0.069686525 0.3870886453125 0.8327805234375001
0 0.431801184375 0.8349484046875 0.4903339625 0.829528703125 0.46431939375000003 0.0653507625 0.3976570625 0.068602584375 0.431801184375 0.8349484046875
0 0.487082140625 0.829528703125 0.5220392171875 0.829528703125 0.507406021875 0.16182145312500001 0.4626934828125 0.16182145312500001 0.487082140625 0.829528703125
0 0.528542859375 0.829528703125 0.5610610687500001 0.8241090015625 0.5431760531250001 0.16073751249999998 0.5009023796875 0.16073751249999998 0.528542859375 0.829528703125
0 0.5626869796875 0.827360821875 0.589514503125 0.8241090015625 0.56675175625 0.054511359375 0.54155014375 0.054511359375 0.5626869796875 0.827360821875
0 0.5911404140625 0.827360821875 0.6147161156250001 0.8219411203125 0.599269965625 0.0555953 0.56675175625 0.0599310609375 0.5911404140625 0.827360821875
0 0.61715498125 0.8251929421875 0.6472343265625 0.8197732390624999 0.63829181875 0.16073751249999998 0.604960653125 0.1672411546875 0.61715498125 0.8251929421875
0 0.645608415625 0.8251929421875 0.66918411875 0.8262768812499999 0.656176834375 0.0241610296875 0.6309752203125 0.030664671875 0.645608415625 0.8251929421875
0 0.670810028125 0.8251929421875 0.6919468656250001 0.8251929421875 0.6846302671875 0.0274128515625 0.6569897890624999 0.030664671875 0.670810028125 0.8251929421875
0 0.6919468656250001 0.8284447625 0.71389665625 0.8284447625 0.7025152828125 0.12496748124999998 0.67406185 0.123883540625 0.6919468656250001 0.8284447625
0 0.71389665625 0.8251929421875 0.73503349375 0.8230250609375 0.724465075 0.12496748124999998 0.6984505078125001 0.12930324375 0.71389665625 0.8251929421875
0 0.742350090625 0.8219411203125 0.778120121875 0.817605359375 0.7740553453125 0.0555953 0.726903940625 0.05776318125 0.742350090625 0.8219411203125
0 0.78543671875 0.8230250609375 0.8301492578125 0.8165214187500001 0.8366529 0.0165734484375 0.778933078125 0.011153745312500001 0.78543671875 0.8230250609375
0 0.8407176765625 0.8197732390624999 0.875674753125 0.8186893 0.8870561265625 0.149898109375 0.8415306328125001 0.15098205 0.8407176765625 0.8197732390624999
0 0.8707970218750001 0.8197732390624999 0.9130706953125 0.8186893 0.9203872921875 0.14447840781250001 0.8748617968750001 0.147730228125 0.8707970218750001 0.8197732390624999
0 0.9179484265625 0.8208571796875 0.9512795921875 0.817605359375 0.9561573234375 0.15098205 0.911444784375 0.147730228125 0.9179484265625 0.8208571796875
0 0.9504666359374999 0.815437478125 0.9878625781249999 0.8121856578125 0.998430996875 0.0133216265625 0.957783234375 0.0133216265625 0.9504666359374999 0.815437478125