0 0.0554029 0.16290539375 0.002560809375 0.1661572140625 0.00012194375 0.6680215921875 0.0163810484375 0.999663978125 0.106602821875 0.999663978125 0.0554029 0.16290539375
0 0.10661908125 0.9953715750000001 0.1887275625 0.996455515625 0.14970571093750001 0.1672411546875 0.0602806328125 0.159653571875 0.10661908125 0.9953715750000001
0 0.1895405171875 0.996455515625 0.262348790625 0.999663978125 0.2692101328125 0.9975394546875 0.23587896718749998 0.1683250953125 0.1415761578125 0.1683250953125 0.1895405171875 0.996455515625
0 0.26433240156250004 0.9986233953125 0.3488797484375 0.996455515625 0.3253040453125 0.1672411546875 0.23669192187500002 0.1683250953125 0.26433240156250004 0.9986233953125
0 0.3789590921875 0.008985865625 0.3163615375 0.011153745312500001 0.344002015625 0.9953715750000001 0.39928297343749997 0.9986233953125 0.3789590921875 0.008985865625
0 0.3984375 0.999663978125 0.4463205640625 0.999663978125 0.44236960156249994 0.006817984375 0.3765202265625 0.00573404375 0.3984375 0.999663978125
0 0.492772828125 0.0393361953125 0.43586595937499995 0.040420135937500004 0.4448084671875 0.99320369375 0.4943987390625 0.9942876343749999 0.492772828125 0.0393361953125
0 0.5391112765625 0.0501755984375 0.48952100625000006 0.051259539062500005 0.49765055937499997 0.9953715750000001 0.5103326609375001 0.999663978125 0.5407371875 0.9953715750000001 0.5391112765625 0.0501755984375
0 0.583823815625 0.0490916578125 0.5382983218749999 0.0490916578125 0.5407371875 0.9986233953125 0.5803931453125 0.999663978125 0.583823815625 0.0490916578125
0 0.6082124734375001 0.1780805578125 0.5887015484375 0.1704929765625 0.5805719953125 0.996455515625 0.6065865640625 0.9953715750000001 0.6147161156250001 0.1780805578125 0.6082124734375001 0.1780805578125
0 0.6594286546875 0.0490916578125 0.625284534375 0.0490916578125 0.6114642953125 0.9942876343749999 0.64316955 0.9953715750000001 0.6594286546875 0.0490916578125
0 0.6423565953125 0.9975394546875 0.6878820890624999 0.9986233953125 0.6984505078125001 0.0458398375 0.6569897890624999 0.044755896875 0.6423565953125 0.9975394546875
0 0.7594221515624999 0.1694090359375 0.6992634625 0.1683250953125 0.6854432234375001 0.996455515625 0.739911225 0.9953715750000001 0.7594221515624999 0.1694090359375
0 0.73916330625 0.999663978125 0.773242390625 0.99320369375 0.8114512875000001 0.006817984375 0.762673971875 0.0003143421875 0.73916330625 0.999663978125
0 0.770803525 0.99320369375 0.8073865109374999 0.992119753125 0.8415306328125001 0.0003143421875 0.8382056453125 0 0.8025087796875001 0.00573404375 0.770803525 0.99320369375
0 0.80657355625 0.9899518734375 0.8447580640625001 0.9993279562499999 0.885430215625 0.0035661640624999997 0.8439694984375 0.0013982828124999998 0.80657355625 0.9899518734375
0 0.92851684375 0.00573404375 0.8911209031249999 0.0035661640624999997 0.8480342734375 0.9942876343749999 0.88299135 0.99320369375 0.92851684375 0.00573404375
0 0.88299135 0.996455515625 0.91388365 0.9953715750000001 0.9602221 0.0046501046875 0.9252650234375001 0.0035661640624999997 0.88299135 0.996455515625
0 0.9090059187499999 0.996455515625 0.9431500390625001 0.996455515625 0.997618040625 0.014405567187500001 0.997618040625 0.0046501046875 0.964286875 0.0003143421875 0.9090059187499999 0.996455515625