0 0.038330840625 0.93575485625 0.08710815625 0.9303351546874999 0.0724749609375 0.19650754374999999 0.012316271875 0.18783602187499998 0.038330840625 0.93575485625
0 0.0919858875 0.934670915625 0.109870903125 0.932503034375 0.0976765734375 0.2767191296875 0.068410184375 0.2767191296875 0.0919858875 0.934670915625
0 0.109870903125 0.9400906171875001 0.14889275468750002 0.934670915625 0.1383243359375 0.2084308875 0.0903599765625 0.21059876875 0.109870903125 0.9400906171875001
0 0.14320206875 0.93575485625 0.1952312046875 0.9259993937500001 0.1871016515625 0.0035661640624999997 0.1342595609375 0.00573404375 0.14320206875 0.93575485625
0 0.20173484687499998 0.934670915625 0.3025412984375 0.9292512140625 0.3025412984375 0.011153745312500001 0.186288696875 0.007901925 0.20173484687499998 0.934670915625
0 0.30010243281250004 0.9433424390624999 0.3374983734375 0.9411745578125 0.3383113296875 0.0751062265625 0.3025412984375 0.0848616890625 0.30010243281250004 0.9433424390624999
0 0.33912428437500003 0.94551031875 0.3789590921875 0.948762140625 0.37245545 0.29081035312500003 0.33912428437500003 0.2897264140625 0.33912428437500003 0.94551031875
0 0.37814613750000003 0.94551031875 0.41147730156250006 0.94551031875 0.4017218390625 0.21601847031250002 0.37570727187499997 0.2171024109375 0.37814613750000003 0.94551031875
0 0.41798094375000006 0.9400906171875001 0.44643437812500003 0.9390066765625 0.43505300468749997 0.219270290625 0.4049736609375 0.2225221125 0.41798094375000006 0.9400906171875001
0 0.44887324375000004 0.944426378125 0.4757007671875 0.9498460796874999 0.471635990625 0.1271353625 0.43667891562500005 0.1336390046875 0.44887324375000004 0.944426378125
0 0.4781396328125 0.9422584984375 0.5009023796875 0.9400906171875001 0.48952100625000006 0.1206317203125 0.4732619015625 0.1206317203125 0.4781396328125 0.9422584984375
0 0.5009023796875 0.9314190953124999 0.533420590625 0.9281672734375 0.5358594562500001 0.092449271875 0.492772828125 0.08919745 0.5009023796875 0.9314190953124999
0 0.527729903125 0.9368387968749999 0.5716294875 0.9368387968749999 0.574068353125 0.09353321249999999 0.5342335453125 0.088113509375 0.527729903125 0.9368387968749999
0 0.56675175625 0.9400906171875001 0.655363878125 0.9303351546874999 0.6545509234375 0.1932557234375 0.5716294875 0.1921717828125 0.56675175625 0.9400906171875001
0 0.656176834375 0.9379227374999999 0.7008893734375 0.93575485625 0.7033282390625 0.235529396875 0.6594286546875 0.2485366796875 0.656176834375 0.9379227374999999
0 0.743163046875 0.1932557234375 0.707393015625 0.1910878421875 0.7041411937500001 0.934670915625 0.7496666875 0.9303351546874999 0.75047964375 0.195423603125 0.743163046875 0.1932557234375
0 0.7512925984375001 0.9314190953124999 0.7740553453125 0.9422584984375 0.783810809375 0.21601847031250002 0.755357375 0.207346946875 0.7512925984375001 0.9314190953124999
0 0.773242390625 0.93575485625 0.8008828687499999 0.93575485625 0.8098253765625 0.21059876875 0.782997853125 0.2149345296875 0.773242390625 0.93575485625
0 0.8081994671875 0.93575485625 0.832588125 0.932503034375 0.839091765625 0.23878121718749998 0.817141975 0.235529396875 0.8081994671875 0.93575485625
0 0.8415306328125001 0.9184118109374999 0.8537249609374999 0.9151599890625001 0.865106334375 0.232277575 0.8358399453124999 0.23119363437499998 0.8415306328125001 0.9184118109374999
0 0.8707970218750001 0.9411745578125 0.9220132031249999 0.9379227374999999 0.93989821875 0.11846383906249999 0.8984375 0.11846383906249999 0.8707970218750001 0.9411745578125
0 0.9220132031249999 0.9216636312500001 0.9545314125000001 0.9238315125 0.9691646078125 0.2246899921875 0.942337084375 0.22035423125000003 0.9220132031249999 0.9216636312500001
0 0.95940914375 0.9281672734375 0.998430996875 0.9303351546874999 0.999747984375 0.2254704296875 0.972416428125 0.2257739328125 0.95940914375 0.9281672734375