0 0.1108038046875 0.7089120375 0.1438902171875 0.7089120375 0.1623318234375 0.320457175 0.1314883765625 0.3182870375 0.1108038046875 0.7089120375
0 0.14822941875 0.7089120375 0.18185823125 0.7081886578125001 0.1959606359375 0.3190104171875 0.167838203125 0.3182870375 0.14822941875 0.7089120375
0 0.1883670328125 0.7081886578125001 0.21602944375000002 0.707465278125 0.2312166484375 0.3211805546875 0.20581563281249998 0.320457175 0.1883670328125 0.7081886578125001
0 0.259963859375 0.322627315625 0.23511250781249998 0.3233506953125 0.23392865000000002 0.3255208328125 0.22145344531250002 0.707465278125 0.244234253125 0.707465278125 0.259963859375 0.322627315625
0 0.2453190546875 0.7081886578125001 0.2713542640625 0.7067418984375 0.28545666875000003 0.283564815625 0.26223924374999996 0.283564815625 0.2453190546875 0.7081886578125001
0 0.278405465625 0.7052951390625 0.3055254765625 0.707465278125 0.3169158796875 0.283564815625 0.29207865312500003 0.282841434375 0.278405465625 0.7052951390625
0 0.342951090625 0.7038483796875 0.35271429374999996 0.3146701390625 0.329391084375 0.3125 0.324088203125 0.3146701390625 0.310407078125 0.7038483796875 0.3364422875 0.7052951390625 0.342951090625 0.7038483796875
0 0.3516294921875 0.70601851875 0.3684438984375 0.7067418984375 0.37603750156250004 0.703125 0.381461503125 0.3146701390625 0.3570534953125 0.3125 0.354470146875 0.3132233796875 0.346205490625 0.704571759375 0.3516294921875 0.70601851875
0 0.379291903125 0.7038483796875 0.39936071093750003 0.7052951390625 0.40315751093749996 0.3190104171875 0.38702223125 0.3175636578125 0.379291903125 0.7038483796875
0 0.4026151109375 0.704571759375 0.42159911875 0.703125 0.42214151875 0.3067129625 0.40438334062500003 0.30815972187499996 0.4026151109375 0.704571759375
0 0.428650321875 0.703125 0.46227913281250005 0.7024016203125 0.464448734375 0.29586226875 0.43096754375 0.2951388890625 0.428650321875 0.703125
0 0.5051895531249999 0.2951388890625 0.5008503515625 0.2936921296875 0.486747946875 0.29296875 0.47220018125 0.2936921296875 0.46722154062500004 0.7009548609375 0.5057319546875 0.701678240625 0.5051895531249999 0.2951388890625
0 0.508986521875 0.3132829953125 0.51007115625 0.701678240625 0.5323095640625 0.7024016203125 0.5317671640625 0.3146701390625 0.508986521875 0.3132829953125
0 0.5344791640625 0.703125 0.5588871734375 0.703125 0.555632771875 0.313946759375 0.5345916749999999 0.313946759375 0.5344791640625 0.703125
0 0.5827527828125 0.2980324078125 0.5617184109375 0.29730902812500004 0.5605143734375 0.2987557875 0.565395975 0.7009548609375 0.588719184375 0.7024016203125 0.5827527828125 0.2980324078125
0 0.5941431859375 0.701678240625 0.6180087953125 0.7009548609375 0.6104151921875001 0.294415509375 0.589930215625 0.294415509375 0.5941431859375 0.701678240625
0 0.6207207953125 0.70023148125 0.6462136046875 0.70023148125 0.6375352015625 0.294415509375 0.6138017437500001 0.294415509375 0.6207207953125 0.70023148125
0 0.640789603125 0.450665509375 0.6462136046875 0.635127315625 0.64892560625 0.70023148125 0.6717064140625 0.7009548609375 0.6624856109375 0.294415509375 0.6391624031250001 0.2951388890625 0.6391624031250001 0.3551793984375 0.640789603125 0.450665509375
0 0.675503215625 0.7009548609375 0.7047928265625 0.6995081015625 0.691775221875 0.300925925 0.665885078125 0.300202546875 0.675503215625 0.7009548609375
0 0.7058776265625 0.6980613421874999 0.7395064390625 0.698784721875 0.724319234375 0.29730902812500004 0.6984371609375 0.29730902812500004 0.7058776265625 0.6980613421874999
0 0.7471000421875 0.695891203125 0.7709656515625001 0.6980613421874999 0.7557784453124999 0.285011575 0.7320743140625 0.283564815625 0.7471000421875 0.695891203125
0 0.775304853125 0.695891203125 0.7970008609375 0.6973379625 0.7812712546875 0.2864583328125 0.759743584375 0.285011575 0.761744846875 0.285011575 0.7574056453125 0.283564815625 0.775304853125 0.695891203125
0 0.8030786484375 0.6951678234374999 0.8171810531249999 0.695891203125 0.8003666468749999 0.285734953125 0.7863277859375 0.285734953125 0.8030786484375 0.6951678234374999
0 0.8426738625000001 0.6951678234374999 0.8220626546875 0.2792245375 0.8171810531249999 0.2792245375 0.8058590359375 0.2785011578125 0.8264018562500001 0.6944444453124999 0.8356226609374999 0.695891203125 0.8426738625000001 0.6951678234374999
0 0.8443010640624999 0.695891203125 0.8616578703125001 0.6951678234374999 0.8421314625 0.2785011578125 0.8248477515625 0.2785011578125 0.8443010640624999 0.695891203125
0 0.8643698703125 0.6944444453124999 0.8773874749999999 0.692997684375 0.8556914671875001 0.2907986109375 0.8443790015625 0.29007523125 0.8643698703125 0.6944444453124999
0 0.8800994765624999 0.28862847187499996 0.8601125078124999 0.2893518515625 0.8584034687500001 0.29007523125 0.8800994765624999 0.692997684375 0.9039650859374999 0.6951678234374999 0.8800994765624999 0.28862847187499996