0 0.05052516875 0.069686525 0.005812629687499999 0.061015001562500004 0.017194003125000003 0.9856161109375 0.063532453125 0.9780285296875 0.05052516875 0.069686525
0 0.08548224531250001 0.10328867500000001 0.0488992578125 0.10870837656250001 0.056215856249999994 0.9823642906250001 0.09117293125 0.9791124703125 0.08548224531250001 0.10328867500000001
0 0.11230976875000001 0.10328867500000001 0.0822304234375 0.1076244359375 0.08710815625 0.98344823125 0.12287818749999999 0.9823642906250001 0.11230976875000001 0.10328867500000001
0 0.15295753125 0.111960196875 0.1163745453125 0.1130441375 0.1212522765625 0.9780285296875 0.1619000390625 0.9780285296875 0.15295753125 0.111960196875
0 0.1879146078125 0.10003685312499999 0.1537704859375 0.102204734375 0.1578352625 0.980196409375 0.1903534734375 0.984532171875 0.1879146078125 0.10003685312499999
0 0.2179939515625 0.10328867500000001 0.1822239203125 0.10654049531250001 0.1879146078125 0.9791124703125 0.216368040625 0.9780285296875 0.2179939515625 0.10328867500000001
0 0.2773396859375 0.149898109375 0.21880690625 0.14339446718749999 0.21474213125000002 0.9812803499999999 0.26839717812499997 0.9747767078124999 0.2773396859375 0.149898109375
0 0.3163615375 0.104372615625 0.2773396859375 0.104372615625 0.2716489984375 0.984532171875 0.30660607500000003 0.9812803499999999 0.3163615375 0.104372615625
0 0.34237610625000003 0.10328867500000001 0.3204263140625 0.10654049531250001 0.30172834375 0.9747767078124999 0.33099473281249997 0.9747767078124999 0.34237610625000003 0.10328867500000001
0 0.3732684046875 0.10112079375000001 0.344002015625 0.0967850328125 0.3334335984375 0.9780285296875 0.3610740765625 0.9758606484374999 0.3732684046875 0.10112079375000001
0 0.4041607046875 0.14339446718749999 0.3732684046875 0.1412265875 0.36351294218749997 0.9769445890625 0.3919663765625 0.970440946875 0.4041607046875 0.14339446718749999
0 0.44236960156249994 0.102204734375 0.4049736609375 0.10328867500000001 0.3862756890625 0.970440946875 0.4228586765625 0.970440946875 0.44236960156249994 0.102204734375
0 0.4757007671875 0.10654049531250001 0.438304825 0.10112079375000001 0.42367163124999996 0.9693570062499999 0.4578157515625 0.9661051859375 0.4757007671875 0.10654049531250001
0 0.4732619015625 0.9661051859375 0.4911469171875 0.1423105265625 0.487895096875 0.1412265875 0.4708230359375 0.136890825 0.457002796875 0.9715248875 0.4732619015625 0.9661051859375
0 0.5187873953125 0.10328867500000001 0.4911469171875 0.10328867500000001 0.47407485625 0.9628533640624999 0.49765055937499997 0.9639373046875 0.5187873953125 0.10328867500000001
0 0.57650721875 0.02199315 0.5163485296875 0.018741328125 0.49602464843750005 0.9639373046875 0.5545574265625001 0.9639373046875 0.57650721875 0.02199315
0 0.6317881765625 0.02958073125 0.5781331296875 0.025244970312499997 0.5561833375 0.9650212453125 0.61227725 0.9639373046875 0.6317881765625 0.02958073125
0 0.65373796875 0.211682709375 0.6293493109375 0.21385058906249999 0.6106513390625 0.960685484375 0.6366659078125 0.960685484375 0.65373796875 0.211682709375
0 0.6992634625 0.020909209375 0.661054565625 0.0230770890625 0.640730684375 0.9617694234374999 0.6797525359375001 0.9574336625000001 0.6992634625 0.020909209375
0 0.731781671875 0.0230770890625 0.6943857312499999 0.0241610296875 0.6781266265625 0.9596015437500001 0.711457790625 0.9628533640624999 0.731781671875 0.0230770890625
0 0.786249675 0.135806884375 0.7309687171875 0.1325550640625 0.7147096125 0.958517603125 0.7667387484375 0.9617694234374999 0.786249675 0.135806884375
0 0.8301492578125 0.09353321249999999 0.786249675 0.09786897343749999 0.7724294359375 0.9530979015625001 0.814703109375 0.9541818421875 0.8301492578125 0.09353321249999999
0 0.8594156484375001 0.0989529140625 0.829336303125 0.09353321249999999 0.8049476453125 0.9530979015625001 0.8561638265625 0.9563497218749999 0.8594156484375001 0.0989529140625
0 0.9203872921875 0.1303871828125 0.87242293125 0.1336390046875 0.8537249609374999 0.9563497218749999 0.9049411421875 0.9520139609375 0.9203872921875 0.1303871828125
0 0.9545314125000001 0.1271353625 0.9171354703124999 0.1227996015625 0.9000634109375 0.9530979015625001 0.9439629937499999 0.9530979015625001 0.9545314125000001 0.1271353625
0 0.9878625781249999 0.232277575 0.9561573234375 0.2301096953125 0.941524128125 0.94551031875 0.9829848468750001 0.9400906171875001 0.9878625781249999 0.232277575