0 0.018819914062500002 0.8956490640625001 0.07084905 0.896733003125 0.052151079687500004 0.006817984375 0.0033737640625000004 0.006817984375 0.018819914062500002 0.8956490640625001
0 0.07166200625 0.8989008843749999 0.1188134109375 0.8989008843749999 0.11068385781250001 0.0046501046875 0.052964034375 0.007901925 0.07166200625 0.8989008843749999
0 0.1545834421875 0.0122376859375 0.1131227234375 0.01006980625 0.1131227234375 0.89781694375 0.1700295921875 0.8923972421874999 0.16515185937500002 0.018741328125 0.1545834421875 0.0122376859375
0 0.16840368125 0.8934811828125 0.2285623703125 0.8956490640625001 0.222058728125 0.1553178109375 0.16677777031250002 0.159653571875 0.16840368125 0.8934811828125
0 0.2228716828125 0.899984825 0.2765267296875 0.896733003125 0.27083604375000003 0.0317486125 0.23018828125000002 0.030664671875 0.2228716828125 0.899984825
0 0.26839717812499997 0.9064884671875 0.3253040453125 0.9021527062500001 0.313922671875 0.02199315 0.275713775 0.02199315 0.26839717812499997 0.9064884671875
0 0.3253040453125 0.896733003125 0.3570093 0.89781694375 0.34644088125 0.13905870625 0.3155485828125 0.13905870625 0.3253040453125 0.896733003125
0 0.349692703125 0.8934811828125 0.38302386875 0.8891454218750001 0.37001658437499996 0.136890825 0.344002015625 0.140142646875 0.349692703125 0.8934811828125
0 0.3822109125 0.8956490640625001 0.410664346875 0.8902293625000001 0.39928297343749997 0.14339446718749999 0.37245545 0.1423105265625 0.3822109125 0.8956490640625001
0 0.405786615625 0.8913133015625 0.44155664687499996 0.8934811828125 0.42692345156249994 0.1466462890625 0.396031153125 0.14881416875 0.405786615625 0.8913133015625
0 0.44318255781250004 0.899984825 0.46757121562500004 0.8989008843749999 0.453750975 0.1423105265625 0.431801184375 0.1412265875 0.44318255781250004 0.899984825
0 0.46757121562500004 0.8956490640625001 0.508218978125 0.8913133015625 0.4992764703125 0.07727410625 0.45537688593750003 0.0751062265625 0.46757121562500004 0.8956490640625001
0 0.51065784375 0.8913133015625 0.5496796953125 0.8923972421874999 0.5326076359374999 0.076190165625 0.4968376046875 0.076190165625 0.51065784375 0.8913133015625
0 0.5496796953125 0.899984825 0.5862626828125 0.89781694375 0.5732553984375001 0.0751062265625 0.5317946796874999 0.078358046875 0.5496796953125 0.899984825
0 0.589514503125 0.896733003125 0.6260974890625 0.8923972421874999 0.6057736078125 0.078358046875 0.5756942640625 0.076190165625 0.589514503125 0.896733003125
0 0.6228456687499999 0.896733003125 0.6594286546875 0.89781694375 0.64804728125 0.0794419875 0.61227725 0.0837777484375 0.6228456687499999 0.896733003125
0 0.6569897890624999 0.8956490640625001 0.7033282390625 0.8923972421874999 0.6878820890624999 0.090281390625 0.6447954609375001 0.0848616890625 0.6569897890624999 0.8956490640625001
0 0.7049541500000001 0.8923972421874999 0.739911225 0.8913133015625 0.7236521203125 0.0848616890625 0.691133909375 0.0848616890625 0.7049541500000001 0.8923972421874999
0 0.7415371359375 0.8945651234374999 0.778120121875 0.8913133015625 0.7586091953125 0.175912678125 0.72934280625 0.171576915625 0.7415371359375 0.8945651234374999
0 0.7764942109375 0.886977540625 0.8073865109374999 0.8902293625000001 0.799256959375 0.1780805578125 0.7667387484375 0.183500259375 0.7764942109375 0.886977540625
0 0.8179549296875 0.8891454218750001 0.8512860953124999 0.8858936 0.8399047218750001 0.183500259375 0.803321734375 0.1813323796875 0.8179549296875 0.8891454218750001
0 0.8529120062500001 0.88806148125 0.9090059187499999 0.886977540625 0.8992504546875001 0.068602584375 0.839091765625 0.06751864375 0.8529120062500001 0.88806148125
0 0.9122577390625001 0.8913133015625 0.9407111734375 0.8891454218750001 0.9374593515624999 0.0989529140625 0.9057540968750001 0.10328867500000001 0.9122577390625001 0.8913133015625
0 0.9455889046875001 0.8934811828125 0.972416428125 0.886977540625 0.9716034734375001 0.10003685312499999 0.942337084375 0.0989529140625 0.9455889046875001 0.8934811828125
0 0.9789200703125 0.8945651234374999 0.998430996875 0.8891454218750001 0.999747984375 0.03360215 0.9748552937499999 0.03391649375 0.9789200703125 0.8945651234374999