0 0.08970145 0.9244791671874999 0.1344494671875 0.9244791671874999 0.14014466875 0.9212239578125001 0.154789475 0.283203125 0.146653471875 0.2821180546875 0.129567865625 0.27777777812500004 0.1189910609375 0.27777777812500004 0.107714334375 0.2799479171875 0.08970145 0.9244791671874999
0 0.1425854703125 0.922309028125 0.1897742875 0.9244791671874999 0.2036054921875 0.2810329859375 0.158983865625 0.2799479171875 0.1425854703125 0.922309028125
0 0.23859030468750003 0.922309028125 0.2442855078125 0.922309028125 0.249980709375 0.2821180546875 0.2061843875 0.2799479171875 0.1946558890625 0.922309028125 0.197096690625 0.923394096875 0.23859030468750003 0.922309028125
0 0.248353509375 0.923394096875 0.2971695265625 0.923394096875 0.30367832968749997 0.283203125 0.2573031125 0.2821180546875 0.248353509375 0.923394096875
0 0.29798312656250003 0.923394096875 0.3484263453125 0.9255642359375 0.35574874843750004 0.283203125 0.30628204375 0.283203125 0.29798312656250003 0.923394096875
0 0.4004967640625 0.9255642359375 0.405378365625 0.2799479171875 0.39154716093749997 0.27777777812500004 0.359179178125 0.2766927078125 0.353307946875 0.9255642359375 0.3923607609375 0.927734375 0.4004967640625 0.9255642359375
0 0.44361757968750004 0.9244791671874999 0.4493127828125 0.922309028125 0.45419438437500004 0.2821180546875 0.45012638281250006 0.2810329859375 0.43059997499999997 0.27886284687499996 0.40800730312500005 0.2799479171875 0.403751165625 0.923394096875 0.44361757968750004 0.9244791671874999
0 0.47778879218750003 0.9288194453124999 0.4924335984375 0.9255642359375 0.4948743984375 0.3700086796875 0.4615167859375 0.3678385421875 0.4598895859375 0.9299045140625 0.46395758750000005 0.9299045140625 0.47778879218750003 0.9288194453124999
0 0.5030104015625 0.9255642359375 0.5127736046875 0.9255642359375 0.522536809375 0.9255642359375 0.5306728125 0.9244791671874999 0.5314864125 0.37109375 0.4991531375 0.37109375 0.4940607984375 0.922309028125 0.5030104015625 0.9255642359375
0 0.5713528265625001 0.3721788203125 0.53577423125 0.3721788203125 0.5347408140625001 0.9244791671874999 0.559148821875 0.9255642359375 0.5721664265624999 0.922309028125 0.5713528265625001 0.3721788203125
0 0.609592040625 0.3721788203125 0.577048028125 0.3721788203125 0.576234428125 0.922309028125 0.5990152375 0.922309028125 0.6128464421875 0.9201388890625 0.609592040625 0.3721788203125
0 0.6551536578125 0.9212239578125001 0.6697984625 0.9201388890625 0.6665440609375 0.2940538203125 0.6122716265625 0.2940538203125 0.6193552437500001 0.9212239578125001 0.63644085 0.9201388890625 0.6551536578125 0.9212239578125001
0 0.6756181671875 0.9201388890625 0.7268749859375 0.91796875 0.7293157859375 0.2951388890625 0.676561990625 0.2940538203125 0.6756181671875 0.9201388890625
0 0.7895222078125 0.9157986109375 0.7919630093750001 0.2951388890625 0.7472149921875 0.2951388890625 0.7416661578125 0.29730902812500004 0.7374517890625001 0.91796875 0.7756910031250001 0.91796875 0.7895222078125 0.9157986109375
0 0.7919630093750001 0.8984375 0.8049806140625 0.8951822921874999 0.8066078140625 0.38519965312500004 0.7929356890625 0.38519965312500004 0.7919630093750001 0.8984375
0 0.8302022234375 0.9114583328125001 0.8456606296875 0.9114583328125001 0.8456606296875 0.3678385421875 0.8295567828125 0.36675347187499996 0.8302022234375 0.9114583328125001
0 0.85298303125 0.913628471875 0.8700686375 0.9114583328125001 0.8692550375 0.36566840312500004 0.8531570437499999 0.3645833328125 0.85298303125 0.913628471875