0 0.027762421875 0.1412265875 0.0033737640625000004 0.15206599062499998 0 0.235551075 0.222058728125 0.8956490640625001 0.2635194453125 0.8696344953124999 0.027762421875 0.1412265875
0 0.2740878640625 0.9021527062500001 0.329368821875 0.8761381374999999 0.08141746875 0.1227996015625 0.032640153125 0.13905870625 0.2740878640625 0.9021527062500001
0 0.33912428437500003 0.8956490640625001 0.36188703125 0.8934811828125 0.14482797812499998 0.23878121718749998 0.1171875 0.2507045609375 0.33912428437500003 0.8956490640625001
0 0.17490732343749998 0.2420330390625 0.1513316203125 0.247452740625 0.37164249531250004 0.9086563468750001 0.390340465625 0.88806148125 0.17490732343749998 0.2420330390625
0 0.3935922875 0.9010687656249999 0.42367163124999996 0.8858936 0.2074255328125 0.2420330390625 0.1822239203125 0.2539563828125 0.3935922875 0.9010687656249999
0 0.2545769375 0.235529396875 0.212303265625 0.25504032187500003 0.42692345156249994 0.9032366453125 0.46757121562500004 0.872886315625 0.2545769375 0.235529396875
0 0.4708230359375 0.8934811828125 0.512283753125 0.8685505546875 0.29847652187499996 0.223606053125 0.25538989375 0.24420091875 0.4708230359375 0.8934811828125
0 0.3318076875 0.147730228125 0.2740878640625 0.1683250953125 0.5252910375 0.8934811828125 0.5724424421875 0.8620469125 0.3318076875 0.147730228125
0 0.59195336875 0.89781694375 0.6277234 0.8804738984375 0.3976570625 0.14339446718749999 0.33668541875 0.1683250953125 0.59195336875 0.89781694375
0 0.6512991031250001 0.9043205859375 0.671622984375 0.8923972421874999 0.46431939375000003 0.28213883125 0.44318255781250004 0.292978234375 0.6512991031250001 0.9043205859375
0 0.676500715625 0.88806148125 0.707393015625 0.8761381374999999 0.469197125 0.1845842 0.4407436921875 0.198675425 0.676500715625 0.88806148125
0 0.7147096125 0.896733003125 0.75047964375 0.8696344953124999 0.5407371875 0.2647957859375 0.508218978125 0.27780307031249996 0.7147096125 0.896733003125
0 0.768364659375 0.8945651234374999 0.782997853125 0.8837257203125001 0.5651258453125 0.28213883125 0.548053784375 0.292978234375 0.768364659375 0.8945651234374999
0 0.5911404140625 0.278887009375 0.574068353125 0.29623005468749997 0.7903144515625 0.896733003125 0.8122642421874999 0.8826417796875001 0.5911404140625 0.278887009375
0 0.8236456171875 0.8989008843749999 0.8480342734375 0.8815578390625 0.6269104453125001 0.283222771875 0.604960653125 0.29623005468749997 0.8236456171875 0.8989008843749999
0 0.6618675203125 0.2853906515625 0.6326011312500001 0.2973139953125 0.85697678125 0.8945651234374999 0.88299135 0.8718023765625 0.6618675203125 0.2853906515625
0 0.88299135 0.8956490640625001 0.9252650234375001 0.8674666140625 0.6862561781250001 0.257208203125 0.6602416109375 0.2767191296875 0.88299135 0.8956490640625001
0 0.722026209375 0.2723833671875 0.6951986859375 0.2875585328125 0.9333945765625 0.896733003125 0.967538696875 0.8674666140625 0.722026209375 0.2723833671875