0 0.17435119375000002 0.22135416718749998 0.1166661578125 0.21809895781250002 0.11414477187500001 0.785590278125 0.17028319218750002 0.785590278125 0.17435119375000002 0.22135416718749998
0 0.2361848171875 0.18771701406250002 0.1866531375 0.1866319453125 0.1857415984375 0.7801649296875001 0.234557615625 0.78125 0.2361848171875 0.18771701406250002
0 0.2955776390625 0.1888020828125 0.2452468875 0.18771701406250002 0.24025281875 0.78125 0.2947640375 0.7834201390625 0.2955776390625 0.1888020828125
0 0.335444053125 0.7823350703124999 0.3378848546875 0.7801649296875001 0.333816853125 0.24197048593749998 0.30139923125 0.24088541718749998 0.3053408421875 0.7823350703124999 0.335444053125 0.7823350703124999
0 0.368801665625 0.2430555546875 0.337206521875 0.24197048593749998 0.3411392546875 0.785590278125 0.3728696671875 0.786675346875 0.368801665625 0.2430555546875
0 0.388328071875 0.7899305546875001 0.4281944875 0.7888454859375 0.42412648593749996 0.220269096875 0.3705724078125 0.219184028125 0.37775126875 0.785590278125 0.388328071875 0.7899305546875001
0 0.4347032890625 0.8116319453124999 0.5087409171874999 0.8083767359375 0.5022321140625 0.1378038203125 0.4307937625 0.1356336796875 0.43226248749999996 0.8094618046875001 0.4347032890625 0.8116319453124999
0 0.5146153765625 0.14105902812499999 0.5176905203125 0.8116319453124999 0.5941689484375 0.810546875 0.5876601453125 0.13888888906250002 0.5778969421875 0.1399739578125 0.5534889328125 0.1399739578125 0.533148925 0.14105902812499999 0.5146153765625 0.14105902812499999
0 0.6032107671875 0.8072916671874999 0.6048379671874999 0.810546875 0.6194827734375 0.8116319453124999 0.623550775 0.8094618046875001 0.6121603703125 0.23654513906250002 0.593554178125 0.23654513906250002 0.6032107671875 0.8072916671874999
0 0.6447043828125001 0.8072916671874999 0.6487723843750001 0.806206596875 0.635754778125 0.239800346875 0.6171544390625 0.24088541718749998 0.626805175 0.8083767359375 0.6447043828125001 0.8072916671874999
0 0.6560947859375 0.8083767359375 0.6910795984375 0.8072916671874999 0.67562119375 0.21809895781250002 0.6391270953125 0.21809895781250002 0.651213184375 0.805121528125 0.6560947859375 0.8083767359375
0 0.735014015625 0.21701388906250002 0.686327615625 0.2159288203125 0.6967748015625 0.805121528125 0.7480316203124999 0.8040364578125001 0.735014015625 0.21701388906250002
0 0.752245584375 0.2159288203125 0.755354021875 0.8083767359375 0.7822028328124999 0.8083767359375 0.8049836406249999 0.806206596875 0.8017292390625 0.21809895781250002 0.8001020390625 0.2159288203125 0.7765076296875 0.21484375 0.752245584375 0.2159288203125
0 0.8214187624999999 0.2159288203125 0.8098652421875 0.8083767359375 0.81149244375 0.810546875 0.8277644499999999 0.8138020828125001 0.84647725625 0.8127170140625 0.8651900625 0.8127170140625 0.8749532671875 0.2159288203125 0.8214187624999999 0.2159288203125
0 0.872512465625 0.8138020828125001 0.888784471875 0.8170572921874999 0.9115652796875 0.8181423609375 0.9245828843749999 0.8138020828125001 0.942482090625 0.2159288203125 0.886522928125 0.2159288203125 0.872512465625 0.8138020828125001