0 0.1287708109375 0.7486979171875 0.2304708484375 0.747612846875 0.24267485312499998 0.1920572921875 0.1435216265625 0.1866319453125 0.1287708109375 0.7486979171875
0 0.24023405156250002 0.7454427078125 0.2711508625 0.7443576390625 0.28498206875 0.200737846875 0.2550125125 0.19965277812499999 0.24023405156250002 0.7454427078125
0 0.2727780640625 0.7530381953124999 0.311017278125 0.756293403125 0.31996688125 0.18120659687500001 0.285936990625 0.18012152812499999 0.2727780640625 0.7530381953124999
0 0.31833968125 0.7530381953124999 0.35576529375 0.7530381953124999 0.36146049687500004 0.18988715312499999 0.327440896875 0.19097222187500001 0.31833968125 0.7530381953124999
0 0.3679692984375 0.7497829859375 0.40458131249999996 0.7497829859375 0.40458131249999996 0.1963975703125 0.3705724078125 0.19748263906250002 0.3679692984375 0.7497829859375
0 0.43875252500000006 0.1985677078125 0.4096349078125 0.19965277812499999 0.41027651406250004 0.7508680546875001 0.44444772656250003 0.7497829859375 0.44282052656250004 0.200737846875 0.43875252500000006 0.1985677078125
0 0.447702128125 0.7497829859375 0.483500540625 0.7508680546875001 0.480246140625 0.1953125 0.44706980312500005 0.1953125 0.447702128125 0.7497829859375
0 0.516044553125 0.19748263906250002 0.4828770953125 0.19748263906250002 0.48594134218749996 0.7486979171875 0.48919574375 0.7486979171875 0.5209261546875 0.7497829859375 0.516044553125 0.19748263906250002
0 0.5649422937499999 0.2039930546875 0.5219395953125 0.2039930546875 0.5234486781250001 0.747612846875 0.572264696875 0.747612846875 0.5665694953125 0.21158854218749998 0.5649422937499999 0.2039930546875
0 0.5787734984374999 0.7497829859375 0.624335115625 0.7508680546875001 0.6178263140625 0.20290798593749998 0.57483673125 0.20182291718749998 0.5787734984374999 0.7497829859375
0 0.66501513125 0.1963975703125 0.6269200640625 0.1953125 0.6292167171874999 0.751953125 0.6731511343750001 0.751953125 0.6690831328125 0.1985677078125 0.66501513125 0.1963975703125
0 0.674778334375 0.7508680546875001 0.71952635 0.7508680546875001 0.7138311484375001 0.15190972187500001 0.674120584375 0.1497395828125 0.674778334375 0.7508680546875001
0 0.7569519640625 0.1529947921875 0.71871275 0.15082465312499999 0.7227807515625 0.747612846875 0.7650879671874999 0.751953125 0.7659015671875 0.747612846875 0.7569519640625 0.1529947921875
0 0.7724103703125 0.751953125 0.8073951828125001 0.7530381953124999 0.80332718125 0.209418403125 0.767707825 0.20833333281250002 0.7724103703125 0.751953125
0 0.8399391953125 0.205078125 0.8100255328125 0.2061631953125 0.810649584375 0.7508680546875001 0.845634396875 0.7497829859375 0.8407527953124999 0.20724826406250002 0.8399391953125 0.205078125
0 0.8765512078125001 0.7486979171875 0.8806192093749999 0.7443576390625 0.87329680625 0.20833333281250002 0.8433914187499999 0.20833333281250002 0.847261596875 0.7454427078125 0.8513295984375 0.7486979171875 0.8765512078125001 0.7486979171875
0 0.8814328093749999 0.737847221875 0.9099088203125 0.7389322921875 0.9017728171874999 0.23763020781250002 0.8751296999999999 0.23763020781250002 0.8814328093749999 0.737847221875
0 0.922926425 0.7432725703124999 0.9603520390625 0.7443576390625 0.9497752343749999 0.2332899296875 0.9150060015625 0.2332899296875 0.922926425 0.7432725703124999