0 0.035891975 0.817605359375 0.0822304234375 0.817605359375 0.035891975 0.08052592812500001 0.004999675 0.0837777484375 0.035891975 0.817605359375
0 0.0830433796875 0.804598075 0.1139356796875 0.804598075 0.093611796875 0.10112079375000001 0.049712214062499996 0.0967850328125 0.0830433796875 0.804598075
0 0.114748634375 0.8143535375000001 0.1415761578125 0.8100177765625001 0.1155615890625 0.1553178109375 0.083856334375 0.1553178109375 0.114748634375 0.8143535375000001
0 0.139950246875 0.8121856578125 0.1773461890625 0.8100177765625001 0.160274128125 0.18891996093750002 0.1139356796875 0.183500259375 0.139950246875 0.8121856578125
0 0.1740943671875 0.8143535375000001 0.21880690625 0.8100177765625001 0.19848302499999998 0.185668140625 0.1537704859375 0.183500259375 0.1740943671875 0.8143535375000001
0 0.2204328171875 0.805682015625 0.24238260937499997 0.8078498953125001 0.2179939515625 0.0263289109375 0.19279233906249998 0.028496792187499998 0.2204328171875 0.805682015625
0 0.2431955640625 0.8089338359375 0.26433240156250004 0.8100177765625001 0.244821475 0.02958073125 0.2196198625 0.028496792187499998 0.2431955640625 0.8089338359375
0 0.26514535625 0.8111017171875 0.30010243281250004 0.8100177765625001 0.2773396859375 0.02958073125 0.24238260937499997 0.0274128515625 0.26514535625 0.8111017171875
0 0.2968506109375 0.8089338359375 0.33018177656250003 0.7970104921875001 0.313922671875 0.0263289109375 0.278152640625 0.030664671875 0.2968506109375 0.8089338359375
0 0.32774291093749996 0.8067659562499999 0.385462734375 0.8002623140624999 0.37733318125 0.2290257546875 0.32123926875 0.2301096953125 0.32774291093749996 0.8067659562499999
0 0.3879016 0.8035141343750001 0.43667891562500005 0.7980944328125 0.43342709375000005 0.235529396875 0.37489431562500003 0.22685787343750002 0.3879016 0.8035141343750001
0 0.43342709375000005 0.804598075 0.4683841703125 0.804598075 0.46757121562500004 0.11087625781249999 0.431801184375 0.11087625781249999 0.43342709375000005 0.804598075
0 0.466758259375 0.804598075 0.5009023796875 0.804598075 0.5041542015625 0.111960196875 0.4659453046875 0.111960196875 0.466758259375 0.804598075
0 0.502528290625 0.80243019375 0.5602481140625 0.7970104921875001 0.5683776671875 0.1553178109375 0.5017153359375001 0.16073751249999998 0.502528290625 0.80243019375
0 0.5610610687500001 0.8035141343750001 0.6017088312500001 0.8002623140624999 0.6147161156250001 0.114128078125 0.57650721875 0.11954777968750001 0.5610610687500001 0.8035141343750001
0 0.6082124734375001 0.804598075 0.6472343265625 0.8035141343750001 0.6651193421875 0.19975936562500002 0.61227725 0.1943396640625 0.6082124734375001 0.804598075
0 0.6529250125 0.7894229109374999 0.665932296875 0.791590790625 0.67893958125 0.2008433046875 0.6651193421875 0.19975936562500002 0.6529250125 0.7894229109374999
0 0.6773136703125 0.80243019375 0.701702328125 0.7980944328125 0.727716896875 0.18891996093750002 0.6960116421875 0.185668140625 0.6773136703125 0.80243019375
0 0.7057671046875 0.80243019375 0.7301557625 0.804598075 0.7561703296875 0.1900039015625 0.7236521203125 0.18891996093750002 0.7057671046875 0.80243019375
0 0.73503349375 0.80243019375 0.7699905703125001 0.8035141343750001 0.80657355625 0.08160986875000001 0.762673971875 0.0837777484375 0.73503349375 0.80243019375
0 0.7740553453125 0.8089338359375 0.8025087796875001 0.80243019375 0.8439694984375 0.11087625781249999 0.8008828687499999 0.1076244359375 0.7740553453125 0.8089338359375
0 0.8057606015625 0.8067659562499999 0.8439694984375 0.8100177765625001 0.88299135 0.10870837656250001 0.8399047218750001 0.102204734375 0.8057606015625 0.8067659562499999
0 0.8439694984375 0.8100177765625001 0.885430215625 0.8035141343750001 0.92445206875 0.12930324375 0.8773006640625001 0.12496748124999998 0.8439694984375 0.8100177765625001
0 0.8838043046875 0.8002623140624999 0.9228261578125 0.805682015625 0.9602221 0.211682709375 0.921200246875 0.2127666484375 0.8838043046875 0.8002623140624999
0 0.999747984375 0.2167338703125 0.9650998312500001 0.21385058906249999 0.931768665625 0.7991783734375 0.9748552937499999 0.7970104921875001 0.993553265625 0.4154634921875 0.999747984375 0.2167338703125