0 0.0781656484375 0.9769445890625 0.114748634375 0.9715248875 0.0440215265625 0.044755896875 0.0066255859375 0.051259539062500005 0.0781656484375 0.9769445890625
0 0.1163745453125 0.9715248875 0.1919793828125 0.9791124703125 0.1415761578125 0.0555953 0.061093587500000004 0.05776318125 0.1163745453125 0.9715248875
0 0.19279233906249998 0.9812803499999999 0.252951028125 0.9769445890625 0.222058728125 0.16073751249999998 0.1537704859375 0.16073751249999998 0.19279233906249998 0.9812803499999999
0 0.24969920625 0.9888679328125001 0.28059150625 0.9888679328125001 0.2537639828125 0.1910878421875 0.22368463906249997 0.1932557234375 0.24969920625 0.9888679328125001
0 0.2765267296875 0.9823642906250001 0.309044940625 0.9899518734375 0.2927858359375 0.19759148437500001 0.260267625 0.2019272453125 0.2765267296875 0.9823642906250001
0 0.309044940625 0.98344823125 0.3586352109375 0.9791124703125 0.34156315 0.2040951265625 0.288721059375 0.19759148437500001 0.309044940625 0.98344823125
0 0.360261121875 0.98344823125 0.39521819687500004 0.9823642906250001 0.37814613750000003 0.11737990000000001 0.344814971875 0.11846383906249999 0.360261121875 0.98344823125
0 0.39847001875 0.9877839921874999 0.42448458593750005 0.9877839921874999 0.4122902578125 0.1227996015625 0.3838368234375 0.1206317203125 0.39847001875 0.9877839921874999
0 0.4285493625 0.9910358140625 0.47001008125 0.992119753125 0.466758259375 0.1217156609375 0.42367163124999996 0.1271353625 0.4285493625 0.9910358140625
0 0.469197125 0.9910358140625 0.5017153359375001 0.9867000515625 0.503341246875 0.23878121718749998 0.469197125 0.235529396875 0.469197125 0.9910358140625
0 0.4968376046875 0.9867000515625 0.5301687687500001 0.9877839921874999 0.5342335453125 0.2398651578125 0.502528290625 0.2376972765625 0.4968376046875 0.9867000515625
0 0.528542859375 0.9877839921874999 0.5659388 0.9910358140625 0.5708165328125 0.2420330390625 0.5301687687500001 0.2376972765625 0.528542859375 0.9877839921874999
0 0.5626869796875 0.9910358140625 0.5911404140625 0.9910358140625 0.5984570109375 0.1336390046875 0.5716294875 0.12821930312500002 0.5626869796875 0.9910358140625
0 0.5887015484375 0.9867000515625 0.6147161156250001 0.984532171875 0.6342270421875 0.135806884375 0.6017088312500001 0.1347229453125 0.5887015484375 0.9867000515625
0 0.615529071875 0.9888679328125001 0.6545509234375 0.9910358140625 0.68869504375 0.08269380781249999 0.6260974890625 0.0794419875 0.615529071875 0.9888679328125001
0 0.655363878125 0.99320369375 0.6984505078125001 0.9910358140625 0.73503349375 0.090281390625 0.67893958125 0.08919745 0.655363878125 0.99320369375
0 0.7033282390625 0.992119753125 0.7358464484375 0.9942876343749999 0.7773071671875 0.1412265875 0.7366594046875 0.137974765625 0.7033282390625 0.992119753125
0 0.7334075828125 0.9910358140625 0.7659257937499999 0.9888679328125001 0.8130771984375 0.1412265875 0.778933078125 0.137974765625 0.7334075828125 0.9910358140625
0 0.7667387484375 0.992119753125 0.7976310484375 0.992119753125 0.8439694984375 0.26371184531249997 0.8073865109374999 0.25829214375 0.7667387484375 0.992119753125
0 0.799256959375 0.9910358140625 0.8309622140625 0.99320369375 0.8773006640625001 0.22794181406249997 0.8431565421875 0.22794181406249997 0.799256959375 0.9910358140625
0 0.824458571875 0.992119753125 0.854537915625 0.99320369375 0.90331523125 0.23119363437499998 0.8781136187499999 0.232277575 0.824458571875 0.992119753125
0 0.849660184375 0.9975394546875 0.8773006640625001 0.992119753125 0.9407111734375 0.1574856921875 0.916322515625 0.149898109375 0.849660184375 0.9975394546875
0 0.8740488421875 0.9975394546875 0.8984375 0.999663978125 0.962660965625 0.1564017515625 0.93989821875 0.1564017515625 0.8740488421875 0.9975394546875
0 0.9025022765624999 0.99320369375 0.9301427546875001 0.9867000515625 0.999747984375 0.1495295703125 0.9610350546875001 0.1455623484375 0.9025022765624999 0.99320369375
0 0.9650998312500001 0.992119753125 0.9992439515625 0.6073209328125 0.9968050859375 0.232277575 0.931768665625 0.992119753125 0.9650998312500001 0.992119753125