0 0.1334466046875 0.980196409375 0.1732814125 0.972608828125 0.13263365 0.2615439640625 0.0806045140625 0.2647957859375 0.1334466046875 0.980196409375
0 0.1740943671875 0.9715248875 0.1976700703125 0.9682730656249999 0.1423891125 0.0024822234374999998 0.1171875 0.0046501046875 0.1740943671875 0.9715248875
0 0.20173484687499998 0.9747767078124999 0.222058728125 0.980196409375 0.16677777031250002 0.0046501046875 0.1480798 0.00573404375 0.20173484687499998 0.9747767078124999
0 0.222058728125 0.9715248875 0.257828759375 0.9693570062499999 0.2334401015625 0.25612426250000003 0.181410965625 0.2517885015625 0.222058728125 0.9715248875
0 0.2618935359375 0.9650212453125 0.2976635671875 0.9661051859375 0.2789655953125 0.26046002343749997 0.226936459375 0.25829214375 0.2618935359375 0.9650212453125
0 0.2976635671875 0.9563497218749999 0.3374983734375 0.960685484375 0.3204263140625 0.08919745 0.2765267296875 0.076190165625 0.2976635671875 0.9563497218749999
0 0.3431890609375 0.9617694234374999 0.37733318125 0.9617694234374999 0.36595180781250003 0.09353321249999999 0.3196133578125 0.088113509375 0.3431890609375 0.9617694234374999
0 0.3789590921875 0.958517603125 0.41147730156250006 0.9574336625000001 0.40334775 0.01006980625 0.3683906734375 0.006817984375 0.3789590921875 0.958517603125
0 0.4122902578125 0.9596015437500001 0.44887324375000004 0.9563497218749999 0.44236960156249994 0.011153745312500001 0.4041607046875 0.01006980625 0.4122902578125 0.9596015437500001
0 0.4529380203125 0.9617694234374999 0.487082140625 0.958517603125 0.4862691859375 0.0165734484375 0.44968620000000004 0.014405567187500001 0.4529380203125 0.9617694234374999
0 0.4862691859375 0.9552657828125 0.5163485296875 0.9541818421875 0.513096709375 0.3807774015625 0.4838303203125 0.3807774015625 0.4862691859375 0.9552657828125
0 0.5196003515625 0.9563497218749999 0.5399242328125 0.9520139609375 0.5399242328125 0.2886424734375 0.5139096640624999 0.2897264140625 0.5196003515625 0.9563497218749999
0 0.5382983218749999 0.9259993937500001 0.5653409093749999 0.921875 0.5525568187500001 0.265625 0.5340909093749999 0.2613636359375 0.5382983218749999 0.9259993937500001
0 0.564312890625 0.9509300203125 0.6008958765625 0.948762140625 0.6114642953125 0.1900039015625 0.5651258453125 0.18783602187499998 0.564312890625 0.9509300203125
0 0.6057736078125 0.9520139609375 0.6447954609375001 0.9411745578125 0.655363878125 0.18891996093750002 0.6082124734375001 0.1932557234375 0.6057736078125 0.9520139609375
0 0.64804728125 0.9498460796874999 0.6699970734375 0.9498460796874999 0.6748748046874999 0.3222446234375 0.65780274375 0.32658038437500003 0.64804728125 0.9498460796874999
0 0.67406185 0.9509300203125 0.689508 0.9520139609375 0.6992634625 0.318992803125 0.6773136703125 0.3179088625 0.67406185 0.9509300203125
0 0.6976375515625 0.9476782 0.7147096125 0.9498460796874999 0.72527803125 0.318992803125 0.7008893734375 0.32007674218750004 0.6976375515625 0.9476782
0 0.712270746875 0.9465942593750001 0.7456019125 0.9520139609375 0.7529185093749999 0.3211606828125 0.722026209375 0.3222446234375 0.712270746875 0.9465942593750001
0 0.7464148671874999 0.9465942593750001 0.78137194375 0.944426378125 0.7976310484375 0.2366133359375 0.7521055546875 0.2376972765625 0.7464148671874999 0.9465942593750001
0 0.7846237640625 0.9476782 0.8220197062500001 0.948762140625 0.8488472296875 0.2366133359375 0.798444003125 0.24528485937500003 0.7846237640625 0.9476782
0 0.82120675 0.9476782 0.8480342734375 0.9498460796874999 0.8707970218750001 0.1423105265625 0.8415306328125001 0.14447840781250001 0.82120675 0.9476782
0 0.850473140625 0.9433424390624999 0.8659192890625 0.9465942593750001 0.890307946875 0.14339446718749999 0.8675452 0.1455623484375 0.850473140625 0.9433424390624999
0 0.86835815625 0.9433424390624999 0.8862431718750001 0.9411745578125 0.9041281874999999 0.2528724421875 0.8821783953125 0.24528485937500003 0.86835815625 0.9433424390624999
0 0.8894949921874999 0.9433424390624999 0.906567053125 0.9433424390624999 0.9228261578125 0.2485366796875 0.9025022765624999 0.2485366796875 0.8894949921874999 0.9433424390624999
0 0.9081929625 0.9400906171875001 0.9252650234375001 0.93575485625 0.9455889046875001 0.2517885015625 0.9228261578125 0.2507045609375 0.9081929625 0.9400906171875001
0 0.9252650234375001 0.9379227374999999 0.941524128125 0.9368387968749999 0.9602221 0.25937608437500004 0.9431500390625001 0.25612426250000003 0.9252650234375001 0.9379227374999999
0 0.999747984375 0.1670026875 0.9781071156250001 0.1672411546875 0.9431500390625001 0.9314190953124999 0.9716034734375001 0.932503034375 0.993553265625 0.37752558125 0.999747984375 0.1670026875