0 0.3708295390625 0.8620469125 0.3968441078125 0.841452046875 0.0115033171875 0.1910878421875 0.0009348984375 0.195423603125 0 0.269489246875 0.3708295390625 0.8620469125
0 0.07572678125 0.1813323796875 0.031014242187500003 0.2084308875 0.4147291234375 0.866382675 0.43911778124999995 0.8349484046875 0.07572678125 0.1813323796875
0 0.45537688593750003 0.8587950921875 0.477326678125 0.8316965828124999 0.20498666718749997 0.2485366796875 0.1724684578125 0.26371184531249997 0.45537688593750003 0.8587950921875
0 0.22124577343750002 0.1672411546875 0.176533234375 0.185668140625 0.49195987187499995 0.8718023765625 0.5293558140625 0.8479556890625 0.22124577343750002 0.1672411546875
0 0.5350465015625 0.8566272109374999 0.5700035765625 0.8197732390624999 0.26758422187500003 0.1564017515625 0.2310012359375 0.1910878421875 0.5350465015625 0.8566272109374999
0 0.3163615375 0.137974765625 0.283030371875 0.16073751249999998 0.5903274578125 0.8685505546875 0.61715498125 0.8425359875 0.3163615375 0.137974765625
0 0.6269104453125001 0.860962971875 0.65780274375 0.8327805234375001 0.36188703125 0.1423105265625 0.3326206421875 0.1683250953125 0.6269104453125001 0.860962971875
0 0.4285493625 0.171576915625 0.396031153125 0.195423603125 0.6724359390625 0.8598790328125 0.7000764171875 0.8338644640625 0.4285493625 0.171576915625
0 0.7082059703125 0.8631308531249999 0.7390982703125 0.8316965828124999 0.482204409375 0.17266085625 0.44318255781250004 0.19759148437500001 0.7082059703125 0.8631308531249999
0 0.5350465015625 0.2149345296875 0.508218978125 0.2376972765625 0.7537314640624999 0.866382675 0.7773071671875 0.8468717484375 0.5350465015625 0.2149345296875
0 0.7919403609375 0.8598790328125 0.8090124218750001 0.8457878078125001 0.5748813078125 0.2246899921875 0.546427875 0.2463688 0.7919403609375 0.8598790328125
0 0.6391047734375 0.3005658171875 0.6147161156250001 0.32658038437500003 0.817141975 0.860962971875 0.839091765625 0.8447038671874999 0.6391047734375 0.3005658171875
0 0.8431565421875 0.85445933125 0.8667322453124999 0.8392841656250001 0.67406185 0.3114052203125 0.6512991031250001 0.33091614687500004 0.8431565421875 0.85445933125
0 0.6781266265625 0.2225221125 0.6512991031250001 0.2409490984375 0.8691711109375 0.8436199265625 0.8878690812500001 0.8327805234375001 0.6781266265625 0.2225221125
0 0.8943727234375001 0.8436199265625 0.916322515625 0.8338644640625 0.7033282390625 0.23444545625000002 0.6846302671875 0.24962062031249999 0.8943727234375001 0.8436199265625
0 0.73503349375 0.235529396875 0.712270746875 0.2507045609375 0.9203872921875 0.8566272109374999 0.9455889046875001 0.8382002249999999 0.73503349375 0.235529396875
0 0.946401859375 0.8284447625 0.9862366671875 0.7980944328125 0.80657355625 0.269131546875 0.762673971875 0.30706945937499996 0.946401859375 0.8284447625