0 0.0199983515625 0.8558992828124999 0.06172988124999999 0.8558992828124999 0.06172988124999999 0.2994268234375 0.024437889062500003 0.2994268234375 0.0199983515625 0.8558992828124999
0 0.1043492828125 0.300610803125 0.06439355625 0.300610803125 0.06439355625 0.8547152625000001 0.10289418749999998 0.8522727296875001 0.1043492828125 0.300610803125
0 0.10523715468749999 0.8511633609375 0.15052029218750002 0.8523473015624999 0.15074574999999998 0.3014914796875 0.10523715468749999 0.302978803125 0.10523715468749999 0.8511633609375
0 0.192251821875 0.302978803125 0.1514082234375 0.302978803125 0.1522960953125 0.8547152625000001 0.194915496875 0.8523473015624999 0.192251821875 0.302978803125
0 0.22421634375 0.3100826859375 0.20024296718749998 0.311266665625 0.19757923125000001 0.8487953218750001 0.2295438140625 0.8476113812499999 0.22421634375 0.3100826859375
0 0.2517413859375 0.3100826859375 0.225104275 0.311266665625 0.23220748906250002 0.8476113812499999 0.258844659375 0.8452434203125 0.2517413859375 0.3100826859375
0 0.258844659375 0.8499793421874999 0.293472915625 0.8487953218750001 0.2864879375 0.3132102296875 0.2517413859375 0.31481860625 0.258844659375 0.8499793421874999
0 0.3183342234375 0.31837058749999997 0.28725757343749997 0.31837058749999997 0.2952487203125 0.8499793421874999 0.320667625 0.8496685625 0.3183342234375 0.31837058749999997
0 0.3449713953125 0.23549170625000002 0.33698025 0.2366756875 0.3325407109375 0.24733155 0.3183342234375 0.2627233328125 0.323661634375 0.8630031640625001 0.3511866765625 0.85826724375 0.3449713953125 0.23549170625000002
0 0.3769359171875 0.2319397453125 0.3449713953125 0.23430772656249998 0.3529624796875 0.859451184375 0.38403919062499997 0.8547152625000001 0.3769359171875 0.2319397453125
0 0.38847866875000003 0.864187184375 0.42310698437500005 0.8606352046874999 0.4142279078125 0.21062804062499998 0.3849270609375 0.2082600796875 0.38847866875000003 0.864187184375
0 0.44175295 0.21062804062499998 0.41866744687499996 0.209444059375 0.42399485625000005 0.865371125 0.4488561640625 0.8618191453125 0.44175295 0.21062804062499998
0 0.4772691390625 0.2129960203125 0.4453045578125 0.21181202031250002 0.45507150625000004 0.8630031640625001 0.488636375 0.8587831453125 0.4772691390625 0.2129960203125
0 0.4923635578125 0.864187184375 0.518112678125 0.8606352046874999 0.5101215921875 0.21062804062499998 0.4857066875 0.20774147968749998 0.4923635578125 0.864187184375
0 0.5367587031250001 0.3160026265625 0.5110094640625 0.3160026265625 0.519888540625 0.8452434203125 0.547230125 0.8444602296875001 0.5367587031250001 0.3160026265625
0 0.5678354125 0.3160026265625 0.540310309375 0.3160026265625 0.548301515625 0.8452434203125 0.5793781046875 0.8416914390624999 0.5678354125 0.3160026265625
0 0.602463609375 0.31837058749999997 0.5722748906249999 0.31837058749999997 0.583817703125 0.8452434203125 0.61667015625 0.842875459375 0.602463609375 0.31837058749999997
0 0.6406435328125 0.3160026265625 0.6069032078125 0.31718660625 0.6193337718749999 0.8440594000000001 0.65041048125 0.8440594000000001 0.6406435328125 0.3160026265625
0 0.6761597203124999 0.31481860625 0.6441951390625 0.31481860625 0.6557379515624999 0.8452434203125 0.6894782765625 0.8393234796875 0.6761597203124999 0.31481860625
0 0.7285460703125 0.842875459375 0.71789125 0.3100826859375 0.6849254375 0.3093039796875 0.6939177546875 0.8452434203125 0.7285460703125 0.842875459375
0 0.7294339421875 0.8452434203125 0.751631575 0.8416914390624999 0.73831301875 0.2579873921875 0.719105125 0.2585227296875 0.7294339421875 0.8452434203125
0 0.7525194468749999 0.842875459375 0.7738292078125 0.8416914390624999 0.7613985234375 0.2627233328125 0.7427524984375 0.261539353125 0.7525194468749999 0.842875459375
0 0.7782686859375 0.8416914390624999 0.813784875 0.835771578125 0.8057937890625 0.311266665625 0.7693897296875 0.3100826859375 0.7782686859375 0.8416914390624999
0 0.8173364812499999 0.835771578125 0.85285266875 0.8345875578124999 0.8439735921875 0.311266665625 0.8191123453125 0.311266665625 0.81023326875 0.3195545671875 0.8173364812499999 0.835771578125