0 0.09546122343749999 0.8430989578125001 0.1271916359375 0.844184028125 0.14997244375000002 0.29296875 0.11986923281249999 0.2907986109375 0.1190556328125 0.29839409687499996 0.09546122343749999 0.8430989578125001
0 0.18333005625 0.29296875 0.15247345 0.29296875 0.1304460375 0.8430989578125001 0.1629900484375 0.844184028125 0.18333005625 0.29296875
0 0.2150604671875 0.29730902812500004 0.185839334375 0.29730902812500004 0.1694988515625 0.8430989578125001 0.2028564640625 0.8420138890625 0.2150604671875 0.29730902812500004
0 0.2882844953125 0.8474392359375 0.3013021 0.8463541671874999 0.2215692703125 0.23654513906250002 0.2110672 0.238715278125 0.20936526562500002 0.239800346875 0.2882844953125 0.8474392359375
0 0.3037429 0.8474392359375 0.3135061046875 0.8463541671874999 0.2321460734375 0.23763020781250002 0.222460428125 0.234375 0.2215692703125 0.23654513906250002 0.3037429 0.8474392359375
0 0.2695716875 0.210503471875 0.2573676828125 0.210503471875 0.2459772796875 0.21484375 0.23385365781249998 0.219184028125 0.32082850625 0.8474392359375 0.3265237078125 0.849609375 0.3362869125 0.845269096875 0.3493045171875 0.8409288203124999 0.35988132031250003 0.8365885421874999 0.275266890625 0.210503471875 0.2695716875 0.210503471875
0 0.4062565375 0.8430989578125001 0.3257101078125 0.20724826406250002 0.31431970468750003 0.205078125 0.3045565 0.205078125 0.2907252953125 0.209418403125 0.28186798125 0.2159288203125 0.28014849218750004 0.2159288203125 0.36883092500000003 0.844184028125 0.36883092500000003 0.8485243046875001 0.380221328125 0.8485243046875001 0.38835733125 0.8474392359375 0.398120534375 0.845269096875 0.4062565375 0.8430989578125001
0 0.38673013125 0.220269096875 0.3461583453125 0.22135416718749998 0.413578940625 0.8528645828125001 0.45588615624999995 0.8430989578125001 0.38673013125 0.220269096875
0 0.4599541578125 0.8517795140625 0.501447771875 0.8409288203124999 0.429850946875 0.22135416718749998 0.393358865625 0.2235243046875 0.39242533281249997 0.2256944453125 0.4599541578125 0.8517795140625
0 0.4689037609375 0.23111979218749998 0.43730417812500005 0.23220486093749998 0.507142975 0.8517795140625 0.5364325859375 0.845269096875 0.4689037609375 0.23111979218749998
0 0.5022613734375 0.23111979218749998 0.47229766875 0.234375 0.5405005875 0.8528645828125001 0.5722309984375 0.845269096875 0.5022613734375 0.23111979218749998
0 0.508770175 0.234375 0.5771126 0.8506944453124999 0.6161654140625 0.8430989578125001 0.5437549890625 0.230034721875 0.5388733859375 0.230034721875 0.510546365625 0.234375 0.508770175 0.234375
0 0.6568454296875 0.8463541671874999 0.5844350031250001 0.228949653125 0.5616541953125 0.230034721875 0.55042266875 0.234375 0.6210470171875 0.8528645828125001 0.6568454296875 0.8463541671874999
0 0.58948516875 0.23763020781250002 0.5876894046875 0.23763020781250002 0.66091343125 0.849609375 0.69671184375 0.8430989578125001 0.6194198156249999 0.2332899296875 0.6145382140625 0.2332899296875 0.600707009375 0.234375 0.58948516875 0.23763020781250002
0 0.704847846875 0.8474392359375 0.722747053125 0.844184028125 0.6527774281250001 0.3038194453125 0.637499490625 0.3059895828125 0.634878221875 0.30815972187499996 0.704847846875 0.8474392359375
0 0.672303834375 0.3049045140625 0.6562169390625 0.30815972187499996 0.7268150546875 0.8463541671874999 0.7447142609374999 0.8430989578125001 0.672303834375 0.3049045140625
0 0.703220646875 0.230034721875 0.6708653765625 0.2332899296875 0.7520366640625 0.8474392359375 0.783767075 0.8409288203124999 0.703220646875 0.230034721875
0 0.790275878125 0.8485243046875001 0.822819890625 0.8430989578125001 0.7406462609375 0.230034721875 0.71155548125 0.2332899296875 0.7089158484375 0.23220486093749998 0.790275878125 0.8485243046875001
0 0.7447142609374999 0.23763020781250002 0.8277014921875001 0.844184028125 0.839905496875 0.845269096875 0.8610591046874999 0.8409288203124999 0.7764446734375 0.2332899296875 0.7465489703125 0.23763020781250002 0.7447142609374999 0.23763020781250002
0 0.847460428125 0.2354600703125 0.8456006984375 0.234375 0.860245503125 0.845269096875 0.8789583109375 0.8474392359375 0.8976711171874999 0.8485243046875001 0.8789583109375 0.2354600703125 0.8594319031250001 0.2354600703125 0.847460428125 0.2354600703125