0 0.167187 0.782813 0.19531199999999999 0.779687 0.165625 0.290625 0.135937 0.29218700000000003 0.167187 0.782813
0 0.204687 0.770312 0.234375 0.765625 0.20781299999999997 0.290625 0.178125 0.29218700000000003 0.204687 0.770312
0 0.2125 0.334375 0.2375 0.76875 0.25468799999999997 0.765625 0.232813 0.334375 0.2125 0.334375
0 0.259375 0.776563 0.29218700000000003 0.773438 0.267188 0.278125 0.23125 0.278125 0.259375 0.776563
0 0.296875 0.767188 0.329688 0.765625 0.3125 0.27656200000000003 0.27656200000000003 0.27656200000000003 0.275 0.27656200000000003 0.296875 0.767188
0 0.334375 0.757812 0.360938 0.754687 0.346875 0.279687 0.31875 0.278125 0.334375 0.757812
0 0.36718799999999996 0.751563 0.390625 0.75 0.376563 0.278125 0.35 0.279687 0.36718799999999996 0.751563
0 0.39531299999999997 0.7375 0.440625 0.7375 0.434375 0.30625 0.38125 0.30625 0.39531299999999997 0.7375
0 0.44531200000000004 0.735938 0.49218799999999996 0.734375 0.484375 0.30625 0.4375 0.30781200000000003 0.44531200000000004 0.735938
0 0.532813 0.240625 0.4875 0.240625 0.485938 0.242188 0.49218799999999996 0.745313 0.5 0.748437 0.507812 0.748437 0.51875 0.746875 0.528125 0.746875 0.532813 0.742188 0.532813 0.240625
0 0.582812 0.2375 0.532813 0.23906299999999997 0.535937 0.74375 0.5375 0.745313 0.545312 0.746875 0.553125 0.746875 0.5625 0.746875 0.570312 0.745313 0.576562 0.740625 0.582812 0.2375
0 0.61875 0.310937 0.607812 0.310937 0.598437 0.309375 0.58125 0.310937 0.578125 0.734375 0.58125 0.7375 0.589063 0.739062 0.598437 0.7375 0.60625 0.734375 0.610938 0.73125 0.61875 0.310937
0 0.61875 0.748437 0.664062 0.746875 0.678125 0.23906299999999997 0.629687 0.23906299999999997 0.61875 0.748437
0 0.66875 0.748437 0.7125 0.748437 0.734375 0.2375 0.682813 0.2375 0.682813 0.251563 0.66875 0.748437
0 0.71875 0.746875 0.753125 0.745313 0.778125 0.25781200000000004 0.739062 0.259375 0.71875 0.746875
0 0.848437 0.209375 0.784375 0.209375 0.759375 0.751563 0.8125 0.75 0.848437 0.209375
0 0.815625 0.748437 0.86875 0.748437 0.910937 0.20781299999999997 0.85 0.20781299999999997 0.815625 0.748437
0 0.3578125 0.671875 0.334375 0.671875 0.334375 0.7328125 0.3578125 0.7328125 0.3578125 0.671875
0 0.6078125 0.640625 0.584375 0.640625 0.584375 0.70625 0.6078125 0.70625 0.6078125 0.640625
0 0.5328125 0.659375 0.496875 0.659375 0.496875 0.7234375 0.5328125 0.7234375 0.5328125 0.659375
0 0.6640625 0.659375 0.628125 0.659375 0.628125 0.7203125 0.6640625 0.7203125 0.6640625 0.659375
0 0.5390625 0.653125 0.5390625 0.7203125 0.571875 0.7203125 0.571875 0.653125 0.5390625 0.653125
0 0.2265625 0.678125 0.203125 0.678125 0.203125 0.7390625 0.2265625 0.7390625 0.2265625 0.678125
0 0.3890625 0.665625 0.365625 0.665625 0.365625 0.721875 0.3890625 0.721875 0.3890625 0.665625
0 0.484375 0.653125 0.453125 0.653125 0.453125 0.7140625 0.484375 0.7140625 0.484375 0.653125
0 0.2953125 0.671875 0.2953125 0.7390625 0.325 0.7390625 0.325 0.671875 0.2953125 0.671875
0 0.7140625 0.659375 0.678125 0.659375 0.678125 0.7203125 0.7140625 0.7203125 0.7140625 0.659375
0 0.7578125 0.646875 0.728125 0.646875 0.728125 0.7015625 0.7578125 0.7015625 0.7578125 0.646875
0 0.165625 0.690625 0.165625 0.7578125 0.1890625 0.7578125 0.1890625 0.690625 0.165625 0.690625
0 0.4328125 0.653125 0.403125 0.653125 0.403125 0.7140625 0.4328125 0.7140625 0.4328125 0.653125
0 0.2515625 0.678125 0.234375 0.678125 0.234375 0.7390625 0.2515625 0.7390625 0.2515625 0.678125
0 0.8078125 0.659375 0.771875 0.659375 0.771875 0.7140625 0.8078125 0.7140625 0.8078125 0.659375
0 0.2578125 0.684375 0.2578125 0.75 0.2875 0.75 0.2875 0.684375 0.2578125 0.684375