0 0.1371733796875 0.3333435828125 0.1232205953125 0.33080648125 0.10609673281250001 0.33080648125 0.0972176734375 0.33418928124999997 0.0965834578125 0.8179312609375 0.104828303125 0.8204683906250001 0.12385481093749999 0.8196226609374999 0.1359049484375 0.8170855890625001 0.1371733796875 0.3333435828125
0 0.1752264375 0.8153941890624999 0.1752264375 0.38239433749999996 0.1777633 0.3857771375 0.1788250890625 0.333468615625 0.165078946875 0.33165218125 0.153663025 0.32996078125 0.1460524390625 0.33080648125 0.137807615625 0.33418928124999997 0.137807615625 0.8153941890624999 0.1441497703125 0.8196226609374999 0.1669816140625 0.8187769890625001 0.1752264375 0.8153941890624999
0 0.199053884375 0.38741206875 0.17586063125 0.38493143750000003 0.1752264375 0.8196226609374999 0.1993266703125 0.8196226609374999 0.199053884375 0.38741206875
0 0.2227704015625 0.38462189062499996 0.1980582390625 0.3891599671875 0.19996090625000001 0.8196226609374999 0.2253296125 0.8196226609374999 0.2227704015625 0.38462189062499996
0 0.25260094375 0.365480275 0.23183848125 0.3697409375 0.288751334375 0.8187769890625001 0.3096805109375 0.81370273125 0.25260094375 0.365480275
0 0.2817749421875 0.33080648125 0.253462365625 0.334398675 0.310948940625 0.8187769890625001 0.338854509375 0.8120113312499999 0.2817749421875 0.33080648125
0 0.3134512046875 0.329748378125 0.2843118046875 0.33249788125 0.3420256078125 0.8204683906250001 0.3654916453125 0.8145484609375 0.3134512046875 0.329748378125
0 0.336951884375 0.26907016562499997 0.307173303125 0.2720846875 0.3686627453125 0.8280797203124999 0.39783674375 0.8213140624999999 0.336951884375 0.26907016562499997
0 0.34414316875 0.271154628125 0.40100784218749996 0.83061679375 0.43271870312500005 0.8246969203125 0.36929698125 0.268224465625 0.34414316875 0.271154628125
0 0.406081565625 0.26484165000000004 0.3769277671875 0.27022456875 0.4346213703125 0.8297711203125001 0.4656979953125 0.822159790625 0.406081565625 0.26484165000000004
0 0.4404043296875 0.2646442109375 0.41242376406250003 0.268224465625 0.46760066250000004 0.8272339921875 0.49931156718749997 0.8204683906250001 0.4404043296875 0.2646442109375
0 0.502482621875 0.32319515 0.47039875000000003 0.32602814062499996 0.5037510968750001 0.822159790625 0.53926725 0.8179312609375 0.502482621875 0.32319515
0 0.5601964265625 0.3240408515625 0.5255047765625 0.32602814062499996 0.5418041125 0.8204683906250001 0.5747834046875 0.8196226609374999 0.5601964265625 0.3240408515625
0 0.58828379375 0.42461445 0.5614648156250001 0.426370890625 0.5754175984375001 0.8027086000000001 0.6026889718749999 0.801862928125 0.58828379375 0.42461445
0 0.61410489375 0.8111656593750001 0.633765596875 0.8094742593750001 0.6210812859375 0.4229880625 0.59316660625 0.42461445 0.6033231671875 0.8094742593750001 0.61410489375 0.8111656593750001
0 0.6667449734375 0.35533184375000004 0.630136471875 0.354859984375 0.6382051265625 0.8179312609375 0.676892421875 0.8170855890625001 0.6667449734375 0.35533184375000004
0 0.7096565625 0.35206980625 0.6705502234375 0.35364044375 0.6787950890625 0.8187769890625001 0.7187507734375 0.8179312609375 0.7096565625 0.35206980625
0 0.712408575 0.32150373593750003 0.7193849671875 0.8103199312499999 0.7339719453125 0.812857059375 0.7434852843749999 0.807782859375 0.7354657140625 0.3213778421875 0.7244586921875 0.31981233593749997 0.712408575 0.32150373593750003
0 0.76251179375 0.32065803593750003 0.7542669265625 0.318120934375 0.7441194796875 0.31981233593749997 0.7390457546875 0.32150373593750003 0.7447536734375 0.8086285312499999 0.7542669265625 0.812857059375 0.7682197109375 0.8086285312499999 0.7701223796875001 0.8010172000000001 0.76251179375 0.32065803593750003
0 0.798027946875 0.3291150515625 0.766855221875 0.329748378125 0.7732934359375 0.8111656593750001 0.8075412015625 0.8103199312499999 0.798027946875 0.3291150515625
0 0.8367152421874999 0.32742365156250003 0.8059177234374999 0.32695819843749996 0.808809675 0.8103199312499999 0.8443258281249999 0.8103199312499999 0.8367152421874999 0.32742365156250003
0 0.8728655906249999 0.3122010046875 0.8532048890624999 0.3105096046875 0.8601812796875 0.8196226609374999 0.8792077890625001 0.8187769890625001 0.8728655906249999 0.3122010046875