0 0.1796491109375 0.8744916890625 0.22848385625 0.8697557671875 0.1485724625 0.24106030937499998 0.0931285625 0.2441998125 0.1796491109375 0.8744916890625
0 0.230259659375 0.87804366875 0.279982334375 0.8721237281249999 0.20894995781249998 0.2434282890625 0.15212406875 0.24934821093749998 0.230259659375 0.87804366875
0 0.26400004374999997 0.24698023125000002 0.214277428125 0.251716171875 0.2861976765625 0.8804116296875 0.3294566875 0.8705018953125 0.26400004374999997 0.24698023125000002
0 0.332368684375 0.88396353125 0.37853969374999996 0.8804116296875 0.3177379375 0.24680397968749998 0.266663778125 0.2540841328125 0.332368684375 0.88396353125
0 0.395409915625 0.2848677 0.3279291453125 0.29197162187500003 0.38297923125 0.88869953125 0.44424460000000005 0.8851475515624999 0.395409915625 0.2848677
0 0.5161648484375 0.886331571875 0.46910596718750003 0.290787640625 0.4371413859375 0.2931556015625 0.4344776515625 0.3038114640625 0.431814034375 0.3227551890625 0.4220470859375 0.32867513125 0.41139214687500003 0.32867513125 0.4069526671875 0.332227071875 0.4564098125 0.8965435625 0.5161648484375 0.886331571875
0 0.5259317968749999 0.8993553953125 0.572102925 0.8969873546875 0.5250439250000001 0.29907554375 0.47620918124999995 0.302627484375 0.5259317968749999 0.8993553953125
0 0.6236012843750001 0.9218510609375 0.640471565625 0.9182990796875 0.5543447703125 0.27776381875 0.5348108734375 0.28131575937500003 0.6236012843750001 0.9218510609375
0 0.5809818812499999 0.2872357 0.5783181468749999 0.2872357 0.5712149328125 0.2872357 0.5618785625 0.2871685625 0.6466867875 0.9182990796875 0.6688844203125 0.910011178125 0.5809818812499999 0.2872357
0 0.6724360265625 0.9123792187499999 0.7026248640625 0.9064592765624999 0.6155895 0.2676373125 0.5836456171875 0.2742118765625 0.6724360265625 0.9123792187499999
0 0.7141675578125 0.9194831000000001 0.7470200109375 0.913563159375 0.660511375 0.2676373125 0.629816625 0.27657983750000004 0.7141675578125 0.9194831000000001
0 0.7532353515625 0.9289549421875 0.7967426265625 0.9182990796875 0.7142223125 0.2832623125 0.6688844203125 0.2931556015625 0.7532353515625 0.9289549421875
0 0.8491290953125 0.9254030406249999 0.7701055140624999 0.28249973906250003 0.7274861125000001 0.29433958125 0.8020700953125001 0.93724284375 0.8491290953125 0.9254030406249999