0 0.12549481875 0.8203125 0.1295628203125 0.8181423609375 0.142580425 0.34722222187499996 0.084114075 0.3450520828125 0.0701699984375 0.815972221875 0.0750516 0.8181423609375 0.12549481875 0.8203125
0 0.1775652390625 0.8235677078125001 0.1889556421875 0.8224826390625 0.20522764843750002 0.34722222187499996 0.1459630328125 0.3428819453125 0.1311900203125 0.8181423609375 0.1393260234375 0.8203125 0.1775652390625 0.8235677078125001
0 0.19302364375 0.8268229171874999 0.22638125625 0.8289930546875001 0.23777166093750002 0.3428819453125 0.20862579375 0.341796875 0.19302364375 0.8268229171874999
0 0.2312628578125 0.8279079859375 0.2629932703125 0.830078125 0.276824475 0.3439670140625 0.24606068906249998 0.3439670140625 0.2312628578125 0.8279079859375
0 0.2727564734375 0.8311631953124999 0.285774078125 0.8322482640625 0.29391008125 0.8311631953124999 0.3004188828125 0.8311631953124999 0.3142500890625 0.3342013890625 0.2802403765625 0.3309461796875 0.26624767031249996 0.8279079859375 0.2727564734375 0.8311631953124999
0 0.336217296875 0.834418403125 0.34109889843749996 0.8311631953124999 0.3476077 0.33203125 0.31604766875 0.3331163203125 0.30367328437499996 0.830078125 0.3142500890625 0.8333333328125001 0.336217296875 0.834418403125
0 0.3809653125 0.3504774296875 0.354296365625 0.3504774296875 0.3451669 0.8268229171874999 0.3598117046875 0.830078125 0.3695749078125 0.8279079859375 0.3809653125 0.3504774296875
0 0.372015709375 0.8289930546875001 0.3947965171875 0.8311631953124999 0.40537332187499997 0.3504774296875 0.383593240625 0.3504774296875 0.372015709375 0.8289930546875001
0 0.4712749453125 0.3450520828125 0.40882110625 0.3450520828125 0.3947965171875 0.8387586796875001 0.4550029390625 0.8409288203124999 0.4623253421875 0.8387586796875001 0.4712749453125 0.3450520828125
0 0.4704613453125 0.8420138890625 0.48673335156249997 0.8420138890625 0.4964965546875 0.3450520828125 0.47880808437500005 0.34613715312500004 0.4704613453125 0.8420138890625
0 0.489174153125 0.8430989578125001 0.507073359375 0.844184028125 0.5135821609375 0.34722222187499996 0.49833933437500005 0.34722222187499996 0.489174153125 0.8430989578125001
0 0.5567029765625 0.34613715312500004 0.5268224078125 0.34722222187499996 0.5200909640625 0.8430989578125001 0.5567029765625 0.8430989578125001 0.562398178125 0.34613715312500004 0.5567029765625 0.34613715312500004
0 0.5868061875 0.8474392359375 0.6307406046875 0.8474392359375 0.628299803125 0.3439670140625 0.583788553125 0.3439670140625 0.5868061875 0.8474392359375
0 0.676385759375 0.8506944453124999 0.6820809624999999 0.8485243046875001 0.6788265609375 0.3439670140625 0.632616678125 0.341796875 0.6357057453125 0.8474392359375 0.6438417484375 0.8506944453124999 0.676385759375 0.8506944453124999
0 0.7162521749999999 0.8528645828125001 0.7243881765625 0.8506944453124999 0.7219473765625 0.2907986109375 0.689582825 0.2907986109375 0.6950985671875001 0.8528645828125001 0.7032345703125 0.853949653125 0.7162521749999999 0.8528645828125001
0 0.813070609375 0.8604600703124999 0.8171386109375 0.8561197921874999 0.8179522109375 0.34722222187499996 0.730272928125 0.34613715312500004 0.727642578125 0.8506944453124999 0.7325241796874999 0.8561197921874999 0.813070609375 0.8604600703124999
0 0.8928034390624999 0.864800346875 0.914770646875 0.8658854171874999 0.913957046875 0.3396267359375 0.8311843874999999 0.33745659687499996 0.8285290156249999 0.8626302078125001 0.8504962234375 0.864800346875 0.8928034390624999 0.864800346875