0 0.053269178125000004 0.7958984375 0.0935423921875 0.791015625 0.0740159859375 0.33935546875 0.0356197359375 0.33935546875 0.053269178125000004 0.7958984375
0 0.11856060156249999 0.3385416671875 0.076513290625 0.3377278640625 0.0947627921875 0.7967122390625 0.12771360468749998 0.7958984375 0.1350360078125 0.7918294265625 0.11856060156249999 0.3385416671875
0 0.13625640781249998 0.7950846359375 0.1490706125 0.7975260421875 0.1710378203125 0.7950846359375 0.1753092234375 0.7893880203125 0.1594440171875 0.3377278640625 0.11984825156250001 0.33935546875 0.1179504015625 0.3401692703125 0.13625640781249998 0.7950846359375
0 0.181411225 0.3369140625 0.1613521578125 0.33935546875 0.1765296234375 0.7975260421875 0.2149722375 0.7918294265625 0.19971723125000002 0.3401692703125 0.181411225 0.3369140625
0 0.23388844375 0.7967122390625 0.2540250515625 0.7918294265625 0.243651646875 0.3401692703125 0.20407676718749998 0.3401692703125 0.2027682328125 0.3385416671875 0.2155824375 0.7926432296875 0.23388844375 0.7967122390625
0 0.2833146625 0.7950846359375 0.29185746562500003 0.79345703125 0.2833146625 0.3409830734375 0.24680137656249998 0.341796875 0.2552454515625 0.7918294265625 0.258296453125 0.7958984375 0.2833146625 0.7950846359375
0 0.293688065625 0.7926432296875 0.30040026875 0.7967122390625 0.3162654734375 0.7967122390625 0.32968987968749996 0.7926432296875 0.3229776765625 0.341796875 0.2901363375 0.3409830734375 0.2857554625 0.341796875 0.293688065625 0.7926432296875
0 0.3315204796875 0.7942708328125 0.36813249375 0.79345703125 0.363250890625 0.341796875 0.32675743125 0.341796875 0.3315204796875 0.7942708328125
0 0.4029695984375 0.3409830734375 0.3664302828125 0.341796875 0.36818818593749997 0.7918294265625 0.3852737921875 0.7942708328125 0.40480019843750004 0.79345703125 0.4029695984375 0.3409830734375
0 0.416394003125 0.7975260421875 0.42615720625 0.7967122390625 0.4383612109375 0.7967122390625 0.44568361406249996 0.7926432296875 0.44324281406250005 0.341796875 0.4054927828125 0.3409830734375 0.4084614015625 0.7967122390625 0.416394003125 0.7975260421875
0 0.47375282500000004 0.791015625 0.482295628125 0.7893880203125 0.482295628125 0.3409830734375 0.4469966890625 0.33935546875 0.4469040140625 0.7861328125 0.45117541718750004 0.7918294265625 0.47375282500000004 0.791015625
0 0.4865670296875 0.79345703125 0.5225688421875 0.7918294265625 0.5243994437499999 0.341796875 0.4872798921875 0.3426106765625 0.4865670296875 0.79345703125
0 0.567723659375 0.3426106765625 0.5300045015625 0.3401692703125 0.5280606453125001 0.79345703125 0.5390442484375 0.7942708328125 0.5628420578125 0.78857421875 0.567723659375 0.3426106765625
0 0.5909112671875 0.7918294265625 0.602505071875 0.78857421875 0.6079968734375 0.34423828125 0.5733394625 0.3450520828125 0.5658930578125 0.7869466140625 0.5732154609375 0.7926432296875 0.5909112671875 0.7918294265625
0 0.6177600765625 0.7950846359375 0.6256926796875 0.79345703125 0.6342354828125 0.7926432296875 0.6403374859375 0.791015625 0.6525414890625 0.3426106765625 0.6403374859375 0.3409830734375 0.62691308125 0.341796875 0.6171498765625001 0.3426106765625 0.60996055625 0.7926432296875 0.6177600765625 0.7950846359375
0 0.689153503125 0.3401692703125 0.6569576265625 0.341796875 0.6476598874999999 0.79345703125 0.66413529375 0.7958984375 0.6800005 0.7918294265625 0.689153503125 0.3401692703125
0 0.687322903125 0.79345703125 0.7184431140624999 0.7902018234375 0.73308791875 0.3409830734375 0.6984615328125 0.3401692703125 0.687322903125 0.79345703125
0 0.723934915625 0.79345703125 0.756275528125 0.791015625 0.773971334375 0.341796875 0.7411861421875 0.341796875 0.723934915625 0.79345703125
0 0.81424455 0.3401692703125 0.7790279390625 0.3385416671875 0.7617673296875 0.7861328125 0.775801934375 0.7869466140625 0.7947181421875 0.7861328125 0.81424455 0.3401692703125
0 0.7953283421874999 0.7869466140625 0.8307199546874999 0.78857421875 0.8563483640625 0.33935546875 0.8223629000000001 0.3385416671875 0.7953283421874999 0.7869466140625
0 0.8624503671875001 0.7861328125 0.8703829703125001 0.7828776046875 0.8941807781250001 0.3377278640625 0.8589839937500001 0.3369140625 0.8337709562500001 0.7820638015625 0.8386525578124999 0.7853190109375 0.8624503671875001 0.7861328125
0 0.8796028640625 0.7877604171875 0.88936606875 0.7902018234375 0.9021802734375 0.791015625 0.9137740781250001 0.7902018234375 0.9412330875 0.3401692703125 0.9345208859374999 0.3377278640625 0.9192658796875 0.3377278640625 0.9059810640625001 0.3385416671875 0.8796028640625 0.7877604171875