0 0.02870866875 0.8235677078125001 0.0775246875 0.8279079859375 0.11657750156249999 0.18337673593749998 0.0678380328125 0.1768663203125 0.02870866875 0.8235677078125001
0 0.172715921875 0.3493923609375 0.122272703125 0.35698784687499996 0.1678343203125 0.830078125 0.1694615203125 0.8289930546875001 0.21583673750000001 0.8192274296875001 0.172715921875 0.3493923609375
0 0.24756714999999999 0.8192274296875001 0.26546635625000004 0.815972221875 0.22641354218749998 0.3548177078125 0.180956521875 0.361328125 0.223972740625 0.8224826390625 0.23129514375000002 0.8192274296875001 0.24756714999999999 0.8192274296875001
0 0.275229559375 0.8127170140625 0.30289197031250004 0.8072916671874999 0.256516753125 0.210503471875 0.23059845 0.209418403125 0.275229559375 0.8127170140625
0 0.309400771875 0.8094618046875001 0.33543598124999996 0.805121528125 0.2874335640625 0.21701388906250002 0.2647781375 0.2159288203125 0.309400771875 0.8094618046875001
0 0.343571984375 0.8127170140625 0.394828803125 0.8018663203124999 0.3476399859375 0.25824652812500004 0.30289197031250004 0.25933159687499996 0.343571984375 0.8127170140625
0 0.40215120625 0.810546875 0.452594425 0.7986111109375 0.39808320468749997 0.263671875 0.354296365625 0.2658420140625 0.40215120625 0.810546875
0 0.4607304265625 0.8029513890625 0.5005968421875 0.7942708328125 0.445272021875 0.3352864578125 0.4096349078125 0.3385416671875 0.4607304265625 0.8029513890625
0 0.50466484375 0.8072916671874999 0.546972059375 0.7996961796875001 0.4883928375 0.3352864578125 0.4511388140625 0.3396267359375 0.50466484375 0.8072916671874999
0 0.5542944609375 0.8181423609375 0.5949744765625 0.8083767359375 0.5258184515625001 0.2615017359375 0.4893875125 0.2669270828125 0.5542944609375 0.8181423609375
0 0.599042478125 0.8192274296875001 0.64134969375 0.8083767359375 0.5681256671875 0.2625868046875 0.529072853125 0.2658420140625 0.599042478125 0.8192274296875001
0 0.651112896875 0.8268229171874999 0.6820297078124999 0.8203125 0.6120600828125 0.2897135421875 0.583788553125 0.2918836796875 0.651112896875 0.8268229171874999
0 0.6414465515625001 0.29296875 0.614597740625 0.29730902812500004 0.684567365625 0.8213975703124999 0.7057209734375001 0.8213975703124999 0.717111378125 0.8181423609375 0.6414465515625001 0.29296875
0 0.7219929796875 0.824652778125 0.7374513859375 0.8213975703124999 0.6560913562499999 0.22243923593749998 0.6407547 0.2235243046875 0.7219929796875 0.824652778125
0 0.7390785859375 0.8213975703124999 0.75779139375 0.815972221875 0.6731769625 0.22786458281250002 0.65784454375 0.228949653125 0.7390785859375 0.8213975703124999
0 0.6959577703125001 0.219184028125 0.6798172 0.22135416718749998 0.7610457937499999 0.8224826390625 0.802539409375 0.8127170140625 0.715484178125 0.219184028125 0.6959577703125001 0.219184028125
0 0.7415193875 0.220269096875 0.7237625125 0.2235243046875 0.8057938109375 0.8181423609375 0.8472874265625 0.8094618046875001 0.75779139375 0.219184028125 0.7415193875 0.220269096875
0 0.8586778296875 0.8224826390625 0.8904082421874999 0.815972221875 0.800912209375 0.228949653125 0.776659646875 0.23220486093749998 0.8586778296875 0.8224826390625
0 0.8293882187499999 0.224609375 0.8124669390625 0.22786458281250002 0.8977306453124999 0.824652778125 0.9294610562500001 0.8181423609375 0.8391514234375 0.224609375 0.8293882187499999 0.224609375