0 0.0835689 0.8793397734375 0.1261883015625 0.8781557531249999 0.1279641046875 0.26130015625 0.090198875 0.2585227296875 0.0835689 0.8793397734375
0 0.18922947343750002 0.27195601875 0.13950685625 0.2636681375 0.133291515625 0.87341983125 0.18004262499999998 0.8665956453125 0.18922947343750002 0.27195601875
0 0.22563359218749998 0.8757877921875 0.2611497796875 0.871051871875 0.2282972671875 0.22814860937499998 0.19371449999999998 0.2285748125 0.22563359218749998 0.8757877921875
0 0.26825299375 0.2305165890625 0.23007307031250002 0.22814860937499998 0.26381345624999997 0.8722358109374999 0.3001598125 0.8665956453125 0.26825299375 0.2305165890625
0 0.301993378125 0.2257806484375 0.2718046015625 0.2257806484375 0.30288125 0.87341983125 0.3333629375 0.8639914796875001 0.301993378125 0.2257806484375
0 0.33484583125 0.871051871875 0.366810353125 0.8651319296875 0.3372691875 0.22597064531250002 0.3064328578125 0.226964628125 0.33484583125 0.871051871875
0 0.3748014984375 0.226964628125 0.34106117343750003 0.226964628125 0.3694740890625 0.871051871875 0.404652 0.8665956453125 0.3748014984375 0.226964628125
0 0.40499027656250003 0.871051871875 0.4387306609375 0.8686839093750001 0.4124645 0.2285748125 0.3756894296875 0.22814860937499998 0.40499027656250003 0.871051871875
0 0.44583387500000005 0.22814860937499998 0.41120561875000006 0.22933258906249998 0.44050646406249994 0.871051871875 0.4733589171875 0.8686839093750001 0.44583387500000005 0.22814860937499998
0 0.4920049421875 0.22814860937499998 0.44938548125000005 0.22933258906249998 0.476910525 0.8757877921875 0.5189098125 0.8705018953125 0.4920049421875 0.22814860937499998
0 0.5213057890624999 0.8757877921875 0.563925190625 0.8722358109374999 0.5403941875 0.2285748125 0.498220284375 0.2305165890625 0.5213057890624999 0.8757877921875
0 0.5887864390625 0.2317005703125 0.543503303125 0.2317005703125 0.5674767984375 0.8746038515624999 0.61168325 0.8705018953125 0.5887864390625 0.2317005703125
0 0.627854234375 0.2423564125 0.5923380468749999 0.2423564125 0.61364780625 0.8722358109374999 0.65074575 0.8678977296875001 0.627854234375 0.2423564125
0 0.6536034734375 0.8722358109374999 0.6891196609375 0.8686839093750001 0.6712535625 0.2402935625 0.6358454390625 0.24117243125 0.6536034734375 0.8722358109374999
0 0.7015503453124999 0.24472439218750003 0.673137371875 0.24354041249999997 0.6900075343750001 0.86276396875 0.7200816875 0.8613873125 0.7015503453124999 0.24472439218750003
0 0.7228599874999999 0.867499890625 0.7548245671875 0.86276396875 0.7326269359375 0.24472439218750003 0.70421408125 0.24354041249999997 0.7228599874999999 0.867499890625
0 0.755712559375 0.8651319296875 0.8072109187500001 0.8580280468750001 0.7864879375 0.24680397968749998 0.73973026875 0.247092353125 0.755712559375 0.8651319296875
0 0.8409513625 0.248276334375 0.7947803546875 0.24946031406250002 0.810762525 0.8615800281249999 0.8626598124999999 0.8574810625 0.8409513625 0.248276334375