0 0.16545546718749998 0.8669704859375 0.20206748125 0.864800346875 0.1565058640625 0.19965277812499999 0.115038553125 0.19965277812499999 0.16545546718749998 0.8669704859375
0 0.20694908281250002 0.863715278125 0.2427474953125 0.8626302078125001 0.2061354828125 0.21484375 0.16468048125 0.2159288203125 0.20694908281250002 0.863715278125
0 0.24600189687500001 0.864800346875 0.25576509999999997 0.864800346875 0.21833948749999998 0.18988715312499999 0.20943959531249998 0.18988715312499999 0.24600189687500001 0.864800346875
0 0.2590195015625 0.8669704859375 0.2679691046875 0.863715278125 0.22728909062499997 0.18988715312499999 0.22164662656249998 0.18988715312499999 0.2590195015625 0.8669704859375
0 0.26959630625000003 0.864800346875 0.280986709375 0.8626302078125001 0.243561096875 0.1888020828125 0.23141225156249998 0.1888020828125 0.26959630625000003 0.864800346875
0 0.297258715625 0.219184028125 0.24850209531249998 0.220269096875 0.2850547109375 0.859375 0.3257347265625 0.8582899296875001 0.331429928125 0.8572048609375 0.297258715625 0.219184028125
0 0.35258353593749997 0.18012152812499999 0.33956593125 0.1790364578125 0.320853125 0.1790364578125 0.3119035203125 0.18120659687500001 0.30139923125 0.1844618046875 0.3354979296875 0.8528645828125001 0.33875233125 0.855034721875 0.34444753281249996 0.8582899296875001 0.3542107375 0.859375 0.36560114062500004 0.8582899296875001 0.37536434375 0.855034721875 0.3859411484375 0.8517795140625 0.3590923390625 0.18120659687500001 0.35258353593749997 0.18012152812499999
0 0.4046539546875 0.8485243046875001 0.38268674687500004 0.25824652812500004 0.3769915453125 0.25933159687499996 0.3673172 0.25933159687499996 0.39082275 0.849609375 0.3973315515625 0.8485243046875001 0.4046539546875 0.8485243046875001
0 0.4095355578125 0.8322482640625 0.418485159375 0.835503471875 0.42906196406249997 0.8365885421874999 0.44289316875000007 0.8322482640625 0.42092596093749995 0.205078125 0.4136035578125 0.205078125 0.3965179515625 0.205078125 0.38440704375 0.20833333281250002 0.4095355578125 0.8322482640625
0 0.4363843671875 0.25824652812500004 0.4242833453125 0.25933159687499996 0.44370676875 0.8322482640625 0.4477747703125 0.8333333328125001 0.45591077343749997 0.834418403125 0.465673978125 0.835503471875 0.47462358125000004 0.835503471875 0.48357318437499996 0.8311631953124999 0.465673978125 0.2571614578125 0.452656371875 0.25824652812500004 0.4363843671875 0.25824652812500004
0 0.5275076000000001 0.1746961796875 0.516930796875 0.17361111093749998 0.49740438906250006 0.1746961796875 0.4803187828125 0.17361111093749998 0.466487578125 0.1790364578125 0.4682286578125 0.2560763890625 0.485200384375 0.8485243046875001 0.49008198593749996 0.849609375 0.4965907890625 0.8517795140625 0.5063539921875 0.8528645828125001 0.517744396875 0.8528645828125001 0.5250668000000001 0.8506944453124999 0.5323892015625 0.8506944453124999 0.5388980046875 0.8463541671874999 0.5275076000000001 0.1746961796875
0 0.5405252046875 0.844184028125 0.571442015625 0.844184028125 0.5657468140625 0.2756076390625 0.534960428125 0.27777777812500004 0.5405252046875 0.844184028125
0 0.5942228234375 0.2332899296875 0.5675125125 0.234375 0.571442015625 0.824652778125 0.5828324203124999 0.8289930546875001 0.5925956234374999 0.830078125 0.603986028125 0.830078125 0.61212203125 0.8279079859375 0.6194444328125 0.824652778125 0.6161900328125001 0.23220486093749998 0.6096812296875 0.23220486093749998 0.5942228234375 0.2332899296875
0 0.6365300406250001 0.22677951406250002 0.62854766875 0.22677951406250002 0.6316484375 0.844184028125 0.638970840625 0.8528645828125001 0.7032452640625 0.8517795140625 0.7113812671875 0.849609375 0.7187036703125 0.8474392359375 0.7268396734375 0.8376736109375 0.7447388796875 0.22243923593749998 0.6503612453125001 0.2256944453125 0.6365300406250001 0.22677951406250002
0 0.7366028765625 0.83984375 0.740670878125 0.8430989578125001 0.755315684375 0.8463541671874999 0.7691468890625 0.845269096875 0.78135089375 0.8430989578125001 0.791927696875 0.8409288203124999 0.8204037078124999 0.21701388906250002 0.75550079375 0.2159288203125 0.7366028765625 0.83984375