0 0.146875 0.190625 0.13281199999999999 0.196875 0.13125 0.198437 0.129688 0.828125 0.134375 0.834375 0.15 0.834375 0.165625 0.8375 0.178125 0.83125 0.18125 0.19531199999999999 0.165625 0.192188 0.146875 0.190625
0 0.184375 0.20625 0.184375 0.829688 0.196875 0.834375 0.210938 0.832812 0.220312 0.832812 0.21875 0.203125 0.21406200000000003 0.201563 0.196875 0.201563 0.185938 0.203125 0.184375 0.20625
0 0.2625 0.117188 0.220312 0.115625 0.21875 0.117188 0.220312 0.854688 0.26093700000000003 0.853125 0.2625 0.117188
0 0.267188 0.117188 0.26875 0.851562 0.310937 0.851562 0.30781200000000003 0.120313 0.29218700000000003 0.115625 0.26875 0.115625 0.267188 0.117188
0 0.35625 0.11875 0.328125 0.114062 0.31718799999999997 0.115625 0.314063 0.117188 0.32031200000000004 0.851562 0.33593799999999996 0.851562 0.359375 0.85 0.35625 0.11875
0 0.40156200000000003 0.175 0.36718799999999996 0.175 0.365625 0.848437 0.39843799999999996 0.848437 0.40156200000000003 0.175
0 0.403125 0.18125 0.403125 0.845313 0.4375 0.84375 0.435937 0.178125 0.41093799999999997 0.175 0.403125 0.178125 0.403125 0.18125
0 0.47656200000000004 0.175 0.439063 0.175 0.440625 0.854688 0.47656200000000004 0.854688 0.47656200000000004 0.175
0 0.514062 0.173437 0.47968700000000003 0.176563 0.47968700000000003 0.18125 0.47968700000000003 0.853125 0.514062 0.853125 0.514062 0.173437
0 0.571875 0.171875 0.528125 0.170313 0.526563 0.170313 0.528125 0.85 0.573438 0.85 0.571875 0.171875
0 0.589063 0.851562 0.607812 0.85 0.625 0.845313 0.628125 0.173437 0.601562 0.170313 0.584375 0.173437 0.582812 0.173437 0.58125 0.846875 0.589063 0.851562
0 0.670312 0.192188 0.629687 0.190625 0.629687 0.83125 0.671875 0.83125 0.670312 0.192188
0 0.717187 0.189062 0.698438 0.189062 0.678125 0.190625 0.678125 0.192188 0.68125 0.832812 0.725 0.829688 0.725 0.190625 0.717187 0.189062
0 0.75 0.17968800000000001 0.735938 0.17968800000000001 0.732812 0.828125 0.757812 0.826562 0.7625 0.18125 0.75 0.17968800000000001
0 0.76875 0.176563 0.765625 0.829688 0.792188 0.826562 0.79375 0.182812 0.796875 0.178125 0.770312 0.176563 0.76875 0.176563
0 0.80625 0.829688 0.832812 0.825 0.834375 0.27343799999999996 0.809375 0.27031299999999997 0.803125 0.828125 0.80625 0.829688
0 0.85 0.284375 0.8375 0.28125 0.834375 0.279687 0.834375 0.814063 0.846875 0.815625 0.85 0.284375
0 0.864062 0.234375 0.854688 0.235937 0.853125 0.234375 0.848437 0.814063 0.859375 0.815625 0.864062 0.234375
0 0.884375 0.235937 0.865625 0.234375 0.8625 0.814063 0.876563 0.81875 0.884375 0.8125 0.884375 0.235937
0 0.909375 0.232813 0.9 0.232813 0.895312 0.815625 0.904687 0.817187 0.909375 0.232813
0 0.904687 0.815625 0.91875 0.817187 0.926562 0.815625 0.929688 0.234375 0.925 0.234375 0.910937 0.232813 0.904687 0.815625