0 0.050615946875 0.8723958328125001 0.1067543671875 0.8713107640625 0.0636335515625 0.31684027812500004 0.00586793125 0.3157552078125 0.050615946875 0.8723958328125001
0 0.1132631703125 0.869140625 0.1653335890625 0.869140625 0.136043978125 0.31684027812500004 0.07583755625000001 0.3146701390625 0.1132631703125 0.869140625
0 0.17916479375 0.8615451390625 0.205200003125 0.8615451390625 0.1734695921875 0.3157552078125 0.14514923125 0.31684027812500004 0.17916479375 0.8615451390625
0 0.2084544046875 0.8604600703124999 0.2353032140625 0.859375 0.20682720468750002 0.3190104171875 0.1801427203125 0.31792534687499996 0.2084544046875 0.8604600703124999
0 0.27679682968749997 0.835503471875 0.2588976234375 0.29730902812500004 0.2605248234375 0.28754340312500004 0.2076408046875 0.28862847187499996 0.2336760140625 0.869140625 0.27923763125 0.8702256953124999 0.27679682968749997 0.835503471875
0 0.2930688359375 0.8973524296875001 0.36303846093750003 0.8984375 0.375242465625 0.8951822921874999 0.3809376671875 0.888671875 0.38175126875 0.29730902812500004 0.25808402343750003 0.29296875 0.28086483125 0.8897569453124999 0.2930688359375 0.8973524296875001
0 0.3898872703125 0.8723958328125001 0.44195769062499995 0.8723958328125001 0.44765289218750004 0.3016493046875 0.386034646875 0.2994791671875 0.3898872703125 0.8723958328125001
0 0.445212090625 0.8821614578125001 0.496468909375 0.8821614578125001 0.5078593140625001 0.3005642359375 0.4503250125 0.3005642359375 0.445212090625 0.8821614578125001
0 0.5030513640625001 0.8756510421874999 0.542104178125 0.874565971875 0.5526809828125 0.30815972187499996 0.5121739703125 0.30815972187499996 0.5030513640625001 0.8756510421874999
0 0.5453585796875 0.8680555546875001 0.5803433921875001 0.8713107640625 0.5884793953125 0.3841145828125 0.5536778765625 0.38519965312500004 0.5453585796875 0.8680555546875001
0 0.58278419375 0.8713107640625 0.5974289984375 0.87890625 0.609633003125 0.87890625 0.61532820625 0.8713107640625 0.6316002109375 0.29839409687499996 0.6202098078125 0.29839409687499996 0.6055650015625 0.29839409687499996 0.59436798125 0.29839409687499996 0.58278419375 0.8713107640625
0 0.6145146046875001 0.8669704859375 0.6462450171875 0.8702256953124999 0.6641442234375 0.3342013890625 0.632616678125 0.3342013890625 0.6145146046875001 0.8669704859375
0 0.6478722171875 0.873480903125 0.6812298296875 0.8778211796875001 0.7048242390625 0.33637152812500004 0.6684239703125 0.3352864578125 0.6478722171875 0.873480903125
0 0.68692503125 0.9060329859375 0.7381818499999999 0.9147135421874999 0.7747938640625 0.3092447921875 0.7145874421875 0.30707465312500004 0.68692503125 0.9060329859375
0 0.7430634515625 0.9114583328125001 0.7739802625000001 0.913628471875 0.813033078125 0.3049045140625 0.7807286578125 0.3049045140625 0.7430634515625 0.9114583328125001
0 0.7764210640625 0.9103732640625 0.807337875 0.912543403125 0.8545266921874999 0.302734375 0.8189773562499999 0.3016493046875 0.7764210640625 0.9103732640625
0 0.813033078125 0.913628471875 0.8618490953125001 0.9190538203124999 0.9261235187500001 0.3135850703125 0.866991678125 0.3125 0.813033078125 0.913628471875