0 0.01315235625 0.9950697453125 0.039457070312499995 0.9940676609375 0.046221140625000004 0.06713965 0.022171115625 0.07014590312499999 0.01315235625 0.9950697453125
0 0.0454695765625 0.9930655765624999 0.07478054375 0.9950697453125 0.08079305 0.06313131250000001 0.052985209374999995 0.06713965 0.0454695765625 0.9930655765624999
0 0.0822961765625 0.9960718296875 0.109352453125 0.9960718296875 0.1198743390625 0.00601250625 0.0928180609375 0.005010421875 0.0822961765625 0.9960718296875
0 0.11536495937499999 0.9960718296875 0.1446759265625 0.9940676609375 0.15143999531250002 0.0040083375 0.12513528125 0.005010421875 0.11536495937499999 0.9960718296875
0 0.15143999531250002 0.9950697453125 0.16872594999999999 0.9920634921874999 0.1822540890625 0.0040083375 0.1612103171875 0.005010421875 0.15143999531250002 0.9950697453125
0 0.17699314531250002 0.9960718296875 0.1935275375 0.9940676609375 0.2070556765625 0.0040083375 0.1897697203125 0.005010421875 0.17699314531250002 0.9960718296875
0 0.1987884796875 0.9950697453125 0.2303541359375 0.9940676609375 0.24463383906249997 0.00200416875 0.21231661875 0.005010421875 0.1987884796875 0.9950697453125
0 0.23862133281250003 0.9950697453125 0.266429171875 0.9960718296875 0.2822120015625 0.003006253125 0.2521494703125 0.003006253125 0.23862133281250003 0.9950697453125
0 0.27695105781249996 0.9980759984375001 0.3070135890625 0.9980759984375001 0.3175354734375 0.003006253125 0.28747294375 0.005010421875 0.27695105781249996 0.9980759984375001
0 0.31452922031249997 0.9970739140625 0.3491011296875 0.9960718296875 0.3573683265625 0.003006253125 0.3265542328125 0.003006253125 0.31452922031249997 0.9970739140625
0 0.35661676249999996 0.9940676609375 0.37315115468750004 0.9950697453125 0.3806667875 0.005010421875 0.36262926875 0.00601250625 0.35661676249999996 0.9940676609375
0 0.3791636609375 0.9950697453125 0.394194925 0.9950697453125 0.4039652484375 0.005010421875 0.38893398281249997 0.007014590625 0.3791636609375 0.9950697453125
0 0.402462121875 0.9960718296875 0.434779340625 0.9960718296875 0.44004028437500003 0.005010421875 0.409977753125 0.005010421875 0.402462121875 0.9960718296875
0 0.4430465359375 0.9950697453125 0.4731090671875 0.9920634921874999 0.4806247 0.005010421875 0.45056216875 0.0040083375 0.4430465359375 0.9950697453125
0 0.4813762625 0.9960718296875 0.5136934828124999 0.9940676609375 0.521960678125 0.019039603125 0.49114658437500003 0.018037518750000002 0.4813762625 0.9960718296875
0 0.5182028625 0.9940676609375 0.5542778984375001 0.9940676609375 0.5625450937500001 0.022045856250000002 0.5332341265625 0.0230479390625 0.5182028625 0.9940676609375
0 0.5602904046875 0.9960718296875 0.577576359375 0.9960718296875 0.58734668125 0.018037518750000002 0.5700607265625 0.018037518750000002 0.5602904046875 0.9960718296875
0 0.5858435546874999 0.9950697453125 0.6016263828125 0.9950697453125 0.6083904515625 0.019039603125 0.5933591875 0.019039603125 0.5858435546874999 0.9950697453125
0 0.609893578125 0.9950697453125 0.640707671875 0.9940676609375 0.646720178125 0.0230479390625 0.6174092109375 0.0230479390625 0.609893578125 0.9950697453125
0 0.647471740625 0.9950697453125 0.66325456875 0.9940676609375 0.6647576953125001 0.024050023437500002 0.6519811203125 0.024050023437500002 0.647471740625 0.9950697453125
0 0.6692670749999999 0.9950697453125 0.6790373984375 0.9980759984375001 0.6820436515625 0.024050023437500002 0.6737764546875 0.024050023437500002 0.6692670749999999 0.9950697453125
0 0.6880561562499999 0.9940676609375 0.69932960625 0.9940676609375 0.7015842953125 0.098204265625 0.690310846875 0.098204265625 0.6880561562499999 0.9940676609375
0 0.7075968015625 0.9950697453125 0.7226280671875001 0.9960718296875 0.7218765031250001 0.1012105171875 0.709099928125 0.1002084328125 0.7075968015625 0.9950697453125
0 0.7271374453125 0.9980759984375001 0.74968434375 0.9950697453125 0.75043590625 0.0230479390625 0.727889009375 0.022045856250000002 0.7271374453125 0.9980759984375001
0 0.7579515390625 0.9950697453125 0.777492184375 0.9940676609375 0.777492184375 0.0270562765625 0.7571999765624999 0.0270562765625 0.7579515390625 0.9950697453125
0 0.7835046890624999 0.9960718296875 0.797032828125 0.9960718296875 0.7947781390624999 0.0300625296875 0.785007815625 0.0300625296875 0.7835046890624999 0.9960718296875
0 0.81281565625 0.0300625296875 0.8015422078125001 0.0280583609375 0.803045334375 0.0390812890625 0.803045334375 0.9970739140625 0.8135672203125001 0.9970739140625 0.81281565625 0.0300625296875
0 0.8195797265625 0.9960718296875 0.8398719328125 0.9940676609375 0.8376172437499999 0.0340708671875 0.821082853125 0.0340708671875 0.8195797265625 0.9960718296875
0 0.8481391296874999 0.9970739140625 0.8654250843750001 0.9960718296875 0.8631703937499999 0.0340708671875 0.8443813125 0.0340708671875 0.8481391296874999 0.9970739140625
0 0.8751954062499999 0.9960718296875 0.9052579359375 0.9930655765624999 0.9007485578125 0.0340708671875 0.872189153125 0.0380792046875 0.8751954062499999 0.9960718296875
0 0.9112704421875 0.9940676609375 0.93682359375 0.9950697453125 0.933817340625 0.075156325 0.9105188796875 0.076158409375 0.9112704421875 0.9940676609375
0 0.9450907890625 0.9940676609375 0.9698923765625 0.9910614078125001 0.9646314328125 0.083173 0.9413329718749999 0.083173 0.9450907890625 0.9940676609375
0 0.996948653125 0.082170915625 0.971395503125 0.084175084375 0.9759048828125 0.9970739140625 0.9977002171875 0.9950697453125 0.9977002171875 0.86680295 0.996948653125 0.082170915625