0 0.084102128125 0.3313944109375 0.061016623437499994 0.3313944109375 0.0876537359375 0.80972393125 0.11073930000000001 0.81327583125 0.084102128125 0.3313944109375
0 0.1116271703125 0.8144598515625001 0.137376409375 0.81327583125 0.11073930000000001 0.3313944109375 0.08499005937500001 0.3313944109375 0.1116271703125 0.8144598515625001
0 0.14195668749999998 0.3509706453125 0.11251510312499999 0.3503381359375 0.1364884796875 0.81327583125 0.16490145312499999 0.81327583125 0.14195668749999998 0.3509706453125
0 0.164013521875 0.8180117546875 0.19469106249999998 0.8158143953125 0.1711167953125 0.351522115625 0.1418159484375 0.351522115625 0.164013521875 0.8180117546875
0 0.1897627609375 0.3373143125 0.17223012499999998 0.3366477296875 0.1942023 0.81327583125 0.213736196875 0.8168278125 0.1897627609375 0.3373143125
0 0.21462406875 0.821563734375 0.2394854359375 0.821563734375 0.21639987187499998 0.3811217421875 0.1933143671875 0.38230572343749997 0.21462406875 0.821563734375
0 0.238636375 0.3809185625 0.21728780312499998 0.3811217421875 0.2359337703125 0.8180117546875 0.2572435296875 0.8203797140625 0.238636375 0.3809185625
0 0.25990720624999997 0.8203797140625 0.277698875 0.8210227296875001 0.2572435296875 0.3704658796875 0.2394854359375 0.37283384062499997 0.25990720624999997 0.8203797140625
0 0.27761024375 0.36955408125 0.2590193328125 0.370465840625 0.27944110312500003 0.821563734375 0.29542339375000004 0.8227477546875 0.27761024375 0.36955408125
0 0.29719919687499996 0.8203797140625 0.31480825 0.8210227296875001 0.29453546249999996 0.37164986093749997 0.2776653 0.37283384062499997 0.29719919687499996 0.8203797140625
0 0.3118785625 0.3731060625 0.296311325 0.37283384062499997 0.31318148749999997 0.8227477546875 0.33093958125 0.8227477546875 0.3118785625 0.3731060625
0 0.33093958125 0.8239316953125 0.36112829999999996 0.82629965625 0.3398185984375 0.3349463515625 0.31229355625 0.3349463515625 0.33093958125 0.8239316953125
0 0.362904103125 0.8286676171874999 0.39293325 0.8275331453125 0.3708952484375 0.3361303328125 0.3407065296875 0.3373143125 0.362904103125 0.8286676171874999
0 0.42328159843749996 0.38230572343749997 0.3744468546875 0.383489703125 0.394868684375 0.8286676171874999 0.44103969374999996 0.8286676171874999 0.42328159843749996 0.38230572343749997
0 0.44459135937500005 0.832219596875 0.490762309375 0.8334035375 0.473004275 0.3799377234375 0.42328159843749996 0.383489703125 0.44459135937500005 0.832219596875
0 0.4993785625 0.3874289796875 0.4721163421875 0.388225625 0.492538171875 0.835771578125 0.5165115484375 0.8345875578124999 0.4993785625 0.3874289796875
0 0.5286754375 0.3861268953125 0.5005292578125 0.3858576640625 0.5209511453125 0.8393234796875 0.54403665 0.83695551875 0.5286754375 0.3861268953125
0 0.5555793437500001 0.3858576640625 0.5307180953125 0.3858576640625 0.5475882578125 0.8405074984375001 0.57244950625 0.8416914390624999 0.5555793437500001 0.3858576640625
0 0.5833629375 0.3952414796875 0.55735520625 0.395329546875 0.57422536875 0.8440594000000001 0.5973108734375 0.842875459375 0.5833629375 0.3952414796875
0 0.5990867359375 0.8440594000000001 0.6224254375 0.8457623125 0.6132931640625 0.395329546875 0.5848801890625 0.3965135265625 0.5990867359375 0.8440594000000001
0 0.6556285625 0.3822206453125 0.6150690265625001 0.3858576640625 0.6257238468749999 0.8440594000000001 0.6630157796875 0.8499793421874999 0.6556285625 0.3822206453125
0 0.667455378125 0.8511633609375 0.70741104375 0.8511633609375 0.6994198390624999 0.3858576640625 0.6585763 0.388225625 0.667455378125 0.8511633609375
0 0.7278328140625 0.853531321875 0.7447029765625001 0.8511633609375 0.739375625 0.374017821875 0.703480125 0.3744081453125 0.70741104375 0.8511633609375 0.7278328140625 0.853531321875
0 0.7455909671875001 0.37283384062499997 0.7455909671875001 0.8523473015624999 0.7642368734375 0.8547152625000001 0.781605125 0.8522727296875001 0.7793312921875 0.37164986093749997 0.7455909671875001 0.37283384062499997
0 0.8333629374999999 0.8561789796875001 0.837932984375 0.332578390625 0.7899861125000001 0.3361303328125 0.7828828984375 0.8511633609375 0.7970893265625 0.8547152625000001 0.8077442671874999 0.85826724375 0.8192869593750001 0.8558992828124999 0.8333629374999999 0.8561789796875001
0 0.9007457499999999 0.3301373125 0.8459240703124999 0.332578390625 0.8361571218750001 0.8547152625000001 0.8832161218750001 0.85826724375 0.9007457499999999 0.3301373125