0 0.0423956171875 0.05776318125 0.004999675 0.0490916578125 0 0.1502016125 0.049712214062499996 0.9552657828125 0.0822304234375 0.958517603125 0.0423956171875 0.05776318125
0 0.08141746875 0.948762140625 0.114748634375 0.9530979015625001 0.07166200625 0.0599310609375 0.040769706249999996 0.054511359375 0.08141746875 0.948762140625
0 0.1188134109375 0.9541818421875 0.16677777031250002 0.9541818421875 0.14076320312499999 0.2767191296875 0.09117293125 0.278887009375 0.1188134109375 0.9541818421875
0 0.16352595 0.9596015437500001 0.21474213125000002 0.9617694234374999 0.2041737125 0.1694090359375 0.1334466046875 0.165073275 0.16352595 0.9596015437500001
0 0.20905144375 0.9617694234374999 0.26514535625 0.9596015437500001 0.252951028125 0.17266085625 0.196857115625 0.1574856921875 0.20905144375 0.9617694234374999
0 0.2610805796875 0.9661051859375 0.29034696875 0.9639373046875 0.275713775 0.149898109375 0.2513251171875 0.14339446718749999 0.2610805796875 0.9661051859375
0 0.288721059375 0.9682730656249999 0.31067085 0.9671891265625 0.3098578953125 0.149898109375 0.275713775 0.1455623484375 0.288721059375 0.9682730656249999
0 0.31148380625 0.9671891265625 0.3383113296875 0.9693570062499999 0.344814971875 0.1542338703125 0.3074190296875 0.15314993125 0.31148380625 0.9671891265625
0 0.3383113296875 0.9682730656249999 0.364325896875 0.9747767078124999 0.365138853125 0.198675425 0.344002015625 0.195423603125 0.3383113296875 0.9682730656249999
0 0.3586352109375 0.9671891265625 0.3838368234375 0.9693570062499999 0.3944052421875 0.2040951265625 0.3626999875 0.2062630078125 0.3586352109375 0.9671891265625
0 0.3862756890625 0.970440946875 0.4065995703125 0.9693570062499999 0.41798094375000006 0.2019272453125 0.3870886453125 0.2040951265625 0.3862756890625 0.970440946875
0 0.4220457203125 0.9661051859375 0.44887324375000004 0.972608828125 0.4732619015625 0.090281390625 0.4439955125 0.08919745 0.4220457203125 0.9661051859375
0 0.45212506562500004 0.9617694234374999 0.47001008125 0.9671891265625 0.49602464843750005 0.092449271875 0.472448946875 0.090281390625 0.45212506562500004 0.9617694234374999
0 0.4748878125 0.9650212453125 0.5017153359375001 0.9682730656249999 0.5366724109375001 0.088113509375 0.4968376046875 0.088113509375 0.4748878125 0.9650212453125
0 0.502528290625 0.9736927671875 0.528542859375 0.9736927671875 0.563499934375 0.090281390625 0.5342335453125 0.0870295703125 0.502528290625 0.9736927671875
0 0.5317946796874999 0.972608828125 0.558622203125 0.9736927671875 0.599269965625 0.1704929765625 0.5626869796875 0.1694090359375 0.5317946796874999 0.972608828125
0 0.5521185609375 0.972608828125 0.59195336875 0.9791124703125 0.6447954609375001 0.0989529140625 0.600082921875 0.0957010921875 0.5521185609375 0.972608828125
0 0.589514503125 0.9823642906250001 0.625284534375 0.9769445890625 0.6773136703125 0.104372615625 0.6447954609375001 0.0989529140625 0.589514503125 0.9823642906250001
0 0.6228456687499999 0.9769445890625 0.67406185 0.9747767078124999 0.726903940625 0.2290257546875 0.67893958125 0.22794181406249997 0.6228456687499999 0.9769445890625
0 0.6732488937500001 0.972608828125 0.7212132546875 0.9791124703125 0.7878755859375 0.232277575 0.732594628125 0.2290257546875 0.6732488937500001 0.972608828125
0 0.71958734375 0.9758606484374999 0.7545444203125 0.9791124703125 0.8464083640625001 0.23444545625000002 0.8122642421874999 0.2301096953125 0.71958734375 0.9758606484374999
0 0.7521055546875 0.9791124703125 0.78137194375 0.9769445890625 0.8773006640625001 0.23444545625000002 0.8431565421875 0.232277575 0.7521055546875 0.9791124703125
0 0.786249675 0.9780285296875 0.817141975 0.9780285296875 0.92851684375 0.22035423125000003 0.8862431718750001 0.2149345296875 0.786249675 0.9780285296875
0 0.8203937953124999 0.980196409375 0.84722131875 0.9823642906250001 0.9707905171875 0.223606053125 0.9252650234375001 0.2127666484375 0.8203937953124999 0.980196409375
0 0.8480342734375 0.9747767078124999 0.8838043046875 0.9823642906250001 0.9968050859375 0.281054890625 0.9959921312500001 0.12821930312500002 0.9854237124999999 0.1303871828125 0.8480342734375 0.9747767078124999