0 0.0448344828125 0.1271353625 0.00418671875 0.1303871828125 0.083856334375 0.9433424390624999 0.1131227234375 0.9422584984375 0.0448344828125 0.1271353625
0 0.0797915578125 0.12821930312500002 0.03995675 0.1303871828125 0.11149681250000001 0.944426378125 0.1480798 0.9400906171875001 0.0797915578125 0.12821930312500002
0 0.109870903125 0.16398933437500002 0.0822304234375 0.1683250953125 0.1480798 0.9422584984375 0.1732814125 0.9379227374999999 0.109870903125 0.16398933437500002
0 0.1415761578125 0.15314993125 0.1171875 0.15206599062499998 0.175720278125 0.9411745578125 0.20010893593749998 0.9400906171875001 0.1415761578125 0.15314993125
0 0.1797850546875 0.159653571875 0.1415761578125 0.16182145312500001 0.20254780156250002 0.9400906171875001 0.2350660125 0.9400906171875001 0.1797850546875 0.159653571875
0 0.19441825 0.041504075 0.16759072656250001 0.041504075 0.23425305624999998 0.9411745578125 0.25213807187500004 0.9390066765625 0.19441825 0.041504075
0 0.2261235046875 0.042588015624999996 0.196044159375 0.044755896875 0.2586417140625 0.9411745578125 0.283843328125 0.9368387968749999 0.2261235046875 0.042588015624999996
0 0.2659583125 0.0458398375 0.2334401015625 0.0480077171875 0.2773396859375 0.9400906171875001 0.3155485828125 0.9400906171875001 0.2659583125 0.0458398375
0 0.288721059375 0.0458398375 0.2667712671875 0.0480077171875 0.3163615375 0.9400906171875001 0.3350595078125 0.93575485625 0.288721059375 0.0458398375
0 0.31067085 0.04367195625 0.28790810312500004 0.0480077171875 0.3318076875 0.9422584984375 0.3553833890625 0.9411745578125 0.31067085 0.04367195625
0 0.344814971875 0.0631828828125 0.313922671875 0.0642668234375 0.354570434375 0.9433424390624999 0.3846497796875 0.9411745578125 0.344814971875 0.0631828828125
0 0.3838368234375 0.0588471203125 0.3480667921875 0.05776318125 0.3846497796875 0.93575485625 0.4147291234375 0.9379227374999999 0.3838368234375 0.0588471203125
0 0.4090384359375 0.15098205 0.37814613750000003 0.15206599062499998 0.4131032125 0.93575485625 0.43993073593750004 0.9335869750000001 0.4090384359375 0.15098205
0 0.431801184375 0.1542338703125 0.4131032125 0.1542338703125 0.43993073593750004 0.934670915625 0.46106757343749993 0.93575485625 0.431801184375 0.1542338703125
0 0.45212506562500004 0.041504075 0.43017527343750006 0.0458398375 0.4594416625 0.9335869750000001 0.484643275 0.9292512140625 0.45212506562500004 0.041504075
0 0.47407485625 0.040420135937500004 0.4504991546875 0.040420135937500004 0.487895096875 0.93575485625 0.5017153359375001 0.9368387968749999 0.47407485625 0.040420135937500004
0 0.50496715625 0.046923776562500005 0.4732619015625 0.0458398375 0.5090319328125 0.9379227374999999 0.533420590625 0.9314190953124999 0.50496715625 0.046923776562500005
0 0.5382983218749999 0.040420135937500004 0.5057801125 0.0458398375 0.5350465015625 0.9314190953124999 0.561874025 0.9292512140625 0.5382983218749999 0.040420135937500004
0 0.57650721875 0.1466462890625 0.5399242328125 0.1466462890625 0.5683776671875 0.9335869750000001 0.5927663234375 0.9281672734375 0.57650721875 0.1466462890625
0 0.6082124734375001 0.1553178109375 0.5716294875 0.1574856921875 0.5878885921875 0.9303351546874999 0.6269104453125001 0.9314190953124999 0.6082124734375001 0.1553178109375
0 0.6439825046875 0.223606053125 0.6057736078125 0.22143817187499998 0.625284534375 0.9314190953124999 0.6626804765625 0.9292512140625 0.6439825046875 0.223606053125
0 0.6773136703125 0.223606053125 0.6447954609375001 0.2246899921875 0.66349343125 0.9281672734375 0.6960116421875 0.9281672734375 0.6773136703125 0.223606053125
0 0.712270746875 0.1412265875 0.6838173125 0.14447840781250001 0.6943857312499999 0.9314190953124999 0.726903940625 0.9205796906250001 0.712270746875 0.1412265875
0 0.7407241796874999 0.1466462890625 0.7147096125 0.14881416875 0.7309687171875 0.9303351546874999 0.7610480625 0.9249154531249999 0.7407241796874999 0.1466462890625
0 0.778120121875 0.0371683140625 0.7496666875 0.0382522546875 0.7642998828125 0.932503034375 0.782997853125 0.9292512140625 0.778120121875 0.0371683140625
0 0.8138901531249999 0.0317486125 0.773242390625 0.030664671875 0.79112740625 0.9314190953124999 0.8220197062500001 0.9249154531249999 0.8138901531249999 0.0317486125
0 0.8537249609374999 0.2376972765625 0.8155160640625001 0.2420330390625 0.8260844828125 0.932503034375 0.8594156484375001 0.9281672734375 0.8537249609374999 0.2376972765625
0 0.8951856796875 0.23444545625000002 0.8594156484375001 0.243116978125 0.8667322453124999 0.9303351546874999 0.8919338578125 0.9238315125 0.8951856796875 0.23444545625000002
0 0.9382723078125 0.2301096953125 0.8968115890625 0.2376972765625 0.9041281874999999 0.9281672734375 0.9350204859375 0.9249154531249999 0.9382723078125 0.2301096953125
0 0.9764812046875001 0.0176573875 0.941524128125 0.015489507812500001 0.9382723078125 0.9314190953124999 0.977294159375 0.9314190953124999 0.9764812046875001 0.0176573875
0 0.999747984375 0.0292338703125 0.9764812046875001 0.025244970312499997 0.9764812046875001 0.9292512140625 0.999747984375 0.9290994625 0.999747984375 0.0292338703125