0 0.1194651234375 0.8029513890625 0.14224593125 0.80367476875 0.15255153593749998 0.2625868046875 0.129860771875 0.263310184375 0.1194651234375 0.8029513890625
0 0.1688235421875 0.782696759375 0.20950355625 0.7819733796875 0.2138427578125 0.2842881953125 0.17326355 0.2821180546875 0.1688235421875 0.782696759375
0 0.2122155578125 0.782696759375 0.24964117031250002 0.78125 0.25343797343749996 0.2842881953125 0.21503872343750002 0.283564815625 0.2122155578125 0.782696759375
0 0.303338790625 0.3016493046875 0.2946603875 0.300202546875 0.285439584375 0.2980324078125 0.2745915796875 0.2965856484375 0.2648283765625 0.2980324078125 0.25518629375 0.2980324078125 0.25560757343749996 0.7754629625 0.2577771734375 0.7819733796875 0.267540378125 0.785590278125 0.2827275828125 0.7848668984375 0.2968299890625 0.7848668984375 0.3065931921875 0.7805266203125 0.31147479375 0.3067129625 0.31038999375 0.300925925 0.303338790625 0.3016493046875
0 0.3423916046875 0.300202546875 0.3299164 0.2987557875 0.3223227984375 0.2987557875 0.31378004375 0.2994791671875 0.31364439375000003 0.7790798609375 0.32178039687500004 0.782696759375 0.3407644046875 0.7848668984375 0.35595160937500003 0.7834201390625 0.3678844140625 0.78125 0.368969215625 0.303096065625 0.3630028125 0.300925925 0.352697209375 0.300202546875 0.3423916046875 0.300202546875
0 0.389038021875 0.788483796875 0.39880122500000004 0.7870370375 0.397174025 0.2821180546875 0.3718312578125 0.2821180546875 0.368969215625 0.7848668984375 0.3749356171875 0.788483796875 0.389038021875 0.788483796875
0 0.403682828125 0.29586226875 0.40422522812499995 0.7834201390625 0.40856442968750006 0.7863136578125001 0.42049723281249995 0.7863136578125001 0.43188763750000003 0.7848668984375 0.4291756359375 0.283564815625 0.41778523281249996 0.2821180546875 0.40492560624999996 0.282841434375 0.403682828125 0.29586226875
0 0.4368113453125 0.776909721875 0.46610095625000003 0.776909721875 0.4633889546875 0.29296875 0.43585035625 0.2922453703125 0.4368113453125 0.776909721875
0 0.46881295625 0.7754629625 0.49864496875000003 0.7754629625 0.49701776718749996 0.294415509375 0.46894497343749997 0.2936921296875 0.46881295625 0.7754629625
0 0.5301041796875 0.294415509375 0.502039590625 0.294415509375 0.50189936875 0.2965856484375 0.50081456875 0.7747395828125 0.5317313796875001 0.774016203125 0.5301041796875 0.294415509375
0 0.5469185859375 0.29586226875 0.53552818125 0.29730902812500004 0.53552818125 0.7732928234374999 0.561020990625 0.7732928234374999 0.560478590625 0.2987557875 0.5469185859375 0.29586226875
0 0.5810897984375 0.2994791671875 0.5638885499999999 0.2980324078125 0.5631905921875 0.774016203125 0.5908530015625 0.774016203125 0.5908530015625 0.300202546875 0.5810897984375 0.2994791671875
0 0.59036858125 0.771122684375 0.6028437859375 0.7703993046875001 0.6033861859375 0.3841145828125 0.5931854249999999 0.383391203125 0.59036858125 0.771122684375
0 0.6180309921875 0.3841145828125 0.6078338624999999 0.3841145828125 0.6071829875 0.3848379625 0.6044709859374999 0.7696759265625001 0.6180309921875 0.7696759265625001 0.6180309921875 0.3841145828125
0 0.666847009375 0.771122684375 0.665762209375 0.2994791671875 0.6462358015625 0.2987557875 0.6272517953125 0.300202546875 0.62670939375 0.771122684375 0.6408118 0.771846065625 0.666847009375 0.771122684375
0 0.6749830125 0.7696759265625001 0.7124086265625 0.771122684375 0.7129510265625 0.302372684375 0.701018221875 0.300925925 0.685831015625 0.300925925 0.6749830125 0.3016493046875 0.6717286109375 0.7675057875 0.6749830125 0.7696759265625001
0 0.7189174281249999 0.7682291671875 0.7384438359375001 0.768952546875 0.736274234375 0.302372684375 0.7185109453125 0.302372684375 0.7189174281249999 0.7682291671875
0 0.752003840625 0.7653356484375 0.77749665 0.766059028125 0.78075105 0.29730902812500004 0.7554033062500001 0.29586226875 0.752003840625 0.7653356484375
0 0.7845478531250001 0.7653356484375 0.8105830624999999 0.766059028125 0.8143798625 0.300202546875 0.789040459375 0.2980324078125 0.7845478531250001 0.7653356484375
0 0.8181766640625 0.7638888890625 0.8496358765625001 0.763165509375 0.8512630765625 0.3059895828125 0.8215925437499999 0.3038194453125 0.8181766640625 0.7638888890625
0 0.853975078125 0.7624421296875 0.8583142796875001 0.7624421296875 0.8745862843750001 0.763165509375 0.8859766890625 0.7624421296875 0.8870614890624999 0.3088831015625 0.8800102875 0.3059895828125 0.8686198828125 0.3059895828125 0.8563147656250001 0.305266203125 0.853975078125 0.7624421296875