0 0.0472733484375 0.8891454218750001 0.07653973750000001 0.8891454218750001 0.069223140625 0.1672411546875 0.0367049296875 0.1683250953125 0.0472733484375 0.8891454218750001
0 0.0773526921875 0.8891454218750001 0.10824499218750001 0.8902293625000001 0.0984895296875 0.173744796875 0.0651583640625 0.16290539375 0.0773526921875 0.8891454218750001
0 0.109870903125 0.8913133015625 0.145640934375 0.8945651234374999 0.13913729218749998 0.07727410625 0.1009283953125 0.0729383453125 0.109870903125 0.8913133015625
0 0.145640934375 0.8913133015625 0.1797850546875 0.8945651234374999 0.16840368125 0.068602584375 0.1334466046875 0.07077046406250001 0.145640934375 0.8913133015625
0 0.18466278593750002 0.8956490640625001 0.20986439843750002 0.8923972421874999 0.2033607578125 0.1694090359375 0.1724684578125 0.159653571875 0.18466278593750002 0.8956490640625001
0 0.20823848906250003 0.8913133015625 0.23425305624999998 0.8945651234374999 0.226936459375 0.1672411546875 0.19441825 0.165073275 0.20823848906250003 0.8913133015625
0 0.2334401015625 0.896733003125 0.27977855156250003 0.8891454218750001 0.27490082031249996 0.0718544046875 0.229375325 0.069686525 0.2334401015625 0.896733003125
0 0.27977855156250003 0.886977540625 0.32123926875 0.8902293625000001 0.308231984375 0.0751062265625 0.2765267296875 0.0718544046875 0.27977855156250003 0.886977540625
0 0.32123926875 0.886977540625 0.3537574796875 0.8913133015625 0.34237610625000003 0.0794419875 0.31067085 0.0794419875 0.32123926875 0.886977540625
0 0.349692703125 0.8891454218750001 0.3879016 0.8891454218750001 0.37814613750000003 0.0740222859375 0.344002015625 0.07077046406250001 0.349692703125 0.8891454218750001
0 0.390340465625 0.8945651234374999 0.4220457203125 0.8956490640625001 0.4196068546875 0.07727410625 0.380585003125 0.07077046406250001 0.390340465625 0.8945651234374999
0 0.421232765625 0.8902293625000001 0.466758259375 0.8913133015625 0.466758259375 0.0176573875 0.42611049687499997 0.014405567187500001 0.421232765625 0.8902293625000001
0 0.4635064390625 0.8913133015625 0.49602464843750005 0.8945651234374999 0.49195987187499995 0.2062630078125 0.4683841703125 0.2019272453125 0.4635064390625 0.8913133015625
0 0.49846351406249995 0.8956490640625001 0.530981725 0.8956490640625001 0.5326076359374999 0.068602584375 0.49195987187499995 0.06643470312500001 0.49846351406249995 0.8956490640625001
0 0.5252910375 0.8989008843749999 0.5626869796875 0.896733003125 0.5561833375 0.2062630078125 0.5261039937499999 0.2040951265625 0.5252910375 0.8989008843749999
0 0.5651258453125 0.899984825 0.5935792796875 0.8989008843749999 0.584636771875 0.2127666484375 0.5561833375 0.2084308875 0.5651258453125 0.899984825
0 0.5968311 0.9010687656249999 0.615529071875 0.8989008843749999 0.6082124734375001 0.2084308875 0.5830108609375 0.207346946875 0.5968311 0.9010687656249999
0 0.6139031609375001 0.9010687656249999 0.6529250125 0.899984825 0.64316955 0.11954777968750001 0.6130902046875 0.11737990000000001 0.6139031609375001 0.9010687656249999
0 0.6521120578125 0.8956490640625001 0.6903209546875 0.8956490640625001 0.6830043578125 0.18783602187499998 0.6472343265625 0.18891996093750002 0.6521120578125 0.8956490640625001
0 0.6919468656250001 0.9010687656249999 0.7147096125 0.89781694375 0.7130837015625 0.1845842 0.6838173125 0.1780805578125 0.6919468656250001 0.9010687656249999
0 0.7212132546875 0.8934811828125 0.742350090625 0.8945651234374999 0.73503349375 0.1921717828125 0.712270746875 0.18675208125 0.7212132546875 0.8934811828125
0 0.7464148671874999 0.89781694375 0.7805589875 0.896733003125 0.778933078125 0.126051421875 0.7382853140625001 0.1227996015625 0.7464148671874999 0.89781694375
0 0.7805589875 0.899984825 0.8098253765625 0.9032366453125 0.804134690625 0.1217156609375 0.7716164796875 0.1227996015625 0.7805589875 0.899984825
0 0.803321734375 0.9043205859375 0.8285233484375001 0.9010687656249999 0.8228326609375 0.0859456296875 0.8008828687499999 0.08160986875000001 0.803321734375 0.9043205859375
0 0.8317751687499999 0.9021527062500001 0.8586026921875 0.9032366453125 0.8512860953124999 0.090281390625 0.8179549296875 0.090281390625 0.8317751687499999 0.9021527062500001
0 0.8634804234375 0.9010687656249999 0.8976245453124999 0.899984825 0.8813654390625001 0.0859456296875 0.8512860953124999 0.08160986875000001 0.8634804234375 0.9010687656249999
0 0.8959986343749999 0.9064884671875 0.92851684375 0.9032366453125 0.9179484265625 0.0859456296875 0.88299135 0.0848616890625 0.8959986343749999 0.9064884671875
0 0.9309557109375 0.8989008843749999 0.9691646078125 0.9010687656249999 0.9488407265625 0.0870295703125 0.9228261578125 0.0848616890625 0.9309557109375 0.8989008843749999
0 0.9878625781249999 0.088113509375 0.9512795921875 0.0848616890625 0.9659127859375 0.899984825 0.999747984375 0.90322580625 0.999747984375 0.5887096781250001 0.9878625781249999 0.088113509375