0 0.14768458906249998 0.9254030406249999 0.186752384375 0.9218510609375 0.15833941093749998 0.28131575937500003 0.11394420624999999 0.2789477984375 0.14768458906249998 0.9254030406249999
0 0.1938555984375 0.9182990796875 0.234699196875 0.9171151390625001 0.21605323125 0.28368371875 0.168994290625 0.280131778125 0.1938555984375 0.9182990796875
0 0.2737669921875 0.37721844375 0.23381132500000001 0.3748504828125 0.2493785625 0.8796164796875001 0.2861976765625 0.8815955703125 0.2737669921875 0.37721844375
0 0.2861976765625 0.886331571875 0.3199380015625 0.88869953125 0.310902 0.3783143953125 0.2755427953125 0.37721844375 0.2861976765625 0.886331571875
0 0.3421356328125 0.38905828593749997 0.31461059062499996 0.386690325 0.3217138046875 0.8958034140625 0.34605825 0.8978456453125 0.3421356328125 0.38905828593749997
0 0.348350975 0.8981713750000001 0.3732122828125 0.9005393359375 0.3741002140625 0.39024226562500003 0.34479936875 0.39024226562500003 0.348350975 0.8981713750000001
0 0.37587601875 0.913563159375 0.43270190625 0.91593111875 0.44779620624999994 0.33696299218750003 0.379261375 0.3301373125 0.37587601875 0.913563159375
0 0.5179407109375 0.3381470125 0.45489953906249997 0.33459503281249997 0.441761375 0.9160748125 0.5001825578125 0.9182990796875 0.5179407109375 0.3381470125
0 0.5019584203125 0.91593111875 0.544577821875 0.91593111875 0.5716441875 0.3379498125 0.5241560515625 0.33459503281249997 0.5019584203125 0.91593111875
0 0.6191618046875 0.3381470125 0.5729907953125 0.3334110515625 0.548129428125 0.9194831000000001 0.5892223125 0.9199810625 0.6191618046875 0.3381470125
0 0.5925246937499999 0.924219021875 0.6182739328125 0.924219021875 0.6536754375 0.3327414796875 0.6236012843750001 0.332227071875 0.5925246937499999 0.924219021875
0 0.6848667109375 0.33459503281249997 0.657341728125 0.3334110515625 0.6200496765625 0.9218510609375 0.6468395 0.9251893953125 0.6848667109375 0.33459503281249997
0 0.7008490015625 0.33459503281249997 0.6884183171875 0.33459503281249997 0.6475747796875 0.9254030406249999 0.6624645 0.9251893953125 0.7008490015625 0.33459503281249997
0 0.6608933343750001 0.9206670406249999 0.6688844203125 0.914747178125 0.71324575 0.3353456453125 0.7026248640625 0.33459503281249997 0.6608933343750001 0.9206670406249999
0 0.7638901734375 0.33577901250000003 0.724822378125 0.33577901250000003 0.67865136875 0.924219021875 0.7142223125 0.9238873125 0.7638901734375 0.33577901250000003
0 0.75312319375 0.913563159375 0.8082854375 0.33577901250000003 0.76821749375 0.3334110515625 0.7149432703125 0.9182990796875 0.75312319375 0.913563159375
0 0.7612265578125 0.9194831000000001 0.7985184890625 0.913563159375 0.8577769999999999 0.3366477296875 0.8153886515625001 0.33577901250000003 0.7612265578125 0.9194831000000001
0 0.9068427968749999 0.3381470125 0.8633355234375 0.3381470125 0.8020700953125001 0.9230350015625 0.8420257624999999 0.9301389625 0.9068427968749999 0.3381470125
0 0.92460095 0.3381470125 0.9139460109374999 0.3381470125 0.8500169671875 0.913563159375 0.8616832499999999 0.9134706453125 0.92460095 0.3381470125