0 0.06759722968750001 0.0035661640624999997 0.020445825 0.006817984375 0.1464538890625 0.8945651234374999 0.1789721 0.8913133015625 0.06759722968750001 0.0035661640624999997
0 0.1732814125 0.8891454218750001 0.2057996234375 0.886977540625 0.14726684375000001 0.2257739328125 0.1009283953125 0.232277575 0.1732814125 0.8891454218750001
0 0.2057996234375 0.33958766875 0.1545834421875 0.34175555 0.20986439843750002 0.886977540625 0.24075669843749997 0.8923972421874999 0.2057996234375 0.33958766875
0 0.2277494140625 0.26587972656250003 0.20092189062500002 0.26371184531249997 0.23831783281250002 0.88806148125 0.2667712671875 0.87830601875 0.2277494140625 0.26587972656250003
0 0.2659583125 0.8826417796875001 0.28790810312500004 0.8837257203125001 0.24726034062500002 0.06751864375 0.21718099687499998 0.0718544046875 0.2659583125 0.8826417796875001
0 0.28628219375 0.078358046875 0.2545769375 0.078358046875 0.2846562828125 0.8858936 0.3122967609375 0.884809659375 0.28628219375 0.078358046875
0 0.313922671875 0.8815578390625 0.3480667921875 0.87397025625 0.3472538375 0.10112079375000001 0.2854692375 0.0989529140625 0.313922671875 0.8815578390625
0 0.396031153125 0.10870837656250001 0.344814971875 0.1130441375 0.34644088125 0.8793899578125 0.3911534203125 0.875054196875 0.396031153125 0.10870837656250001
0 0.3887145546875 0.8707184359375001 0.42367163124999996 0.8696344953124999 0.4529380203125 0.24528485937500003 0.41147730156250006 0.2398651578125 0.3887145546875 0.8707184359375001
0 0.5065930671875 0.2767191296875 0.451312109375 0.27129942812499996 0.42936231718749995 0.872886315625 0.466758259375 0.8674666140625 0.5065930671875 0.2767191296875
0 0.5569962921875 0.283222771875 0.508218978125 0.281054890625 0.46106757343749993 0.866382675 0.5090319328125 0.8587950921875 0.5569962921875 0.283222771875
0 0.508218978125 0.85445933125 0.5431760531250001 0.8566272109374999 0.6090254296875 0.2864745921875 0.5602481140625 0.2886424734375 0.508218978125 0.85445933125
0 0.6317881765625 0.2897264140625 0.6057736078125 0.2886424734375 0.5496796953125 0.8587950921875 0.56675175625 0.8566272109374999 0.6317881765625 0.2897264140625
0 0.6317881765625 0.2897264140625 0.5651258453125 0.853375390625 0.5862626828125 0.8587950921875 0.6602416109375 0.292978234375 0.6317881765625 0.2897264140625
0 0.6781266265625 0.294062175 0.6602416109375 0.29081035312500003 0.5870756375 0.8642147937500001 0.6008958765625 0.8587950921875 0.6781266265625 0.294062175
0 0.6025217875 0.8522914500000001 0.635039996875 0.8566272109374999 0.7586091953125 0.076190165625 0.72527803125 0.0653507625 0.6025217875 0.8522914500000001
0 0.849660184375 0.088113509375 0.7691776140625 0.0729383453125 0.6391047734375 0.8522914500000001 0.6943857312499999 0.8457878078125001 0.849660184375 0.088113509375
0 0.701702328125 0.8447038671874999 0.7586091953125 0.8436199265625 0.9358334421875 0.0967850328125 0.855350871875 0.0848616890625 0.701702328125 0.8447038671874999
0 0.9146966046875 0.32658038437500003 0.8781136187499999 0.3244125046875 0.7594221515624999 0.841452046875 0.793566271875 0.8392841656250001 0.9146966046875 0.32658038437500003
0 0.793566271875 0.84036810625 0.817141975 0.8392841656250001 0.9512795921875 0.2897264140625 0.9260779781249999 0.2875585328125 0.793566271875 0.84036810625
0 0.9959921312500001 0.29514611562500004 0.9553443671874999 0.29514611562500004 0.8187678843749999 0.8382002249999999 0.855350871875 0.8382002249999999 0.9959921312500001 0.29514611562500004