0 0.0302012875 0.8685505546875 0.0423956171875 0.8674666140625 0.034266064062500004 0.243116978125 0.023697645312499998 0.2463688 0.0302012875 0.8685505546875
0 0.0440215265625 0.8707184359375001 0.0545899453125 0.8707184359375001 0.0488992578125 0.2409490984375 0.033453109375 0.2409490984375 0.0440215265625 0.8707184359375001
0 0.058654721875 0.8685505546875 0.06597131875 0.8685505546875 0.057841765625 0.2398651578125 0.0415826609375 0.2376972765625 0.058654721875 0.8685505546875
0 0.0651583640625 0.865298734375 0.0781656484375 0.866382675 0.07572678125 0.2366133359375 0.0554029 0.23878121718749998 0.0651583640625 0.865298734375
0 0.0781656484375 0.866382675 0.09686361875 0.8642147937500001 0.0976765734375 0.24420091875 0.07084905 0.243116978125 0.0781656484375 0.866382675
0 0.1009283953125 0.8620469125 0.119626365625 0.8674666140625 0.1212522765625 0.2420330390625 0.0952377078125 0.2420330390625 0.1009283953125 0.8620469125
0 0.124504096875 0.865298734375 0.145640934375 0.865298734375 0.14726684375000001 0.316824921875 0.1212522765625 0.316824921875 0.124504096875 0.865298734375
0 0.14482797812499998 0.8598790328125 0.1740943671875 0.8598790328125 0.1732814125 0.3211606828125 0.1480798 0.3179088625 0.14482797812499998 0.8598790328125
0 0.176533234375 0.8642147937500001 0.1976700703125 0.8631308531249999 0.20010893593749998 0.318992803125 0.1724684578125 0.3179088625 0.176533234375 0.8642147937500001
0 0.2033607578125 0.860962971875 0.229375325 0.8620469125 0.22531054843749998 0.3244125046875 0.20173484687499998 0.3254964453125 0.2033607578125 0.860962971875
0 0.2277494140625 0.860962971875 0.2537639828125 0.860962971875 0.2537639828125 0.32658038437500003 0.22449759375 0.3254964453125 0.2277494140625 0.860962971875
0 0.252951028125 0.866382675 0.27977855156250003 0.865298734375 0.283843328125 0.3233285640625 0.2545769375 0.3211606828125 0.252951028125 0.866382675
0 0.2765267296875 0.8674666140625 0.3009153875 0.865298734375 0.3009153875 0.19650754374999999 0.283030371875 0.195423603125 0.2765267296875 0.8674666140625
0 0.30335425312500003 0.865298734375 0.32367813437500004 0.865298734375 0.32774291093749996 0.1943396640625 0.30335425312500003 0.198675425 0.30335425312500003 0.865298734375
0 0.3228651796875 0.8620469125 0.349692703125 0.860962971875 0.354570434375 0.25612426250000003 0.32367813437500004 0.257208203125 0.3228651796875 0.8620469125
0 0.35213156875 0.860962971875 0.3740813609375 0.8555432703125 0.3789590921875 0.2517885015625 0.3513186140625 0.2507045609375 0.35213156875 0.860962971875
0 0.3740813609375 0.8598790328125 0.4017218390625 0.8598790328125 0.4049736609375 0.2539563828125 0.37814613750000003 0.2539563828125 0.3740813609375 0.8598790328125
0 0.396031153125 0.8642147937500001 0.42611049687499997 0.860962971875 0.42692345156249994 0.25504032187500003 0.400095928125 0.25504032187500003 0.396031153125 0.8642147937500001
0 0.43017527343750006 0.860962971875 0.4472473328125 0.8598790328125 0.44887324375000004 0.2539563828125 0.42448458593750005 0.25504032187500003 0.43017527343750006 0.860962971875
0 0.44887324375000004 0.860962971875 0.47001008125 0.8555432703125 0.471635990625 0.2626279046875 0.4472473328125 0.2615439640625 0.44887324375000004 0.860962971875
0 0.472448946875 0.8566272109374999 0.4903339625 0.8566272109374999 0.4911469171875 0.352594953125 0.46757121562500004 0.35367889375 0.472448946875 0.8566272109374999
0 0.49195987187499995 0.8587950921875 0.5366724109375001 0.8631308531249999 0.54155014375 0.257208203125 0.49521169374999996 0.25829214375 0.49195987187499995 0.8587950921875
0 0.5382983218749999 0.8620469125 0.569190621875 0.8577111515625001 0.5732553984375001 0.35367889375 0.5399242328125 0.352594953125 0.5382983218749999 0.8620469125
0 0.5781331296875 0.8598790328125 0.5960181453125 0.8555432703125 0.599269965625 0.354762834375 0.5700035765625 0.350427071875 0.5781331296875 0.8598790328125
0 0.595205190625 0.8566272109374999 0.6236586234375 0.8566272109374999 0.6236586234375 0.350427071875 0.600082921875 0.3515110125 0.595205190625 0.8566272109374999
0 0.6228456687499999 0.8587950921875 0.6464213703125 0.8587950921875 0.6529250125 0.354762834375 0.6236586234375 0.354762834375 0.6228456687499999 0.8587950921875
0 0.640730684375 0.8598790328125 0.67406185 0.8620469125 0.6724359390625 0.352594953125 0.6447954609375001 0.352594953125 0.640730684375 0.8598790328125
0 0.6732488937500001 0.8566272109374999 0.7000764171875 0.8577111515625001 0.7041411937500001 0.3482591921875 0.6699970734375 0.34934313281249996 0.6732488937500001 0.8566272109374999
0 0.7008893734375 0.8631308531249999 0.73503349375 0.865298734375 0.7366594046875 0.3515110125 0.7033282390625 0.3439234296875 0.7008893734375 0.8631308531249999
0 0.72934280625 0.8620469125 0.7634869281250001 0.8555432703125 0.7659257937499999 0.350427071875 0.7334075828125 0.354762834375 0.72934280625 0.8620469125
0 0.7634869281250001 0.8555432703125 0.7878755859375 0.860962971875 0.7927533171875 0.33091614687500004 0.7642998828125 0.32658038437500003 0.7634869281250001 0.8555432703125
0 0.7878755859375 0.8674666140625 0.8081994671875 0.8674666140625 0.814703109375 0.327664325 0.7895014953125 0.327664325 0.7878755859375 0.8674666140625
0 0.804134690625 0.8555432703125 0.8350269906250001 0.860962971875 0.8464083640625001 0.2745512484375 0.8114512875000001 0.2745512484375 0.804134690625 0.8555432703125
0 0.83746585625 0.8598790328125 0.86835815625 0.8620469125 0.8789265734375 0.2767191296875 0.8399047218750001 0.2745512484375 0.83746585625 0.8598790328125
0 0.8691711109375 0.860962971875 0.8943727234375001 0.8587950921875 0.9081929625 0.354762834375 0.8781136187499999 0.352594953125 0.8691711109375 0.860962971875
0 0.8927468125000001 0.8631308531249999 0.926890934375 0.8631308531249999 0.9382723078125 0.35584677343750004 0.9025022765624999 0.34934313281249996 0.8927468125000001 0.8631308531249999
0 0.9260779781249999 0.85445933125 0.9561573234375 0.85445933125 0.9659127859375 0.3601825359375 0.9333945765625 0.3580146546875 0.9260779781249999 0.85445933125
0 0.9569702781249999 0.8577111515625001 0.98054598125 0.8598790328125 0.9911143984375 0.2897264140625 0.9634739203124999 0.29514611562500004 0.9569702781249999 0.8577111515625001
0 0.999747984375 0.286962365625 0.9911143984375 0.29189429375 0.9781071156250001 0.8566272109374999 0.999747984375 0.8598790328125 0.999747984375 0.6344086015625 0.999747984375 0.286962365625