0 0.18362166562499999 0.7052136359375 0.19463575625 0.183837840625 0.158887196875 0.18172359062500001 0.1487397046875 0.7052136359375 0.18362166562499999 0.7052136359375
0 0.1940015203125 0.7039450296875 0.2314203421875 0.7030993578125 0.23672129375 0.212560878125 0.2003437171875 0.20836323281250002 0.1940015203125 0.7039450296875
0 0.235225678125 0.7014079578125 0.27137606875000003 0.702253628125 0.27327869374999997 0.21597454843750002 0.2428362640625 0.2142831484375 0.235225678125 0.7014079578125
0 0.31894238124999996 0.18722065625 0.27996906250000003 0.18930939062500002 0.2783524609375 0.7030993578125 0.3106975578125 0.7064821593749999 0.3240161046875 0.7056364875 0.33733465156250003 0.7047907578125 0.3512874359375 0.700562228125 0.355726965625 0.19060347187499999 0.34367685 0.191449171875 0.33543202656250004 0.18722065625 0.3290898296875 0.18722065625 0.31894238124999996 0.18722065625
0 0.42295402343750005 0.19060347187499999 0.4172460625 0.18891205625000002 0.4096354765625 0.193140571875 0.4020248484375 0.18891205625000002 0.3963168875 0.18891205625000002 0.3912431625 0.19060347187499999 0.37411927968750003 0.192294871875 0.36080073281249997 0.1956776875 0.355726965625 0.698870828125 0.36967975000000003 0.6980251562500001 0.390608925 0.7014079578125 0.40329327812500004 0.6997165562500001 0.41344076875 0.698870828125 0.4280277484375 0.695488028125 0.4362725703125 0.1948319859375 0.42295402343750005 0.19060347187499999
0 0.4369068078125 0.6963337562499999 0.484473078125 0.6946422984375 0.484473078125 0.2269686953125 0.439009240625 0.2218614734375 0.4369068078125 0.6963337562499999
0 0.4889126078125 0.6980251562500001 0.51364711875 0.6963337562499999 0.5130129250000001 0.2142831484375 0.49062754374999995 0.21163081875 0.4889126078125 0.6980251562500001
0 0.5174524546875 0.6980251562500001 0.5517001359375 0.6980251562500001 0.5466264109375001 0.22104876562500003 0.5155497875 0.22020306406249998 0.5174524546875 0.6980251562500001
0 0.5815083703124999 0.22358587968750002 0.5491632734375 0.22104876562500003 0.554236996875 0.6980251562500001 0.58785056875 0.6980251562500001 0.5815083703124999 0.22358587968750002
0 0.6189271921875 0.2193573640625 0.5840452328125 0.22020306406249998 0.59038743125 0.6980251562500001 0.6287413843749999 0.6961918296875 0.6189271921875 0.2193573640625
0 0.6626882125 0.2227401796875 0.6290747265625 0.2193573640625 0.6379537 0.6963337562499999 0.674081784375 0.6952617703125 0.6626882125 0.2227401796875
0 0.7502102515625 0.697179428125 0.7343548 0.1601581640625 0.7254757390625 0.1567753625 0.7140598171875 0.1567753625 0.700741228125 0.1567753625 0.6880569171875 0.1567753625 0.6791778578125001 0.15762106250000002 0.6719891515625 0.159547484375 0.6842515828125 0.6980251562500001 0.6880569171875 0.700562228125 0.700741228125 0.7014079578125 0.7108887625 0.7014079578125 0.7184993484375 0.7014079578125 0.7280126015625 0.7030993578125 0.7362574671875 0.7014079578125 0.7451364421875 0.698870828125 0.7502102515625 0.697179428125
0 0.7452313390625 0.152107009375 0.75718664375 0.6929508984375 0.766699896875 0.6929508984375 0.78065268125 0.6937966265625 0.78953165625 0.6937966265625 0.7768473453125 0.1542382484375 0.7686024796875001 0.1525468484375 0.7641630359375 0.151701146875 0.7546496968749999 0.1508554328125 0.7452313390625 0.152107009375
0 0.83519534375 0.687876696875 0.845977071875 0.686185296875 0.8366096875 0.18093885468749998 0.8237794218750001 0.177072225 0.81172930625 0.177072225 0.8028502453125 0.177072225 0.7933369921875 0.176226525 0.7844579328125 0.179609340625 0.78065268125 0.180455040625 0.7914343234375 0.688722425 0.800947578125 0.687031025 0.8174372234374999 0.688722425 0.83519534375 0.687876696875
0 0.8884696171875 0.1939862859375 0.841537540625 0.191449171875 0.849782321875 0.687031025 0.90008625 0.686891234375 0.8884696171875 0.1939862859375