0 0.0602806328125 0.07727410625 0.0033737640625000004 0.08052592812500001 0.0602806328125 0.98344823125 0.1155615890625 0.98344823125 0.0602806328125 0.07727410625
0 0.1204393203125 0.0837777484375 0.069223140625 0.0837777484375 0.1163745453125 0.9780285296875 0.16840368125 0.980196409375 0.1204393203125 0.0837777484375
0 0.1952312046875 0.20301118593749998 0.12531705312500002 0.2008433046875 0.16271299374999998 0.9823642906250001 0.2285623703125 0.9736927671875 0.1952312046875 0.20301118593749998
0 0.24563442968750002 0.088113509375 0.1919793828125 0.08052592812500001 0.2277494140625 0.9769445890625 0.2789655953125 0.9736927671875 0.24563442968750002 0.088113509375
0 0.309044940625 0.08919745 0.2570158046875 0.088113509375 0.2870951484375 0.9856161109375 0.3383113296875 0.972608828125 0.309044940625 0.08919745
0 0.3610740765625 0.011153745312500001 0.313922671875 0.0122376859375 0.3407501953125 0.9758606484374999 0.3813979578125 0.9769445890625 0.3610740765625 0.011153745312500001
0 0.405786615625 0.0133216265625 0.35944816562500004 0.01006980625 0.3822109125 0.980196409375 0.421232765625 0.9758606484374999 0.405786615625 0.0133216265625
0 0.431801184375 0.23444545625000002 0.4065995703125 0.2366133359375 0.4220457203125 0.9812803499999999 0.43749187031250003 0.9769445890625 0.431801184375 0.23444545625000002
0 0.44806028906249995 0.2290257546875 0.4252975421875 0.2301096953125 0.43667891562500005 0.980196409375 0.45456393124999994 0.9758606484374999 0.44806028906249995 0.2290257546875
0 0.4659453046875 0.2301096953125 0.4439955125 0.2301096953125 0.4594416625 0.9758606484374999 0.4708230359375 0.9791124703125 0.4659453046875 0.2301096953125
0 0.4765137234375 0.015489507812500001 0.4659453046875 0.01982526875 0.4651323484375 0.9780285296875 0.4805784984375 0.9747767078124999 0.4765137234375 0.015489507812500001
0 0.48870805156249997 0.0165734484375 0.47407485625 0.0176573875 0.4781396328125 0.9758606484374999 0.49195987187499995 0.9758606484374999 0.48870805156249997 0.0165734484375
0 0.5301687687500001 0.020909209375 0.4935857828125 0.020909209375 0.48870805156249997 0.9747767078124999 0.5261039937499999 0.9715248875 0.5301687687500001 0.020909209375
0 0.5732553984375001 0.020909209375 0.530981725 0.0230770890625 0.5261039937499999 0.9758606484374999 0.561874025 0.9812803499999999 0.5732553984375001 0.020909209375
0 0.6017088312500001 0.11087625781249999 0.5708165328125 0.114128078125 0.5651258453125 0.9758606484374999 0.5878885921875 0.9780285296875 0.6017088312500001 0.11087625781249999
0 0.6366659078125 0.1097923171875 0.6017088312500001 0.1130441375 0.59195336875 0.9747767078124999 0.619593846875 0.9682730656249999 0.6366659078125 0.1097923171875
0 0.6724359390625 0.10545655625000001 0.6326011312500001 0.10654049531250001 0.6212197578125 0.9769445890625 0.6512991031250001 0.972608828125 0.6724359390625 0.10545655625000001
0 0.706580059375 0.025244970312499997 0.6732488937500001 0.025244970312499997 0.6512991031250001 0.9747767078124999 0.67893958125 0.9693570062499999 0.706580059375 0.025244970312499997
0 0.7439760015625 0.030664671875 0.706580059375 0.02958073125 0.6821914015625 0.9780285296875 0.7163355234375001 0.9769445890625 0.7439760015625 0.030664671875
0 0.7716164796875 0.2517885015625 0.73503349375 0.2517885015625 0.7228391640625 0.9747767078124999 0.7521055546875 0.9715248875 0.7716164796875 0.2517885015625
0 0.8122642421874999 0.24962062031249999 0.7716164796875 0.2507045609375 0.755357375 0.9715248875 0.783810809375 0.9715248875 0.8122642421874999 0.24962062031249999
0 0.85697678125 0.2507045609375 0.8114512875000001 0.2528724421875 0.7919403609375 0.970440946875 0.8268974375000001 0.9628533640624999 0.85697678125 0.2507045609375
0 0.9098188734375 0.25504032187500003 0.8586026921875 0.26046002343749997 0.8268974375000001 0.9682730656249999 0.87242293125 0.960685484375 0.9098188734375 0.25504032187500003
0 0.9529055015625 0.26046002343749997 0.9155095609374999 0.26371184531249997 0.880552484375 0.970440946875 0.9171354703124999 0.9671891265625 0.9529055015625 0.26046002343749997
0 0.999747984375 0.266801075 0.9569702781249999 0.2626279046875 0.921200246875 0.9671891265625 0.9569702781249999 0.9650212453125 0.999747984375 0.266801075
0 0.9968050859375 0.328748265625 0.9602221 0.9617694234374999 0.9878625781249999 0.9617694234374999 0.999747984375 0.7251344093750001 0.9968050859375 0.328748265625