0 0.067586609375 0.8367163218749999 0.10843020625 0.8367163218749999 0.1235245671875 0.2873478234375 0.082386375 0.2845643953125 0.067586609375 0.8367163218749999
0 0.16436816406250002 0.289715784375 0.1270761734375 0.2873478234375 0.11109388281250002 0.8367163218749999 0.15269887499999998 0.8353456453125 0.16436816406250002 0.289715784375
0 0.1599286265625 0.83553238125 0.203435959375 0.8379003421875 0.217642446875 0.269588059375 0.17613637499999998 0.2663352296875 0.1599286265625 0.83553238125
0 0.26381345624999997 0.267220078125 0.21941825 0.2624841375 0.204323890625 0.84145224375 0.2513316875 0.8418560625 0.26381345624999997 0.267220078125
0 0.252270703125 0.8438202046875001 0.2957780359375 0.8426362640624999 0.31353613125 0.2399884515625 0.2726925328125 0.23762049062499999 0.252270703125 0.8438202046875001
0 0.3037691828125 0.8438202046875001 0.3419490453125 0.8438202046875001 0.359730125 0.24159564531250002 0.318863540625 0.2399884515625 0.3037691828125 0.8438202046875001
0 0.38368057499999997 0.2956356859375 0.360595071875 0.2956356859375 0.3428369765625 0.8426362640624999 0.3694740890625 0.8426362640624999 0.38368057499999997 0.2956356859375
0 0.3703620203125 0.8438202046875001 0.3943353953125 0.8438202046875001 0.406605125 0.2962831453125 0.384568446875 0.29445170625 0.3703620203125 0.8438202046875001
0 0.3943353953125 0.840268303125 0.42629997656249996 0.8426362640624999 0.4413943359375 0.268404059375 0.40854188281250003 0.268404059375 0.3943353953125 0.840268303125
0 0.42807578125 0.8450042234374999 0.4591524296875 0.84618824375 0.47247098593750003 0.268404059375 0.4413943359375 0.267220078125 0.42807578125 0.8450042234374999
0 0.5044355078125 0.258932196875 0.4733589171875 0.258932196875 0.4591524296875 0.8532921265625 0.4915660625 0.8535748125 0.5044355078125 0.258932196875
0 0.492892815625 0.85210810625 0.5248573953125 0.85210810625 0.5384410625 0.2611268953125 0.5044355078125 0.2624841375 0.492892815625 0.85210810625
0 0.52752113125 0.850924165625 0.5577098484375 0.8532921265625 0.5665888078125 0.3228673125 0.5372880796875 0.32168333125 0.52752113125 0.850924165625
0 0.5994413796875 0.32405129375 0.5692525421875 0.32405129375 0.558597721875 0.85210810625 0.590198875 0.8509706453125 0.5994413796875 0.32405129375
0 0.5914501750000001 0.8497401453125001 0.6171994140625 0.85210810625 0.6269663624999999 0.2518282953125 0.60387075 0.2520123125 0.5914501750000001 0.8497401453125001
0 0.6171994140625 0.8473721843750001 0.64028491875 0.850924165625 0.6562672078125 0.253012275 0.628742225 0.2518282953125 0.6171994140625 0.8473721843750001
0 0.70421408125 0.8615800281249999 0.723747978125 0.8603960078125 0.7326269359375 0.247092353125 0.7175326359375 0.24472439218750003 0.70421408125 0.8615800281249999
0 0.7503850890625 0.2518282953125 0.7361786609375 0.2506443140625 0.7219721140625001 0.8592119890625 0.7396129375 0.8561789796875001 0.7503850890625 0.2518282953125
0 0.7885650125 0.24946031406250002 0.7521608328125 0.248276334375 0.7415060125 0.8592119890625 0.7786754375 0.8574810625 0.7885650125 0.24946031406250002
0 0.7965560984375 0.8603960078125 0.8311844140625 0.8615800281249999 0.8516061828125 0.247092353125 0.8196416015624999 0.24354041249999997 0.7965560984375 0.8603960078125
0 0.8995530546875001 0.31221145 0.8516061828125 0.30510756875 0.8302964234375001 0.8532921265625 0.8821910624999999 0.8535748125 0.8995530546875001 0.31221145
0 0.8906739781249999 0.8544760671875 0.9474998078124999 0.8568440265625 0.9603160624999999 0.3106060625 0.9031046625 0.30865950937500003 0.8906739781249999 0.8544760671875