0 0.1345013265625 0.771484375 0.1654181375 0.775824653125 0.1873853453125 0.1182725703125 0.15972293437500001 0.1171875 0.1345013265625 0.771484375
0 0.19714854843750002 0.16818576406250002 0.190722146875 0.1671006953125 0.16460453749999998 0.776909721875 0.21260695468750002 0.7823350703124999 0.243523765625 0.17144097187500001 0.19714854843750002 0.16818576406250002
0 0.27118617500000003 0.17361111093749998 0.24606068906249998 0.17144097187500001 0.21586135624999997 0.7834201390625 0.26630457343749997 0.7877604171875 0.2980349859375 0.17795138906250002 0.27118617500000003 0.17361111093749998
0 0.267118175 0.7942708328125 0.3012893875 0.7942708328125 0.3403422015625 0.15190972187500001 0.3029165875 0.14431423593749998 0.267118175 0.7942708328125
0 0.3045437875 0.7996961796875001 0.3395286015625 0.8040364578125001 0.378581415625 0.20833333281250002 0.338020325 0.20182291718749998 0.3045437875 0.7996961796875001
0 0.3915990203125 0.209418403125 0.383593240625 0.209418403125 0.3427830015625 0.8040364578125001 0.377767815625 0.8094618046875001 0.42414303125 0.2137586796875 0.3915990203125 0.209418403125
0 0.3915990203125 0.834418403125 0.40624382499999995 0.835503471875 0.465636646875 0.1150173609375 0.4509918421875 0.1106770828125 0.4396014375 0.1085069453125 0.4340489703125 0.1085069453125 0.376954215625 0.8311631953124999 0.3915990203125 0.834418403125
0 0.43878783749999994 0.8387586796875001 0.5030622609375001 0.1182725703125 0.4851630546875 0.112847221875 0.4731114703125 0.112847221875 0.4094982265625 0.8322482640625 0.42251583125 0.8365885421874999 0.43878783749999994 0.8387586796875001
0 0.4428558390625 0.835503471875 0.45750064375 0.8409288203124999 0.49167185625 0.8463541671874999 0.5046894609375 0.8409288203124999 0.5705910859375 0.1356336796875 0.5673366843750001 0.126953125 0.542115075 0.1204427078125 0.50647735625 0.1171875 0.4428558390625 0.835503471875
0 0.57483673125 0.1280381953125 0.5087574625 0.8409288203124999 0.5299110703125 0.8485243046875001 0.5453694765625 0.8517795140625 0.5616414828125 0.853949653125 0.5714046859375 0.8528645828125001 0.6405607109375 0.1378038203125 0.6226615046874999 0.13129340312499999 0.5909310921875 0.12912326406250002 0.57483673125 0.1280381953125
0 0.669850321875 0.15842013906250002 0.64807891875 0.15625 0.584422290625 0.8485243046875001 0.6527647156249999 0.8517795140625 0.721107140625 0.1692708328125 0.669850321875 0.15842013906250002
0 0.66252791875 0.8572048609375 0.7284295421875 0.8582899296875001 0.79921276875 0.17144097187500001 0.72620391875 0.16167534687500001 0.66252791875 0.8572048609375
0 0.8139284015625 0.24197048593749998 0.793749490625 0.24088541718749998 0.7301275703125001 0.8506944453124999 0.7398907734375 0.8528645828125001 0.752094778125 0.8528645828125001 0.8139284015625 0.24197048593749998
0 0.7756891875 0.8615451390625 0.8432180109375 0.24739583281250002 0.8326412078125 0.24088541718749998 0.818163553125 0.24088541718749998 0.7537219796875 0.8528645828125001 0.7618579828125001 0.859375 0.7756891875 0.8615451390625
0 0.8114876000000001 0.8669704859375 0.8847116265625001 0.1844618046875 0.8725076218750001 0.18120659687500001 0.8515294390625 0.18012152812499999 0.7813843890625 0.8626302078125001 0.79521559375 0.8658854171874999 0.8114876000000001 0.8669704859375
0 0.9343412453125 0.18337673593749998 0.8954747515625 0.18012152812499999 0.8171828015625 0.8767361109375 0.8367092093749999 0.8810763890625 0.8505404140625 0.8810763890625 0.9343412453125 0.18337673593749998
0 0.8887796281250001 0.883246528125 0.9733940593750001 0.1942274296875 0.956308453125 0.1888020828125 0.9367820468750001 0.185546875 0.8537948156249999 0.8799913203124999 0.870880421875 0.8810763890625 0.8887796281250001 0.883246528125