0 0.151049609375 0.2305165890625 0.0950816875 0.22336647968749998 0.0782414296875 0.7952768921875 0.13595525 0.7952768921875 0.151049609375 0.2305165890625
0 0.137731053125 0.798828871875 0.19469106249999998 0.7975852296875 0.2132029078125 0.22933258906249998 0.15548914687499998 0.22341268749999998 0.137731053125 0.798828871875
0 0.254261375 0.22987689531250002 0.21409083906249998 0.22814860937499998 0.1972206171875 0.798828871875 0.238064215625 0.8000128125 0.254261375 0.22987689531250002
0 0.23895214843749998 0.8023807734374999 0.280683678125 0.8000128125 0.2957780359375 0.23406852968749997 0.255822309375 0.23288455 0.23895214843749998 0.8023807734374999
0 0.28245948125 0.8023807734374999 0.3177379375 0.8014914796875001 0.332182096875 0.2305165890625 0.29844171249999996 0.226964628125 0.28245948125 0.8023807734374999
0 0.36769828437499996 0.23406852968749997 0.333070028125 0.2305165890625 0.317975609375 0.80356479375 0.35171599375 0.8023807734374999 0.36769828437499996 0.23406852968749997
0 0.34994019062500004 0.8059327546875 0.387073875 0.8040956453125 0.4005507375 0.289715784375 0.36858615625 0.2849798234375 0.34994019062500004 0.8059327546875
0 0.4232066875 0.2949810625 0.40143866875 0.293267725 0.3872321828125 0.798828871875 0.40942981562499997 0.7964609125 0.4232066875 0.2949810625
0 0.41209349062499995 0.8011968328125001 0.435902 0.8001893953125 0.44672174687500005 0.293267725 0.4245241734375 0.2908997640625 0.41209349062499995 0.8011968328125001
0 0.4837535625 0.2832623125 0.44760967812499997 0.2814278828125 0.43784272968750004 0.8011968328125001 0.4733589171875 0.8000128125 0.4837535625 0.2832623125
0 0.47513472187500005 0.80356479375 0.5267223125 0.8027935625 0.5364000890625 0.2423564125 0.49022907968749996 0.23880447187499998 0.47513472187500005 0.80356479375
0 0.5931285625 0.24289772968749998 0.5443912937500001 0.2399884515625 0.5328484812500001 0.8047487343749999 0.581683225 0.8047487343749999 0.5931285625 0.24289772968749998
0 0.5852348328125 0.8000128125 0.6302379375 0.8027935625 0.64206078125 0.30392358750000004 0.5950017812499999 0.3015556265625 0.5852348328125 0.8000128125
0 0.6907848125 0.3040956453125 0.6447243968749999 0.3015556265625 0.631405840625 0.8023807734374999 0.676688978125 0.8011968328125001 0.6907848125 0.3040956453125
0 0.6837921921875 0.8071167750000001 0.7239879375 0.8053977296875001 0.7415060125 0.258932196875 0.6997744828125 0.2565642359375 0.6837921921875 0.8071167750000001
0 0.7947803546875 0.2624841375 0.7562145 0.2598248125 0.7272995843750001 0.8059327546875 0.7672552515625 0.8047487343749999 0.7947803546875 0.2624841375
0 0.785511375 0.8053977296875001 0.8223053374999999 0.809484734375 0.8507183109374999 0.269588059375 0.8116505171874999 0.2648521171875 0.785511375 0.8053977296875001
0 0.8817949015625001 0.30865950937500003 0.8489424484375 0.30510756875 0.8445029703125 0.8047487343749999 0.875579559375 0.8047487343749999 0.8817949015625001 0.30865950937500003
0 0.9251598124999999 0.3066998125 0.892449721875 0.3062915484375 0.8835707640624999 0.8059327546875 0.9181989609375 0.8071167750000001 0.9251598124999999 0.3066998125