0 0.1178425125 0.8168278125 0.14891916249999998 0.8168278125 0.0965328125 0.3278424296875 0.06480825 0.3301373125 0.1178425125 0.8168278125
0 0.14891916249999998 0.8203797140625 0.17999581250000002 0.8180117546875 0.12926137499999998 0.3236268953125 0.0965328125 0.32665845 0.14891916249999998 0.8203797140625
0 0.1595740421875 0.36217797812499997 0.13560060625 0.3645459390625 0.18088374375 0.8180117546875 0.203480125 0.8145123125 0.1595740421875 0.36217797812499997
0 0.20308131562499998 0.821563734375 0.22616682031250002 0.8191957734375 0.18394887499999998 0.3613873125 0.1595740421875 0.36336195937500004 0.20308131562499998 0.821563734375
0 0.25546766718749997 0.8203797140625 0.280329034375 0.8168278125 0.25014025625 0.3467861953125 0.18798695781250002 0.3491541546875 0.22883055625 0.8168278125 0.25546766718749997 0.8203797140625
0 0.28121690625 0.81327583125 0.29098385625 0.81564379375 0.3025266078125 0.6889575406249999 0.3327153859375 0.304162784375 0.3185088984375 0.29824284218749997 0.28121690625 0.81327583125
0 0.3558008890625 0.29232294062499997 0.33715492343750003 0.2899549796875 0.293647590625 0.81564379375 0.314069359375 0.821563734375 0.3558008890625 0.29232294062499997
0 0.314069359375 0.8144598515625001 0.3336032578125 0.8203797140625 0.3841441875 0.2897727296875 0.3575766921875 0.2840350390625 0.314069359375 0.8144598515625001
0 0.4064114359375 0.2899549796875 0.3859896671875 0.286403 0.3353790609375 0.8144598515625001 0.3568004375 0.8210227296875001 0.4064114359375 0.2899549796875
0 0.3558008890625 0.8180117546875 0.3717831796875 0.8227477546875 0.422230125 0.3366477296875 0.4028598296875 0.333762371875 0.3558008890625 0.8180117546875
0 0.44015182187499996 0.3384982921875 0.4250574625 0.333762371875 0.3753347875 0.8191957734375 0.3886533421875 0.8227477546875 0.44015182187499996 0.3384982921875
0 0.39309288124999997 0.81564379375 0.4188421203125 0.8239316953125 0.47833174375 0.2733791765625 0.4508066421875 0.26627529375000003 0.39309288124999997 0.81564379375
0 0.41972999218749996 0.8227477546875 0.44370342812499997 0.8334035375 0.509408334375 0.2686432546875 0.48099535937500004 0.2627233328125 0.41972999218749996 0.8227477546875
0 0.45169457343749997 0.8120918921875001 0.473004275 0.8203797140625 0.5403941875 0.3197206453125 0.5138479328125001 0.31481860625 0.45169457343749997 0.8120918921875001
0 0.543148659375 0.31481860625 0.5404850437500001 0.31481860625 0.47478007812499995 0.81564379375 0.4876598125 0.8184185625 0.543148659375 0.31481860625
0 0.5999746078125 0.311266665625 0.54581239375 0.302978803125 0.4827712234375 0.85826724375 0.5360454453125 0.8724750078125 0.5999746078125 0.311266665625
0 0.560018940625 0.8191957734375 0.608853684375 0.8286676171874999 0.6789980703125 0.3100826859375 0.6282848125 0.2988873125 0.560018940625 0.8191957734375
0 0.7562457874999999 0.1372210421875 0.702971565625 0.130117140625 0.6115173 0.8499793421874999 0.6550246937499999 0.85826724375 0.7562457874999999 0.1372210421875
0 0.817511215625 0.1324851 0.7606852671875 0.130117140625 0.6612400359375 0.842875459375 0.7083629375 0.8522727296875001 0.817511215625 0.1324851
0 0.7145142578125 0.8227477546875 0.7562457874999999 0.8274836765625 0.8432604546875 0.2970588625 0.798865190625 0.286403 0.7145142578125 0.8227477546875
0 0.7589095234375 0.8203797140625 0.8006410531249999 0.8274836765625 0.8965346765625 0.29232294062499997 0.8509410624999999 0.2832623125 0.7589095234375 0.8203797140625
0 0.94803315625 0.2828510578125 0.8983104203125001 0.27574717656250003 0.8206676249999999 0.8223248125 0.8610184890625 0.8286676171874999 0.94803315625 0.2828510578125