0 0.0724749609375 0.13905870625 0.007438540624999999 0.1347229453125 0.027762421875 0.8707184359375001 0.0879211109375 0.8620469125 0.0724749609375 0.13905870625
0 0.1180004546875 0.0046501046875 0.0651583640625 0.0024822234374999998 0.0862952 0.8696344953124999 0.14076320312499999 0.8674666140625 0.1180004546875 0.0046501046875
0 0.161087084375 0.020909209375 0.12287818749999999 0.0165734484375 0.1383243359375 0.8696344953124999 0.18059800937499998 0.8674666140625 0.161087084375 0.020909209375
0 0.2057996234375 0.126051421875 0.16352595 0.1303871828125 0.1773461890625 0.872886315625 0.2155550859375 0.8707184359375001 0.2057996234375 0.126051421875
0 0.24644738593749999 0.1466462890625 0.20823848906250003 0.14447840781250001 0.2204328171875 0.8696344953124999 0.248073296875 0.872886315625 0.24644738593749999 0.1466462890625
0 0.2854692375 0.1303871828125 0.23425305624999998 0.136890825 0.24644738593749999 0.865298734375 0.2854692375 0.866382675 0.2854692375 0.1303871828125
0 0.3204263140625 0.16398933437500002 0.2846562828125 0.16182145312500001 0.2846562828125 0.8685505546875 0.3122967609375 0.8642147937500001 0.3204263140625 0.16398933437500002
0 0.3537574796875 0.0274128515625 0.3131097171875 0.0263289109375 0.318800403125 0.8685505546875 0.3561963453125 0.8674666140625 0.3537574796875 0.0274128515625
0 0.4065995703125 0.1336390046875 0.354570434375 0.126051421875 0.3529445234375 0.8696344953124999 0.4090384359375 0.87397025625 0.4065995703125 0.1336390046875
0 0.4626934828125 0.040420135937500004 0.40822548125 0.0382522546875 0.4098513921875 0.8761381374999999 0.4602546171875 0.872886315625 0.4626934828125 0.040420135937500004
0 0.523665128125 0.15098205 0.4626934828125 0.147730228125 0.4659453046875 0.8685505546875 0.5220392171875 0.8696344953124999 0.523665128125 0.15098205
0 0.5716294875 0.0371683140625 0.523665128125 0.0393361953125 0.523665128125 0.8674666140625 0.5675647109375 0.8642147937500001 0.5716294875 0.0371683140625
0 0.61227725 0.061015001562500004 0.5708165328125 0.056679240625 0.558622203125 0.8674666140625 0.6041476984374999 0.866382675 0.61227725 0.061015001562500004
0 0.670810028125 0.05234347968750001 0.6090254296875 0.044755896875 0.6008958765625 0.8707184359375001 0.65780274375 0.865298734375 0.670810028125 0.05234347968750001
0 0.7041411937500001 0.08052592812500001 0.670810028125 0.08052592812500001 0.6529250125 0.860962971875 0.6862561781250001 0.860962971875 0.7041411937500001 0.08052592812500001
0 0.724465075 0.0490916578125 0.6984505078125001 0.0458398375 0.6846302671875 0.866382675 0.7130837015625 0.8631308531249999 0.724465075 0.0490916578125
0 0.7521055546875 0.046923776562500005 0.7236521203125 0.0458398375 0.709018925 0.8642147937500001 0.72934280625 0.8620469125 0.7521055546875 0.046923776562500005
0 0.7764942109375 0.1780805578125 0.7456019125 0.17699661718749998 0.727716896875 0.866382675 0.7537314640624999 0.8620469125 0.7764942109375 0.1780805578125
0 0.814703109375 0.16398933437500002 0.7699905703125001 0.16182145312500001 0.7577962406250001 0.8642147937500001 0.79681809375 0.865298734375 0.814703109375 0.16398933437500002
0 0.8886820375 0.0599310609375 0.8642933796875001 0.06209894218749999 0.8464083640625001 0.8598790328125 0.869984065625 0.860962971875 0.8886820375 0.0599310609375
0 0.9236391125000001 0.1910878421875 0.8870561265625 0.18891996093750002 0.8634804234375 0.8587950921875 0.906567053125 0.85445933125 0.9236391125000001 0.1910878421875
0 0.9553443671874999 0.0230770890625 0.9293298 0.0241610296875 0.9073800078125001 0.8598790328125 0.9277038890625 0.8631308531249999 0.9553443671874999 0.0230770890625
0 0.98054598125 0.090281390625 0.9488407265625 0.088113509375 0.931768665625 0.8598790328125 0.9569702781249999 0.8587950921875 0.98054598125 0.090281390625
0 0.999747984375 0.059139784375000004 0.9862366671875 0.0599310609375 0.9585961890625001 0.8587950921875 0.9919273546875 0.8555432703125 0.999747984375 0.059139784375000004