0 0.08258215937499999 0.7551559921875 0.10921930937499999 0.7581159765625001 0.1417758046875 0.1917769921875 0.11504203125000001 0.18939394062499998 0.08258215937499999 0.7551559921875
0 0.11217898125 0.7561426765625 0.138076190625 0.75910259375 0.167939165625 0.19590435781249999 0.1425156984375 0.1927636421875 0.11217898125 0.7561426765625
0 0.1987496734375 0.196710259375 0.1698927421875 0.19473695156249998 0.1388161328125 0.7600892765625 0.1713726296875 0.7630491953125 0.1987496734375 0.196710259375
0 0.23130616874999999 0.19967021875 0.20318918125000002 0.196710259375 0.1735923578125 0.7600892765625 0.206888796875 0.7610758953125 0.23130616874999999 0.19967021875
0 0.2609029421875 0.2716959046875 0.2298263328125 0.2667626359375 0.20984846875000002 0.7650224953125 0.2438848015625 0.764035878125 0.2609029421875 0.2716959046875
0 0.2927195453125 0.2716959046875 0.26238282812499997 0.2687359375 0.24610458125 0.7669958625 0.280243853125 0.765565815625 0.2927195453125 0.2716959046875
0 0.28088080625 0.7669958625 0.3200965890625 0.7699557796875001 0.3341550578125 0.20460348750000001 0.29570609375 0.2024147734375 0.28088080625 0.7669958625
0 0.3718910046875 0.20657678750000003 0.33563489375 0.20460348750000001 0.32527604062500004 0.7699557796875001 0.3624378640625 0.7688210234375 0.3718910046875 0.20657678750000003
0 0.367451496875 0.7689691625 0.4074071734375 0.7709424625 0.41406646093750005 0.2095367546875 0.374850678125 0.20657678750000003 0.367451496875 0.7689691625
0 0.4532822453125 0.2115100546875 0.41480640468749996 0.2095367546875 0.41533499999999995 0.7731613015625001 0.4540221375 0.7699557796875001 0.4532822453125 0.2115100546875
0 0.464381040625 0.7768623640625 0.5102561125 0.77587568125 0.503596875 0.21742997343749998 0.45624191718749996 0.21447000625 0.464381040625 0.7768623640625
0 0.5331935984375 0.23124312656249998 0.5058165546875 0.23124312656249998 0.513955678125 0.7798223484375 0.542288125 0.77967171875 0.5331935984375 0.23124312656249998
0 0.5428126078125 0.7798223484375 0.5701896515625 0.780808965625 0.561819375 0.2338817890625 0.535413378125 0.23124312656249998 0.5428126078125 0.7798223484375
0 0.57240943125 0.7827822656250001 0.6049659265625 0.7827822656250001 0.600068071875 0.2110953296875 0.5775888828125 0.21052340468750003 0.57388921875 0.2154566734375 0.5709295453125 0.220389940625 0.57240943125 0.7827822656250001
0 0.6330828656249999 0.2154566734375 0.6012663625 0.21742997343749998 0.610885271875 0.78574225 0.644013384375 0.785097065625 0.6330828656249999 0.2154566734375
0 0.6478813265625 0.7867288671875 0.6759982640625 0.7847555671875 0.6643584375 0.2219460234375 0.6360425375000001 0.22137659062499998 0.6478813265625 0.7867288671875
0 0.6900567328125 0.2223632421875 0.664159575 0.2223632421875 0.67747815 0.78574225 0.7055950875 0.78574225 0.6900567328125 0.2223632421875
0 0.7107745390625 0.7877155515625 0.7411112546874999 0.7877155515625 0.7237659890625 0.27185921875 0.695236184375 0.2736692046875 0.7107745390625 0.7877155515625
0 0.736671696875 0.27268255468749997 0.7263128937500001 0.2746558546875 0.7462907078125001 0.788702234375 0.7551697234375 0.790675534375 0.765528628125 0.7896888515625 0.77440764375 0.788702234375 0.7529499453125 0.2736692046875 0.736671696875 0.27268255468749997
0 0.78920610625 0.7985687375 0.8284218390625 0.7946221359375001 0.806224246875 0.22729650937499998 0.771447971875 0.22137659062499998 0.78920610625 0.7985687375
0 0.83064161875 0.7946221359375001 0.8661577875 0.7936354531250001 0.85209931875 0.23124312656249998 0.8173230437499999 0.229269809375 0.83064161875 0.7946221359375001