0 0.1741351125 0.8840756937500001 0.21853031875 0.8852596343749999 0.203435959375 0.2956356859375 0.15172231249999998 0.2936789796875 0.1741351125 0.8840756937500001
0 0.25937391718749997 0.298003646875 0.21231503593749998 0.298003646875 0.231848934375 0.8852596343749999 0.2735804046875 0.8840756937500001 0.25937391718749997 0.298003646875
0 0.2762441390625 0.881707734375 0.3233030796875 0.8840756937500001 0.3197514125 0.31339547031250004 0.26647719062499997 0.31102746875 0.2762441390625 0.881707734375
0 0.3756894296875 0.31339547031250004 0.3241909515625 0.31339547031250004 0.3277425578125 0.8840756937500001 0.3782848125 0.8822206453125 0.3756894296875 0.31339547031250004
0 0.38101684062499996 0.8828916734375 0.40587814843750003 0.8852596343749999 0.4114879375 0.3184185625 0.3774652328125 0.31931537187500003 0.38101684062499996 0.8828916734375
0 0.44405807187499996 0.31931537187500003 0.41475722499999995 0.31931537187500003 0.41120561875000006 0.8852596343749999 0.43980825 0.8848248125 0.44405807187499996 0.31931537187500003
0 0.4431701390625 0.888811615625 0.4884533359375 0.8852596343749999 0.494668559375 0.31931537187500003 0.44583387500000005 0.31931537187500003 0.4431701390625 0.888811615625
0 0.4893412078125 0.8864436546875 0.5346243453125 0.888811615625 0.5461670375 0.3204993515625 0.49555655 0.3204993515625 0.4893412078125 0.8864436546875
0 0.5683646703125 0.3228673125 0.5461670375 0.32168333125 0.5381759515625 0.8876276750000001 0.560902 0.8874289796875001 0.5683646703125 0.3228673125
0 0.5630372 0.8899956359375001 0.5834590890625 0.892363596875 0.5950816875 0.3210227296875 0.5701405328125 0.32168333125 0.5630372 0.8899956359375001
0 0.6482761234375001 0.2826118625 0.6003292515624999 0.2802439015625 0.5887864390625 0.8959154968749999 0.6302379375 0.8926373125 0.6482761234375001 0.2826118625
0 0.6322938328125 0.8935475359374999 0.6722494984375 0.8911795765624999 0.6966441875 0.2819602296875 0.6509397390625 0.2814278828125 0.6322938328125 0.8935475359374999
0 0.7264117125 0.32405129375 0.6953350031250001 0.32405129375 0.673137371875 0.8864436546875 0.70421408125 0.8852596343749999 0.7264117125 0.32405129375
0 0.7699189875 0.31931537187500003 0.7272995843750001 0.318131390625 0.7139810296875 0.8852596343749999 0.7530488234375 0.8840756937500001 0.7699189875 0.31931537187500003
0 0.7699189875 0.9006514984375 0.8249690718749999 0.8994674781249999 0.8365117640624999 0.267220078125 0.7825816875 0.2676373125 0.7699189875 0.9006514984375
0 0.8880102437499999 0.3204993515625 0.8445029703125 0.3204993515625 0.8329601578125001 0.9006514984375 0.8724254374999999 0.8991477296875001 0.8880102437499999 0.3204993515625
0 0.875579559375 0.8982834578125001 0.919086953125 0.8959154968749999 0.9329723124999999 0.3197206453125 0.8888981156250001 0.32168333125 0.875579559375 0.8982834578125001