0 0.135302415625 0.2658420140625 0.09143829375 0.2647569453125 0.0929952 0.863715278125 0.137743215625 0.863715278125 0.135302415625 0.2658420140625
0 0.1841184328125 0.26909722187499996 0.141894021875 0.26801215312500004 0.1418112171875 0.8626302078125001 0.185745634375 0.863715278125 0.1841184328125 0.26909722187499996
0 0.23456165156250003 0.2712673609375 0.1923497515625 0.2701822921875 0.1955088375 0.8626302078125001 0.23700245312499998 0.859375 0.23456165156250003 0.2712673609375
0 0.274428065625 0.25390625 0.2614104625 0.2549913203125 0.24920645624999999 0.2549913203125 0.239550271875 0.2549913203125 0.23700245312499998 0.8626302078125001 0.24676565625000002 0.864800346875 0.25652885937500003 0.8669704859375 0.27198726562500003 0.8658854171874999 0.28012326875000004 0.8615451390625 0.28093686875 0.25390625 0.274428065625 0.25390625
0 0.3281256859375 0.2517361109375 0.3118536796875 0.2528211796875 0.3020904765625 0.25390625 0.2875645953125 0.2528211796875 0.28012326875000004 0.8658854171874999 0.2850048703125 0.863715278125 0.2931408734375 0.869140625 0.3110400796875 0.8713107640625 0.323244084375 0.8680555546875001 0.3346344875 0.25390625 0.3281256859375 0.2517361109375
0 0.38263690625 0.2766927078125 0.344530740625 0.2745225703125 0.3338208875 0.8615451390625 0.37206010156249997 0.8615451390625 0.38263690625 0.2766927078125
0 0.4200625203125 0.27777777812500004 0.386034646875 0.2766927078125 0.373687303125 0.8604600703124999 0.4111129171875 0.8615451390625 0.4200625203125 0.27777777812500004
0 0.4469113296875 0.30707465312500004 0.42346954375 0.3059895828125 0.41518091874999996 0.8658854171874999 0.43470732500000003 0.864800346875 0.4469113296875 0.30707465312500004
0 0.4688785375 0.3059895828125 0.4486974078125 0.3049045140625 0.4371481265625 0.8669704859375 0.459928934375 0.8669704859375 0.4688785375 0.3059895828125
0 0.5063041515625 0.2799479171875 0.4755528765625 0.2799479171875 0.4648105359375 0.863715278125 0.494913746875 0.8626302078125001 0.5063041515625 0.2799479171875
0 0.5429161640625 0.2799479171875 0.513626553125 0.2799479171875 0.49816814843749996 0.8626302078125001 0.5282713593749999 0.8626302078125001 0.5429161640625 0.2799479171875
0 0.58929138125 0.18988715312499999 0.55530548125 0.1888020828125 0.5364073625 0.8984375 0.569764975 0.9016927078125001 0.58929138125 0.18988715312499999
0 0.597427384375 0.33203125 0.586229959375 0.33203125 0.572205775 0.893012153125 0.5835961796875 0.894097221875 0.597427384375 0.33203125
0 0.6088177890625001 0.27886284687499996 0.6016922 0.2799479171875 0.5844097796875001 0.87890625 0.5949865828124999 0.87890625 0.6088177890625001 0.27886284687499996
0 0.62346259375 0.2810329859375 0.612072190625 0.283203125 0.596613784375 0.8799913203124999 0.6055633874999999 0.8767361109375 0.62346259375 0.2810329859375
0 0.6494978031249999 0.20182291718749998 0.632616678125 0.19965277812499999 0.612885790625 0.8810763890625 0.6283441953125 0.8821614578125001 0.6494978031249999 0.20182291718749998
0 0.6364801984375 0.8799913203124999 0.6405482 0.8799913203124999 0.6535658046874999 0.8810763890625 0.6755330125000001 0.2039930546875 0.6673970109375 0.20290798593749998 0.657030740625 0.20182291718749998 0.6364801984375 0.8799913203124999
0 0.699941021875 0.35698784687499996 0.6733067828125 0.35698784687499996 0.6543794046875 0.87890625 0.682855415625 0.8756510421874999 0.699941021875 0.35698784687499996
0 0.733298634375 0.35698784687499996 0.705858865625 0.35698784687499996 0.6885506171875 0.8810763890625 0.717026628125 0.87890625 0.733298634375 0.35698784687499996
0 0.7739786484375 0.3548177078125 0.7441075640625 0.35698784687499996 0.7300442328125001 0.8810763890625 0.7552658421875 0.87890625 0.7739786484375 0.3548177078125
0 0.7734044390625 0.31792534687499996 0.75689304375 0.874565971875 0.7796738515625 0.8723958328125001 0.7983866578125001 0.3190104171875 0.79431865625 0.31792534687499996 0.79187785625 0.31792534687499996 0.783741853125 0.31792534687499996 0.7734044390625 0.31792534687499996
0 0.8040818609375 0.8875868046875001 0.8073362609375 0.8908420140625 0.8317442703125 0.8919270828125001 0.834998671875 0.888671875 0.8512706765625 0.3309461796875 0.8165359499999999 0.32769097187499996 0.8040818609375 0.8875868046875001
0 0.8604812624999999 0.3298611109375 0.8455754750000001 0.893012153125 0.8569658796875 0.8962673609375 0.869169884375 0.8962673609375 0.8773058859375 0.894097221875 0.8952050937499999 0.3309461796875 0.8732378859375001 0.3309461796875 0.8604812624999999 0.3298611109375