0 0.1954413734375 0.7581018515625 0.21062857968749998 0.7581018515625 0.137946953125 0.35445601875 0.1179250078125 0.3551793984375 0.1954413734375 0.7581018515625
0 0.21984938281250002 0.754484953125 0.24479979218749998 0.7552083328125 0.1769997671875 0.35590277812500004 0.1461368140625 0.35590277812500004 0.21984938281250002 0.754484953125
0 0.21984938281250002 0.38628472187499996 0.222561384375 0.379050925 0.21767978281249997 0.3508391203125 0.1851993140625 0.3515625 0.25239339375 0.7530381953124999 0.2778862046875 0.751591434375 0.21984938281250002 0.38628472187499996
0 0.28547980625 0.760271990625 0.3039214140625 0.757378471875 0.242630190625 0.3841145828125 0.221549140625 0.3870081015625 0.28547980625 0.760271990625
0 0.2702926015625 0.3848379625 0.247048271875 0.38773148125 0.3060910140625 0.7624421296875 0.31639661874999997 0.7624421296875 0.32615982187500003 0.7595486109375 0.2702926015625 0.3848379625
0 0.3408046265625 0.7638888890625 0.35165263125 0.7609953703125 0.29741261093750004 0.353009259375 0.270377265625 0.3537326390625 0.26866540156249996 0.35445601875 0.327787021875 0.7638888890625 0.3408046265625 0.7638888890625
0 0.31748141875 0.3602430546875 0.30130174374999996 0.3602430546875 0.35273743125 0.7703993046875001 0.3820270421875 0.7703993046875001 0.334295825 0.358796296875 0.31748141875 0.3602430546875
0 0.38582384375 0.7696759265625001 0.41619825468749994 0.768952546875 0.376603040625 0.3580729171875 0.3419918484375 0.358796296875 0.38582384375 0.7696759265625001
0 0.4237918578125 0.7421875 0.446030265625 0.7400173609375 0.41945265625 0.3993055546875 0.394075315625 0.40219907499999996 0.4237918578125 0.7421875
0 0.45199666718750003 0.7371238421874999 0.47315027499999995 0.734953703125 0.448199865625 0.3971354171875 0.42608473125 0.3993055546875 0.45199666718750003 0.7371238421874999
0 0.4769470765625 0.7364004625 0.497015884375 0.7356770828125 0.47911667812500003 0.39496527812500004 0.45429653593749997 0.3971354171875 0.4769470765625 0.7364004625
0 0.5002702859375 0.7356770828125 0.5208814921875 0.734953703125 0.5062366875000001 0.3956886578125 0.48250834062500003 0.3964120375 0.5002702859375 0.7356770828125
0 0.5344414984375 0.3993055546875 0.509635078125 0.398582175 0.5105758890625001 0.400752315625 0.5252206937499999 0.7371238421874999 0.5436623015625 0.7356770828125 0.5344414984375 0.3993055546875
0 0.5599343078125 0.3956886578125 0.5394744874999999 0.3956886578125 0.5376958984375 0.3971354171875 0.5463743015625 0.732783565625 0.5631887078125 0.732783565625 0.5599343078125 0.3956886578125
0 0.5615615078125 0.76171875 0.5859695171875 0.763165509375 0.5870543171875 0.3479456015625 0.5628034796875 0.3493923609375 0.5615615078125 0.76171875
0 0.5870543171875 0.76171875 0.609292725 0.76171875 0.6147167265625 0.34722222187499996 0.5910152859375 0.3493923609375 0.5870543171875 0.76171875
0 0.610377525 0.76461226875 0.633700734375 0.763165509375 0.6488879390625 0.34866898125 0.6203121609375 0.3493923609375 0.610377525 0.76461226875
0 0.6369551359375001 0.7638888890625 0.66027834375 0.7624421296875 0.6815277328125 0.3479456015625 0.652321709375 0.34866898125 0.6369551359375001 0.7638888890625
0 0.6657985296875 0.7682291671875 0.692376140625 0.7653356484375 0.71841135 0.380497684375 0.6859588624999999 0.3819444453125 0.6657985296875 0.7682291671875
0 0.6956305421875 0.75882523125 0.72003855 0.7559317125 0.7525825625 0.3732638890625 0.720681084375 0.3747106484375 0.6956305421875 0.75882523125
0 0.728174553125 0.760271990625 0.7498705609375 0.75882523125 0.7840417734375 0.381221065625 0.7570309109375 0.3819444453125 0.728174553125 0.760271990625
0 0.8192977859375 0.3776041671875 0.7906680640625 0.378327546875 0.7525825625 0.7566550921874999 0.76939696875 0.75882523125 0.7759057703125001 0.754484953125 0.8192977859375 0.3776041671875
0 0.7818721734375 0.75882523125 0.8019409796874999 0.7609953703125 0.850214596875 0.379050925 0.8221350781250001 0.378327546875 0.7818721734375 0.75882523125
0 0.80465298125 0.757378471875 0.8252641890625 0.7595486109375 0.8789618078125001 0.3761574078125 0.852517021875 0.378327546875 0.80465298125 0.757378471875
0 0.8344849921874999 0.76171875 0.8594354015624999 0.76171875 0.923438625 0.361689815625 0.8921220562500001 0.363136575 0.8344849921874999 0.76171875
0 0.9624914390624999 0.359519675 0.931727090625 0.3624131953125 0.8664866046874999 0.757378471875 0.8762498078125001 0.760271990625 0.8898098125 0.7581018515625 0.9624914390624999 0.359519675