0 0.1043470625 0.27886284687499996 0.080858865625 0.2810329859375 0.1255006703125 0.9657118046875001 0.15234948125 0.962456596875 0.1043470625 0.27886284687499996
0 0.13050079375 0.283203125 0.1678078859375 0.9288194453124999 0.17919829062499998 0.927734375 0.1767574890625 0.9201388890625 0.15316308125 0.37109375 0.1580446828125 0.36675347187499996 0.15479028125 0.283203125 0.13050079375 0.283203125
0 0.17919829062499998 0.3689236109375 0.15479028125 0.3721788203125 0.17919829062499998 0.9581163203124999 0.2036063 0.9548611109375 0.17919829062499998 0.3689236109375
0 0.2076743 0.3700086796875 0.1825841265625 0.3700086796875 0.20523349999999999 0.962456596875 0.23208230937500002 0.961371528125 0.2076743 0.3700086796875
0 0.2247599078125 0.2951388890625 0.21676381406249998 0.2951388890625 0.2377775109375 0.9559461796875001 0.249167915625 0.9559461796875001 0.2247599078125 0.2951388890625
0 0.23859111249999998 0.2951388890625 0.22815704375 0.2962239578125 0.25079511718749997 0.9559461796875001 0.2629991203125 0.9548611109375 0.23859111249999998 0.2951388890625
0 0.25567671875000003 0.29730902812500004 0.24361928281249998 0.2962239578125 0.263812721875 0.9537760421874999 0.2784575265625 0.9505208328125001 0.25567671875000003 0.29730902812500004
0 0.272762325 0.2962239578125 0.2582677203125 0.29730902812500004 0.28008472812499996 0.9548611109375 0.2939159328125 0.952690971875 0.272762325 0.2962239578125
0 0.317510340625 0.341796875 0.279426575 0.341796875 0.299611134375 0.9581163203124999 0.331341546875 0.952690971875 0.317510340625 0.341796875
0 0.35574955468749997 0.3407118046875 0.3207647421875 0.3407118046875 0.33215514687500003 0.9385850703124999 0.3638855578125 0.9396701390625 0.35574955468749997 0.3407118046875
0 0.3972431703125 0.3396267359375 0.361620584375 0.3396267359375 0.367139959375 0.9396701390625 0.399683971875 0.9385850703124999 0.3972431703125 0.3396267359375
0 0.4387367859375 0.3396267359375 0.40312449062500005 0.3396267359375 0.40375197343749997 0.95703125 0.437109584375 0.9559461796875001 0.4387367859375 0.3396267359375
0 0.45419519062499997 0.9559461796875001 0.46233119375 0.952690971875 0.4672127953125 0.248480903125 0.44361838750000004 0.248480903125 0.4403639859375 0.9537760421874999 0.45419519062499997 0.9559461796875001
0 0.4794168 0.9548611109375 0.48999360468750003 0.951605903125 0.49812960625 0.24739583281250002 0.4755528765625 0.24739583281250002 0.46639919531249996 0.952690971875 0.4794168 0.9548611109375
0 0.5656584312499999 0.3342013890625 0.50403595 0.3342013890625 0.49080720468749994 0.91796875 0.547759225 0.9168836796875001 0.5656584312499999 0.3342013890625
0 0.5656584312499999 0.913628471875 0.6112200484375 0.9114583328125001 0.6372552578125 0.33203125 0.5756505328125 0.33203125 0.556708828125 0.9092881953124999 0.5656584312499999 0.913628471875
0 0.6682711453125 0.36675347187499996 0.6407547 0.36566840312500004 0.6145735265625001 0.8854166671874999 0.6332863328125 0.883246528125 0.6682711453125 0.36675347187499996
0 0.6414223359375 0.8821614578125001 0.66013514375 0.87890625 0.6943063546875 0.3645833328125 0.6682711453125 0.3645833328125 0.635727134375 0.8799913203124999 0.6414223359375 0.8821614578125001
0 0.720341565625 0.361328125 0.69690704375 0.3602430546875 0.66176234375 0.874565971875 0.6812887515625 0.874565971875 0.720341565625 0.361328125
0 0.7447495734375 0.361328125 0.720507303125 0.3602430546875 0.6829159515625001 0.873480903125 0.704883159375 0.873480903125 0.7447495734375 0.361328125
0 0.76427598125 0.35590277812500004 0.747362771875 0.35590277812500004 0.7089511609375 0.863715278125 0.7252231671875 0.863715278125 0.76427598125 0.35590277812500004
0 0.7520719765625 0.8713107640625 0.7919383921875001 0.35590277812500004 0.7870567890625 0.3548177078125 0.7725906375 0.3548177078125 0.7349863703125 0.8713107640625 0.7520719765625 0.8713107640625
0 0.858653615625 0.2647569453125 0.8155328000000001 0.2625868046875 0.7675303828125 0.8995225703124999 0.806583196875 0.8995225703124999 0.858653615625 0.2647569453125
0 0.908283234375 0.2615017359375 0.8678054812499999 0.25824652812500004 0.8155328000000001 0.8973524296875001 0.8488904125 0.8984375 0.908283234375 0.2615017359375
0 0.9400136453125001 0.25933159687499996 0.915819803125 0.25824652812500004 0.8553992140625001 0.8995225703124999 0.8781800234375 0.8995225703124999 0.9400136453125001 0.25933159687499996
0 0.96848965625 0.25933159687499996 0.9418614703125 0.25824652812500004 0.8798072234375001 0.8908420140625 0.9009608312499999 0.894097221875 0.96848965625 0.25933159687499996