0 0.0245106015625 0.9335869750000001 0.0773526921875 0.9292512140625 0.0554029 0.092449271875 0.005812629687499999 0.090281390625 0.0245106015625 0.9335869750000001
0 0.0806045140625 0.9314190953124999 0.1212522765625 0.9303351546874999 0.1009283953125 0.0957010921875 0.0554029 0.0957010921875 0.0806045140625 0.9314190953124999
0 0.12694296249999998 0.9368387968749999 0.1521445765625 0.9259993937500001 0.1383243359375 0.1336390046875 0.10905794687499999 0.1336390046875 0.12694296249999998 0.9368387968749999
0 0.155396396875 0.9400906171875001 0.186288696875 0.9400906171875001 0.1643389046875 0.13905870625 0.13751138125 0.1336390046875 0.155396396875 0.9400906171875001
0 0.1903534734375 0.93575485625 0.229375325 0.9411745578125 0.2041737125 0.10003685312499999 0.16515185937500002 0.0957010921875 0.1903534734375 0.93575485625
0 0.229375325 0.9379227374999999 0.26839717812499997 0.9368387968749999 0.24888625156250002 0.102204734375 0.2074255328125 0.09786897343749999 0.229375325 0.9379227374999999
0 0.27083604375000003 0.9390066765625 0.3179874484375 0.9335869750000001 0.2976635671875 0.104372615625 0.252951028125 0.10545655625000001 0.27083604375000003 0.9390066765625
0 0.3155485828125 0.9411745578125 0.37001658437499996 0.9422584984375 0.3431890609375 0.104372615625 0.30010243281250004 0.102204734375 0.3155485828125 0.9411745578125
0 0.3708295390625 0.9422584984375 0.4252975421875 0.9411745578125 0.4074125265625 0.21601847031250002 0.3513186140625 0.21601847031250002 0.3708295390625 0.9422584984375
0 0.4228586765625 0.94551031875 0.456189840625 0.9400906171875001 0.43017527343750006 0.1314711234375 0.4041607046875 0.12496748124999998 0.4228586765625 0.94551031875
0 0.457002796875 0.9390066765625 0.48952100625000006 0.9390066765625 0.461880528125 0.12821930312500002 0.43342709375000005 0.12821930312500002 0.457002796875 0.9390066765625
0 0.4903339625 0.9390066765625 0.5269169484375 0.9390066765625 0.5057801125 0.056679240625 0.46757121562500004 0.054511359375 0.4903339625 0.9390066765625
0 0.523665128125 0.9411745578125 0.56675175625 0.9390066765625 0.5399242328125 0.054511359375 0.503341246875 0.0555953 0.523665128125 0.9411745578125
0 0.5651258453125 0.944426378125 0.6090254296875 0.9433424390624999 0.5830108609375 0.1314711234375 0.5472408296875 0.12821930312500002 0.5651258453125 0.944426378125
0 0.6106513390625 0.9476782 0.645608415625 0.94551031875 0.6277234 0.1347229453125 0.5887015484375 0.1336390046875 0.6106513390625 0.9476782
0 0.645608415625 0.944426378125 0.6797525359375001 0.9400906171875001 0.66349343125 0.1325550640625 0.6269104453125001 0.135806884375 0.645608415625 0.944426378125
0 0.6846302671875 0.9530979015625001 0.7212132546875 0.9520139609375 0.7008893734375 0.1314711234375 0.66349343125 0.1271353625 0.6846302671875 0.9530979015625001
0 0.7204002984375 0.9498460796874999 0.7569832859375001 0.948762140625 0.73503349375 0.26371184531249997 0.6960116421875 0.25504032187500003 0.7204002984375 0.9498460796874999
0 0.7586091953125 0.9498460796874999 0.7919403609375 0.9433424390624999 0.7756812562500001 0.2734673078125 0.7382853140625001 0.2734673078125 0.7586091953125 0.9498460796874999
0 0.79681809375 0.9563497218749999 0.8334010796875001 0.9541818421875 0.817141975 0.175912678125 0.7740553453125 0.17266085625 0.79681809375 0.9563497218749999
0 0.8301492578125 0.9541818421875 0.8642933796875001 0.9509300203125 0.8439694984375 0.1780805578125 0.80657355625 0.1748287375 0.8301492578125 0.9541818421875
0 0.869984065625 0.9574336625000001 0.9008763656250001 0.9541818421875 0.8797395296875001 0.26804760625 0.8512860953124999 0.27129942812499996 0.869984065625 0.9574336625000001
0 0.9025022765624999 0.9563497218749999 0.9439629937499999 0.9530979015625001 0.9195743359374999 0.2723833671875 0.8870561265625 0.2734673078125 0.9025022765624999 0.9563497218749999
0 0.9520925468750001 0.08052592812500001 0.906567053125 0.0794419875 0.94477595 0.9530979015625001 0.9878625781249999 0.9650212453125 0.9707905171875 0.0859456296875 0.9520925468750001 0.08052592812500001