0 0.143407821875 0.8350848624999999 0.164865471875 0.8350848624999999 0.127129575 0.2559194171875 0.1060902078125 0.257753315625 0.143407821875 0.8350848624999999
0 0.157466290625 0.302292128125 0.1337888625 0.302292128125 0.171524759375 0.8340982453124999 0.19316703125 0.833925190625 0.157466290625 0.302292128125
0 0.19668207499999998 0.836071546875 0.2181397734375 0.836071546875 0.18340140625 0.30007102343750003 0.1589461265625 0.2993321453125 0.19668207499999998 0.836071546875
0 0.28547249531249996 0.8400181468750001 0.2573555578125 0.27959908906250003 0.1870631140625 0.2835457078125 0.2247990609375 0.8390314640625001 0.28547249531249996 0.8400181468750001
0 0.2943515609375 0.8390314640625001 0.3372669109375 0.8400181468750001 0.314329425 0.301305478125 0.268454353125 0.30327877812500004 0.2943515609375 0.8390314640625001
0 0.338746796875 0.8439647484374999 0.3853617609375 0.8498846500000001 0.3648792703125 0.30007102343750003 0.317289096875 0.301305478125 0.338746796875 0.8439647484374999
0 0.41125896875 0.3062387296875 0.3683435703125 0.3072253796875 0.3890613765625 0.8469247328125 0.426728228125 0.8480310937500001 0.41125896875 0.3062387296875
0 0.42901710312499997 0.8498846500000001 0.46231349218749995 0.85383125 0.446259478125 0.276199496875 0.4134787484375 0.2786124390625 0.42901710312499997 0.8498846500000001
0 0.4682328375 0.8410047640625 0.49560988124999994 0.8400181468750001 0.48125296874999995 0.29356060781250004 0.4526944828125 0.29439889375 0.4682328375 0.8410047640625
0 0.4896905359375 0.1276544921875 0.4837711921875 0.131601109375 0.498569553125 0.8893507921875001 0.5525837484375 0.894284078125 0.5459245109374999 0.125681184375 0.4896905359375 0.1276544921875
0 0.5954991484375001 0.2411196125 0.554803528125 0.24210626249999997 0.5592429875 0.8755376234375 0.5940192609375 0.871591021875 0.5954991484375001 0.2411196125
0 0.65617258125 0.2371730125 0.602898378125 0.2401329625 0.5999386062500001 0.8597512187499999 0.6443338921875 0.8627111359375 0.65617258125 0.2371730125
0 0.7131464484375 0.2371730125 0.6598722453125 0.2371730125 0.64877335 0.8577779187499999 0.6968682 0.8597512187499999 0.7131464484375 0.2371730125
0 0.700567865625 0.8577779187499999 0.756061846875 0.8597512187499999 0.776663125 0.24256234375000002 0.714626334375 0.24506623125 0.700567865625 0.8577779187499999