0 0.055155924999999995 0.2305165890625 0.012073875000000001 0.23117897968749998 0.0835689 0.809484734375 0.117309225 0.8047487343749999 0.055155924999999995 0.2305165890625
0 0.12086083125 0.8059327546875 0.15465199999999998 0.7988873125 0.09333584843750001 0.22933258906249998 0.055155924999999995 0.22933258906249998 0.12086083125 0.8059327546875
0 0.14000356249999998 0.2676373125 0.10043906250000001 0.2707720390625 0.15637701875 0.8023807734374999 0.1901174046875 0.8000128125 0.14000356249999998 0.2676373125
0 0.1910052765625 0.8000128125 0.226917625 0.7962831453125 0.18035045624999999 0.2660360984375 0.141282659375 0.268404059375 0.1910052765625 0.8000128125
0 0.2336247375 0.2636681375 0.183014190625 0.267220078125 0.2291852 0.7976448515625 0.2709167296875 0.7964609125 0.2336247375 0.2636681375
0 0.27446833593750003 0.8011968328125001 0.320667625 0.7936789796875 0.2904506265625 0.26130015625 0.234512609375 0.2636681375 0.27446833593750003 0.8011968328125001
0 0.38512075 0.2663352296875 0.2913384984375 0.269588059375 0.3233030796875 0.7905409703124999 0.33395790000000003 0.7929089312500001 0.3419490453125 0.7964609125 0.3614829421875 0.7952768921875 0.384568446875 0.7929089312500001 0.40143866875 0.78580505 0.38512075 0.2663352296875
0 0.45293708906249996 0.78580505 0.4627040375 0.7834370890625 0.4760225921875 0.78225306875 0.48135000312500004 0.7787010875 0.47779839687500003 0.2648521171875 0.3863442515625 0.267220078125 0.40854188281250003 0.7834370890625 0.41653302812500004 0.788173009375 0.42718784843749996 0.78935695 0.4369547984375 0.788173009375 0.45293708906249996 0.78580505
0 0.5257452687499999 0.2565642359375 0.47779839687500003 0.2565642359375 0.4857896015625 0.78935695 0.529296875 0.78935695 0.5257452687499999 0.2565642359375
0 0.529296875 0.7940929515625 0.5716441875 0.7936789796875 0.5745800109375 0.25419625468749996 0.52752113125 0.25538023593750003 0.529296875 0.7940929515625
0 0.57813161875 0.24117243125 0.573692140625 0.7905409703124999 0.58967443125 0.7964609125 0.5985533875 0.7952768921875 0.6056566015625 0.7929089312500001 0.6100962 0.78935695 0.6243785625 0.2402935625 0.57813161875 0.24117243125
0 0.67580110625 0.2317005703125 0.626078490625 0.23288455 0.61542355 0.7834370890625 0.626078490625 0.788173009375 0.641172790625 0.78935695 0.6562672078125 0.7798851078125 0.67580110625 0.2317005703125
0 0.658043071875 0.7869889890625 0.7539366953125 0.7846210296875 0.7805738078125 0.248276334375 0.676688978125 0.2506443140625 0.658043071875 0.7869889890625
0 0.79137075 0.22727272968749998 0.759264165625 0.78935695 0.7779100718749999 0.78580505 0.7983319609375 0.78580505 0.8187537296875 0.7846210296875 0.8365117640624999 0.78580505 0.8862344999999999 0.22933258906249998 0.79137075 0.22727272968749998
0 0.8453908421874999 0.781069128125 0.8622610046875 0.7798851078125 0.8773554234375001 0.7798851078125 0.892449721875 0.7787010875 0.907544140625 0.7798851078125 0.9261901671875 0.7798851078125 0.98745559375 0.22341268749999998 0.8942255859375001 0.22104470781250002 0.8453908421874999 0.781069128125