0 0.07166200625 0.1130441375 0.018819914062500002 0.111960196875 0.053776990625 0.8837257203125001 0.1001154390625 0.8804738984375 0.07166200625 0.1130441375
0 0.130194784375 0.11954777968750001 0.06597131875 0.11737990000000001 0.1033672609375 0.8837257203125001 0.1537704859375 0.88806148125 0.130194784375 0.11954777968750001
0 0.1578352625 0.19650754374999999 0.1285688734375 0.1932557234375 0.150518665625 0.886977540625 0.181410965625 0.8891454218750001 0.1578352625 0.19650754374999999
0 0.196044159375 0.1943396640625 0.160274128125 0.185668140625 0.1797850546875 0.8945651234374999 0.212303265625 0.8934811828125 0.196044159375 0.1943396640625
0 0.2334401015625 0.1921717828125 0.191166428125 0.1921717828125 0.212303265625 0.8956490640625001 0.2431955640625 0.899984825 0.2334401015625 0.1921717828125
0 0.2610805796875 0.0794419875 0.2228716828125 0.0794419875 0.24726034062500002 0.899984825 0.2765267296875 0.9010687656249999 0.2610805796875 0.0794419875
0 0.29847652187499996 0.08919745 0.25945467031249997 0.09136533125 0.27490082031249996 0.8934811828125 0.31148380625 0.899984825 0.29847652187499996 0.08919745
0 0.33587246406250004 0.09136533125 0.291159925 0.08919745 0.31148380625 0.896733003125 0.344002015625 0.8956490640625001 0.33587246406250004 0.09136533125
0 0.3822109125 0.0230770890625 0.34156315 0.01982526875 0.3431890609375 0.9021527062500001 0.37814613750000003 0.9043205859375 0.3822109125 0.0230770890625
0 0.4228586765625 0.0274128515625 0.3789590921875 0.020909209375 0.37245545 0.9043205859375 0.41147730156250006 0.9010687656249999 0.4228586765625 0.0274128515625
0 0.46431939375000003 0.030664671875 0.415542078125 0.028496792187499998 0.415542078125 0.9097402875 0.4529380203125 0.9064884671875 0.46431939375000003 0.030664671875
0 0.5147226203125 0.0393361953125 0.4748878125 0.0360843734375 0.453750975 0.9032366453125 0.487082140625 0.9064884671875 0.5147226203125 0.0393361953125
0 0.5423630984375001 0.041504075 0.512283753125 0.040420135937500004 0.484643275 0.912992109375 0.5171614859375 0.910824228125 0.5423630984375001 0.041504075
0 0.5968311 0.11737990000000001 0.5448019640624999 0.1097923171875 0.5139096640624999 0.9119081687499999 0.5659388 0.9086563468750001 0.5968311 0.11737990000000001
0 0.6464213703125 0.123883540625 0.5960181453125 0.11954777968750001 0.5602481140625 0.9064884671875 0.6106513390625 0.9162439296875 0.6464213703125 0.123883540625
0 0.689508 0.1217156609375 0.645608415625 0.11846383906249999 0.6082124734375001 0.9194957515625 0.6602416109375 0.9205796906250001 0.689508 0.1217156609375
0 0.76023510625 0.05776318125 0.7033282390625 0.0480077171875 0.6586157 0.9162439296875 0.7130837015625 0.9194957515625 0.76023510625 0.05776318125
0 0.8130771984375 0.06209894218749999 0.7594221515624999 0.054511359375 0.7106448359375 0.922747571875 0.767551703125 0.9205796906250001 0.8130771984375 0.06209894218749999
0 0.8764877078125 0.0599310609375 0.819580840625 0.0588471203125 0.7691776140625 0.922747571875 0.817141975 0.9292512140625 0.8764877078125 0.0599310609375
0 0.9252650234375001 0.0653507625 0.8773006640625001 0.0588471203125 0.8138901531249999 0.9314190953124999 0.8634804234375 0.9303351546874999 0.9252650234375001 0.0653507625
0 0.957783234375 0.136890825 0.921200246875 0.135806884375 0.8618545140625 0.9335869750000001 0.890307946875 0.9335869750000001 0.957783234375 0.136890825
0 0.9894884890625001 0.1325550640625 0.9545314125000001 0.135806884375 0.8984375 0.9368387968749999 0.921200246875 0.9368387968749999 0.9894884890625001 0.1325550640625
0 0.9650998312500001 0.944426378125 0.999747984375 0.5473790328125 0.999747984375 0.16969086093750002 0.9829848468750001 0.171576915625 0.9252650234375001 0.9400906171875001 0.9650998312500001 0.944426378125