0 0.0797915578125 0.015489507812500001 0.035891975 0.00573404375 0.0919858875 0.6994558625 0.1180004546875 0.7016237421875 0.0797915578125 0.015489507812500001
0 0.1180004546875 0.7016237421875 0.14889275468750002 0.7048755640625 0.1163745453125 0.01982526875 0.0806045140625 0.018741328125 0.1180004546875 0.7016237421875
0 0.16271299374999998 0.0317486125 0.1188134109375 0.02199315 0.14889275468750002 0.7048755640625 0.1773461890625 0.7070434437500001 0.16271299374999998 0.0317486125
0 0.1740943671875 0.7059595046875 0.19929598125 0.71137920625 0.2033607578125 0.040420135937500004 0.16515185937500002 0.0360843734375 0.1740943671875 0.7059595046875
0 0.26433240156250004 0.0967850328125 0.20498666718749997 0.08160986875000001 0.20010893593749998 0.712463146875 0.24969920625 0.7146310265625 0.26433240156250004 0.0967850328125
0 0.248073296875 0.7189667875 0.291159925 0.7254704296875001 0.3253040453125 0.114128078125 0.2667712671875 0.10328867500000001 0.248073296875 0.7189667875
0 0.37733318125 0.08269380781249999 0.32692995625 0.069686525 0.29603765625 0.7276383109375 0.32774291093749996 0.7298061921875 0.37733318125 0.08269380781249999
0 0.329368821875 0.7254704296875001 0.36757771875 0.73089013125 0.42936231718749995 0.09786897343749999 0.3732684046875 0.088113509375 0.329368821875 0.7254704296875001
0 0.48870805156249997 0.03391649375 0.4407436921875 0.018741328125 0.3683906734375 0.7319740718750001 0.4049736609375 0.736309834375 0.48870805156249997 0.03391649375
0 0.4049736609375 0.7406455953125 0.438304825 0.7417295359375 0.5431760531250001 0.0501755984375 0.4862691859375 0.0371683140625 0.4049736609375 0.7406455953125
0 0.5545574265625001 0.126051421875 0.5317946796874999 0.1217156609375 0.4407436921875 0.7406455953125 0.4626934828125 0.743897415625 0.5545574265625001 0.126051421875
0 0.4594416625 0.7395616546875 0.47976554374999997 0.7406455953125 0.5781331296875 0.1347229453125 0.5578092484375 0.12821930312500002 0.4594416625 0.7395616546875
0 0.6065865640625 0.1412265875 0.583823815625 0.136890825 0.4805784984375 0.7417295359375 0.502528290625 0.7417295359375 0.6065865640625 0.1412265875
0 0.5009023796875 0.7384777140625001 0.517974440625 0.7395616546875 0.6326011312500001 0.137974765625 0.61227725 0.136890825 0.5009023796875 0.7384777140625001
0 0.6626804765625 0.18783602187499998 0.6244715796875 0.1748287375 0.5163485296875 0.7373937734375 0.5439890093749999 0.742813475 0.6626804765625 0.18783602187499998
0 0.5431760531250001 0.742813475 0.5651258453125 0.7525689390625 0.7000764171875 0.1704929765625 0.670810028125 0.1585696328125 0.5431760531250001 0.742813475
0 0.707393015625 0.281054890625 0.6748748046874999 0.2745512484375 0.5683776671875 0.7558207593749999 0.5960181453125 0.7558207593749999 0.707393015625 0.281054890625
0 0.599269965625 0.7514849984375 0.630162265625 0.75907258125 0.748040778125 0.2983979359375 0.7155225671875 0.281054890625 0.599269965625 0.7514849984375
0 0.7895014953125 0.3005658171875 0.7464148671874999 0.29189429375 0.6293493109375 0.7601565203125 0.656176834375 0.7623244015624999 0.7895014953125 0.3005658171875
0 0.6545509234375 0.757988640625 0.6724359390625 0.7634083421875 0.865106334375 0.1347229453125 0.8399047218750001 0.126051421875 0.6545509234375 0.757988640625
0 0.8789265734375 0.14339446718749999 0.86266746875 0.1336390046875 0.6732488937500001 0.7623244015624999 0.68869504375 0.769911984375 0.8789265734375 0.14339446718749999
0 0.6943857312499999 0.7623244015624999 0.7130837015625 0.767744103125 0.8537249609374999 0.31357310156249996 0.8309622140625 0.304901578125 0.6943857312499999 0.7623244015624999
0 0.8781136187499999 0.33091614687500004 0.8488472296875 0.318992803125 0.7082059703125 0.7644922828125 0.73503349375 0.767744103125 0.8781136187499999 0.33091614687500004
0 0.72934280625 0.770995925 0.748040778125 0.7753316859375 0.9041281874999999 0.328748265625 0.8748617968750001 0.3233285640625 0.72934280625 0.770995925
0 0.786249675 0.7774995671875 0.94965368125 0.316824921875 0.9382723078125 0.31357310156249996 0.9106318281249999 0.30598551875 0.7691776140625 0.7764156265625 0.786249675 0.7774995671875
0 0.9699775624999999 0.31357310156249996 0.9504666359374999 0.31574098125 0.7805589875 0.7720798640625001 0.798444003125 0.7785835062500001 0.9699775624999999 0.31357310156249996
0 0.999747984375 0.25504032187500003 0.9878625781249999 0.2517885015625 0.803321734375 0.7785835062500001 0.82120675 0.78291926875 0.999747984375 0.3286290328125 0.999747984375 0.25504032187500003
0 0.8285233484375001 0.781835328125 0.850473140625 0.7840032078125 0.999747984375 0.4072580640625 0.999747984375 0.33064516093749996 0.8285233484375001 0.781835328125
0 0.997618040625 0.41004379062499996 0.8529120062500001 0.779667446875 0.8716099765624999 0.7850871484375 0.999747984375 0.465389784375 0.997618040625 0.41004379062499996