0 0.2265214640625 0.248276334375 0.19189320781250002 0.248276334375 0.22563359218749998 0.788173009375 0.2602618484375 0.78225306875 0.2265214640625 0.248276334375
0 0.269886375 0.24680397968749998 0.230961003125 0.248276334375 0.265589259375 0.7834370890625 0.2957780359375 0.7834370890625 0.269886375 0.24680397968749998
0 0.29844171249999996 0.7834370890625 0.320667625 0.7819602296875 0.29932964375000004 0.27314 0.27446833593750003 0.2755079609375 0.29844171249999996 0.7834370890625
0 0.3255504375 0.2741477296875 0.30110544687499996 0.27314 0.3215272765625 0.7846210296875 0.34106117343750003 0.7869889890625 0.3255504375 0.2741477296875
0 0.3419490453125 0.7952768921875 0.3821910625 0.7949810625 0.3694740890625 0.2766919609375 0.3250788828125 0.2766919609375 0.3419490453125 0.7952768921875
0 0.4114879375 0.2754498125 0.3712498921875 0.27432398125 0.38279264375 0.7952768921875 0.4191967640625 0.7964609125 0.4114879375 0.2754498125
0 0.4227483703125 0.826060459375 0.44050646406249994 0.8236924984374999 0.433403190625 0.186709178125 0.4103176859375 0.1878931578125 0.4227483703125 0.826060459375
0 0.44760967812499997 0.788173009375 0.476910525 0.788173009375 0.476910525 0.2506443140625 0.4413943359375 0.2506443140625 0.44760967812499997 0.788173009375
0 0.479574259375 0.7905409703124999 0.5062113703125 0.7905409703124999 0.51065085 0.24946031406250002 0.47868632812499995 0.248276334375 0.479574259375 0.7905409703124999
0 0.50887510625 0.7585733828125 0.535511375 0.7572206453125 0.543503303125 0.32168333125 0.5124267125 0.3204993515625 0.50887510625 0.7585733828125
0 0.5710284046874999 0.3228673125 0.543503303125 0.32168333125 0.5355122171875 0.7585733828125 0.560373584375 0.759757403125 0.5710284046874999 0.3228673125
0 0.5630372 0.7633093046874999 0.590198875 0.7624289796875 0.6029929859375 0.32168333125 0.573692140625 0.32168333125 0.5630372 0.7633093046874999
0 0.6360973125 0.3210227296875 0.6047687296875 0.3228673125 0.5941139093750001 0.7585733828125 0.6207510203125 0.759757403125 0.6360973125 0.3210227296875
0 0.6251905 0.7964609125 0.65855825 0.8001893953125 0.6829043203125 0.2636681375 0.642948653125 0.2624841375 0.6251905 0.7964609125
0 0.7264117125 0.2636681375 0.68734391875 0.2624841375 0.6660341578125 0.798828871875 0.6988866109375 0.8023807734374999 0.7264117125 0.2636681375
0 0.7681431234375 0.247092353125 0.729075328125 0.24472439218750003 0.7033260890624999 0.798828871875 0.7379544046875 0.8023807734374999 0.7681431234375 0.247092353125
0 0.8079723124999999 0.24550189531250002 0.7708068578125 0.2459083734375 0.7415060125 0.8023807734374999 0.77524645625 0.8059327546875 0.8079723124999999 0.24550189531250002