0 0.1368997515625 0.8420138890625 0.140154153125 0.845269096875 0.08238853125 0.234375 0.049934387499999996 0.2354600703125 0.11249174375 0.8430989578125001 0.1368997515625 0.8420138890625
0 0.084114075 0.234375 0.08238853125 0.2332899296875 0.1434085546875 0.8463541671874999 0.14747655625 0.849609375 0.1686301640625 0.8485243046875001 0.174325365625 0.845269096875 0.11981414531250001 0.23220486093749998 0.084114075 0.234375
0 0.157239759375 0.228949653125 0.12317657500000001 0.230034721875 0.175952565625 0.8463541671874999 0.20768297812499997 0.8485243046875001 0.157239759375 0.228949653125
0 0.193851771875 0.230034721875 0.15979766875 0.234375 0.210123778125 0.849609375 0.24266779062500002 0.849609375 0.193851771875 0.230034721875
0 0.21432240781249998 0.2951388890625 0.2491765921875 0.8485243046875001 0.25080379375 0.8517795140625 0.2654485984375 0.8528645828125001 0.28497500625 0.8506944453124999 0.293924609375 0.8474392359375 0.2638213984375 0.2940538203125 0.21432240781249998 0.2951388890625
0 0.26966095 0.2951388890625 0.2678894 0.2951388890625 0.3004334109375 0.8485243046875001 0.31263741562499997 0.849609375 0.3215870203125 0.8463541671874999 0.29229740937500004 0.2940538203125 0.2817206046875 0.2951388890625 0.26966095 0.2951388890625
0 0.31914621875 0.2940538203125 0.2948888140625 0.29296875 0.32484142031249996 0.8528645828125001 0.345995028125 0.8506944453124999 0.31914621875 0.2940538203125
0 0.3590126328125 0.8517795140625 0.3712166375 0.8517795140625 0.346808628125 0.2940538203125 0.3217442828125 0.29296875 0.3476222296875 0.8474392359375 0.3590126328125 0.8517795140625
0 0.3858614421875 0.8485243046875001 0.395624646875 0.844184028125 0.3720302375 0.29296875 0.34778595 0.2940538203125 0.3744710390625 0.844184028125 0.3858614421875 0.8485243046875001
0 0.40784983906249994 0.8138020828125001 0.415172240625 0.8116319453124999 0.38750983125 0.2745225703125 0.3778966265625 0.2745225703125 0.3997138359375 0.8138020828125001 0.40784983906249994 0.8138020828125001
0 0.429003446875 0.2256944453125 0.415985840625 0.2256944453125 0.4005274359375 0.224609375 0.386034646875 0.228949653125 0.3850690296875 0.22786458281250002 0.4184266421875 0.8528645828125001 0.4249354453125 0.8561197921874999 0.4355122484375 0.8561197921874999 0.44608905156249995 0.8561197921874999 0.45585225625000003 0.853949653125 0.429003446875 0.2256944453125
0 0.4364903765625 0.224609375 0.4615474578125 0.849609375 0.46480185937499996 0.855034721875 0.483514665625 0.855034721875 0.4940914703125 0.8528645828125001 0.4973458703125 0.849609375 0.4753786625 0.2235243046875 0.4364903765625 0.224609375
0 0.4796218875 0.2235243046875 0.501413871875 0.8528645828125001 0.5103634765625 0.8582899296875001 0.5193130796875 0.8561197921874999 0.5298898828125 0.853949653125 0.5380258859375 0.8528645828125001 0.5184994796875 0.22243923593749998 0.4796218875 0.2235243046875
0 0.5526706921875 0.8582899296875001 0.5624338953125 0.8561197921874999 0.5437210875 0.22135416718749998 0.522753396875 0.2235243046875 0.5420938875 0.8572048609375 0.5526706921875 0.8582899296875001
0 0.5512364703125 0.220269096875 0.549416290625 0.22135416718749998 0.566501896875 0.8572048609375 0.5778923 0.8561197921874999 0.586028303125 0.855034721875 0.5730106984375001 0.219184028125 0.55999309375 0.220269096875 0.5512364703125 0.220269096875
0 0.5909099046875 0.8572048609375 0.600673109375 0.8582899296875001 0.6055547109375 0.8572048609375 0.5933507062500001 0.219184028125 0.5868419031250001 0.219184028125 0.5780919390625 0.22135416718749998 0.5909099046875 0.8572048609375
0 0.620199515625 0.219184028125 0.6096227125 0.219184028125 0.5968093875 0.220269096875 0.6055547109375 0.8572048609375 0.6088091125 0.8572048609375 0.6177587156250001 0.8561197921874999 0.6283355187499999 0.8561197921874999 0.6389123234375 0.8561197921874999 0.6283355187499999 0.219184028125 0.620199515625 0.219184028125
0 0.6551843296875 0.21158854218749998 0.63831329375 0.2137586796875 0.646234725 0.8615451390625 0.6584387296875 0.8604600703124999 0.6551843296875 0.21158854218749998
0 0.6616931312500001 0.8615451390625 0.6690155343749999 0.8615451390625 0.6828467390624999 0.8626302078125001 0.6934235421875 0.8615451390625 0.6926099421874999 0.20833333281250002 0.6586583453125 0.210503471875 0.6616931312500001 0.8615451390625
0 0.7050450640625 0.2061631953125 0.7031867468749999 0.2061631953125 0.7031867468749999 0.8626302078125001 0.7088819484375 0.8626302078125001 0.71457715 0.8626302078125001 0.7170179515624999 0.205078125 0.7129499499999999 0.2061631953125 0.7050450640625 0.2061631953125
0 0.7349171578125 0.20290798593749998 0.72132110625 0.2039930546875 0.7170179515624999 0.8615451390625 0.7259675546875 0.8626302078125001 0.739798759375 0.8626302078125001 0.7495619640625 0.8626302078125001 0.754443565625 0.20290798593749998 0.7487483640625 0.20290798593749998 0.7349171578125 0.20290798593749998
0 0.756070765625 0.859375 0.7682747703125 0.859375 0.7772243734375001 0.2039930546875 0.76502036875 0.2039930546875 0.76257956875 0.2039930546875 0.756070765625 0.859375
0 0.781542459375 0.20290798593749998 0.7707155718750001 0.8582899296875001 0.7845467765625 0.859375 0.8008187828125 0.8572048609375 0.8146499875 0.2039930546875 0.808141184375 0.20290798593749998 0.7975643812500001 0.20290798593749998 0.781542459375 0.20290798593749998
0 0.8130227859374999 0.863715278125 0.8195315890625 0.863715278125 0.8439395984375 0.200737846875 0.83254919375 0.200737846875 0.8333627937499999 0.22135416718749998 0.8130227859374999 0.863715278125
0 0.8219723906249999 0.8669704859375 0.83092199375 0.8658854171874999 0.8520756015625001 0.863715278125 0.8659068062499999 0.8604600703124999 0.8976372171874999 0.1985677078125 0.8466466265625 0.1985677078125 0.8219723906249999 0.8669704859375