0 0.043208571875000004 0.948762140625 0.07572678125 0.9509300203125 0.0651583640625 0.05342741875 0.0293883328125 0.0490916578125 0.043208571875000004 0.948762140625
0 0.074100871875 0.9509300203125 0.11149681250000001 0.9498460796874999 0.1001154390625 0.0588471203125 0.061906542187500004 0.051259539062500005 0.074100871875 0.9509300203125
0 0.10499317187499999 0.9465942593750001 0.1895405171875 0.9509300203125 0.18547574218750001 0.0718544046875 0.1009283953125 0.0588471203125 0.10499317187499999 0.9465942593750001
0 0.1887275625 0.9552657828125 0.2391307890625 0.9563497218749999 0.2334401015625 0.006817984375 0.1879146078125 0.006817984375 0.1887275625 0.9552657828125
0 0.23831783281250002 0.9541818421875 0.2789655953125 0.9574336625000001 0.27490082031249996 0.06209894218749999 0.232627146875 0.0653507625 0.23831783281250002 0.9541818421875
0 0.2773396859375 0.9596015437500001 0.3505056578125 0.9498460796874999 0.360261121875 0.0360843734375 0.28059150625 0.0382522546875 0.2773396859375 0.9596015437500001
0 0.3529445234375 0.9682730656249999 0.385462734375 0.9715248875 0.400095928125 0.15206599062499998 0.3610740765625 0.14881416875 0.3529445234375 0.9682730656249999
0 0.3887145546875 0.9671891265625 0.4252975421875 0.9650212453125 0.44318255781250004 0.1564017515625 0.4041607046875 0.1574856921875 0.3887145546875 0.9671891265625
0 0.4277364078125 0.9682730656249999 0.457002796875 0.9650212453125 0.4748878125 0.1585696328125 0.43993073593750004 0.15206599062499998 0.4277364078125 0.9682730656249999
0 0.45537688593750003 0.9639373046875 0.484643275 0.9661051859375 0.507406021875 0.1574856921875 0.471635990625 0.1542338703125 0.45537688593750003 0.9639373046875
0 0.487082140625 0.9617694234374999 0.5171614859375 0.9650212453125 0.5521185609375 0.19759148437500001 0.513096709375 0.1900039015625 0.487082140625 0.9617694234374999
0 0.5147226203125 0.9661051859375 0.5488667406250001 0.970440946875 0.58138495 0.1921717828125 0.5521185609375 0.1943396640625 0.5147226203125 0.9661051859375
0 0.5496796953125 0.9693570062499999 0.5854497265624999 0.9650212453125 0.6220327125 0.1943396640625 0.5830108609375 0.198675425 0.5496796953125 0.9693570062499999
0 0.5862626828125 0.9693570062499999 0.6220327125 0.9682730656249999 0.6586157 0.198675425 0.6204068031250001 0.198675425 0.5862626828125 0.9693570062499999
0 0.625284534375 0.9715248875 0.6683711625 0.9758606484374999 0.70983188125 0.044755896875 0.670810028125 0.042588015624999996 0.625284534375 0.9715248875
0 0.671622984375 0.9693570062499999 0.7163355234375001 0.9682730656249999 0.7716164796875 0.0165734484375 0.7228391640625 0.01006980625 0.671622984375 0.9693570062499999
0 0.722026209375 0.9682730656249999 0.7529185093749999 0.9671891265625 0.8220197062500001 0.008985865625 0.7740553453125 0.0046501046875 0.722026209375 0.9682730656249999
0 0.7610480625 0.9693570062499999 0.8073865109374999 0.9736927671875 0.8667322453124999 0.0599310609375 0.819580840625 0.0490916578125 0.7610480625 0.9693570062499999
0 0.8130771984375 0.9747767078124999 0.849660184375 0.9769445890625 0.9146966046875 0.078358046875 0.8716099765624999 0.068602584375 0.8130771984375 0.9747767078124999
0 0.8529120062500001 0.9769445890625 0.8789265734375 0.9812803499999999 0.967538696875 0.0024822234374999998 0.92445206875 0.0013982828124999998 0.8529120062500001 0.9769445890625
0 0.8781136187499999 0.9812803499999999 0.9122577390625001 0.9780285296875 0.995179175 0.0046501046875 0.967538696875 0.0035661640624999997 0.8781136187499999 0.9812803499999999
0 0.999747984375 0.1004704296875 0.9911143984375 0.0989529140625 0.9130706953125 0.980196409375 0.9561573234375 0.980196409375 0.999747984375 0.5238575265625001 0.999747984375 0.1004704296875