0 0.0415826609375 0.23336151562500002 0.007438540624999999 0.23119363437499998 0.022071734375 0.9010687656249999 0.057841765625 0.9010687656249999 0.0415826609375 0.23336151562500002
0 0.11230976875000001 0.10545655625000001 0.0415826609375 0.0967850328125 0.058654721875 0.8934811828125 0.12694296249999998 0.8934811828125 0.11230976875000001 0.10545655625000001
0 0.1521445765625 0.219270290625 0.1163745453125 0.219270290625 0.13263365 0.8945651234374999 0.1643389046875 0.8934811828125 0.1521445765625 0.219270290625
0 0.20661257812499997 0.12821930312500002 0.150518665625 0.12821930312500002 0.1716555015625 0.8923972421874999 0.21311622031250002 0.8837257203125001 0.20661257812499997 0.12821930312500002
0 0.222058728125 0.2420330390625 0.196857115625 0.24420091875 0.216368040625 0.8989008843749999 0.24075669843749997 0.8989008843749999 0.222058728125 0.2420330390625
0 0.2814044609375 0.092449271875 0.23018828125000002 0.0848616890625 0.244821475 0.896733003125 0.28628219375 0.8913133015625 0.2814044609375 0.092449271875
0 0.3456279265625 0.10328867500000001 0.28628219375 0.0946171515625 0.293598790625 0.8956490640625001 0.349692703125 0.8923972421874999 0.3456279265625 0.10328867500000001
0 0.396031153125 0.102204734375 0.3480667921875 0.10003685312499999 0.3529445234375 0.8989008843749999 0.3935922875 0.9021527062500001 0.396031153125 0.102204734375
0 0.4277364078125 0.136890825 0.3862756890625 0.1314711234375 0.4017218390625 0.88806148125 0.4285493625 0.88806148125 0.4277364078125 0.136890825
0 0.4862691859375 0.24420091875 0.43667891562500005 0.247452740625 0.43017527343750006 0.8934811828125 0.4862691859375 0.8945651234374999 0.4862691859375 0.24420091875
0 0.5220392171875 0.137974765625 0.48301736406250007 0.1412265875 0.487082140625 0.8902293625000001 0.5261039937499999 0.884809659375 0.5220392171875 0.137974765625
0 0.5610610687500001 0.1314711234375 0.5252910375 0.1347229453125 0.5293558140625 0.8934811828125 0.564312890625 0.8913133015625 0.5610610687500001 0.1314711234375
0 0.5878885921875 0.1336390046875 0.5602481140625 0.13905870625 0.5683776671875 0.8956490640625001 0.5903274578125 0.896733003125 0.5878885921875 0.1336390046875
0 0.6098383843749999 0.1314711234375 0.5854497265624999 0.1314711234375 0.5903274578125 0.896733003125 0.6179679375 0.8934811828125 0.6098383843749999 0.1314711234375
0 0.6626804765625 0.16073751249999998 0.615529071875 0.16073751249999998 0.61227725 0.896733003125 0.6618675203125 0.8934811828125 0.6626804765625 0.16073751249999998
0 0.7008893734375 0.1661572140625 0.6626804765625 0.165073275 0.655363878125 0.8913133015625 0.6992634625 0.8923972421874999 0.7008893734375 0.1661572140625
0 0.7407241796874999 0.1704929765625 0.7033282390625 0.1704929765625 0.70983188125 0.8902293625000001 0.7472278218749999 0.8902293625000001 0.7407241796874999 0.1704929765625
0 0.7764942109375 0.1748287375 0.7464148671874999 0.1694090359375 0.7488537328125 0.8891454218750001 0.7748683015625 0.884809659375 0.7764942109375 0.1748287375
0 0.8285233484375001 0.1683250953125 0.7821848984375 0.1704929765625 0.7870626296875 0.884809659375 0.8220197062500001 0.8772220781250001 0.8285233484375001 0.1683250953125
0 0.85697678125 0.22685787343750002 0.8285233484375001 0.23444545625000002 0.839091765625 0.8837257203125001 0.86266746875 0.8804738984375 0.85697678125 0.22685787343750002
0 0.8943727234375001 0.2225221125 0.85697678125 0.219270290625 0.8716099765624999 0.884809659375 0.906567053125 0.8858936 0.8943727234375001 0.2225221125
0 0.9309557109375 0.2507045609375 0.9041281874999999 0.2507045609375 0.9073800078125001 0.8826417796875001 0.9350204859375 0.8815578390625 0.9309557109375 0.2507045609375
0 0.9659127859375 0.18675208125 0.9350204859375 0.1845842 0.9537184578125 0.875054196875 0.9748552937499999 0.8761381374999999 0.9659127859375 0.18675208125
0 0.982171890625 0.22685787343750002 0.9634739203124999 0.22685787343750002 0.979733025 0.8815578390625 0.9959921312500001 0.8804738984375 0.982171890625 0.22685787343750002