0 0.1137576171875 0.7787010875 0.171471378125 0.7798851078125 0.1732472421875 0.2151247859375 0.11265981249999998 0.21034564531250002 0.1137576171875 0.7787010875
0 0.23717634375 0.18078925625 0.183014190625 0.17723729531250002 0.1812383265625 0.7763331265625 0.2396129375 0.7767518953125 0.23717634375 0.18078925625
0 0.2416158828125 0.7739651671875001 0.297553840625 0.7751491875000001 0.29489010625 0.1831572171875 0.23895214843749998 0.1831572171875 0.2416158828125 0.7739651671875001
0 0.331294225 0.23406852968749997 0.297553840625 0.23525251093750002 0.30110544687499996 0.7763331265625 0.3372691875 0.7754498125 0.331294225 0.23406852968749997
0 0.3383974390625 0.777517146875 0.3721378234375 0.777517146875 0.3665660625 0.23508522968749998 0.332182096875 0.23406852968749997 0.3383974390625 0.777517146875
0 0.4227483703125 0.21157284375000002 0.364146678125 0.21275682499999998 0.3765773015625 0.78225306875 0.4290660625 0.7819602296875 0.4227483703125 0.21157284375000002
0 0.43251531875 0.8023807734374999 0.507987234375 0.8023807734374999 0.5017718921875 0.12987794375 0.426136375 0.1257102296875 0.43251531875 0.8023807734374999
0 0.5878985671875 0.1286939640625 0.511538840625 0.12987794375 0.515090446875 0.8059327546875 0.5932260375 0.8071167750000001 0.5878985671875 0.1286939640625
0 0.610984071875 0.226964628125 0.5914501750000001 0.22933258906249998 0.6029929859375 0.80356479375 0.6243785625 0.8014914796875001 0.610984071875 0.226964628125
0 0.626078490625 0.8023807734374999 0.646500259375 0.8011968328125001 0.6349574484375 0.22933258906249998 0.61364780625 0.22933258906249998 0.626078490625 0.8023807734374999
0 0.6509397390625 0.8000128125 0.693559140625 0.8000128125 0.67580110625 0.20565292343750002 0.6349574484375 0.20565292343750002 0.6509397390625 0.8000128125
0 0.7344027984375 0.20446894218749997 0.6846801828125 0.20446894218749997 0.6953350031250001 0.798828871875 0.7477213546875 0.7964609125 0.7344027984375 0.20446894218749997
0 0.802771440625 0.2021009625 0.7503850890625 0.20328494218749998 0.7521608328125 0.8000128125 0.806323046875 0.798828871875 0.802771440625 0.2021009625
0 0.8134262609375 0.80356479375 0.8658126109375001 0.8059327546875 0.8763316874999999 0.20253314531250002 0.8205294734375 0.2021009625 0.8134262609375 0.80356479375
0 0.9430603296875001 0.20328494218749998 0.8871223718750001 0.20446894218749997 0.8746916875 0.8059327546875 0.9271129374999999 0.8066998125 0.9430603296875001 0.20328494218749998