0 0.18738716093750002 0.16818576406250002 0.142707825 0.166015625 0.180064759375 0.8289930546875001 0.216676771875 0.825737846875 0.18738716093750002 0.16818576406250002
0 0.21993117343750002 0.8268229171874999 0.2557295859375 0.8235677078125001 0.232135178125 0.17035590312499999 0.22481277500000002 0.166015625 0.1938959640625 0.1671006953125 0.1899083453125 0.16818576406250002 0.21993117343750002 0.8268229171874999
0 0.317563209375 0.8170572921874999 0.291528 0.17578125 0.24271198125 0.17578125 0.2354812625 0.17795138906250002 0.2622383890625 0.8203125 0.317563209375 0.8170572921874999
0 0.3256992125 0.8409288203124999 0.3680064265625 0.8322482640625 0.3501072203125 0.1790364578125 0.34359841874999997 0.17578125 0.32407201093750004 0.17361111093749998 0.305468240625 0.17361111093749998 0.3256992125 0.8409288203124999
0 0.4086864421875 0.810546875 0.387532834375 0.185546875 0.3574296234375 0.185546875 0.351854959375 0.1866319453125 0.37776963124999996 0.8170572921874999 0.4086864421875 0.810546875
0 0.42739924843750005 0.185546875 0.4112625125 0.18771701406250002 0.44204405468749997 0.8116319453124999 0.4583160609375 0.8072916671874999 0.42739924843750005 0.185546875
0 0.49655527499999996 0.185546875 0.43065365 0.185546875 0.4648248625 0.8094618046875001 0.5209632828124999 0.796440971875 0.49655527499999996 0.185546875
0 0.5258448859375 0.185546875 0.5072911578125 0.1866319453125 0.5339808875000001 0.806206596875 0.55025289375 0.8029513890625 0.5258448859375 0.185546875
0 0.6120865171875 0.7888454859375 0.590932909375 0.19097222187500001 0.5884921078125 0.185546875 0.5299128875 0.185546875 0.5526936953125 0.8029513890625 0.6120865171875 0.7888454859375
0 0.65113933125 0.1790364578125 0.59925079375 0.18120659687500001 0.61940891875 0.796440971875 0.6674113375 0.7888454859375 0.65113933125 0.1790364578125
0 0.7146001546875 0.1768663203125 0.6651687625 0.17795138906250002 0.677988140625 0.7986111109375 0.7243633578125 0.7888454859375 0.7146001546875 0.1768663203125
0 0.7593481703125 0.1671006953125 0.7270177203125 0.1671006953125 0.7324993609375 0.7975260421875 0.7674841734375 0.7921006953124999 0.7593481703125 0.1671006953125
0 0.816300190625 0.1595052078125 0.77991485625 0.1595052078125 0.7837561796875 0.80078125 0.816300190625 0.795355903125 0.816300190625 0.1595052078125
0 0.8529122046875001 0.1627604171875 0.8179273921875 0.16167534687500001 0.8195545921875 0.7931857640625 0.8529122046875001 0.7899305546875001 0.8529122046875001 0.1627604171875
0 0.8781338140624999 0.1453993046875 0.8675570109375 0.146484375 0.8634890093750001 0.7921006953124999 0.8699978109375 0.7942708328125 0.8854562171874999 0.791015625 0.8968466203125001 0.7899305546875001 0.8927786187500001 0.1453993046875 0.8887106171875001 0.1453993046875 0.8781338140624999 0.1453993046875
0 0.9033554234375 0.146484375 0.9017282234374999 0.785590278125 0.9057962234374999 0.7888454859375 0.9212546296875 0.7877604171875 0.932645034375 0.7845052078125 0.9367130359375 0.7790798609375 0.9318314328125 0.1453993046875 0.9033554234375 0.146484375