0 0.999747984375 0.2261424734375 0.9886755328125 0.21059876875 0.625284534375 0.7894229109374999 0.6797525359375001 0.8577111515625001 0.998430996875 0.3569307140625 0.999747984375 0.2261424734375
0 0.502528290625 0.8100177765625001 0.5366724109375001 0.8522914500000001 0.890307946875 0.2886424734375 0.8480342734375 0.2507045609375 0.502528290625 0.8100177765625001
0 0.43586595937499995 0.8241090015625 0.4732619015625 0.8642147937500001 0.834214034375 0.2886424734375 0.7903144515625 0.24420091875 0.43586595937499995 0.8241090015625
0 0.762673971875 0.232277575 0.7334075828125 0.2149345296875 0.3813979578125 0.8587950921875 0.4122902578125 0.8793899578125 0.762673971875 0.232277575
0 0.3318076875 0.8577111515625001 0.36595180781250003 0.886977540625 0.7130837015625 0.219270290625 0.6838173125 0.19975936562500002 0.3318076875 0.8577111515625001
0 0.661054565625 0.2051790671875 0.6464213703125 0.1900039015625 0.29603765625 0.8772220781250001 0.313922671875 0.8934811828125 0.661054565625 0.2051790671875
0 0.272461953125 0.8674666140625 0.2927858359375 0.8902293625000001 0.635852953125 0.1932557234375 0.6114642953125 0.175912678125 0.272461953125 0.8674666140625
0 0.23425305624999998 0.886977540625 0.26514535625 0.9043205859375 0.5423630984375001 0.3254964453125 0.51065784375 0.2973139953125 0.23425305624999998 0.886977540625
0 0.1919793828125 0.896733003125 0.2196198625 0.912992109375 0.4968376046875 0.316824921875 0.4594416625 0.294062175 0.1919793828125 0.896733003125
0 0.5163485296875 0.18891996093750002 0.48301736406250007 0.171576915625 0.1440150234375 0.886977540625 0.181410965625 0.9151599890625001 0.5163485296875 0.18891996093750002
0 0.08710815625 0.8945651234374999 0.1261300078125 0.9249154531249999 0.456189840625 0.18024843906250002 0.4187939 0.15206599062499998 0.08710815625 0.8945651234374999
0 0.0302012875 0.89781694375 0.0643454078125 0.9292512140625 0.39847001875 0.1900039015625 0.40334775 0.17699661718749998 0.36595180781250003 0.15206599062499998 0.0302012875 0.89781694375
0 0.0033737640625000004 0.9270833328125001 0.012316271875 0.934670915625 0.34644088125 0.1661572140625 0.30335425312500003 0.140142646875 0.0009348984375 0.829528703125 0 0.8595430109375 0.0033737640625000004 0.9270833328125001
0 0.0017478531249999999 0.6918682796875 0.0033737640625000004 0.8251929421875 0.29197287968749996 0.1661572140625 0.24969920625 0.1412265875 0.0017478531249999999 0.6918682796875
0 0.232627146875 0.159653571875 0.18547574218750001 0.12821930312500002 0.002560809375 0.5401166328125 0 0.60752688125 0.002560809375 0.7027076828125 0.232627146875 0.159653571875
0 0.0009348984375 0.412211671875 0 0.5322580640625 0.16677777031250002 0.16290539375 0.12287818749999999 0.135806884375 0.0009348984375 0.412211671875