0 0.999747984375 0.843413978125 0.999747984375 0.749663978125 0.804134690625 0.2409490984375 0.788688540625 0.2539563828125 0.999747984375 0.843413978125
0 0.7130837015625 0.10545655625000001 0.6773136703125 0.12930324375 0.9610350546875001 0.872886315625 0.9992439515625 0.8436199265625 0.7130837015625 0.10545655625000001
0 0.9000634109375 0.866382675 0.9382723078125 0.8371162859375 0.65780274375 0.1130441375 0.6269104453125001 0.1325550640625 0.9000634109375 0.866382675
0 0.615529071875 0.11954777968750001 0.6090254296875 0.12930324375 0.8789265734375 0.8642147937500001 0.9016893203125 0.8447038671874999 0.615529071875 0.11954777968750001
0 0.8594156484375001 0.8631308531249999 0.8740488421875 0.853375390625 0.6008958765625 0.11846383906249999 0.5862626828125 0.1303871828125 0.8594156484375001 0.8631308531249999
0 0.5700035765625 0.10328867500000001 0.5488667406250001 0.1097923171875 0.8285233484375001 0.8685505546875 0.855350871875 0.849039628125 0.5700035765625 0.10328867500000001
0 0.798444003125 0.865298734375 0.8277103921875 0.8457878078125001 0.5448019640624999 0.090281390625 0.5163485296875 0.1076244359375 0.798444003125 0.865298734375
0 0.7439760015625 0.8620469125 0.783810809375 0.8327805234375001 0.5342335453125 0.173744796875 0.4968376046875 0.19759148437500001 0.7439760015625 0.8620469125
0 0.4813914546875 0.171576915625 0.43993073593750004 0.1943396640625 0.687069134375 0.865298734375 0.7260909859375 0.8327805234375001 0.4813914546875 0.171576915625
0 0.6488602359375 0.8674666140625 0.6805654921875 0.841452046875 0.42692345156249994 0.17266085625 0.396031153125 0.18891996093750002 0.6488602359375 0.8674666140625
0 0.3813979578125 0.1564017515625 0.349692703125 0.1748287375 0.6098383843749999 0.866382675 0.6374788625 0.8360323453125 0.3813979578125 0.1564017515625
0 0.569190621875 0.875054196875 0.6017088312500001 0.8468717484375 0.3383113296875 0.15314993125 0.308231984375 0.17266085625 0.569190621875 0.875054196875
0 0.2228716828125 0.015489507812500001 0.1797850546875 0.046923776562500005 0.4943987390625 0.841452046875 0.5431760531250001 0.8078498953125001 0.2228716828125 0.015489507812500001
0 0.43749187031250003 0.8674666140625 0.482204409375 0.827360821875 0.16759072656250001 0.0263289109375 0.1163745453125 0.051259539062500005 0.43749187031250003 0.8674666140625
0 0.093611796875 0.018741328125 0.0448344828125 0.041504075 0.379772046875 0.8772220781250001 0.4228586765625 0.8327805234375001 0.093611796875 0.018741328125
0 0.34237610625000003 0.8707184359375001 0.36595180781250003 0.8522914500000001 0.0293883328125 0.0241610296875 0 0.0406586015625 0.34237610625000003 0.8707184359375001
0 0.0017478531249999999 0.0588471203125 0.002560809375 0.1542338703125 0.30416720937499997 0.875054196875 0.3326206421875 0.8566272109374999 0.0017478531249999999 0.0588471203125
0 0.0017478531249999999 0.25937608437500004 0.24400852031250003 0.8793899578125 0.27490082031249996 0.8468717484375 0.004999675 0.16182145312500001 0.0017478531249999999 0.25937608437500004
0 0 0.3790322578125 0.1919793828125 0.8793899578125 0.23181419062500003 0.8598790328125 0.0033737640625000004 0.2756351890625 0 0.3790322578125