0 0.15295753125 0.0035661640624999997 0.0879211109375 0.0035661640624999997 0.052151079687500004 0.8197732390624999 0.12206523124999999 0.8230250609375 0.15295753125 0.0035661640624999997
0 0.119626365625 0.8241090015625 0.181410965625 0.8241090015625 0.2057996234375 0.0003143421875 0.15295753125 0.0024822234374999998 0.119626365625 0.8241090015625
0 0.25620284843749996 0.007901925 0.20498666718749997 0.00573404375 0.1724684578125 0.8197732390624999 0.23425305624999998 0.8208571796875 0.25620284843749996 0.007901925
0 0.2310012359375 0.8121856578125 0.2854692375 0.8100177765625001 0.30416720937499997 0.0024822234374999998 0.252951028125 0.0013982828124999998 0.2310012359375 0.8121856578125
0 0.354570434375 0.0230770890625 0.3098578953125 0.007901925 0.2870951484375 0.8121856578125 0.344002015625 0.8089338359375 0.354570434375 0.0230770890625
0 0.34644088125 0.8013462546874999 0.4187939 0.7980944328125 0.4196068546875 0.0480077171875 0.3626999875 0.0165734484375 0.34644088125 0.8013462546874999
0 0.4789525890625 0.0718544046875 0.421232765625 0.041504075 0.4147291234375 0.8013462546874999 0.4813914546875 0.79050685 0.4789525890625 0.0718544046875
0 0.4862691859375 0.79050685 0.5358594562500001 0.7861710890625 0.5293558140625 0.09786897343749999 0.4805784984375 0.069686525 0.4862691859375 0.79050685
0 0.574068353125 0.1076244359375 0.5317946796874999 0.09136533125 0.5407371875 0.79050685 0.578946084375 0.7894229109374999 0.574068353125 0.1076244359375
0 0.5878885921875 0.779667446875 0.6326011312500001 0.7731638046875 0.6163420265624999 0.1314711234375 0.577320175 0.11846383906249999 0.5878885921875 0.779667446875
0 0.665932296875 0.15206599062499998 0.6244715796875 0.12821930312500002 0.6317881765625 0.7785835062500001 0.67893958125 0.7764156265625 0.665932296875 0.15206599062499998
0 0.6781266265625 0.7742477453125 0.712270746875 0.7731638046875 0.7008893734375 0.17916449843749999 0.6586157 0.16290539375 0.6781266265625 0.7742477453125
0 0.731781671875 0.09786897343749999 0.7000764171875 0.0837777484375 0.712270746875 0.7764156265625 0.7464148671874999 0.7753316859375 0.731781671875 0.09786897343749999
0 0.7464148671874999 0.7655762234375 0.7740553453125 0.7634083421875 0.755357375 0.10870837656250001 0.72934280625 0.0957010921875 0.7464148671874999 0.7655762234375
0 0.7797460328125 0.22035423125000003 0.7569832859375001 0.211682709375 0.770803525 0.767744103125 0.7976310484375 0.7688280437499999 0.7797460328125 0.22035423125000003
0 0.7943792265625 0.7569047 0.82120675 0.7634083421875 0.79681809375 0.14339446718749999 0.7748683015625 0.12930324375 0.7943792265625 0.7569047
0 0.814703109375 0.1553178109375 0.8025087796875001 0.149898109375 0.8236456171875 0.7655762234375 0.8423435874999999 0.7601565203125 0.814703109375 0.1553178109375
0 0.8415306328125001 0.757988640625 0.875674753125 0.7601565203125 0.8455954078125 0.1553178109375 0.8155160640625001 0.13905870625 0.8415306328125001 0.757988640625
0 0.8959986343749999 0.7536528796875 0.8740488421875 0.1661572140625 0.8439694984375 0.1553178109375 0.8959986343749999 0.7536528796875
0 0.9000634109375 0.7536528796875 0.9187613812500001 0.7558207593749999 0.8894949921874999 0.23878121718749998 0.87242293125 0.2376972765625 0.9000634109375 0.7536528796875
0 0.9090059187499999 0.30273369687499996 0.8927468125000001 0.29189429375 0.9155095609374999 0.7569047 0.93420753125 0.7536528796875 0.9090059187499999 0.30273369687499996
0 0.9350204859375 0.7493171171874999 0.9520925468750001 0.7493171171874999 0.9236391125000001 0.26696366562499996 0.906567053125 0.269131546875 0.9350204859375 0.7493171171874999
0 0.9350204859375 0.278887009375 0.9236391125000001 0.278887009375 0.9488407265625 0.75473681875 0.9659127859375 0.75473681875 0.9350204859375 0.278887009375
0 0.946401859375 0.281054890625 0.9358334421875 0.281054890625 0.9667257421875 0.7514849984375 0.9789200703125 0.75473681875 0.946401859375 0.281054890625
0 0.9959921312500001 0.7514849984375 0.999747984375 0.7631048390624999 0.999747984375 0.70127688125 0.993553265625 0.52060570625 0.9748552937499999 0.2225221125 0.964286875 0.22035423125000003 0.9959921312500001 0.7514849984375