0 0.165468959375 0.311708621875 0.15714484374999999 0.311708621875 0.122738559375 0.7971420328125001 0.1665788375 0.7978819953125 0.1971005328125 0.3154085734375 0.17712270624999998 0.31096862187499996 0.165468959375 0.311708621875
0 0.2376111796875 0.31688854843750003 0.1998752453125 0.3139285859375 0.198210409375 0.3176285359375 0.1971005328125 0.322068475 0.1693535296875 0.7993619703125 0.18100729531249998 0.7993619703125 0.1998752453125 0.7993619703125 0.21208393124999997 0.7986220078125 0.2376111796875 0.31688854843750003
0 0.2767112109375 0.324337121875 0.2703526484375 0.3205885 0.262583509375 0.3198485125 0.24815506874999999 0.3198485125 0.24427047968750001 0.322068475 0.217633353125 0.7956620578125 0.23039695937500002 0.7978819953125 0.24926494531249999 0.7971420328125001 0.2767112109375 0.324337121875
0 0.30697870625 0.3302083640625 0.307839140625 0.3284061328125 0.298654609375 0.3265084140625 0.28644592343749997 0.3265084140625 0.27645699218750003 0.3287283890625 0.25370445468749997 0.7956620578125 0.2808965375 0.7971420328125001 0.3025391984375 0.3664678734375 0.305313909375 0.3664678734375 0.30697870625 0.3302083640625
0 0.32859109375 0.368282434375 0.3030941171875 0.3664678734375 0.2803415796875 0.7986220078125 0.3075336640625 0.7993619703125 0.32859109375 0.368282434375
0 0.3548362109375 0.3967655078125 0.3275114890625 0.39532746875 0.3091984609375 0.7993619703125 0.33805537812500003 0.8001019828124999 0.3548362109375 0.3967655078125
0 0.3816916796875 0.400020715625 0.3563684078125 0.39902743281249997 0.340830090625 0.7993619703125 0.36247275 0.8008419453125001 0.3816916796875 0.400020715625
0 0.3857802453125 0.29838879375 0.386335165625 0.30208874531249996 0.3630276703125 0.805281921875 0.39798893125 0.806021884375 0.41465066406249995 0.299923059375 0.3990988078125 0.29764880625 0.3857802453125 0.29838879375
0 0.4507082265625 0.33834825468749996 0.4174118375 0.336868278125 0.39798893125 0.8067618968750001 0.435724865625 0.8075018593750001 0.4507082265625 0.33834825468749996
0 0.48728249999999995 0.338985559375 0.45292801718750003 0.337608265625 0.43738966250000005 0.8082418734375001 0.47568055468750003 0.8089818359375001 0.48728249999999995 0.338985559375
0 0.5306174609375 0.3308475390625 0.5123066125 0.3265084140625 0.5000979265625001 0.3265084140625 0.4901089953125 0.3279884015625 0.476235475 0.805281921875 0.494548503125 0.8089818359375001 0.506757190625 0.8097218484375001 0.5195208703125 0.8075018593750001 0.5306174609375 0.3308475390625
0 0.5211856296875 0.8067618968750001 0.5295097281250001 0.8089818359375001 0.54782275625 0.8112018234375 0.5666907796875 0.8104618109375 0.5672457 0.8089818359375001 0.5739049625 0.3287283890625 0.5633611109375 0.32428845 0.5522623390625 0.32428845 0.54116349375 0.32354846249999997 0.53172948125 0.3250284375 0.5211856296875 0.8067618968750001
0 0.582229059375 0.3265084140625 0.578344471875 0.3265084140625 0.5766797109375 0.3279884015625 0.5694654531250001 0.8126817984375 0.6144156093750001 0.8149017875 0.624404540625 0.3309483515625 0.62273970625 0.3302083640625 0.6171902828125 0.3287283890625 0.6121958546874999 0.3272484015625 0.604981596875 0.3265084140625 0.59998716875 0.3250284375 0.5944377453125 0.3250284375 0.5905531578125001 0.3257684265625 0.5872235625 0.3265084140625 0.582229059375 0.3265084140625
0 0.6166353640625 0.8097218484375001 0.631063803125 0.8126817984375 0.6488219125 0.8134218125 0.6610305984375 0.8149017875 0.670464609375 0.334648303125 0.6643602671875 0.331688353125 0.6577009296874999 0.33242834062500004 0.6515965859375 0.33242834062500004 0.643827484375 0.3309483515625 0.637168146875 0.3309483515625 0.62939896875 0.3309483515625 0.6249594609375 0.3309483515625 0.6166353640625 0.8097218484375001
0 0.6921072328125 0.405687346875 0.670464609375 0.405687346875 0.6610305984375 0.8104618109375 0.686002890625 0.8126817984375 0.6921072328125 0.405687346875
0 0.7137229296875 0.41060014375 0.692662228125 0.409387284375 0.686002890625 0.8104618109375 0.7082005078125 0.8126817984375 0.7137229296875 0.41060014375
0 0.734837634375 0.380527690625 0.7186057421875 0.378048059375 0.71430485 0.8141617734375 0.7287332906249999 0.8149017875 0.734837634375 0.380527690625
0 0.7542605765625 0.3753477515625 0.7398321375 0.3731277875 0.7342827140625 0.817121725 0.7487111546875 0.8178617375 0.7542605765625 0.3753477515625
0 0.7892218 0.3694278375 0.760919840625 0.3664678734375 0.758145165625 0.8215617015625 0.7892218 0.8215617015625 0.7892218 0.3694278375
0 0.8108644984375 0.8215617015625 0.8308422859375 0.8237816390624999 0.8286225328124999 0.3435281796875 0.790331640625 0.3405682296875 0.7897767203125 0.8200817265625 0.8108644984375 0.8215617015625
0 0.8626487109375001 0.34712358125 0.8275126921875 0.34500816875 0.8302873671875 0.8186017 0.8691331796874999 0.8208216890625 0.8626487109375001 0.34712358125