0 0.0749138265625 0.1314711234375 0.0139421828125 0.1314711234375 0.1139356796875 0.9465942593750001 0.165964815625 0.9368387968749999 0.0749138265625 0.1314711234375
0 0.1383243359375 0.1314711234375 0.074100871875 0.1314711234375 0.16271299374999998 0.944426378125 0.21311622031250002 0.94551031875 0.1383243359375 0.1314711234375
0 0.191166428125 0.1347229453125 0.1318206953125 0.1314711234375 0.216368040625 0.94551031875 0.25538989375 0.9400906171875001 0.191166428125 0.1347229453125
0 0.257828759375 0.136890825 0.19279233906249998 0.1325550640625 0.2537639828125 0.944426378125 0.30335425312500003 0.9390066765625 0.257828759375 0.136890825
0 0.3098578953125 0.1423105265625 0.2513251171875 0.1347229453125 0.30660607500000003 0.944426378125 0.349692703125 0.9390066765625 0.3098578953125 0.1423105265625
0 0.3570093 0.14339446718749999 0.308231984375 0.14447840781250001 0.35213156875 0.944426378125 0.3968441078125 0.9390066765625 0.3570093 0.14339446718749999
0 0.4017218390625 0.14339446718749999 0.35944816562500004 0.1466462890625 0.396031153125 0.9422584984375 0.43586595937499995 0.9465942593750001 0.4017218390625 0.14339446718749999
0 0.46106757343749993 0.137974765625 0.4041607046875 0.137974765625 0.44562142343750005 0.9411745578125 0.4838303203125 0.9400906171875001 0.46106757343749993 0.137974765625
0 0.51065784375 0.1412265875 0.45862870781250004 0.14339446718749999 0.48545623125 0.9411745578125 0.5187873953125 0.932503034375 0.51065784375 0.1412265875
0 0.564312890625 0.1455623484375 0.508218978125 0.149898109375 0.5301687687500001 0.9422584984375 0.56675175625 0.9368387968749999 0.564312890625 0.1455623484375
0 0.5854497265624999 0.137974765625 0.558622203125 0.1412265875 0.5659388 0.9379227374999999 0.594392234375 0.9411745578125 0.5854497265624999 0.137974765625
0 0.6163420265624999 0.140142646875 0.5830108609375 0.137974765625 0.5878885921875 0.934670915625 0.6179679375 0.9314190953124999 0.6163420265624999 0.140142646875
0 0.661054565625 0.137974765625 0.6098383843749999 0.137974765625 0.61715498125 0.9335869750000001 0.655363878125 0.934670915625 0.661054565625 0.137974765625
0 0.693572775 0.1466462890625 0.66349343125 0.15206599062499998 0.65780274375 0.9314190953124999 0.6781266265625 0.934670915625 0.693572775 0.1466462890625
0 0.7236521203125 0.14339446718749999 0.6878820890624999 0.1336390046875 0.687069134375 0.9379227374999999 0.7106448359375 0.934670915625 0.7236521203125 0.14339446718749999
0 0.7488537328125 0.1412265875 0.7228391640625 0.1466462890625 0.709018925 0.9335869750000001 0.73503349375 0.932503034375 0.7488537328125 0.1412265875
0 0.8000699140625 0.1466462890625 0.7610480625 0.14881416875 0.7366594046875 0.9292512140625 0.773242390625 0.932503034375 0.8000699140625 0.1466462890625
0 0.8488472296875 0.14881416875 0.8073865109374999 0.1542338703125 0.7699905703125001 0.932503034375 0.814703109375 0.9292512140625 0.8488472296875 0.14881416875
0 0.8789265734375 0.2615439640625 0.8488472296875 0.2615439640625 0.814703109375 0.932503034375 0.8447824531249999 0.93575485625 0.8789265734375 0.2615439640625
0 0.906567053125 0.2626279046875 0.8781136187499999 0.257208203125 0.8431565421875 0.932503034375 0.8707970218750001 0.9270833328125001 0.906567053125 0.2626279046875
0 0.9520925468750001 0.2626279046875 0.9073800078125001 0.2615439640625 0.8732358874999999 0.9368387968749999 0.911444784375 0.9335869750000001 0.9520925468750001 0.2626279046875
0 0.993553265625 0.25504032187500003 0.9504666359374999 0.25937608437500004 0.9122577390625001 0.9303351546874999 0.9569702781249999 0.9249154531249999 0.993553265625 0.25504032187500003