0 0.127178115625 0.8138020828125001 0.1792485359375 0.814887153125 0.210165346875 0.2821180546875 0.2052837453125 0.2799479171875 0.1743669328125 0.27886284687499996 0.166308084375 0.27886284687499996 0.127178115625 0.8138020828125001
0 0.192266140625 0.8116319453124999 0.23864135625 0.8127170140625 0.26304936562500003 0.2907986109375 0.2573541640625 0.28862847187499996 0.22155575 0.28862847187499996 0.217577615625 0.2897135421875 0.192266140625 0.8116319453124999
0 0.3256965890625 0.2918836796875 0.2826817828125 0.28862847187499996 0.2565405640625 0.8138020828125001 0.30210217968749997 0.814887153125 0.3256965890625 0.2918836796875
0 0.3525453984375 0.8181423609375 0.3761398078125 0.3016493046875 0.363122203125 0.29839409687499996 0.33069610625 0.29839409687499996 0.3094245828125 0.814887153125 0.3525453984375 0.8181423609375
0 0.3582406 0.8192274296875001 0.4396006296875 0.8203125 0.451804634375 0.2625868046875 0.44366863125 0.2604166671875 0.416819821875 0.2571614578125 0.381835009375 0.2571614578125 0.3582406 0.8192274296875001
0 0.533978265625 0.2604166671875 0.46726304062499996 0.2571614578125 0.46889024062500007 0.824652778125 0.5404870671875 0.8224826390625 0.533978265625 0.2604166671875
0 0.5518774718749999 0.3038194453125 0.5380462671874999 0.302734375 0.54374146875 0.825737846875 0.560013475 0.8268229171874999 0.5518774718749999 0.3038194453125
0 0.5665222765625 0.3211805546875 0.554491678125 0.3211805546875 0.5640814765625 0.8235677078125001 0.5779126812500001 0.8235677078125001 0.5665222765625 0.3211805546875
0 0.5811670828125 0.3200954859375 0.5707677203125 0.3200954859375 0.5811670828125 0.824652778125 0.5941846875000001 0.824652778125 0.5811670828125 0.3200954859375
0 0.6234742984375 0.2918836796875 0.58948516875 0.2907986109375 0.601507090625 0.825737846875 0.6421871046875001 0.8235677078125001 0.6234742984375 0.2918836796875
0 0.6592727109375 0.2940538203125 0.6342442828125 0.29296875 0.6486959062500001 0.825737846875 0.6771719171874999 0.824652778125 0.6592727109375 0.2940538203125
0 0.691003121875 0.29296875 0.6659825640625 0.2918836796875 0.6836807203124999 0.8289930546875001 0.7097159296875 0.8268229171874999 0.691003121875 0.29296875
0 0.71297033125 0.3005642359375 0.691003121875 0.2994791671875 0.7113431296875 0.825737846875 0.7349375390625 0.824652778125 0.71297033125 0.3005642359375
0 0.740632740625 0.302734375 0.7172520953125 0.3016493046875 0.739005540625 0.824652778125 0.7642271484375 0.8213975703124999 0.740632740625 0.302734375
0 0.826874371875 0.835503471875 0.8423327781250001 0.834418403125 0.8130431671875 0.234375 0.7642271484375 0.22786458281250002 0.793516759375 0.8365885421874999 0.826874371875 0.835503471875
0 0.8716223875000001 0.23111979218749998 0.8222325640625 0.23111979218749998 0.8594183843750001 0.8365885421874999 0.9082344015625001 0.8365885421874999 0.8716223875000001 0.23111979218749998