0 0.1459044421875 0.1920572921875 0.1313145953125 0.1963975703125 0.1304460375 0.1985677078125 0.1280052359375 0.8289930546875001 0.13288683750000002 0.835503471875 0.14915884375 0.8365885421874999 0.16461725 0.8387586796875001 0.1776348546875 0.8333333328125001 0.1792620546875 0.1953125 0.16380365 0.1920572921875 0.1459044421875 0.1920572921875
0 0.18421173125 0.20290798593749998 0.18251645625 0.2061631953125 0.18333005625 0.8311631953124999 0.1955340609375 0.835503471875 0.20936526562500002 0.834418403125 0.21912846875 0.834418403125 0.21750126875000003 0.20182291718749998 0.21343326718750003 0.200737846875 0.1955340609375 0.200737846875 0.18421173125 0.20290798593749998
0 0.260622084375 0.1171875 0.21920522031249998 0.1150173609375 0.21750126875000003 0.1171875 0.2199420703125 0.855034721875 0.260622084375 0.855034721875 0.260622084375 0.1171875
0 0.30943810312500003 0.8528645828125001 0.3061837015625 0.1193576390625 0.2907252953125 0.1150173609375 0.2680333453125 0.1161024296875 0.2663172859375 0.1171875 0.26713088749999997 0.853949653125 0.30943810312500003 0.8528645828125001
0 0.31920130625 0.8528645828125001 0.33465971250000004 0.853949653125 0.3590677203125 0.8517795140625 0.35581331875 0.1182725703125 0.3265237078125 0.1150173609375 0.315233865625 0.1150173609375 0.3135061046875 0.1161024296875 0.31920130625 0.8528645828125001
0 0.363949321875 0.8506944453124999 0.398120534375 0.849609375 0.3997477359375 0.1746961796875 0.36487579375 0.1746961796875 0.363949321875 0.8506944453124999
0 0.43635974843750003 0.8463541671874999 0.43473254843750003 0.17795138906250002 0.40869733906250005 0.17578125 0.4014968875 0.17795138906250002 0.40137493593749995 0.18012152812499999 0.40137493593749995 0.8463541671874999 0.43635974843750003 0.8463541671874999
0 0.43961415 0.8572048609375 0.4754125625 0.8561197921874999 0.4745989625 0.1746961796875 0.43730417812500005 0.1746961796875 0.43961415 0.8572048609375
0 0.5144653781249999 0.1746961796875 0.4779942828125 0.17578125 0.47785336406249995 0.18012152812499999 0.47948056406250006 0.853949653125 0.515278978125 0.855034721875 0.5144653781249999 0.1746961796875
0 0.5722309984375 0.17144097187500001 0.527636209375 0.17035590312499999 0.52585578125 0.17035590312499999 0.5291101828125 0.8517795140625 0.5746718000000001 0.8506944453124999 0.5722309984375 0.17144097187500001
0 0.5828078015625 0.1725260421875 0.5819942015625 0.8474392359375 0.5901302046875 0.8517795140625 0.6088430109375 0.8517795140625 0.6259286187499999 0.8474392359375 0.62755581875 0.17361111093749998 0.601520609375 0.17035590312499999 0.58460235625 0.1725260421875 0.5828078015625 0.1725260421875
0 0.6299966203125 0.8333333328125001 0.671490234375 0.8322482640625 0.670676634375 0.1920572921875 0.6293614703125 0.18988715312499999 0.6299966203125 0.8333333328125001
0 0.6812534390625 0.834418403125 0.7260014546875 0.8311631953124999 0.7251878546875 0.19097222187500001 0.7170518515625 0.18988715312499999 0.6983390453125 0.1888020828125 0.679003396875 0.19097222187500001 0.6788126375 0.19314236093749998 0.6812534390625 0.834418403125
0 0.7504094640625001 0.1790364578125 0.735155740625 0.18012152812499999 0.7333238578125 0.830078125 0.7577318656250001 0.8268229171874999 0.7617998671875 0.18012152812499999 0.7504094640625001 0.1790364578125
0 0.7927166796875 0.8279079859375 0.7935302796875 0.18337673593749998 0.79678468125 0.17795138906250002 0.77014923125 0.17795138906250002 0.7683086703125 0.17795138906250002 0.7666814703125 0.830078125 0.7927166796875 0.8279079859375
0 0.8067703249999999 0.8311631953124999 0.8333966937499999 0.8268229171874999 0.83421029375 0.2734375 0.8089886843749999 0.2701822921875 0.8041070828124999 0.830078125 0.8067703249999999 0.8311631953124999
0 0.8504823 0.2842881953125 0.8368810015625 0.2810329859375 0.8350238953125 0.27886284687499996 0.83421029375 0.815972221875 0.8472278984375 0.815972221875 0.8504823 0.2842881953125
0 0.8626863046875 0.2354600703125 0.854784646875 0.2354600703125 0.8521095015625001 0.2332899296875 0.8488551 0.814887153125 0.860245503125 0.815972221875 0.8626863046875 0.2354600703125
0 0.8838399125 0.2354600703125 0.864550271875 0.234375 0.8626863046875 0.8170572921874999 0.8773311109374999 0.8203125 0.8846535125000001 0.814887153125 0.8838399125 0.2354600703125
0 0.8952303171875 0.8170572921874999 0.9049935203125001 0.8192274296875001 0.908247921875 0.23220486093749998 0.898729959375 0.23220486093749998 0.8952303171875 0.8170572921874999
0 0.926960728125 0.8170572921874999 0.928587928125 0.234375 0.9237063265625001 0.234375 0.9101231890625 0.23220486093749998 0.9049935203125001 0.8170572921874999 0.918824725 0.8181423609375 0.926960728125 0.8170572921874999