0 0.1368997515625 0.7790798609375 0.1767661671875 0.78125 0.20524217656250002 0.209418403125 0.2036149765625 0.19748263906250002 0.1718845640625 0.1942274296875 0.166308084375 0.1942274296875 0.1368997515625 0.7790798609375
0 0.1775797671875 0.7801649296875001 0.20524217656250002 0.7801649296875001 0.21581898124999999 0.7801649296875001 0.2402269890625 0.20182291718749998 0.210123778125 0.200737846875 0.2061843875 0.20182291718749998 0.1775797671875 0.7801649296875001
0 0.24280548125 0.20182291718749998 0.21663258124999998 0.7823350703124999 0.24673579218750002 0.7834201390625 0.25487179531250004 0.78125 0.277652603125 0.2061631953125 0.27521180156249997 0.20182291718749998 0.2483629921875 0.1985677078125 0.24280548125 0.20182291718749998
0 0.281054178125 0.20182291718749998 0.258126196875 0.7823350703124999 0.28578860625 0.7845052078125 0.293111009375 0.7845052078125 0.3142646171875 0.2039930546875 0.31263741562499997 0.20182291718749998 0.28497500625 0.20182291718749998 0.281054178125 0.20182291718749998
0 0.3492494296875 0.20290798593749998 0.317675271875 0.200737846875 0.2979926109375 0.785590278125 0.337045425 0.785590278125 0.3492494296875 0.20290798593749998
0 0.3931838453125 0.2061631953125 0.3704030375 0.2061631953125 0.35511016875 0.2061631953125 0.3411134265625 0.7823350703124999 0.363894234375 0.785590278125 0.3866750421875 0.7834201390625 0.3939974453125 0.7834201390625 0.40294705000000003 0.21267361093749998 0.39969264843749996 0.20833333281250002 0.3931838453125 0.2061631953125
0 0.4517630671875 0.20833333281250002 0.40701504999999993 0.20724826406250002 0.39969264843749996 0.7845052078125 0.448508665625 0.7845052078125 0.4517630671875 0.20833333281250002
0 0.45764923125 0.1942274296875 0.44932226562500005 0.7888454859375 0.4948838828125 0.7899305546875001 0.498951884375 0.7877604171875 0.49813828437499996 0.20833333281250002 0.4948838828125 0.1985677078125 0.48186627812499994 0.1942274296875 0.45764923125 0.1942274296875
0 0.5412591 0.200737846875 0.50159454375 0.19965277812499999 0.498951884375 0.7888454859375 0.5445135015625 0.7888454859375 0.5412591 0.200737846875
0 0.5794983140625 0.2039930546875 0.544726053125 0.20290798593749998 0.5477679015625 0.7888454859375 0.586007115625 0.7888454859375 0.5794983140625 0.2039930546875
0 0.6169239265625001 0.205078125 0.583788553125 0.2039930546875 0.5876343171875 0.7888454859375 0.6242463296875 0.7888454859375 0.6169239265625001 0.205078125
0 0.68038475 0.2137586796875 0.6269200640625 0.2137586796875 0.62912793125 0.7888454859375 0.6909615546875 0.7899305546875001 0.68038475 0.2137586796875
0 0.74146651875 0.2159288203125 0.6855138140625 0.2137586796875 0.6950913015625 0.791015625 0.7577385249999999 0.7921006953124999 0.74146651875 0.2159288203125
0 0.7878417359375 0.2528211796875 0.7512297234374999 0.249565971875 0.7683153296875 0.7931857640625 0.80980894375 0.7921006953124999 0.7878417359375 0.2528211796875
0 0.8382849546875001 0.24739583281250002 0.8002599078125 0.24631076406250002 0.82445375 0.795355903125 0.8635065640624999 0.7942708328125 0.8382849546875001 0.24739583281250002
0 0.8789649703125001 0.22786458281250002 0.852343240625 0.230034721875 0.87571056875 0.7996961796875001 0.9058137796875 0.7996961796875001 0.8789649703125001 0.22786458281250002
0 0.901745778125 0.2354600703125 0.881640115625 0.2354600703125 0.9074409796875 0.796440971875 0.9326625890625 0.7942708328125 0.901745778125 0.2354600703125