0 0.0415826609375 0.9476782 0.0830433796875 0.9498460796874999 0.1423891125 0.2171024109375 0.10174135 0.2019272453125 0.0415826609375 0.9476782
0 0.191166428125 0.21385058906249999 0.1521445765625 0.2040951265625 0.0773526921875 0.932503034375 0.1188134109375 0.9400906171875001 0.191166428125 0.21385058906249999
0 0.1204393203125 0.9390066765625 0.13913729218749998 0.9390066765625 0.2431955640625 0.0013982828124999998 0.2196198625 0.0035661640624999997 0.1204393203125 0.9390066765625
0 0.1366984265625 0.934670915625 0.15864821875 0.9411745578125 0.24726034062500002 0.18891996093750002 0.222058728125 0.1780805578125 0.1366984265625 0.934670915625
0 0.2992894765625 0.07077046406250001 0.2586417140625 0.0555953 0.1594611734375 0.9314190953124999 0.1871016515625 0.9368387968749999 0.2992894765625 0.07077046406250001
0 0.18466278593750002 0.9368387968749999 0.22124577343750002 0.9400906171875001 0.3131097171875 0.1943396640625 0.2895340140625 0.1845842 0.18466278593750002 0.9368387968749999
0 0.34237610625000003 0.18891996093750002 0.32367813437500004 0.1813323796875 0.21880690625 0.9335869750000001 0.2505121625 0.9335869750000001 0.34237610625000003 0.18891996093750002
0 0.244821475 0.9335869750000001 0.2667712671875 0.934670915625 0.364325896875 0.22794181406249997 0.3488797484375 0.22035423125000003 0.244821475 0.9335869750000001
0 0.385462734375 0.22685787343750002 0.365138853125 0.2171024109375 0.26839717812499997 0.9216636312500001 0.288721059375 0.9270833328125001 0.385462734375 0.22685787343750002
0 0.2814044609375 0.9249154531249999 0.30660607500000003 0.9270833328125001 0.4074125265625 0.223606053125 0.3862756890625 0.22143817187499998 0.2814044609375 0.9249154531249999
0 0.45537688593750003 0.1943396640625 0.4187939 0.1845842 0.31148380625 0.9194957515625 0.3505056578125 0.9281672734375 0.45537688593750003 0.1943396640625
0 0.35782225625 0.922747571875 0.385462734375 0.9335869750000001 0.5114707984375 0.1900039015625 0.46106757343749993 0.17266085625 0.35782225625 0.922747571875
0 0.5659388 0.008985865625 0.54561491875 0 0.39277933125 0.9162439296875 0.41147730156250006 0.9205796906250001 0.5659388 0.008985865625
0 0.410664346875 0.9184118109374999 0.43261413906249996 0.922747571875 0.5960181453125 0.00573404375 0.5651258453125 0.0035661640624999997 0.410664346875 0.9184118109374999
0 0.6187808921875 0.007901925 0.5968311 0.0024822234374999998 0.43993073593750004 0.9238315125 0.457002796875 0.9249154531249999 0.6187808921875 0.007901925
0 0.45862870781250004 0.9205796906250001 0.477326678125 0.922747571875 0.6496731921875 0.006817984375 0.6260974890625 0.0013982828124999998 0.45862870781250004 0.9205796906250001
0 0.66349343125 0.0013982828124999998 0.64804728125 0.0003143421875 0.4757007671875 0.922747571875 0.487895096875 0.9249154531249999 0.66349343125 0.0013982828124999998
0 0.4968376046875 0.9216636312500001 0.508218978125 0.9249154531249999 0.6781266265625 0.07077046406250001 0.65373796875 0.0631828828125 0.4968376046875 0.9216636312500001
0 0.6951986859375 0.0718544046875 0.67406185 0.0642668234375 0.5098448875 0.9238315125 0.5252910375 0.9270833328125001 0.6951986859375 0.0718544046875
0 0.523665128125 0.922747571875 0.5529315171875 0.922747571875 0.7415371359375 0.00573404375 0.7082059703125 0.0035661640624999997 0.523665128125 0.922747571875
0 0.7429435484375 0 0.5610610687500001 0.9249154531249999 0.5781331296875 0.9249154531249999 0.7769657265625 0 0.7429435484375 0
0 0.5887015484375 0.912992109375 0.619593846875 0.922747571875 0.7951921828125 0.126051421875 0.7561703296875 0.10545655625000001 0.5887015484375 0.912992109375
0 0.849660184375 0.1217156609375 0.8073865109374999 0.1097923171875 0.6228456687499999 0.9151599890625001 0.6594286546875 0.922747571875 0.849660184375 0.1217156609375
0 0.6651193421875 0.9151599890625001 0.6878820890624999 0.922747571875 0.9057540968750001 0.0003143421875 0.8707970218750001 0.0003143421875 0.6651193421875 0.9151599890625001
0 0.9382723078125 0.0133216265625 0.9130706953125 0.0046501046875 0.6878820890624999 0.91407605 0.7204002984375 0.9216636312500001 0.9382723078125 0.0133216265625
0 0.71958734375 0.9270833328125001 0.7366594046875 0.9314190953124999 0.9602221 0.00573404375 0.9366463968750001 0.0024822234374999998 0.71958734375 0.9270833328125001
0 0.9854237124999999 0.007901925 0.9602221 0.0024822234374999998 0.7382853140625001 0.9184118109374999 0.7618610171875 0.922747571875 0.9854237124999999 0.007901925
0 0.9854237124999999 0.00573404375 0.762673971875 0.9075724078125 0.7943792265625 0.9194957515625 0.999747984375 0.065860215625 0.999747984375 0.005712365625 0.9854237124999999 0.00573404375
0 0.8090124218750001 0.9216636312500001 0.999747984375 0.18447580624999999 0.9968050859375 0.06643470312500001 0.783810809375 0.9249154531249999 0.8090124218750001 0.9216636312500001
0 0.832588125 0.9216636312500001 0.9959921312500001 0.29514611562500004 0.9959921312500001 0.2040951265625 0.8090124218750001 0.9151599890625001 0.832588125 0.9216636312500001