0 0.12954324687500002 0.185546875 0.0116856890625 0.1866319453125 0.092931234375 0.8083767359375 0.093744834375 0.8094618046875001 0.12222084531249999 0.8072916671874999 0.1498832546875 0.805121528125 0.179986465625 0.8029513890625 0.1905632703125 0.7996961796875001 0.12954324687500002 0.185546875
0 0.2165984796875 0.1844618046875 0.1816136671875 0.185546875 0.13538360625 0.1844618046875 0.1938176703125 0.80078125 0.2003264734375 0.8018663203124999 0.2792457015625 0.796440971875 0.28900890625 0.7921006953124999 0.24995609062500002 0.1942274296875 0.2434472890625 0.1844618046875 0.2165984796875 0.1844618046875
0 0.319196665625 0.7975260421875 0.32977346875 0.7931857640625 0.30048385781250003 0.248480903125 0.2582677203125 0.248480903125 0.29397505625 0.7996961796875001 0.319196665625 0.7975260421875
0 0.35987667968750003 0.7931857640625 0.3671990828125 0.7931857640625 0.34523187499999997 0.24739583281250002 0.303026834375 0.2452256953125 0.3330278703125 0.7931857640625 0.35987667968750003 0.7931857640625
0 0.3745214859375 0.7921006953124999 0.3818438875 0.791015625 0.36394468125 0.3157552078125 0.3509270765625 0.3157552078125 0.3680126828125 0.791015625 0.3745214859375 0.7921006953124999
0 0.391607090625 0.7931857640625 0.39892949375 0.7931857640625 0.38021668750000004 0.3146701390625 0.3681310015625 0.3146701390625 0.3842846890625 0.7931857640625 0.391607090625 0.7931857640625
0 0.3819656375 0.24631076406250002 0.39892949375 0.786675346875 0.4119470984375 0.7877604171875 0.43065990625 0.785590278125 0.4428639109375 0.785590278125 0.45018631249999996 0.7823350703124999 0.44123670937500004 0.24631076406250002 0.3819656375 0.24631076406250002
0 0.44462839687500005 0.2452256953125 0.4518135140625 0.7834201390625 0.46971272031250005 0.785590278125 0.4941207296875 0.7834201390625 0.5022567312499999 0.7823350703124999 0.5022567312499999 0.24631076406250002 0.4949343296875 0.244140625 0.44462839687500005 0.2452256953125
0 0.5478183484375 0.23220486093749998 0.5072911578125 0.23220486093749998 0.5055111328125 0.7834201390625 0.541309546875 0.7801649296875001 0.5478183484375 0.23220486093749998
0 0.5649039546875 0.7790798609375 0.5762943593750001 0.7779947921875 0.5917527640625 0.234375 0.552864075 0.234375 0.5429367468749999 0.7790798609375 0.5649039546875 0.7790798609375
0 0.5868711625 0.78125 0.5998887671875 0.7779947921875 0.621855975 0.17578125 0.5968093875 0.17578125 0.5787351593750001 0.7801649296875001 0.5868711625 0.78125
0 0.6112791718749999 0.7801649296875001 0.621855975 0.7779947921875 0.645450384375 0.17578125 0.62366485625 0.1746961796875 0.60151596875 0.7801649296875001 0.6112791718749999 0.7801649296875001
0 0.6763671953125 0.205078125 0.647265115625 0.2039930546875 0.6234831765625 0.7790798609375 0.6470775843750001 0.7801649296875001 0.6763671953125 0.205078125
0 0.7089112078124999 0.2061631953125 0.679621596875 0.20290798593749998 0.6487047859375 0.7790798609375 0.6739263953125 0.7779947921875 0.7089112078124999 0.2061631953125
0 0.7430824203124999 0.1822916671875 0.7162336109375 0.18120659687500001 0.6755535953125 0.776909721875 0.7024024046874999 0.776909721875 0.7430824203124999 0.1822916671875
0 0.77399923125 0.230034721875 0.7441075640625 0.230034721875 0.70809760625 0.7779947921875 0.7325056156249999 0.7736545140625 0.77399923125 0.230034721875
0 0.755286425 0.7703993046875001 0.765049628125 0.7649739578125 0.8032888421875001 0.2235243046875 0.77747345 0.22243923593749998 0.74064161875 0.771484375 0.755286425 0.7703993046875001
0 0.7772536328124999 0.7693142359375 0.7862032359375 0.767144096875 0.8358328546875 0.238715278125 0.8100255328125 0.238715278125 0.767490428125 0.7693142359375 0.7772536328124999 0.7693142359375
0 0.8553592609375 0.23654513906250002 0.837694803125 0.2354600703125 0.7910848374999999 0.7638888890625 0.80572964375 0.76171875 0.8553592609375 0.23654513906250002
0 0.8984800765625 0.1822916671875 0.87569926875 0.1844618046875 0.8114248453125 0.766059028125 0.8309512515625 0.7649739578125 0.8984800765625 0.1822916671875
0 0.9253288859375 0.1822916671875 0.9003575640625 0.18120659687500001 0.834205653125 0.7638888890625 0.8537320609375 0.7649739578125 0.9253288859375 0.1822916671875
0 0.951364096875 0.1822916671875 0.9272130328125 0.1822916671875 0.8569864609375 0.766059028125 0.87732646875 0.766059028125 0.951364096875 0.1822916671875
0 0.9782129062499999 0.18120659687500001 0.9556961062499999 0.18120659687500001 0.8797672703125 0.76171875 0.8992936765625 0.7638888890625 0.9782129062499999 0.18120659687500001