0 0.00012194375 0.7048755640625 0.0009348984375 0.78291926875 0.24644738593749999 0.3092373390625 0.2204328171875 0.28430671093750004 0.00012194375 0.7048755640625
0 0.38302386875 0.16290539375 0.344814971875 0.1271353625 0.0033737640625000004 0.781835328125 0.0017478531249999999 0.8436199265625 0.02532355625 0.8522914500000001 0.38302386875 0.16290539375
0 0.07653973750000001 0.8111017171875 0.114748634375 0.8425359875 0.44155664687499996 0.15098205 0.405786615625 0.1325550640625 0.07653973750000001 0.8111017171875
0 0.49765055937499997 0.15098205 0.457002796875 0.11954777968750001 0.130194784375 0.805682015625 0.1740943671875 0.8512075093749999 0.49765055937499997 0.15098205
0 0.5358594562500001 0.1423105265625 0.508218978125 0.126051421875 0.19360529375 0.8078498953125001 0.2310012359375 0.8382002249999999 0.5391112765625 0.149898109375 0.5358594562500001 0.1423105265625
0 0.583823815625 0.137974765625 0.5602481140625 0.11521201875 0.24644738593749999 0.8035141343750001 0.2854692375 0.8262768812499999 0.583823815625 0.137974765625
0 0.2927858359375 0.8241090015625 0.3253040453125 0.8457878078125001 0.635852953125 0.1130441375 0.6033347421874999 0.0859456296875 0.2927858359375 0.8241090015625
0 0.34237610625000003 0.8132695984374999 0.37814613750000003 0.8382002249999999 0.6813784468749999 0.102204734375 0.6464213703125 0.08052592812500001 0.34237610625000003 0.8132695984374999
0 0.724465075 0.10545655625000001 0.6943857312499999 0.08269380781249999 0.3935922875 0.8132695984374999 0.42611049687499997 0.8382002249999999 0.724465075 0.10545655625000001
0 0.44887324375000004 0.8002623140624999 0.48952100625000006 0.8262768812499999 0.7545444203125 0.1780805578125 0.709018925 0.149898109375 0.44887324375000004 0.8002623140624999
0 0.8187678843749999 0.11521201875 0.788688540625 0.0989529140625 0.5017153359375001 0.79267473125 0.5326076359374999 0.8219411203125 0.8187678843749999 0.11521201875
0 0.546427875 0.7959265515625 0.583823815625 0.8078498953125001 0.8740488421875 0.1130441375 0.8350269906250001 0.09136533125 0.546427875 0.7959265515625
0 0.92445206875 0.09353321249999999 0.8846172609374999 0.0631828828125 0.594392234375 0.7840032078125 0.6366659078125 0.8111017171875 0.92445206875 0.09353321249999999
0 0.6569897890624999 0.78291926875 0.6951986859375 0.815437478125 0.98054598125 0.09136533125 0.9374593515624999 0.061015001562500004 0.6569897890624999 0.78291926875
0 0.9992439515625 0.076190165625 0.9862366671875 0.076190165625 0.71389665625 0.779667446875 0.7472278218749999 0.804598075 0.998430996875 0.15098205 0.999747984375 0.11088709687500001 0.9992439515625 0.076190165625
0 0.793566271875 0.80243019375 0.999747984375 0.287634409375 0.998430996875 0.1564017515625 0.7561703296875 0.7807513875 0.793566271875 0.80243019375
0 0.9968050859375 0.414379553125 0.999747984375 0.30040322656249996 0.8057606015625 0.7720798640625001 0.8415306328125001 0.7970104921875001 0.9968050859375 0.414379553125