0 0.0695870390625 0.44053819531249994 0.034917195312499996 0.44343171249999996 0.07067184062500001 0.8362268515625001 0.09399504843749999 0.835503471875 0.0598238359375 0.44632523125 0.0695870390625 0.44053819531249994
0 0.0956222484375 0.855034721875 0.1308782625 0.8514178234375 0.09779185 0.4456018515625 0.061501396875 0.44632523125 0.0956222484375 0.855034721875
0 0.1357598640625 0.8478009265625 0.167761475 0.8449074078125 0.139556665625 0.48249421249999996 0.10707431406250001 0.4832175921875 0.1357598640625 0.8478009265625
0 0.1813214796875 0.47598379687500003 0.15264723125 0.4752604171875 0.15094706875 0.47598379687500003 0.176982278125 0.8289930546875001 0.2046446890625 0.827546296875 0.1813214796875 0.47598379687500003
0 0.2127806921875 0.45500578750000004 0.18411424375000002 0.45645254687500003 0.20681429062499998 0.830439815625 0.225798296875 0.827546296875 0.23556149999999998 0.8260995375 0.2127806921875 0.45500578750000004
0 0.2399007015625 0.4557291671875 0.2139537890625 0.45500578750000004 0.2344767 0.830439815625 0.2458671046875 0.8318865734375 0.25779990937499997 0.830439815625 0.2399007015625 0.4557291671875
0 0.261054309375 0.411603009375 0.2491215046875 0.41015625 0.237282646875 0.40726273125 0.2366463 0.41015625 0.25779990937499997 0.8506944453124999 0.26485111093749997 0.852141203125 0.2735295140625 0.852141203125 0.2811231171875 0.852141203125 0.2898015203125 0.849971065625 0.2740719140625 0.408709490625 0.2713599140625 0.4094328703125 0.261054309375 0.411603009375
0 0.2974232390625 0.84273726875 0.32996725 0.8405671296874999 0.318576846875 0.43764467656250006 0.2828555640625 0.43836805468750006 0.2974232390625 0.84273726875
0 0.34678165625 0.4484953703125 0.337560853125 0.4484953703125 0.324088203125 0.4484953703125 0.3343064515625 0.8210358796874999 0.3402728546875 0.82320601875 0.34623925624999996 0.824652778125 0.354375259375 0.824652778125 0.3625112625 0.8239293984374999 0.3679352640625 0.8195891203125001 0.36196886250000004 0.4456018515625 0.35871446093750003 0.4470486109375 0.34678165625 0.4484953703125
0 0.370104865625 0.8210358796874999 0.3739016671875 0.8239293984374999 0.38203766875 0.8253761578125 0.39125847343750003 0.8253761578125 0.397767275 0.8253761578125 0.404818478125 0.8195891203125001 0.40156407656250004 0.4470486109375 0.36477830624999996 0.447771990625 0.370104865625 0.8210358796874999
0 0.42814168593749996 0.43258101875 0.40438334062500003 0.43258101875 0.405903278125 0.8203125 0.4102424796875 0.821759259375 0.42814168593749996 0.821759259375 0.42814168593749996 0.43258101875
0 0.4292264875 0.8210358796874999 0.4536344953125 0.8203125 0.4536344953125 0.43258101875 0.4293399390625 0.43258101875 0.4292264875 0.8210358796874999
0 0.45483907031250004 0.41811342656250006 0.4547448546875 0.8224826390625 0.45799925625000004 0.8253761578125 0.465050459375 0.8282696765625 0.4731864625 0.8282696765625 0.49434007031249994 0.8282696765625 0.5041032734375 0.8282696765625 0.5122392765625 0.82320601875 0.5192904796875 0.41811342656250006 0.45483907031250004 0.41811342656250006
0 0.5832937031250001 0.4152199078125 0.5231984453125 0.4152199078125 0.5220024796875 0.4166666671875 0.516036078125 0.8203125 0.5220024796875 0.8224826390625 0.533392884375 0.8239293984374999 0.5420712875 0.8260995375 0.5540040921875 0.824652778125 0.5643096953125 0.8224826390625 0.5713608984375 0.8195891203125001 0.5832937031250001 0.4152199078125
0 0.6326521203125 0.8138020828125001 0.654348128125 0.41304976875 0.642415325 0.4137731484375 0.6304825203125 0.41449652812500004 0.6152953140624999 0.4137731484375 0.602820109375 0.41304976875 0.5915576859375 0.411603009375 0.5746152999999999 0.810908565625 0.5767849 0.8166956015625001 0.5827513015625 0.8195891203125001 0.5892601046875 0.8224826390625 0.5963113078125 0.82320601875 0.618549715625 0.8224826390625 0.6245161171875 0.821759259375 0.6293977187500001 0.818865740625 0.6326521203125 0.8138020828125001
0 0.6348217218750001 0.8138020828125001 0.6635689328125001 0.8145254625 0.6901465421874999 0.42534722187499996 0.6588321265625 0.42245370312499997 0.6348217218750001 0.8138020828125001
0 0.669535334375 0.8123553234375 0.69611294375 0.8145254625 0.72865695625 0.4246238421875 0.6978946265625 0.42390046249999996 0.669535334375 0.8123553234375
0 0.69828254375 0.8015046296874999 0.722148153125 0.8043981484374999 0.7530649640625 0.46585648125 0.726648965625 0.46440972187499996 0.69828254375 0.8015046296874999
0 0.7254025546875 0.802228009375 0.7503529640625 0.8043981484374999 0.7845241765625001 0.4651331015625 0.7564883765625 0.4636863421875 0.7254025546875 0.802228009375
0 0.7563944296875 0.80367476875 0.7780904375000001 0.805121528125 0.8166008515625001 0.4484953703125 0.7927352437499999 0.44632523125 0.7563944296875 0.80367476875
0 0.8068376484374999 0.7986111109375 0.82799125625 0.79788773125 0.8464328625 0.439814815625 0.823220146875 0.43836805468750006 0.8068376484374999 0.7986111109375
0 0.8328728578125 0.79788773125 0.8540264656250001 0.7986111109375 0.873010471875 0.439091434375 0.8492618140625 0.439814815625 0.8328728578125 0.79788773125
0 0.8567384671875 0.7921006953124999 0.878434475 0.791377315625 0.8919944796875001 0.47598379687500003 0.8725908062500001 0.478153934375 0.8567384671875 0.7921006953124999
0 0.8995880828124999 0.48249421249999996 0.8854856765625 0.796440971875 0.9060962124999999 0.796440971875 0.9082664859375 0.7754629625 0.9109784875000001 0.737847221875 0.922368890625 0.48032407499999996 0.9115208859375 0.47960069531249994 0.9008026125 0.48032407499999996 0.8995880828124999 0.48249421249999996