0 0.22937178593750002 0.8555479234375 0.26755165000000003 0.8519960234375 0.2409145390625 0.3570907375 0.2005504375 0.3587831453125 0.22937178593750002 0.8555479234375
0 0.26755165000000003 0.8508120031249999 0.29862829999999996 0.8496280625000001 0.277698875 0.3548768953125 0.24180241093750002 0.3570907375 0.26755165000000003 0.8508120031249999
0 0.30129203437499996 0.8662037859374999 0.3412477015625 0.8638358265624999 0.319050128125 0.273027896875 0.2764307265625 0.273027896875 0.30129203437499996 0.8662037859374999
0 0.3536783859375 0.865019846875 0.3936341125 0.8590999046875 0.3741002140625 0.270659896875 0.33059288124999997 0.2718439171875 0.3536783859375 0.865019846875
0 0.39807359062500003 0.8472601015624999 0.4220470859375 0.84607608125 0.410504275 0.3523548171875 0.3847550359375 0.3523548171875 0.39807359062500003 0.8472601015624999
0 0.4229349578125 0.84607608125 0.44602046250000005 0.8472601015624999 0.437855125 0.3509706453125 0.413168009375 0.3511708359375 0.4229349578125 0.84607608125
0 0.4842003859375 0.8638358265624999 0.47620918124999995 0.2576360734375 0.437855125 0.2585227296875 0.44690833437500005 0.8638358265624999 0.4842003859375 0.8638358265624999
0 0.4877519921875 0.861467865625 0.5241560515625 0.8590999046875 0.519886375 0.2559185625 0.47976078749999995 0.25645209375 0.4877519921875 0.861467865625
0 0.529483403125 0.8579158843749999 0.564999590625 0.8531799640625 0.5618785625 0.2624289796875 0.5268197875 0.2635560140625 0.529483403125 0.8579158843749999
0 0.5960763 0.314467328125 0.5667754546875 0.3156513078125 0.5694391890625 0.8579158843749999 0.5950816875 0.8535748125 0.5960763 0.314467328125
0 0.6289287531250001 0.3120993671875 0.6005157796875 0.313283346875 0.59785204375 0.8519960234375 0.625377146875 0.8484440421875 0.6289287531250001 0.3120993671875
0 0.6600054625 0.3334110515625 0.6351440953124999 0.33459503281249997 0.6315924890625 0.8484440421875 0.6556285625 0.8457623125 0.6600054625 0.3334110515625
0 0.6582296000000001 0.84607608125 0.6830909671875001 0.843708121875 0.687855125 0.3327414796875 0.662669078125 0.3334110515625 0.6582296000000001 0.84607608125
0 0.69019418125 0.8496280625000001 0.7150554296875 0.8496280625000001 0.7220348125 0.3314393953125 0.6937457874999999 0.3334110515625 0.69019418125 0.8496280625000001
0 0.7203828984375 0.84607608125 0.7470200109375 0.84607608125 0.754261375 0.3288352296875 0.72571036875 0.32985911093750003 0.7203828984375 0.84607608125
0 0.77632085625 0.8768596484375 0.7940790109375 0.875675709375 0.8047338312500001 0.86738780625 0.8136129078125001 0.86738780625 0.8162765234375 0.8590999046875 0.8251556000000001 0.1972529171875 0.8082854375 0.1960689375 0.7994063609375 0.1972529171875 0.7807604546875 0.1972529171875 0.77632085625 0.8768596484375
0 0.8633355234375 0.8685717468749999 0.87754195 0.19370095781250002 0.8353160624999999 0.1934185625 0.8224918656250001 0.8721237281249999 0.8633355234375 0.8685717468749999
0 0.8651112671875 0.86738780625 0.888196890625 0.865019846875 0.9036754374999999 0.21946022968749998 0.8802056859375 0.219748603125 0.8651112671875 0.86738780625
0 0.8917484968749999 0.865019846875 0.9148340015624999 0.8638358265624999 0.9299283015625001 0.21619666249999997 0.9077307875 0.21738064218750003 0.8917484968749999 0.865019846875