0 0.1922501984375 0.8409288203124999 0.21665820781249998 0.8376736109375 0.1572653859375 0.39605034687499996 0.13050079375 0.3971354171875 0.1922501984375 0.8409288203124999
0 0.2182854078125 0.8409288203124999 0.240252615625 0.8409288203124999 0.1824869953125 0.39605034687499996 0.1588925875 0.3971354171875 0.2182854078125 0.8409288203124999
0 0.272796628125 0.849609375 0.28093263125 0.8474392359375 0.2280486125 0.3732638890625 0.181770325 0.3743489578125 0.2426934171875 0.849609375 0.25977902343750003 0.8517795140625 0.272796628125 0.849609375
0 0.29720463750000004 0.8485243046875001 0.3094086421875 0.8506944453124999 0.3199854453125 0.8485243046875001 0.3273078484375 0.8430989578125001 0.2760510296875 0.3721788203125 0.23211661249999999 0.3743489578125 0.289882234375 0.844184028125 0.29720463750000004 0.8485243046875001
0 0.341139053125 0.8528645828125001 0.3541566578125 0.8528645828125001 0.36880146406250003 0.8506944453124999 0.3712422640625 0.844184028125 0.31673104375 0.3233506953125 0.2777989703125 0.3244357640625 0.33463025156250004 0.8506944453124999 0.341139053125 0.8528645828125001
0 0.3712422640625 0.8474392359375 0.3867006703125 0.8485243046875001 0.407854278125 0.845269096875 0.3663606625 0.38519965312500004 0.36798786250000004 0.3732638890625 0.3622926609375 0.3233506953125 0.359038259375 0.322265625 0.322558084375 0.3233506953125 0.3712422640625 0.8474392359375
0 0.372869465625 0.3776041671875 0.36798786250000004 0.3830295140625 0.409481478125 0.8561197921874999 0.444466290625 0.855034721875 0.410295078125 0.37543402812500004 0.372869465625 0.3776041671875
0 0.45016149375000003 0.8430989578125001 0.4835191046875 0.844184028125 0.45341589375 0.3721788203125 0.41533152187500005 0.3743489578125 0.45016149375000003 0.8430989578125001
0 0.48433270625 0.8561197921874999 0.52175831875 0.8528645828125001 0.5022319125 0.37651909687499996 0.46415964687500005 0.380859375 0.48433270625 0.8561197921874999
0 0.5274535218749999 0.8756510421874999 0.5754559390625 0.873480903125 0.5722015375 0.3352864578125 0.5146153765625 0.3407118046875 0.5274535218749999 0.8756510421874999
0 0.6389167625 0.3352864578125 0.6324079593749999 0.3352864578125 0.6112543515625 0.3352864578125 0.5780919390625 0.3385416671875 0.580337540625 0.873480903125 0.6275263578125 0.874565971875 0.6389167625 0.3352864578125
0 0.673901575 0.3255208328125 0.6389167625 0.32660590312500004 0.6291535578125 0.8561197921874999 0.6429847640624999 0.8561197921874999 0.65762956875 0.855034721875 0.673901575 0.3255208328125
0 0.7227175921875 0.3287760421875 0.681444803125 0.3309461796875 0.6616975703125 0.864800346875 0.6795967765625 0.8626302078125001 0.6950551828125 0.8626302078125001 0.7227175921875 0.3287760421875
0 0.699936784375 0.8604600703124999 0.7129543890625001 0.8604600703124999 0.7292263953125 0.8604600703124999 0.7699064109375 0.32660590312500004 0.750380003125 0.32769097187499996 0.727831521875 0.32660590312500004 0.698309584375 0.8485243046875001 0.699936784375 0.8604600703124999
0 0.7650248093750001 0.873480903125 0.8154680265625001 0.32769097187499996 0.7902464171875 0.32769097187499996 0.7782872515625 0.3309461796875 0.7365487984375 0.8713107640625 0.749566403125 0.873480903125 0.7650248093750001 0.873480903125
0 0.7723472109375 0.8821614578125001 0.8008232218750001 0.884331596875 0.86347044375 0.3331163203125 0.8246739703125 0.3331163203125 0.7723472109375 0.8821614578125001
0 0.803264021875 0.883246528125 0.8341808328125 0.8854166671874999 0.9163544640625 0.33745659687499996 0.87974245 0.33745659687499996 0.803264021875 0.883246528125