0 0.033453109375 0.93575485625 0.07166200625 0.932503034375 0.061906542187500004 0.159653571875 0.028575376562499998 0.1574856921875 0.033453109375 0.93575485625
0 0.07653973750000001 0.9390066765625 0.10580612656249999 0.93575485625 0.093611796875 0.069686525 0.0554029 0.06751864375 0.07653973750000001 0.9390066765625
0 0.10499317187499999 0.9390066765625 0.1383243359375 0.9379227374999999 0.12775591875 0.0740222859375 0.0879211109375 0.076190165625 0.10499317187499999 0.9390066765625
0 0.13751138125 0.9411745578125 0.16840368125 0.9368387968749999 0.15864821875 0.0588471203125 0.1212522765625 0.0588471203125 0.13751138125 0.9411745578125
0 0.16840368125 0.9400906171875001 0.22531054843749998 0.9400906171875001 0.21474213125000002 0.020909209375 0.161087084375 0.0165734484375 0.16840368125 0.9400906171875001
0 0.2277494140625 0.9379227374999999 0.2814044609375 0.9303351546874999 0.272461953125 0.0230770890625 0.2155550859375 0.025244970312499997 0.2277494140625 0.9379227374999999
0 0.2846562828125 0.934670915625 0.37164249531250004 0.9368387968749999 0.3692036296875 0.0740222859375 0.2870951484375 0.07077046406250001 0.2846562828125 0.934670915625
0 0.37489431562500003 0.9422584984375 0.4578157515625 0.9411745578125 0.461880528125 0.08052592812500001 0.37164249531250004 0.0718544046875 0.37489431562500003 0.9422584984375
0 0.45456393124999994 0.94551031875 0.5269169484375 0.9433424390624999 0.5317946796874999 0.0740222859375 0.46431939375000003 0.07727410625 0.45456393124999994 0.94551031875
0 0.528542859375 0.9530979015625001 0.5724424421875 0.9498460796874999 0.5716294875 0.1780805578125 0.5350465015625 0.18024843906250002 0.528542859375 0.9530979015625001
0 0.569190621875 0.948762140625 0.6114642953125 0.944426378125 0.6025217875 0.1824163203125 0.5683776671875 0.1824163203125 0.569190621875 0.948762140625
0 0.6114642953125 0.9498460796874999 0.65373796875 0.944426378125 0.64804728125 0.1813323796875 0.6106513390625 0.18783602187499998 0.6114642953125 0.9498460796874999
0 0.661054565625 0.9541818421875 0.693572775 0.944426378125 0.6830043578125 0.1824163203125 0.650486146875 0.183500259375 0.661054565625 0.9541818421875
0 0.6976375515625 0.944426378125 0.742350090625 0.9422584984375 0.7472278218749999 0.00573404375 0.6903209546875 0.0035661640624999997 0.6976375515625 0.944426378125
0 0.742350090625 0.94551031875 0.8000699140625 0.944426378125 0.8057606015625 0.00573404375 0.7496666875 0.0035661640624999997 0.742350090625 0.94551031875
0 0.8049476453125 0.9476782 0.8618545140625 0.948762140625 0.850473140625 0.15314993125 0.7976310484375 0.149898109375 0.8049476453125 0.9476782
0 0.8594156484375001 0.9476782 0.9203872921875 0.9411745578125 0.9041281874999999 0.165073275 0.849660184375 0.16073751249999998 0.8594156484375001 0.9476782
0 0.9220132031249999 0.9465942593750001 0.9837978015625 0.9476782 0.9439629937499999 0.185668140625 0.9025022765624999 0.1661572140625 0.9220132031249999 0.9465942593750001