0 0.154688 0.30468799999999996 0.117188 0.309375 0.189062 0.804688 0.220312 0.792188 0.154688 0.30468799999999996
0 0.196875 0.30468799999999996 0.160938 0.309375 0.24375 0.790625 0.275 0.784375 0.196875 0.30468799999999996
0 0.240625 0.303125 0.203125 0.309375 0.2875 0.7875 0.31875 0.78125 0.240625 0.303125
0 0.279687 0.30156299999999997 0.242188 0.310937 0.32343700000000003 0.790625 0.35625 0.782813 0.279687 0.30156299999999997
0 0.303125 0.235937 0.271875 0.242188 0.36406299999999997 0.790625 0.389062 0.782813 0.303125 0.235937
0 0.33281299999999997 0.240625 0.310937 0.24375 0.396875 0.789062 0.41718700000000003 0.785937 0.33281299999999997 0.240625
0 0.36406299999999997 0.23906299999999997 0.340625 0.242188 0.421875 0.790625 0.44375 0.784375 0.36406299999999997 0.23906299999999997
0 0.404687 0.240625 0.373437 0.246875 0.44531200000000004 0.790625 0.475 0.785937 0.404687 0.240625
0 0.44375 0.240625 0.41093799999999997 0.24531200000000003 0.41093799999999997 0.248438 0.48125 0.79375 0.5117999671875 0.7884124234375001 0.44375 0.240625
0 0.48906299999999997 0.264062 0.45781299999999997 0.27031299999999997 0.515625 0.7875 0.54375 0.784375 0.48906299999999997 0.264062
0 0.514062 0.235937 0.490625 0.23906299999999997 0.490625 0.242188 0.546875 0.789062 0.571875 0.785937 0.514062 0.235937
0 0.546875 0.232813 0.521875 0.23906299999999997 0.573438 0.789062 0.59766123125 0.786363046875 0.546875 0.232813
0 0.5875 0.23125 0.554688 0.2375 0.6 0.782813 0.626563 0.779687 0.5875 0.23125
0 0.628125 0.232813 0.595313 0.2375 0.629687 0.785937 0.657813 0.782813 0.628125 0.232813
0 0.667188 0.248438 0.642188 0.25468799999999997 0.6625 0.795312 0.66875 0.796875 0.68125 0.8 0.698438 0.798438 0.7125 0.79375 0.720313 0.7875 0.709375 0.246875 0.696875 0.246875 0.667188 0.248438
0 0.835938 0.126562 0.759375 0.129688 0.735938 0.825 0.804688 0.823438 0.835938 0.126562
0 0.879687 0.126562 0.845313 0.128125 0.809375 0.826562 0.842187 0.823438 0.879687 0.126562
0 0.885938 0.26875 0.873437 0.27031299999999997 0.84375 0.775 0.854688 0.775 0.885938 0.26875
0 0.929688 0.26875 0.89375 0.267188 0.859375 0.775 0.895312 0.773438 0.929688 0.26875