0 0.0010004546875 0.32660590312500004 0.0481892703125 0.869140625 0.0628340765625 0.8723958328125001 0.0799196828125 0.8702256953124999 0.0864284859375 0.8658854171874999 0.035985267187499996 0.238715278125 0.0188996609375 0.23763020781250002 0.0010004546875 0.23763020781250002 0.0010004546875 0.32660590312500004
0 0.0807332828125 0.1888020828125 0.0360997515625 0.19097222187500001 0.0921236875 0.8658854171874999 0.135244503125 0.8561197921874999 0.0807332828125 0.1888020828125
0 0.136058103125 0.8658854171874999 0.17917891875 0.8582899296875001 0.1295493 0.1866319453125 0.083300271875 0.18771701406250002 0.1336173015625 0.8582899296875001 0.136058103125 0.8658854171874999
0 0.24833494374999998 0.8485243046875001 0.20765492968750002 0.16059027812499999 0.13538360625 0.1671006953125 0.1816197203125 0.8561197921874999 0.19138292343750002 0.8626302078125001 0.201959728125 0.863715278125 0.2157909328125 0.863715278125 0.2296221375 0.8582899296875001 0.2426397421875 0.855034721875 0.24833494374999998 0.8485243046875001
0 0.28250615625000003 0.1573350703125 0.25565734687499997 0.15625 0.2328765390625 0.15842013906250002 0.21188100156249998 0.16059027812499999 0.253216546875 0.8474392359375 0.26297975 0.8528645828125001 0.2759973546875 0.855034721875 0.28982855937499996 0.8528645828125001 0.306100565625 0.8485243046875001 0.31993177031250003 0.8420138890625 0.28250615625000003 0.1573350703125
0 0.3288813734375 0.1768663203125 0.290819803125 0.1790364578125 0.32481337187500003 0.8420138890625 0.359798184375 0.8376736109375 0.3288813734375 0.1768663203125
0 0.3614253859375 0.8376736109375 0.38257899375000004 0.8387586796875001 0.3964101984375 0.835503471875 0.3663069875 0.1746961796875 0.34922138125 0.17578125 0.3315099078125 0.17795138906250002 0.3614253859375 0.8376736109375
0 0.38176539374999996 0.20833333281250002 0.37464141875 0.20833333281250002 0.3964101984375 0.8463541671874999 0.40698700312499997 0.844184028125 0.38176539374999996 0.20833333281250002
0 0.4086517359375 0.2061631953125 0.38343012656250003 0.2061631953125 0.40783813437500005 0.844184028125 0.4297678109375 0.8409288203124999 0.4086517359375 0.2061631953125
0 0.42817814218750005 0.20290798593749998 0.4210281375 0.2039930546875 0.44119574687499996 0.8430989578125001 0.45014535 0.8420138890625 0.42817814218750005 0.20290798593749998
0 0.45502695156249995 0.20290798593749998 0.4316075640625 0.2039930546875 0.4517725515625 0.8420138890625 0.47455335937500004 0.83984375 0.45502695156249995 0.20290798593749998
0 0.4810621609375 0.8365885421874999 0.49570696718749996 0.835503471875 0.5152333734375001 0.8322482640625 0.5282509796875 0.8279079859375 0.5136061734374999 0.1692708328125 0.46253204375 0.1692708328125 0.4810621609375 0.8365885421874999
0 0.5721853953125 0.1671006953125 0.5194981890625 0.1692708328125 0.5331325812500001 0.8289930546875001 0.5827621984375 0.8235677078125001 0.5721853953125 0.1671006953125
0 0.6266966140625 0.16384548593749998 0.576464334375 0.1649305546875 0.5884574015624999 0.824652778125 0.6332054171875 0.8203125 0.6266966140625 0.16384548593749998
0 0.6796359234375 0.1627604171875 0.635058084375 0.1627604171875 0.6373287078125001 0.8203125 0.6812631234375 0.8170572921874999 0.6796359234375 0.1627604171875
0 0.7235703390625 0.224609375 0.68225860625 0.2256944453125 0.683703925 0.805121528125 0.7219431390625 0.8029513890625 0.7235703390625 0.224609375
0 0.7740135578125 0.22135416718749998 0.7319005328125 0.22243923593749998 0.725197540625 0.805121528125 0.7666911546875 0.7996961796875001 0.7740135578125 0.22135416718749998
0 0.7740492734375 0.80078125 0.783812478125 0.80078125 0.803338884375 0.7996961796875001 0.8114748875 0.7986111109375 0.8253060921875001 0.1573350703125 0.783983865625 0.1573350703125 0.7740492734375 0.80078125
0 0.8871397156249999 0.15082465312499999 0.8472733 0.15190972187500001 0.820424490625 0.8018663203124999 0.86029090625 0.8018663203124999 0.8871397156249999 0.15082465312499999
0 0.9847717515625 0.1280381953125 0.9239578249999999 0.1280381953125 0.8912077171874999 0.8235677078125001 0.940023734375 0.8213975703124999 0.9847717515625 0.1280381953125
0 0.991280553125 0.20724826406250002 0.981737771875 0.20833333281250002 0.9432781359375 0.7877604171875 0.9741949468750001 0.7801649296875001 0.991280553125 0.20724826406250002