0 0.1067797921875 0.25933159687499996 0.093065896875 0.25933159687499996 0.15152780937500002 0.707465278125 0.1645454140625 0.707465278125 0.1067797921875 0.25933159687499996
0 0.22881983749999998 0.7042100703124999 0.2312606375 0.7009548609375 0.1808174203125 0.224609375 0.137011209375 0.22677951406250002 0.19058062343749999 0.7009548609375 0.22881983749999998 0.7042100703124999
0 0.1923497515625 0.21158854218749998 0.24265104218750003 0.7009548609375 0.2491598453125 0.7020399296875001 0.26380465000000003 0.703125 0.28577185781250003 0.703125 0.2955350609375 0.7009548609375 0.25078704531249996 0.20724826406250002 0.1923497515625 0.21158854218749998
0 0.3004166640625 0.708550346875 0.31668866875 0.707465278125 0.325638271875 0.7052951390625 0.325638271875 0.6922743046875001 0.2865854578125 0.18988715312499999 0.2607091265625 0.19097222187500001 0.3004166640625 0.708550346875
0 0.339469478125 0.1985677078125 0.2924474078125 0.19965277812499999 0.3288926734375 0.712890625 0.3671318875 0.7118055546875001 0.339469478125 0.1985677078125
0 0.38340389375 0.1963975703125 0.3437169390625 0.1963975703125 0.3711998890625 0.712890625 0.408625503125 0.712890625 0.38340389375 0.1963975703125
0 0.4559014921875 0.7150607640625 0.46241029375 0.718315971875 0.503090309375 0.718315971875 0.5071583109375 0.7161458328125 0.488445503125 0.1888020828125 0.4307937625 0.1920572921875 0.4559014921875 0.7150607640625
0 0.5128535125 0.7107204859375 0.5169215140625 0.7150607640625 0.544583925 0.7150607640625 0.5478383250000001 0.7118055546875001 0.536447921875 0.15842013906250002 0.494270325 0.1595052078125 0.5128535125 0.7107204859375
0 0.5836367375 0.1551649296875 0.542284646875 0.15625 0.5502791265625 0.718315971875 0.5885183406250001 0.7204861109375 0.5836367375 0.1551649296875
0 0.6470975609375 0.1378038203125 0.58948516875 0.14105902812499999 0.5925863421875001 0.72265625 0.641402359375 0.7248263890625 0.6470975609375 0.1378038203125
0 0.66499676875 0.12912326406250002 0.652147928125 0.13237847187500001 0.6470975609375 0.7259114578125 0.6503519625 0.728081596875 0.684523175 0.7302517359375 0.6983543796875 0.728081596875 0.7121855859374999 0.1258680546875 0.6812687734375 0.1280381953125 0.66499676875 0.12912326406250002
0 0.7196935015625 0.1378038203125 0.70160878125 0.7237413203124999 0.7113719859375001 0.728081596875 0.7300847921875 0.728081596875 0.741475196875 0.7302517359375 0.743102396875 0.7248263890625 0.7666968046875 0.1356336796875 0.7196935015625 0.1378038203125
0 0.7479839984375001 0.728081596875 0.7553064015625 0.7335069453124999 0.7813416109375 0.7356770828125 0.7878504125 0.7345920140625 0.8195808250000001 0.13129340312499999 0.771776834375 0.1356336796875 0.7479839984375001 0.728081596875
0 0.878973646875 0.15625 0.8295567828125 0.1573350703125 0.795172815625 0.747612846875 0.83666643125 0.747612846875 0.878973646875 0.15625
0 0.93836646875 0.15082465312499999 0.8857091265625 0.15407986093749998 0.8431752328125001 0.7497829859375 0.8846688484375 0.7508680546875001 0.93836646875 0.15082465312499999