0 0.189062 0.804688 0.220312 0.792188 0.154688 0.30468799999999996 0.117188 0.309375 0.189062 0.804688
0 0.24375 0.790625 0.275 0.784375 0.196875 0.30468799999999996 0.160938 0.309375 0.24375 0.790625
0 0.2875 0.7875 0.31875 0.78125 0.240625 0.303125 0.203125 0.309375 0.2875 0.7875
0 0.32343700000000003 0.790625 0.35625 0.782813 0.279687 0.30156299999999997 0.242188 0.310937 0.32343700000000003 0.790625
0 0.36406299999999997 0.790625 0.389062 0.782813 0.303125 0.235937 0.271875 0.242188 0.36406299999999997 0.790625
0 0.396875 0.789062 0.41718700000000003 0.785937 0.33281299999999997 0.240625 0.310937 0.24375 0.396875 0.789062
0 0.421875 0.790625 0.44375 0.784375 0.36406299999999997 0.23906299999999997 0.340625 0.242188 0.421875 0.790625
0 0.44531200000000004 0.790625 0.475 0.785937 0.404687 0.240625 0.373437 0.246875 0.44531200000000004 0.790625
0 0.48125 0.79375 0.5117999671875 0.7884124234375001 0.44375 0.240625 0.41093799999999997 0.24531200000000003 0.41093799999999997 0.248438 0.48125 0.79375
0 0.515625 0.7875 0.54375 0.784375 0.48906299999999997 0.264062 0.45781299999999997 0.27031299999999997 0.515625 0.7875
0 0.546875 0.789062 0.571875 0.785937 0.514062 0.235937 0.490625 0.23906299999999997 0.490625 0.242188 0.546875 0.789062
0 0.573438 0.789062 0.59766123125 0.786363046875 0.546875 0.232813 0.521875 0.23906299999999997 0.573438 0.789062
0 0.6 0.782813 0.626563 0.779687 0.5875 0.23125 0.554688 0.2375 0.6 0.782813
0 0.629687 0.785937 0.657813 0.782813 0.628125 0.232813 0.595313 0.2375 0.629687 0.785937
0 0.709375 0.246875 0.696875 0.246875 0.667188 0.248438 0.642188 0.25468799999999997 0.6625 0.795312 0.66875 0.796875 0.68125 0.8 0.698438 0.798438 0.7125 0.79375 0.720313 0.7875 0.709375 0.246875
0 0.735938 0.825 0.804688 0.823438 0.835938 0.126562 0.759375 0.129688 0.735938 0.825
0 0.809375 0.826562 0.842187 0.823438 0.879687 0.126562 0.845313 0.128125 0.809375 0.826562
0 0.84375 0.775 0.854688 0.775 0.885938 0.26875 0.873437 0.27031299999999997 0.84375 0.775
0 0.859375 0.775 0.895312 0.773438 0.929688 0.26875 0.89375 0.267188 0.859375 0.775
0 0.6198656296875 0.687237725 0.5917254203125 0.6894356234375 0.5975345265625001 0.7635270671875001 0.626241175 0.7624059453124999 0.6198656296875 0.687237725
0 0.3015625 0.6859375 0.2703125 0.6921875 0.28125 0.7625 0.3125 0.7578125 0.3015625 0.6859375
0 0.3390625 0.6796875 0.3078125 0.684375 0.3171875 0.7546875 0.3484375 0.75 0.3390625 0.6796875
0 0.2609375 0.6921875 0.228125 0.696875 0.2375 0.7671875 0.2703125 0.7625 0.2609375 0.6921875
0 0.562485975 0.691413734375 0.5383029859375 0.6947105859375 0.5466551578125001 0.7702405828125001 0.5708400984375 0.767021515625 0.562485975 0.691413734375
0 0.207893390625 0.6816031046875 0.170144328125 0.689535875 0.18081254062500002 0.7666752640625 0.21609970937499998 0.7568276828125 0.207893390625 0.6816031046875
0 0.8139244171875 0.72587303125 0.8124392234375 0.806026290625 0.8449279593749999 0.8086238531250001 0.8488266 0.728285053125 0.8139244171875 0.72587303125
0 0.46416660781249997 0.690579865625 0.43315465625 0.697174971875 0.4455087609375 0.7716072781250001 0.4736337609375 0.766919778125 0.46416660781249997 0.690579865625
0 0.3867697203125 0.7637947781250001 0.37556890468750004 0.685964275 0.34676915625000004 0.692338196875 0.3602072203125 0.768482278125 0.3867697203125 0.7637947781250001
0 0.7147220515625 0.7627198 0.7147220515625 0.6908448 0.6725345515625001 0.6908448 0.6721888421875 0.765482984375 0.6998893921875 0.7661423562499999 0.7147220515625 0.7627198
0 0.589087265625 0.69756785625 0.565343971875 0.7006449265625 0.5729742359375 0.7769062015625 0.5985406249999999 0.7709777390625 0.589087265625 0.69756785625
0 0.5008076890625001 0.690605853125 0.4693698234375 0.695880809375 0.477723934375 0.7721479687499999 0.5091618375 0.7668730125 0.5008076890625001 0.690605853125
0 0.4026617359375 0.6962635765625 0.3807867359375 0.6993885765625001 0.39161762499999997 0.7760782171875 0.41580062812499996 0.7723417687499999 0.4026617359375 0.6962635765625
0 0.6541615171874999 0.6867981453125 0.6222839171875 0.6883366765625001 0.627685265625 0.762232278125 0.656140121875 0.7626257187500001 0.6541615171874999 0.6867981453125
0 0.42943103593750004 0.68442574375 0.40634726875 0.690360078125 0.4178470515625 0.7671155890625 0.43972205156250005 0.7639905890625001 0.42943103593750004 0.68442574375
0 0.753125 0.740625 0.75098909375 0.8117780265625001 0.7988867734375 0.8130768078124999 0.8015625 0.740625 0.753125 0.740625
0 0.5437991125 0.7720766859375 0.53720375 0.6964689046875 0.5064253984375 0.7015240796875 0.5149993640625 0.7771318546875 0.5437991125 0.7720766859375
0 0.8575521578125 0.7386064078125 0.8623790765624999 0.6634627234375 0.86256470625 0.6629061 0.8513923468750001 0.662408025 0.8497548515625001 0.736751003125 0.8575521578125 0.7386064078125
0 0.9032220578124999 0.663648259375 0.8668346578125 0.6627205609375 0.8614508234375 0.7387919421875 0.8974668875 0.73767870625 0.9032220578124999 0.663648259375