0 0.037517884375 0.16290539375 0.0082514953125 0.165073275 0.06759722968750001 0.8631308531249999 0.1025543046875 0.8598790328125 0.037517884375 0.16290539375
0 0.068410184375 0.15206599062499998 0.035891975 0.1553178109375 0.09686361875 0.860962971875 0.1285688734375 0.8566272109374999 0.068410184375 0.15206599062499998
0 0.1131227234375 0.24962062031249999 0.07572678125 0.247452740625 0.12775591875 0.8566272109374999 0.1578352625 0.8620469125 0.1131227234375 0.24962062031249999
0 0.1480798 0.2485366796875 0.1155615890625 0.24962062031249999 0.1562093515625 0.865298734375 0.186288696875 0.8620469125 0.1480798 0.2485366796875
0 0.1643389046875 0.1585696328125 0.14076320312499999 0.1574856921875 0.18547574218750001 0.8685505546875 0.2057996234375 0.8674666140625 0.1643389046875 0.1585696328125
0 0.1903534734375 0.1542338703125 0.16352595 0.1574856921875 0.2041737125 0.8696344953124999 0.2277494140625 0.8707184359375001 0.1903534734375 0.1542338703125
0 0.2285623703125 0.171576915625 0.20010893593749998 0.1780805578125 0.229375325 0.860962971875 0.2545769375 0.8631308531249999 0.2285623703125 0.171576915625
0 0.2586417140625 0.17916449843749999 0.229375325 0.17916449843749999 0.252951028125 0.8685505546875 0.28059150625 0.8642147937500001 0.2586417140625 0.17916449843749999
0 0.291159925 0.18024843906250002 0.2586417140625 0.18891996093750002 0.2716489984375 0.860962971875 0.309044940625 0.8674666140625 0.291159925 0.18024843906250002
0 0.32692995625 0.1813323796875 0.293598790625 0.1780805578125 0.31067085 0.8642147937500001 0.344002015625 0.8620469125 0.32692995625 0.1813323796875
0 0.35782225625 0.25504032187500003 0.33099473281249997 0.2528724421875 0.3456279265625 0.8642147937500001 0.36595180781250003 0.865298734375 0.35782225625 0.25504032187500003
0 0.385462734375 0.2528724421875 0.354570434375 0.2539563828125 0.365138853125 0.8620469125 0.3911534203125 0.8620469125 0.385462734375 0.2528724421875
0 0.4196068546875 0.2539563828125 0.3870886453125 0.2539563828125 0.390340465625 0.8674666140625 0.4228586765625 0.8815578390625 0.4196068546875 0.2539563828125
0 0.4407436921875 0.2485366796875 0.41391616875 0.247452740625 0.4196068546875 0.8598790328125 0.4472473328125 0.8674666140625 0.4407436921875 0.2485366796875
0 0.4651323484375 0.223606053125 0.4407436921875 0.2181863515625 0.451312109375 0.866382675 0.4651323484375 0.8707184359375001 0.4651323484375 0.223606053125
0 0.4813914546875 0.223606053125 0.46431939375000003 0.223606053125 0.46757121562500004 0.8620469125 0.48870805156249997 0.8620469125 0.4813914546875 0.223606053125
0 0.5147226203125 0.25937608437500004 0.484643275 0.25612426250000003 0.484643275 0.8598790328125 0.507406021875 0.8685505546875 0.5147226203125 0.25937608437500004
0 0.5317946796874999 0.25829214375 0.5090319328125 0.25937608437500004 0.5041542015625 0.8642147937500001 0.528542859375 0.8674666140625 0.5317946796874999 0.25829214375
0 0.5521185609375 0.257208203125 0.528542859375 0.257208203125 0.5261039937499999 0.8642147937500001 0.546427875 0.8642147937500001 0.5521185609375 0.257208203125
0 0.5724424421875 0.25829214375 0.5513056062499999 0.2615439640625 0.5439890093749999 0.860962971875 0.5700035765625 0.8566272109374999 0.5724424421875 0.25829214375
0 0.599269965625 0.1672411546875 0.57650721875 0.16398933437500002 0.5675647109375 0.8620469125 0.5887015484375 0.8620469125 0.599269965625 0.1672411546875
0 0.6179679375 0.1694090359375 0.5960181453125 0.16398933437500002 0.5805719953125 0.8707184359375001 0.6033347421874999 0.8685505546875 0.6179679375 0.1694090359375
0 0.6326011312500001 0.40137226875 0.6130902046875 0.40354014843749997 0.6008958765625 0.8620469125 0.6293493109375 0.8620469125 0.6326011312500001 0.40137226875
0 0.6675582078125 0.171576915625 0.6447954609375001 0.1672411546875 0.6285363546875 0.8642147937500001 0.6464213703125 0.8620469125 0.6675582078125 0.171576915625
0 0.68869504375 0.1748287375 0.665932296875 0.17266085625 0.64804728125 0.8685505546875 0.6667452515625001 0.8685505546875 0.68869504375 0.1748287375
0 0.709018925 0.173744796875 0.6878820890624999 0.173744796875 0.670810028125 0.8674666140625 0.6821914015625 0.8674666140625 0.709018925 0.173744796875
0 0.73503349375 0.340671609375 0.7033282390625 0.34283949062499997 0.687069134375 0.8631308531249999 0.717148478125 0.865298734375 0.73503349375 0.340671609375
0 0.7764942109375 0.33958766875 0.73503349375 0.33525190781249997 0.71958734375 0.8707184359375001 0.755357375 0.8696344953124999 0.7764942109375 0.33958766875
0 0.8049476453125 0.25504032187500003 0.7764942109375 0.2539563828125 0.755357375 0.866382675 0.773242390625 0.8642147937500001 0.8049476453125 0.25504032187500003
0 0.8260844828125 0.25612426250000003 0.8057606015625 0.2539563828125 0.7773071671875 0.865298734375 0.8000699140625 0.8685505546875 0.8260844828125 0.25612426250000003
0 0.8480342734375 0.2528724421875 0.8220197062500001 0.25504032187500003 0.7903144515625 0.8642147937500001 0.8187678843749999 0.8598790328125 0.8480342734375 0.2528724421875
0 0.869984065625 0.257208203125 0.84722131875 0.25504032187500003 0.8187678843749999 0.8642147937500001 0.834214034375 0.8696344953124999 0.869984065625 0.257208203125
0 0.8911209031249999 0.25504032187500003 0.8667322453124999 0.25504032187500003 0.8334010796875001 0.8674666140625 0.8561638265625 0.8674666140625 0.8911209031249999 0.25504032187500003
0 0.9277038890625 0.171576915625 0.8968115890625 0.1672411546875 0.8537249609374999 0.8685505546875 0.8838043046875 0.8685505546875 0.9277038890625 0.171576915625
0 0.9545314125000001 0.173744796875 0.92851684375 0.1661572140625 0.88299135 0.8674666140625 0.9106318281249999 0.860962971875 0.9545314125000001 0.173744796875
0 0.9846107578125001 0.3330840265625 0.9480277703125 0.33091614687500004 0.91388365 0.8642147937500001 0.9504666359374999 0.866382675 0.9846107578125001 0.3330840265625
0 0.9894884890625001 0.8685505546875 0.998430996875 0.6116566953125 0.998430996875 0.32983220625 0.9813589359374999 0.32983220625 0.9520925468750001 0.8685505546875 0.9894884890625001 0.8685505546875