0 0.12743478749999998 0.8724750078125 0.1336501296875 0.87484296875 0.17626953125 0.8689231062499999 0.181596940625 0.8630031640625001 0.09724606875 0.35625807656249997 0.0377564453125 0.3574420578125 0.12743478749999998 0.8724750078125
0 0.17626953125 0.352706096875 0.11070668749999998 0.3574810625 0.19047601875 0.8630031640625001 0.2473019078125 0.8570832234375001 0.17626953125 0.352706096875
0 0.2396129375 0.3301373125 0.2011308390625 0.3361303328125 0.29080918125 0.8274836765625 0.3192221546875 0.8286676171874999 0.2396129375 0.3301373125
0 0.32188583125000003 0.842875459375 0.3548473125 0.8379498125 0.2783785578125 0.332578390625 0.240198634375 0.3384982921875 0.32188583125000003 0.842875459375
0 0.356514146875 0.383489703125 0.307679403125 0.38940960625 0.3653931640625 0.842875459375 0.4062367625 0.83695551875 0.356514146875 0.383489703125
0 0.4133400359375 0.81327583125 0.42754646406249996 0.8144598515625001 0.4639505828125 0.8144598515625001 0.474605403125 0.8085399109375 0.433948875 0.3574810625 0.3609536265625 0.36572991875 0.4133400359375 0.81327583125
0 0.555404728125 0.8310355765624999 0.5323192234375 0.3598100171875 0.4373134125 0.3680979203125 0.4817086171875 0.832219596875 0.5190006687500001 0.83695551875 0.555404728125 0.8310355765624999
0 0.5598442078125 0.81564379375 0.589145053125 0.821563734375 0.60512734375 0.821563734375 0.6193337718749999 0.8144598515625001 0.6077910796875 0.3609939984375 0.533207096875 0.3669139 0.5598442078125 0.81564379375
0 0.636204053125 0.343234253125 0.606015215625 0.344418234375 0.6184459 0.832219596875 0.6415314046875 0.8334035375 0.636204053125 0.343234253125
0 0.6415314046875 0.8345875578124999 0.66637075 0.8366477296875001 0.6637290359375 0.343234253125 0.6379797968750001 0.344418234375 0.6415314046875 0.8345875578124999
0 0.70543325 0.3561789796875 0.6655049 0.3574420578125 0.66905650625 0.8440594000000001 0.7001330968749999 0.8476113812499999 0.70543325 0.3561789796875
0 0.7019089593750001 0.8476113812499999 0.7347614124999999 0.8523473015624999 0.74985583125 0.3538900765625 0.7107880359375 0.3574420578125 0.7019089593750001 0.8476113812499999
0 0.7884410625 0.3652935625 0.7525194468749999 0.3680979203125 0.73831301875 0.8499793421874999 0.7693897296875 0.8499793421874999 0.7884410625 0.3652935625
0 0.8350946359375 0.3278424296875 0.831543028125 0.32547446875 0.8271034296875 0.31837058749999997 0.8226639515624999 0.3017947828125 0.8084575234375 0.3017947828125 0.7782686859375 0.8772110078124999 0.78182029375 0.87957896875 0.7978025843750001 0.88549883125 0.812897003125 0.880762909375 0.846637328125 0.3384982921875 0.8430857203125001 0.333762371875 0.8350946359375 0.3278424296875
0 0.8555164046874999 0.311266665625 0.8493010625 0.3231065078125 0.8475252 0.3373143125 0.846637328125 0.3467861953125 0.8146727468750001 0.859451184375 0.8555164046874999 0.8570832234375001 0.8909801249999999 0.3053977296875 0.8555164046874999 0.311266665625
0 0.94341894375 0.3017947828125 0.8928083359375 0.30653074375 0.8546285328125001 0.8606352046874999 0.895472071875 0.859451184375 0.94341894375 0.3017947828125
0 0.89813580625 0.8630031640625001 0.9380914734375001 0.8618191453125 0.9993569015625001 0.300610803125 0.9505221578124999 0.30653074375 0.89813580625 0.8630031640625001