0 0.053776990625 0.18891996093750002 0.020445825 0.1910878421875 0.08141746875 0.9433424390624999 0.11230976875000001 0.9476782 0.053776990625 0.18891996093750002
0 0.0903599765625 0.19650754374999999 0.053776990625 0.195423603125 0.1171875 0.944426378125 0.14482797812499998 0.9411745578125 0.0903599765625 0.19650754374999999
0 0.1513316203125 0.0176573875 0.0846692890625 0.0176573875 0.1285688734375 0.9422584984375 0.2057996234375 0.9465942593750001 0.1513316203125 0.0176573875
0 0.23750487812499999 0.025244970312499997 0.1692166359375 0.01982526875 0.2057996234375 0.9422584984375 0.2667712671875 0.9422584984375 0.23750487812499999 0.025244970312499997
0 0.29197287968749996 0.18024843906250002 0.24238260937499997 0.18675208125 0.2659583125 0.94551031875 0.31067085 0.948762140625 0.29197287968749996 0.18024843906250002
0 0.3326206421875 0.18675208125 0.28628219375 0.18783602187499998 0.3074190296875 0.9400906171875001 0.3505056578125 0.944426378125 0.3326206421875 0.18675208125
0 0.364325896875 0.2171024109375 0.33018177656250003 0.2149345296875 0.3472538375 0.94551031875 0.3708295390625 0.94551031875 0.364325896875 0.2171024109375
0 0.4252975421875 0.195423603125 0.364325896875 0.1932557234375 0.37245545 0.9520139609375 0.42041980937499995 0.9509300203125 0.4252975421875 0.195423603125
0 0.4862691859375 0.17699661718749998 0.4196068546875 0.16182145312500001 0.4187939 0.9465942593750001 0.471635990625 0.944426378125 0.4862691859375 0.17699661718749998
0 0.5374853671875 0.1694090359375 0.482204409375 0.165073275 0.47001008125 0.9465942593750001 0.517974440625 0.944426378125 0.5374853671875 0.1694090359375
0 0.558622203125 0.9465942593750001 0.5569962921875 0.8143535375000001 0.583823815625 0.0848616890625 0.5488667406250001 0.08269380781249999 0.5252910375 0.9465942593750001 0.558622203125 0.9465942593750001
0 0.619593846875 0.076190165625 0.5911404140625 0.0794419875 0.5561833375 0.948762140625 0.59195336875 0.9509300203125 0.619593846875 0.076190165625
0 0.671622984375 0.06751864375 0.6342270421875 0.0642668234375 0.595205190625 0.948762140625 0.6334140875000001 0.948762140625 0.671622984375 0.06751864375
0 0.7212132546875 0.07077046406250001 0.6748748046874999 0.06643470312500001 0.6334140875000001 0.9520139609375 0.6675582078125 0.9509300203125 0.7212132546875 0.07077046406250001
0 0.7537314640624999 0.2008433046875 0.717148478125 0.2019272453125 0.6683711625 0.9530979015625001 0.7049541500000001 0.9520139609375 0.7537314640624999 0.2008433046875
0 0.798444003125 0.198675425 0.7537314640624999 0.2019272453125 0.707393015625 0.9520139609375 0.7464148671874999 0.9498460796874999 0.798444003125 0.198675425
0 0.8350269906250001 0.23336151562500002 0.79681809375 0.23444545625000002 0.7496666875 0.9520139609375 0.7870626296875 0.9498460796874999 0.8350269906250001 0.23336151562500002
0 0.8894949921874999 0.2008433046875 0.8423435874999999 0.2008433046875 0.7846237640625 0.9520139609375 0.8236456171875 0.9465942593750001 0.8894949921874999 0.2008433046875
0 0.9407111734375 0.2019272453125 0.8886820375 0.198675425 0.8277103921875 0.9498460796874999 0.8642933796875001 0.948762140625 0.9407111734375 0.2019272453125
0 0.9943662203124999 0.232277575 0.93420753125 0.22685787343750002 0.8642933796875001 0.9498460796874999 0.916322515625 0.9617694234374999 0.9943662203124999 0.232277575
0 0.9195743359374999 0.948762140625 0.9699775624999999 0.9520139609375 0.997618040625 0.7287222515625 0.9968050859375 0.29514611562500004 0.9195743359374999 0.948762140625