0 0.048297025 0.795355903125 0.0718914328125 0.795355903125 0.08409543750000001 0.210503471875 0.061327615625 0.210503471875 0.048297025 0.795355903125
0 0.0938586421875 0.7986111109375 0.13453865625 0.7996961796875001 0.1312842546875 0.209418403125 0.095507303125 0.209418403125 0.0938586421875 0.7986111109375
0 0.1377930578125 0.7996961796875001 0.1792866734375 0.7986111109375 0.18010027343749999 0.21267361093749998 0.142707825 0.210503471875 0.1377930578125 0.7996961796875001
0 0.2541379 0.230034721875 0.2427474953125 0.224609375 0.21427148593749998 0.22243923593749998 0.18909454375 0.2235243046875 0.18010027343749999 0.8029513890625 0.24600189687500001 0.80078125 0.2541379 0.230034721875
0 0.2858683109375 0.17795138906250002 0.260646703125 0.18012152812499999 0.2533243 0.8029513890625 0.3110899203125 0.8040364578125001 0.320853125 0.18012152812499999 0.2858683109375 0.17795138906250002
0 0.3175987234375 0.8040364578125001 0.3778051453125 0.806206596875 0.39000914999999997 0.1844618046875 0.3266270953125 0.18120659687500001 0.3175987234375 0.8040364578125001
0 0.383500346875 0.806206596875 0.42662116250000004 0.806206596875 0.4355707671875 0.2235243046875 0.393358865625 0.22243923593749998 0.383500346875 0.806206596875
0 0.4298755640625 0.805121528125 0.4721827796875 0.805121528125 0.4795051828125 0.2235243046875 0.43811798125 0.2235243046875 0.4298755640625 0.805121528125
0 0.47706438125000006 0.805121528125 0.517744396875 0.806206596875 0.5250668000000001 0.228949653125 0.48613230312500005 0.22677951406250002 0.47706438125000006 0.805121528125
0 0.5209987984375 0.806206596875 0.5478476078125001 0.8072916671874999 0.5576108109375 0.22786458281250002 0.5292638140625 0.22786458281250002 0.5209987984375 0.806206596875
0 0.5486612078124999 0.7996961796875001 0.5624924124999999 0.8018663203124999 0.57876441875 0.8040364578125001 0.5958500250000001 0.8029513890625 0.604799628125 0.8029513890625 0.6186308328125001 0.22243923593749998 0.5681876140625 0.219184028125 0.561815896875 0.22135416718749998 0.5486612078124999 0.7996961796875001
0 0.61212203125 0.806206596875 0.6332756390625 0.8083767359375 0.6511748453124999 0.23763020781250002 0.6308348374999999 0.234375 0.61212203125 0.806206596875
0 0.6513341265625 0.24739583281250002 0.6365300406250001 0.7942708328125 0.6471068437499999 0.7986111109375 0.656056446875 0.796440971875 0.66256525 0.7942708328125 0.6780236546875 0.2517361109375 0.6747692546875 0.2506510421875 0.6698876515625 0.24739583281250002 0.6609380484375 0.24739583281250002 0.6513341265625 0.24739583281250002
0 0.679003396875 0.249565971875 0.6674468515624999 0.795355903125 0.6845324578125 0.796440971875 0.6918548609374999 0.7975260421875 0.7016180640624999 0.7921006953124999 0.71544926875 0.2560763890625 0.7121948671875 0.249565971875 0.7008044640625 0.2452256953125 0.689414059375 0.2452256953125 0.679003396875 0.249565971875
0 0.7016180640624999 0.7931857640625 0.7040588640625 0.7942708328125 0.722771671875 0.7931857640625 0.734162075 0.7931857640625 0.7439252796875 0.2452256953125 0.739857278125 0.2452256953125 0.71626286875 0.2452256953125 0.715624490625 0.2517361109375 0.7016180640624999 0.7931857640625
0 0.7439252796875 0.796440971875 0.7821644937500001 0.796440971875 0.791927696875 0.2549913203125 0.7530593875 0.2549913203125 0.7439252796875 0.796440971875
0 0.7894868953125 0.80078125 0.828539709375 0.80078125 0.8350485125 0.25390625 0.796190896875 0.2528211796875 0.7894868953125 0.80078125
0 0.8334213125 0.7931857640625 0.8659653234375 0.7921006953124999 0.860270121875 0.2560763890625 0.8350485125 0.2528211796875 0.8334213125 0.7931857640625
0 0.8716605265625 0.7996961796875001 0.9058317390624999 0.80078125 0.9033909375 0.2571614578125 0.8702468874999999 0.2549913203125 0.8716605265625 0.7996961796875001
0 0.9367485500000001 0.8127170140625 0.9660381609375 0.8127170140625 0.95302055625 0.23763020781250002 0.9247716265625 0.23763020781250002 0.9367485500000001 0.8127170140625