0 0.0488992578125 0.140142646875 0.0115033171875 0.135806884375 0.0293883328125 0.88806148125 0.0594676765625 0.8891454218750001 0.0488992578125 0.140142646875
0 0.0822304234375 0.14339446718749999 0.049712214062499996 0.137974765625 0.0651583640625 0.8902293625000001 0.0984895296875 0.8902293625000001 0.0822304234375 0.14339446718749999
0 0.1204393203125 0.137974765625 0.083856334375 0.13905870625 0.0984895296875 0.8902293625000001 0.13100773906250002 0.8956490640625001 0.1204393203125 0.137974765625
0 0.161087084375 0.14881416875 0.12206523124999999 0.1412265875 0.1358854703125 0.8945651234374999 0.16352595 0.8945651234374999 0.161087084375 0.14881416875
0 0.196044159375 0.14881416875 0.16515185937500002 0.149898109375 0.16840368125 0.896733003125 0.2033607578125 0.896733003125 0.196044159375 0.14881416875
0 0.232627146875 0.15206599062499998 0.19441825 0.149898109375 0.20498666718749997 0.8934811828125 0.24075669843749997 0.8989008843749999 0.232627146875 0.15206599062499998
0 0.27083604375000003 0.15098205 0.23018828125000002 0.147730228125 0.2350660125 0.8989008843749999 0.273274909375 0.8945651234374999 0.27083604375000003 0.15098205
0 0.29847652187499996 0.15206599062499998 0.2692101328125 0.15206599062499998 0.272461953125 0.9010687656249999 0.3025412984375 0.9021527062500001 0.29847652187499996 0.15206599062499998
0 0.326117 0.1542338703125 0.2976635671875 0.14881416875 0.30416720937499997 0.899984825 0.3318076875 0.89781694375 0.326117 0.1542338703125
0 0.379772046875 0.14881416875 0.3505056578125 0.1542338703125 0.36188703125 0.9010687656249999 0.3822109125 0.8989008843749999 0.379772046875 0.14881416875
0 0.4147291234375 0.149898109375 0.379772046875 0.149898109375 0.3838368234375 0.8989008843749999 0.41391616875 0.9021527062500001 0.4147291234375 0.149898109375
0 0.44806028906249995 0.1423105265625 0.4122902578125 0.137974765625 0.416355034375 0.8989008843749999 0.4439955125 0.8989008843749999 0.44806028906249995 0.1423105265625
0 0.466758259375 0.23336151562500002 0.44318255781250004 0.23444545625000002 0.44318255781250004 0.9010687656249999 0.471635990625 0.9043205859375 0.466758259375 0.23336151562500002
0 0.4911469171875 0.2290257546875 0.4651323484375 0.2301096953125 0.46757121562500004 0.9010687656249999 0.492772828125 0.9021527062500001 0.4911469171875 0.2290257546875
0 0.515535575 0.232277575 0.4862691859375 0.2290257546875 0.4935857828125 0.899984825 0.52041330625 0.9021527062500001 0.515535575 0.232277575
0 0.5561833375 0.195423603125 0.51065784375 0.18675208125 0.5187873953125 0.9043205859375 0.553744471875 0.9010687656249999 0.5561833375 0.195423603125
0 0.5911404140625 0.19759148437500001 0.553744471875 0.1943396640625 0.553744471875 0.9043205859375 0.59195336875 0.9032366453125 0.5911404140625 0.19759148437500001
0 0.630162265625 0.1932557234375 0.5927663234375 0.195423603125 0.5903274578125 0.9021527062500001 0.6236586234375 0.9010687656249999 0.630162265625 0.1932557234375
0 0.6732488937500001 0.2008433046875 0.6342270421875 0.1943396640625 0.6228456687499999 0.9021527062500001 0.66349343125 0.9010687656249999 0.6732488937500001 0.2008433046875
0 0.6846302671875 0.198675425 0.66918411875 0.20301118593749998 0.6626804765625 0.9021527062500001 0.6821914015625 0.9032366453125 0.6846302671875 0.198675425
0 0.707393015625 0.19759148437500001 0.687069134375 0.1910878421875 0.6797525359375001 0.9054045265624999 0.7049541500000001 0.9119081687499999 0.707393015625 0.19759148437500001
0 0.72527803125 0.1932557234375 0.70983188125 0.195423603125 0.7041411937500001 0.9021527062500001 0.7228391640625 0.9054045265624999 0.72527803125 0.1932557234375
0 0.7456019125 0.1900039015625 0.72527803125 0.18783602187499998 0.724465075 0.899984825 0.7488537328125 0.9064884671875 0.7456019125 0.1900039015625
0 0.7797460328125 0.18675208125 0.7472278218749999 0.1921717828125 0.748040778125 0.9043205859375 0.7797460328125 0.9021527062500001 0.7797460328125 0.18675208125
0 0.8130771984375 0.18783602187499998 0.7748683015625 0.18783602187499998 0.782997853125 0.9010687656249999 0.8090124218750001 0.9043205859375 0.8130771984375 0.18783602187499998
0 0.8642933796875001 0.1921717828125 0.817141975 0.198675425 0.8878690812500001 0.9075724078125 0.9252650234375001 0.9097402875 0.8642933796875001 0.1921717828125
0 0.9187613812500001 0.1932557234375 0.875674753125 0.2008433046875 0.921200246875 0.9021527062500001 0.967538696875 0.89781694375 0.9187613812500001 0.1932557234375
0 0.997618040625 0.9021527062500001 0.997618040625 0.49675901875 0.9650998312500001 0.09786897343749999 0.921200246875 0.0967850328125 0.9699775624999999 0.9032366453125 0.997618040625 0.9021527062500001