0 0.0139421828125 0.9173278703125 0.043208571875000004 0.9162439296875 0.015568093750000001 0.104372615625 0.002560809375 0.102204734375 0 0.52587365625 0.0139421828125 0.9173278703125
0 0.0440215265625 0.10003685312499999 0.0139421828125 0.10545655625000001 0.035891975 0.9151599890625001 0.0643454078125 0.9151599890625001 0.0440215265625 0.10003685312499999
0 0.0667842734375 0.10112079375000001 0.0440215265625 0.10870837656250001 0.061093587500000004 0.912992109375 0.0903599765625 0.9162439296875 0.0667842734375 0.10112079375000001
0 0.089547021875 0.088113509375 0.063532453125 0.09136533125 0.09117293125 0.912992109375 0.10905794687499999 0.9173278703125 0.089547021875 0.088113509375
0 0.11149681250000001 0.0848616890625 0.0846692890625 0.0859456296875 0.11230976875000001 0.9162439296875 0.12694296249999998 0.9119081687499999 0.11149681250000001 0.0848616890625
0 0.1342595609375 0.111960196875 0.109870903125 0.114128078125 0.13263365 0.9173278703125 0.145640934375 0.9173278703125 0.1342595609375 0.111960196875
0 0.1545834421875 0.1130441375 0.135072515625 0.116295959375 0.145640934375 0.9119081687499999 0.16840368125 0.912992109375 0.1545834421875 0.1130441375
0 0.186288696875 0.9151599890625001 0.18466278593750002 0.9054045265624999 0.176533234375 0.114128078125 0.15295753125 0.11521201875 0.165964815625 0.91407605 0.186288696875 0.9151599890625001
0 0.196044159375 0.11846383906249999 0.1700295921875 0.11521201875 0.18303687500000002 0.910824228125 0.2074255328125 0.9032366453125 0.196044159375 0.11846383906249999
0 0.23669192187500002 0.10112079375000001 0.19929598125 0.102204734375 0.20661257812499997 0.9075724078125 0.248073296875 0.9032366453125 0.23669192187500002 0.10112079375000001
0 0.28059150625 0.102204734375 0.2391307890625 0.102204734375 0.244821475 0.9075724078125 0.28628219375 0.9097402875 0.28059150625 0.102204734375
0 0.329368821875 0.10870837656250001 0.278152640625 0.10654049531250001 0.2822174171875 0.9097402875 0.3326206421875 0.9064884671875 0.329368821875 0.10870837656250001
0 0.3708295390625 0.11737990000000001 0.324491090625 0.1130441375 0.3318076875 0.9010687656249999 0.37245545 0.896733003125 0.3708295390625 0.11737990000000001
0 0.4220457203125 0.235529396875 0.37570727187499997 0.232277575 0.37001658437499996 0.8913133015625 0.42448458593750005 0.8945651234374999 0.4220457203125 0.235529396875
0 0.49602464843750005 0.207346946875 0.42448458593750005 0.19759148437500001 0.42367163124999996 0.9054045265624999 0.492772828125 0.8989008843749999 0.49602464843750005 0.207346946875
0 0.5683776671875 0.2051790671875 0.492772828125 0.2062630078125 0.492772828125 0.899984825 0.553744471875 0.89781694375 0.5683776671875 0.2051790671875
0 0.6204068031250001 0.2051790671875 0.5569962921875 0.2062630078125 0.5561833375 0.9032366453125 0.6204068031250001 0.8945651234374999 0.6204068031250001 0.2051790671875
0 0.6748748046874999 0.207346946875 0.6212197578125 0.2019272453125 0.6244715796875 0.899984825 0.670810028125 0.8934811828125 0.6748748046874999 0.207346946875
0 0.717148478125 0.2051790671875 0.66918411875 0.21601847031250002 0.671622984375 0.8989008843749999 0.7212132546875 0.8945651234374999 0.717148478125 0.2051790671875
0 0.768364659375 0.2084308875 0.71958734375 0.2051790671875 0.722026209375 0.8923972421874999 0.770803525 0.8858936 0.768364659375 0.2084308875
0 0.8236456171875 0.19975936562500002 0.7716164796875 0.2019272453125 0.7667387484375 0.88806148125 0.8220197062500001 0.8956490640625001 0.8236456171875 0.19975936562500002
0 0.8602286031249999 0.104372615625 0.8277103921875 0.10328867500000001 0.8277103921875 0.8934811828125 0.8602286031249999 0.8945651234374999 0.8602286031249999 0.104372615625
0 0.8976245453124999 0.10545655625000001 0.86266746875 0.102204734375 0.8618545140625 0.8934811828125 0.8984375 0.884809659375 0.8976245453124999 0.10545655625000001
0 0.9358334421875 0.0653507625 0.89355976875 0.056679240625 0.8976245453124999 0.8923972421874999 0.94477595 0.8989008843749999 0.9358334421875 0.0653507625
0 0.9764812046875001 0.08160986875000001 0.9358334421875 0.076190165625 0.9480277703125 0.87397025625 0.9943662203124999 0.8642147937500001 0.9764812046875001 0.08160986875000001