0 0.0214213703125 0.999663978125 0.025201612499999998 0.9993279562499999 0.0456474375 0.1412265875 0.0017478531249999999 0.1423105265625 0 0.9986559140625 0.0214213703125 0.999663978125
0 0.022071734375 0.9953715750000001 0.068410184375 0.9986233953125 0.10580612656249999 0.0013982828124999998 0.0545899453125 0.0003143421875 0.022071734375 0.9953715750000001
0 0.1562093515625 0.00573404375 0.10743203750000001 0.007901925 0.0773526921875 0.9986233953125 0.1227318546875 0.999663978125 0.1562093515625 0.00573404375
0 0.12694296249999998 0.9953715750000001 0.163810484375 0.999663978125 0.2023689515625 0 0.161087084375 0.006817984375 0.12694296249999998 0.9953715750000001
0 0.24238260937499997 0.0024822234374999998 0.2057996234375 0.0035661640624999997 0.162550403125 0.999663978125 0.2048891125 0.999663978125 0.24238260937499997 0.0024822234374999998
0 0.2033607578125 0.9953715750000001 0.24563442968750002 0.996455515625 0.2867943546875 0 0.2431955640625 0.0013982828124999998 0.2033607578125 0.9953715750000001
0 0.29208669375 0.999663978125 0.33668541875 0.10545655625000001 0.32692995625 0.10112079375000001 0.28790810312500004 0.10003685312499999 0.24563442968750002 0.9986233953125 0.29208669375 0.999663978125
0 0.3732684046875 0.9899518734375 0.41798094375000006 0.9877839921874999 0.43261413906249996 0.0165734484375 0.3822109125 0.0013982828124999998 0.3732684046875 0.9899518734375
0 0.48545623125 0.9986233953125 0.469197125 0.0317486125 0.4659453046875 0.02958073125 0.43261413906249996 0.0263289109375 0.43926411249999997 0.999663978125 0.48545623125 0.9986233953125
0 0.4707661296875 0 0.49602464843750005 0.9975394546875 0.558622203125 0.996455515625 0.515372984375 0 0.4707661296875 0
0 0.5342335453125 0.01006980625 0.5163485296875 0.006817984375 0.558622203125 0.99320369375 0.60739951875 0.99320369375 0.5342335453125 0.01006980625
0 0.8529120062500001 0.9975394546875 0.8870561265625 0.9953715750000001 0.5677923390624999 0 0.546427875 0.0046501046875 0.8529120062500001 0.9975394546875
0 0.6025217875 0.0046501046875 0.5756942640625 0.0013982828124999998 0.9220132031249999 0.996455515625 0.962660965625 0.9986233953125 0.6025217875 0.0046501046875
0 0.999747984375 0.9314516125000001 0.6496731921875 0.0024822234374999998 0.6277721781250001 0 0.619593846875 0.0024822234374999998 0.999747984375 0.9929435484375 0.999747984375 0.9314516125000001