0 0.2351960375 0.8863467265624999 0.1821957890625 0.23065476093749998 0.1745247015625 0.23251488125000003 0.1640641265625 0.233444940625 0.15360355 0.233444940625 0.14453771875000002 0.23251488125000003 0.13407714375 0.234375 0.12162344843749999 0.234375 0.120129709375 0.235305059375 0.1842879046875 0.8891369046875001 0.1926563640625 0.8900669640625001 0.20241956874999997 0.8919270828125001 0.214972259375 0.8928571421875 0.22334071875 0.8882068453124999 0.2351960375 0.8863467265624999
0 0.21985386093749998 0.3031994046875 0.1997484484375 0.3031994046875 0.2484461 0.8816964281249999 0.2665777625 0.8826264890625 0.21985386093749998 0.3031994046875
0 0.3425912765625 0.8714657734375001 0.3070253203125 0.2576264890625 0.30005160468750003 0.2576264890625 0.28191994062500003 0.25669642812500004 0.2603014171875 0.258556546875 0.24077501093749998 0.258556546875 0.23113795625 0.2604166671875 0.2749462234375 0.8733258921875 0.27843308125 0.8761160718750001 0.29447263125 0.87890625 0.3119069234375 0.88076636875 0.32585435625 0.879836309375 0.33770967500000004 0.877976190625 0.3425912765625 0.8714657734375001
0 0.34677550625000003 0.8696056546875001 0.37397300312500004 0.8677455359374999 0.348867621875 0.3125 0.3197261265625 0.3125 0.31818326875 0.313430059375 0.34677550625000003 0.8696056546875001
0 0.3767624890625 0.8649553578125 0.4025652421875 0.8658854171874999 0.381644090625 0.31063988125 0.3539058140625 0.311569940625 0.3523544796875 0.311569940625 0.3767624890625 0.8649553578125
0 0.381644090625 0.311569940625 0.4032626140625 0.8668154765624999 0.41790741875000004 0.8696056546875001 0.42976273750000005 0.8686755953124999 0.4130258171875 0.3125 0.3832026890625 0.311569940625 0.381644090625 0.311569940625
0 0.44580228593750004 0.313430059375 0.41668483125 0.313430059375 0.43046010937499996 0.8705357140625001 0.4576576046875 0.8705357140625001 0.44580228593750004 0.313430059375
0 0.4716050375 0.3422619046875 0.4597497203125 0.3422619046875 0.44946942968750003 0.34040178593750003 0.4590523484375 0.8705357140625001 0.46323657812499996 0.8751860125 0.47299978125 0.87890625 0.48276298593750006 0.879836309375 0.4925261890625 0.874255953125 0.484157728125 0.34040178593750003 0.4716050375 0.3422619046875
0 0.5120525953125 0.3413318453125 0.5001972765625 0.34040178593750003 0.48992701875 0.34040178593750003 0.49601304687500003 0.87704613125 0.49810516250000003 0.879836309375 0.5085657375 0.8826264890625 0.5190263125000001 0.8826264890625 0.5273947734375 0.87890625 0.52321054375 0.3413318453125 0.5120525953125 0.3413318453125
0 0.52809214375 0.893787203125 0.5504080390625 0.8956473218750001 0.5531975250000001 0.26506696406249997 0.52898951875 0.26506696406249997 0.5266974015625 0.2659970234375 0.52809214375 0.893787203125
0 0.5796976500000001 0.2632068453125 0.5568913046875 0.2641369046875 0.5538948968749999 0.8956473218750001 0.574118675 0.89657738125 0.5796976500000001 0.2632068453125
0 0.576210790625 0.87890625 0.598526684375 0.879836309375 0.611079375 0.3069196421875 0.5833980015625 0.3069196421875 0.5817897640624999 0.307849703125 0.576210790625 0.87890625
0 0.59922405625 0.8668154765624999 0.6201452062499999 0.8686755953124999 0.63618475625 0.3059895828125 0.6140899656250001 0.3069196421875 0.611776746875 0.3059895828125 0.59922405625 0.8668154765624999
0 0.6258224218749999 0.864025296875 0.63698036875 0.8686755953124999 0.64744094375 0.8696056546875001 0.656506775 0.8686755953124999 0.67882266875 0.25111607187499996 0.6405966624999999 0.25111607187499996 0.6258224218749999 0.864025296875
0 0.6859370640625 0.2250744046875 0.6613883765625 0.8696056546875001 0.6732436953125001 0.87704613125 0.69207273125 0.87704613125 0.706020165625 0.87704613125 0.7199675984375 0.87704613125 0.759717784375 0.22693452343749998 0.6859370640625 0.2250744046875
0 0.8245733515625 0.254836309375 0.8182970062500001 0.25576636875 0.8085338015625 0.2576264890625 0.796678484375 0.254836309375 0.78412579375 0.254836309375 0.770178359375 0.25669642812500004 0.7612718859375 0.252976190625 0.724151828125 0.858444940625 0.7297308015625 0.864025296875 0.738796634375 0.8649553578125 0.750651953125 0.8649553578125 0.7590204125 0.8649553578125 0.7764547046875 0.8630952390625 0.8245733515625 0.254836309375
0 0.9242975015624999 0.25204613125 0.9131395546875 0.2501860109375 0.85246821875 0.2501860109375 0.8338167015625 0.2483258921875 0.7890073953125001 0.8658854171874999 0.7973758546874999 0.8723958328125001 0.8238759796874999 0.877976190625 0.8413102718750001 0.8816964281249999 0.8643235375 0.88076636875 0.9256922453125 0.2501860109375 0.9242975015624999 0.25204613125