0 0.1617044296875 0.7396296171875 0.1901174046875 0.7360777171875 0.0826809671875 0.2991876671875 0.043323875 0.3027935625 0.1617044296875 0.7396296171875
0 0.22385778906249998 0.7408136375 0.12086083125 0.2814278828125 0.1075422765625 0.28379584375 0.101326934375 0.2849798234375 0.0791293609375 0.2849798234375 0.1910052765625 0.7431815984375 0.1927811390625 0.7443656187500001 0.203435959375 0.7491015390625 0.21142710468749998 0.7467335796875 0.22385778906249998 0.7408136375
0 0.23273680625 0.7313417953125 0.25049489999999996 0.728973834375 0.167919771875 0.2873478234375 0.13950685625 0.2920837453125 0.23273680625 0.7313417953125
0 0.200772225 0.29445170625 0.16969557500000002 0.296819665625 0.25315863437499997 0.7491015390625 0.28355825 0.7441998125 0.200772225 0.29445170625
0 0.2913384984375 0.7266057953125 0.31264819843749997 0.7218698734375 0.25138283125 0.30392358750000004 0.223011375 0.3080018953125 0.2913384984375 0.7266057953125
0 0.2771320109375 0.30392358750000004 0.252270703125 0.307475528125 0.31353613125 0.7266057953125 0.3314098125 0.7220643953125 0.2771320109375 0.30392358750000004
0 0.333070028125 0.7325257359374999 0.3614829421875 0.7277898140625 0.3108723953125 0.29445170625 0.2771320109375 0.298003646875 0.333070028125 0.7325257359374999
0 0.3481643875 0.2908997640625 0.315311934375 0.2956356859375 0.36503454999999996 0.728973834375 0.3900035625 0.7246685625 0.3481643875 0.2908997640625
0 0.3934475234375 0.7313417953125 0.42807578125 0.730157775 0.39293325 0.3040956453125 0.349052259375 0.3062915484375 0.3934475234375 0.7313417953125
0 0.429851584375 0.728973834375 0.460928234375 0.728973834375 0.43784272968750004 0.30392358750000004 0.3925595921875 0.30392358750000004 0.429851584375 0.728973834375
0 0.4680314484375 0.2707720390625 0.4369547984375 0.27195601875 0.464479840625 0.745549559375 0.4893412078125 0.745549559375 0.4680314484375 0.2707720390625
0 0.492892815625 0.7479175203125 0.5177541828125001 0.7491015390625 0.50230825 0.2702414796875 0.4706951828125 0.27195601875 0.492892815625 0.7479175203125
0 0.5399516953125 0.2707720390625 0.5070992421875 0.2707720390625 0.5195299265625 0.7491015390625 0.545279165625 0.7479175203125 0.5399516953125 0.2707720390625
0 0.6100962 0.2802439015625 0.54261543125 0.28616384375 0.5506066359374999 0.7538374609375 0.6048473125 0.7494081453125 0.6100962 0.2802439015625
0 0.609208328125 0.766861284375 0.6686978921875 0.7633093046874999 0.6891196609375 0.2814278828125 0.6171994140625 0.28379584375 0.609208328125 0.766861284375
0 0.673137371875 0.7680453046875 0.706877815625 0.770413265625 0.740618140625 0.2802439015625 0.6997744828125 0.2814278828125 0.673137371875 0.7680453046875
0 0.7077656875 0.770413265625 0.740618140625 0.7727812265625 0.79211661875 0.2849798234375 0.7486092265625001 0.2873478234375 0.7077656875 0.770413265625
0 0.7521608328125 0.777517146875 0.79034075625 0.7751491875000001 0.857821525 0.23880447187499998 0.8089488749999999 0.24159564531250002 0.7521608328125 0.777517146875
0 0.9173110890625 0.236436490625 0.8640368671875001 0.23762049062499999 0.7947803546875 0.78225306875 0.8372691874999999 0.7793560625 0.9173110890625 0.236436490625
0 0.8409513625 0.7834370890625 0.8809070296874999 0.7834370890625 0.9839039875 0.2399884515625 0.927965909375 0.23880447187499998 0.8409513625 0.7834370890625