0 0.13616585625 0.8376736109375 0.10036744375 0.3342013890625 0.08653623906249999 0.33637152812500004 0.0718914328125 0.33637152812500004 0.0556194265625 0.33637152812500004 0.040974621875 0.33637152812500004 0.0271434171875 0.33637152812500004 0.017382303125 0.3342013890625 0.06619623125 0.8409288203124999 0.07026423281250001 0.844184028125 0.0808410359375 0.845269096875 0.0938586421875 0.845269096875 0.10931704687499999 0.8430989578125001 0.12396185312500001 0.8420138890625 0.13616585625 0.8376736109375
0 0.16870986875 0.3537326390625 0.1133850484375 0.3526475703125 0.14755626093750002 0.830078125 0.1988130796875 0.8279079859375 0.16870986875 0.3537326390625
0 0.22810269062500002 0.3526475703125 0.17444610625 0.3537326390625 0.20288108125 0.8289930546875001 0.2516970984375 0.825737846875 0.22810269062500002 0.3526475703125
0 0.29481791562500004 0.35698784687499996 0.23629506406249998 0.35698784687499996 0.25739230156250004 0.8213975703124999 0.3094627203125 0.8213975703124999 0.29481791562500004 0.35698784687499996
0 0.3501427359375 0.3580729171875 0.2997716265625 0.35698784687499996 0.3192259234375 0.815972221875 0.363160340625 0.814887153125 0.3501427359375 0.3580729171875
0 0.40790835625 0.3591579859375 0.3534825640625 0.3580729171875 0.367228340625 0.8170572921874999 0.416044359375 0.8203125 0.40790835625 0.3591579859375
0 0.44696117031249993 0.3049045140625 0.41044870937500005 0.3049045140625 0.4282483640625 0.8203125 0.4624195765625 0.8203125 0.44696117031249993 0.3049045140625
0 0.49740438906250006 0.3049045140625 0.459978775 0.3049045140625 0.4786915828125 0.8213975703124999 0.51042199375 0.814887153125 0.49740438906250006 0.3049045140625
0 0.5079811921874999 0.3602430546875 0.500780740625 0.3602430546875 0.5136763953125 0.8018663203124999 0.5258803999999999 0.805121528125 0.535643603125 0.8040364578125001 0.5421524046874999 0.7996961796875001 0.5242531984375 0.3580729171875 0.517744396875 0.3602430546875 0.5079811921874999 0.3602430546875
0 0.5413388046875001 0.3645833328125 0.5292638140625 0.3645833328125 0.54540680625 0.8072916671874999 0.554356409375 0.8072916671874999 0.5649332140625 0.806206596875 0.5738828171875 0.806206596875 0.5567972109375 0.361328125 0.5519156093750001 0.3634982640625 0.5413388046875001 0.3645833328125
0 0.5982908265625 0.3038194453125 0.5641196140625 0.3049045140625 0.5755100171875001 0.8170572921874999 0.6080540296875 0.8127170140625 0.5982908265625 0.3038194453125
0 0.6357164390625 0.3049045140625 0.6000645953125 0.30707465312500004 0.61049483125 0.8138020828125001 0.6414116421875 0.810546875 0.6357164390625 0.3049045140625
0 0.6715148531249999 0.3515625 0.637499490625 0.3548177078125 0.6438524421875 0.8127170140625 0.6739556531249999 0.8083767359375 0.6715148531249999 0.3515625
0 0.7024316640625 0.3450520828125 0.672328453125 0.3493923609375 0.6772100546875001 0.810546875 0.7056860656249999 0.8072916671874999 0.7024316640625 0.3450520828125
0 0.7374164765625 0.3483072921875 0.7074864703125 0.3504774296875 0.7073132656250001 0.810546875 0.7357892765625 0.806206596875 0.7374164765625 0.3483072921875
0 0.755315684375 0.8083767359375 0.7650788859375 0.806206596875 0.774842090625 0.3493923609375 0.74085235625 0.3504774296875 0.7366028765625 0.8083767359375 0.755315684375 0.8083767359375
0 0.7821644937500001 0.806206596875 0.793554896875 0.805121528125 0.8041317015624999 0.2940538203125 0.7764692906249999 0.2962239578125 0.7691468890625 0.805121528125 0.7821644937500001 0.806206596875
0 0.825285309375 0.805121528125 0.8350485125 0.8029513890625 0.8505069171875 0.3016493046875 0.8238601687499999 0.3005642359375 0.8114541046875001 0.8029513890625 0.825285309375 0.805121528125
0 0.8822373296875 0.2994791671875 0.8564122515625 0.3005642359375 0.8366757125 0.8072916671874999 0.8635245234375001 0.806206596875 0.8822373296875 0.2994791671875
0 0.8757285265625001 0.8072916671874999 0.8911869328125 0.806206596875 0.9164085421875001 0.29730902812500004 0.891405740625 0.29730902812500004 0.8675925250000001 0.8072916671874999 0.8757285265625001 0.8072916671874999
0 0.9050181374999999 0.8094618046875001 0.9172221421875 0.8072916671874999 0.946511753125 0.2962239578125 0.9180357421875 0.29730902812500004 0.8911869328125 0.806206596875 0.9050181374999999 0.8094618046875001