0 0.109870903125 0.078358046875 0.026136510937500003 0.07077046406250001 0.031014242187500003 0.9075724078125 0.12206523124999999 0.9043205859375 0.109870903125 0.078358046875
0 0.14889275468750002 0.19759148437500001 0.10661908125 0.18783602187499998 0.12694296249999998 0.912992109375 0.16352595 0.912992109375 0.14889275468750002 0.19759148437500001
0 0.17815914375 0.185668140625 0.14889275468750002 0.18783602187499998 0.161087084375 0.9162439296875 0.1887275625 0.912992109375 0.17815914375 0.185668140625
0 0.2261235046875 0.18675208125 0.18384983125 0.183500259375 0.1976700703125 0.91407605 0.2277494140625 0.91407605 0.2261235046875 0.18675208125
0 0.272461953125 0.2008433046875 0.23018828125000002 0.2008433046875 0.2261235046875 0.9184118109374999 0.27490082031249996 0.9184118109374999 0.272461953125 0.2008433046875
0 0.3163615375 0.16182145312500001 0.2700230875 0.1553178109375 0.275713775 0.9151599890625001 0.3155485828125 0.91407605 0.3163615375 0.16182145312500001
0 0.3488797484375 0.91407605 0.3472538375 0.8956490640625001 0.3505056578125 0.283222771875 0.32123926875 0.278887009375 0.3098578953125 0.9205796906250001 0.3488797484375 0.91407605
0 0.3862756890625 0.165073275 0.35213156875 0.1574856921875 0.3505056578125 0.9184118109374999 0.3822109125 0.9205796906250001 0.3862756890625 0.165073275
0 0.4220457203125 0.1672411546875 0.3887145546875 0.1672411546875 0.3846497796875 0.9205796906250001 0.4074125265625 0.9184118109374999 0.4220457203125 0.1672411546875
0 0.43993073593750004 0.1900039015625 0.4196068546875 0.1943396640625 0.410664346875 0.9216636312500001 0.43017527343750006 0.9238315125 0.43993073593750004 0.1900039015625
0 0.47976554374999997 0.1694090359375 0.438304825 0.16290539375 0.42936231718749995 0.9205796906250001 0.461880528125 0.9205796906250001 0.47976554374999997 0.1694090359375
0 0.5114707984375 0.173744796875 0.4813914546875 0.171576915625 0.4602546171875 0.9270833328125001 0.49195987187499995 0.9216636312500001 0.5114707984375 0.173744796875
0 0.5521185609375 0.21059876875 0.5114707984375 0.2127666484375 0.49602464843750005 0.9194957515625 0.5252910375 0.9194957515625 0.5521185609375 0.21059876875
0 0.5968311 0.1748287375 0.546427875 0.175912678125 0.5244780828125 0.9270833328125001 0.574068353125 0.934670915625 0.5968311 0.1748287375
0 0.625284534375 0.304901578125 0.595205190625 0.3005658171875 0.5716294875 0.9314190953124999 0.6114642953125 0.932503034375 0.625284534375 0.304901578125
0 0.66349343125 0.30706945937499996 0.625284534375 0.30598551875 0.6098383843749999 0.9259993937500001 0.63829181875 0.9292512140625 0.66349343125 0.30706945937499996
0 0.693572775 0.283222771875 0.65780274375 0.28213883125 0.6391047734375 0.9303351546874999 0.6618675203125 0.9314190953124999 0.693572775 0.283222771875
0 0.7236521203125 0.18891996093750002 0.693572775 0.1921717828125 0.66349343125 0.9303351546874999 0.701702328125 0.9270833328125001 0.7236521203125 0.18891996093750002
0 0.7724294359375 0.18675208125 0.7342205390625 0.18675208125 0.7025152828125 0.9270833328125001 0.73503349375 0.9249154531249999 0.7724294359375 0.18675208125
0 0.7878755859375 0.3124891609375 0.762673971875 0.3124891609375 0.732594628125 0.93575485625 0.762673971875 0.9292512140625 0.7878755859375 0.3124891609375
0 0.8057606015625 0.354762834375 0.7846237640625 0.354762834375 0.7651128375 0.9292512140625 0.786249675 0.9292512140625 0.8057606015625 0.354762834375
0 0.8415306328125001 0.2171024109375 0.8138901531249999 0.2171024109375 0.7878755859375 0.932503034375 0.8098253765625 0.9379227374999999 0.8415306328125001 0.2171024109375
0 0.8870561265625 0.19650754374999999 0.8529120062500001 0.195423603125 0.8138901531249999 0.9368387968749999 0.849660184375 0.9422584984375 0.8870561265625 0.19650754374999999
0 0.9146966046875 0.1910878421875 0.8919338578125 0.1900039015625 0.85209905 0.9422584984375 0.8789265734375 0.9379227374999999 0.9146966046875 0.1910878421875
0 0.977294159375 0.19759148437500001 0.9195743359374999 0.1943396640625 0.8789265734375 0.9400906171875001 0.9252650234375001 0.9368387968749999 0.977294159375 0.19759148437500001
0 0.9748552937499999 0.9411745578125 0.9992439515625 0.6235800390625 0.998430996875 0.195423603125 0.9748552937499999 0.1921717828125 0.9187613812500001 0.9390066765625 0.9748552937499999 0.9411745578125