0 0.0835689 0.8450042234374999 0.1128697453125 0.8426362640624999 0.036509959375 0.359570821875 0.0032848125 0.3626893953125 0.0835689 0.8450042234374999
0 0.11997295937500001 0.8450042234374999 0.1483858734375 0.840268303125 0.0755504375 0.3587831453125 0.036509959375 0.3607548015625 0.11997295937500001 0.8450042234374999
0 0.1102060109375 0.38325050781250003 0.0800172328125 0.38561846875 0.15548914687499998 0.8390842828125 0.18004262499999998 0.8353456453125 0.1102060109375 0.38325050781250003
0 0.183014190625 0.8390842828125 0.204323890625 0.83553238125 0.13950685625 0.3844344875 0.1128697453125 0.38561846875 0.183014190625 0.8390842828125
0 0.20698756562499998 0.8426362640624999 0.2398400203125 0.83553238125 0.17808949999999998 0.3770123125 0.1430584640625 0.380882546875 0.20698756562499998 0.8426362640624999
0 0.21853031875 0.3761465859375 0.1812383265625 0.380882546875 0.24250375468750002 0.8379003421875 0.2753562078125 0.8319804015625 0.21853031875 0.3761465859375
0 0.2789078140625 0.8343483609375 0.31619980625 0.8272444796875 0.2650035625 0.3535748125 0.22119405312499998 0.35720286093750003 0.2789078140625 0.8343483609375
0 0.3108723953125 0.352466940625 0.2718046015625 0.35720286093750003 0.31708773749999997 0.829612440625 0.35171599375 0.826060459375 0.3108723953125 0.352466940625
0 0.33484583125 0.36430674218750003 0.315311934375 0.36430674218750003 0.3570434046875 0.8331644218750001 0.3739136265625 0.8307963812500001 0.33484583125 0.36430674218750003
0 0.3748014984375 0.8307963812500001 0.3863442515625 0.829612440625 0.357777 0.3600852296875 0.3375095078125 0.36312276250000003 0.3748014984375 0.8307963812500001
0 0.3907837890625 0.85210810625 0.44405807187499996 0.84618824375 0.41637075 0.24550189531250002 0.3534917984375 0.247092353125 0.3907837890625 0.85210810625
0 0.45027341249999997 0.8213245390624999 0.4760225921875 0.8213245390624999 0.457386375 0.3718039796875 0.430739515625 0.37377862500000003 0.45027341249999997 0.8213245390624999
0 0.47779839687500003 0.829612440625 0.5026597640625 0.826060459375 0.4876598125 0.3718039796875 0.4600403625 0.37377862500000003 0.47779839687500003 0.829612440625
0 0.515090446875 0.348914959375 0.49111695156249996 0.3477309796875 0.5053234984375 0.826060459375 0.527698875 0.8223248125 0.515090446875 0.348914959375
0 0.5310727375 0.8213245390624999 0.5523823796875 0.8201405968750001 0.547054909375 0.348914959375 0.5204177984375 0.348914959375 0.5310727375 0.8213245390624999
0 0.573692140625 0.3465469984375 0.548830771875 0.3465469984375 0.5568218578125 0.8213245390624999 0.577243746875 0.818956578125 0.573692140625 0.3465469984375
0 0.57990748125 0.8236924984374999 0.6393970453125 0.82487651875 0.6456123875 0.293267725 0.5833629375 0.2949810625 0.57990748125 0.8236924984374999
0 0.641172790625 0.8272444796875 0.6997744828125 0.8272444796875 0.7181285625 0.3457623125 0.6500518671875 0.3477309796875 0.641172790625 0.8272444796875
0 0.708653559375 0.82487651875 0.7299633203125 0.8319804015625 0.74505761875 0.8319804015625 0.7562145 0.8262310625 0.7841254140625 0.2707720390625 0.7264117125 0.27195601875 0.708653559375 0.82487651875
0 0.7770222 0.8272444796875 0.7894528843749999 0.829612440625 0.8018835671875 0.826060459375 0.810762525 0.8177725578124999 0.8524940546875 0.268404059375 0.79034075625 0.267220078125 0.76370364375 0.8225085578125 0.7770222 0.8272444796875
0 0.8453908421874999 0.8142206562500001 0.8560456625 0.8083007156249999 0.9056285624999999 0.2832623125 0.8560456625 0.28379584375 0.8134262609375 0.8142206562500001 0.8311844140625 0.8130366359375 0.8453908421874999 0.8142206562500001
0 0.9297417734375 0.3228673125 0.9022166703125001 0.3228673125 0.857821525 0.8059327546875 0.8800191578125001 0.8047487343749999 0.9297417734375 0.3228673125
0 0.9661458328125001 0.3323391953125 0.9341812515625 0.33470715625 0.8853465078125 0.8059327546875 0.9173110890625 0.8059327546875 0.9661458328125001 0.3323391953125
0 0.9981104140625 0.3868024484375 0.9989982859375001 0.3311552140625 0.9963345515625001 0.329971234375 0.988343465625 0.329971234375 0.9776886453125 0.333523175 0.969697440625 0.3323391953125 0.9164232171875 0.8047487343749999 0.9466119359375 0.8047487343749999 0.9981104140625 0.3868024484375