0 0.20390625 0.565625 0.0609375 0.746875
0 0.26015625 0.5671875 0.0609375 0.71875
0 0.08203125 0.56953125 0.0640625 0.7234375
0 0.14765625 0.57421875 0.0671875 0.7390625
0 0.32109375 0.584375 0.0703125 0.71875
0 0.38515625 0.58984375 0.0640625 0.7234375
0 0.44296875 0.60703125 0.0453125 0.6734375
0 0.5796875 0.6109375 0.046875 0.690625
0 0.72109375 0.6125 0.0453125 0.69375
0 0.48515625 0.61484375 0.0421875 0.6984375
0 0.62265625 0.61875 0.0359375 0.665625
0 0.53125 0.62109375 0.040625 0.7109375
0 0.67265625 0.62265625 0.0484375 0.6984375
0 0.77578125 0.6234375 0.0578125 0.68125
0 0.84609375 0.62265625 0.0703125 0.6734375
0 0.9140625 0.62890625 0.059375 0.6703125