0 0.0102737421875 0.16590440312500002 0.01195520625 0.492388575 0.036126243749999995 0.49182808749999996 0.034865146875 0.1670253796875 0.0102737421875 0.16590440312500002
0 0.10653752968750001 0.2040175765625 0.07879338125 0.20317684531250002 0.0867803328125 0.49266881875 0.1138939328125 0.4940700390625 0.10653752968750001 0.2040175765625
0 0.1298678375 0.2048583078125 0.1061171640625 0.206259528125 0.12040960468749999 0.4929490625 0.14079735 0.492388575 0.1298678375 0.2048583078125
0 0.1460519234375 0.20710025937499998 0.1300780203125 0.20766074843750001 0.142688996875 0.49266881875 0.1586629 0.49350955 0.1460519234375 0.20710025937499998
0 0.162025828125 0.205979284375 0.1475232046875 0.20513855312499998 0.1586629 0.4954712578125 0.1750571703125 0.49435028281250004 0.162025828125 0.205979284375
0 0.162866559375 0.20513855312499998 0.1748469875 0.49491077031249997 0.1927125375 0.4929490625 0.181572840625 0.20513855312499998 0.162866559375 0.20513855312499998
0 0.190274678125 0.20530202812499998 0.1816199578125 0.2059909609375 0.194149925 0.493964946875 0.201254546875 0.4948261140625 0.190274678125 0.20530202812499998
0 0.20771329375 0.18101714062500002 0.188853753125 0.181533840625 0.201771246875 0.49551504687500003 0.2198557375 0.4951705796875 0.20771329375 0.18101714062500002
0 0.2272187078125 0.17963927500000001 0.20797164375000002 0.18050044062499998 0.2201140875 0.4965484453125 0.24052372656249998 0.49620397968749996 0.2272187078125 0.17963927500000001
0 0.24930762187500002 0.1825672390625 0.22954385781250003 0.18273947343750002 0.24091125156249998 0.496720678125 0.2595124421875 0.49603174531249994 0.24930762187500002 0.1825672390625
0 0.263387690625 0.2054742609375 0.250857721875 0.20512979531250003 0.26067501718749997 0.4968929125 0.27501343437500003 0.49603174531249994 0.263387690625 0.2054742609375
0 0.2723007609375 0.2073688265625 0.2654544890625 0.2084022265625 0.2766927078125 0.49585951250000004 0.2837973296875 0.4951705796875 0.2723007609375 0.2073688265625
0 0.2844432046875 0.4951705796875 0.312215815625 0.494998346875 0.3016234703125 0.18222277343749999 0.2717840609375 0.18222277343749999 0.2844432046875 0.4951705796875
0 0.3327546296875 0.1841173390625 0.3033027453125 0.18273947343750002 0.3136367390625 0.4979263125 0.3433469734375 0.498787478125 0.3327546296875 0.1841173390625
0 0.3504515953125 0.1832561734375 0.3326254546875 0.1836006390625 0.3434761484375 0.498787478125 0.360656415625 0.5003375765625 0.3504515953125 0.1832561734375
0 0.3687944359375 0.184289571875 0.3513558203125 0.184289571875 0.360398065625 0.4986152453125 0.37848255625 0.4974096125 0.3687944359375 0.184289571875
0 0.377770471875 0.18687195 0.3703684484375 0.1870001234375 0.3795969453125 0.49756470156250004 0.386806709375 0.497692875 0.377770471875 0.18687195
0 0.3919977390625 0.1849493453125 0.378924034375 0.184564825 0.38699896875 0.4973083546875 0.398630721875 0.4982055703125 0.3919977390625 0.1849493453125
0 0.40459079375 0.18366760937499998 0.3922861296875 0.18392395781249998 0.39920750312500003 0.4982055703125 0.41122377656250003 0.4982055703125 0.40459079375 0.18366760937499998
0 0.435160190625 0.18584656093750002 0.4072824375 0.18712829687500002 0.4134347703125 0.4988464375 0.44112026249999997 0.4982055703125 0.435160190625 0.18584656093750002
0 0.44717646406249995 0.1861029078125 0.437178925 0.185974734375 0.44256221562500003 0.4984619171875 0.45246362500000004 0.49859009062500004 0.44717646406249995 0.1861029078125
0 0.45698174375 0.18648742812500002 0.4477532453125 0.18674377656250002 0.4534249265625 0.4989746109375 0.4627495546875 0.49871826406249997 0.45698174375 0.18648742812500002
0 0.4800529875 0.18584656093750002 0.45900047656250004 0.1855902140625 0.4638069859375 0.49833374375000006 0.483129153125 0.4984619171875 0.4800529875 0.18584656093750002
0 0.49293443124999997 0.18725647031249998 0.4823601109375 0.1866156015625 0.4852440171875 0.49859009062500004 0.49514542656250005 0.49910278437500005 0.49293443124999997 0.18725647031249998
0 0.5120643375 0.177515278125 0.49466477500000006 0.1771307578125 0.4967796390625 0.49987182656250007 0.5132179 0.49987182656250007 0.5120643375 0.177515278125
0 0.53465493125 0.21058406093749998 0.51264111875 0.21160945 0.5136024203125 0.4988464375 0.5357123625 0.4988464375 0.53465493125 0.21058406093749998
0 0.5595526484375 0.21058406093749998 0.5381156171875 0.210712234375 0.5372504453125 0.4989746109375 0.5586874765625 0.49871826406249997 0.5595526484375 0.21058406093749998
0 0.578298034375 0.18789733749999998 0.5611868609374999 0.1880255109375 0.5598410390625 0.4988464375 0.5758947796875 0.49935913281250005 0.578298034375 0.18789733749999998
0 0.615981065625 0.188794553125 0.5801245078124999 0.18969176875 0.577240603125 0.49935913281250005 0.612135859375 0.49948730625 0.615981065625 0.188794553125
0 0.6465504640625 0.188794553125 0.6179998 0.18969176875 0.6142507234375 0.49948730625 0.64222460625 0.4989746109375 0.6465504640625 0.188794553125
0 0.6634693765625 0.188281859375 0.6496266296875 0.1884100328125 0.6431859078125 0.49948730625 0.6581822171875 0.49935913281250005 0.6634693765625 0.188281859375
0 0.6834644546875001 0.17725893125 0.6666416734375 0.177515278125 0.659912559375 0.49961547968750003 0.6770237328125 0.499230959375 0.6834644546875001 0.17725893125
0 0.702786621875 0.17789979843749998 0.685867709375 0.177515278125 0.677985034375 0.49935913281250005 0.6945194265625 0.499230959375 0.702786621875 0.17789979843749998
0 0.713553203125 0.18648742812500002 0.704997615625 0.185974734375 0.6964420296875 0.49948730625 0.704709225 0.49935913281250005 0.713553203125 0.18648742812500002
0 0.73518249375 0.185333865625 0.715187415625 0.185333865625 0.705574396875 0.49987182656250007 0.7248965640625 0.5006408671875 0.73518249375 0.185333865625
0 0.7381625296875 0.207892415625 0.73402893125 0.20750789531249997 0.72499269375 0.4988464375 0.7291262921875 0.49833374375000006 0.7381625296875 0.207892415625
0 0.7460452046875 0.21507013593750002 0.7386431796874999 0.21558283125000002 0.7308566359374999 0.49756470156250004 0.738258659375 0.497692875 0.7460452046875 0.21507013593750002
0 0.9422469078125 0.21507013593750002 0.9103316875 0.2154546578125 0.903890965625 0.496282965625 0.9340758421875 0.496923834375 0.9422469078125 0.21507013593750002
0 0.908697475 0.21507013593750002 0.876301603125 0.21494196250000003 0.8670731046875 0.4973083546875 0.899372846875 0.498077396875 0.908697475 0.21507013593750002
0 0.876301603125 0.2119939703125 0.8383301796874999 0.21109675625 0.8254487359375 0.49641114062499997 0.86524663125 0.49859009062500004 0.876301603125 0.2119939703125
0 0.8345811031249999 0.213019359375 0.8096833859375 0.212378490625 0.7986284140625 0.49705200781250003 0.8243913031250001 0.49859009062500004 0.8345811031249999 0.213019359375
0 0.807472390625 0.2131475328125 0.7818056328125 0.21276301250000001 0.7719042234375 0.4973083546875 0.7978593734375 0.49910278437500005 0.807472390625 0.2131475328125
0 0.780555940625 0.2136602265625 0.76719384375 0.21442926875 0.7578692171875 0.4984619171875 0.7712313125 0.498077396875 0.780555940625 0.2136602265625
0 0.7659441515625 0.21442926875 0.756811784375 0.21494196250000003 0.7473910265625 0.498077396875 0.7579653468750001 0.49833374375000006 0.7659441515625 0.21442926875
0 0.7570040453125 0.21404474843750002 0.7471026359375 0.21442926875 0.7384509203125 0.4979492234375 0.7471026359375 0.49833374375000006 0.7570040453125 0.21404474843750002
0 0.9185027531250001 0.6136899640625 0.9127349421875 0.6139463109375 0.9071593921875 0.88016283125 0.9133117234375 0.8800346578125 0.9185027531250001 0.6136899640625
0 0.9093703859375 0.6144590046875 0.9048522671875 0.615228046875 0.8991805859375 0.8788810953124999 0.903794834375 0.8788810953124999 0.9093703859375 0.6144590046875
0 0.9016799703125 0.615228046875 0.8904327390625 0.6156125671875 0.8860107515625 0.87900926875 0.8972579828124999 0.8779838812499999 0.9016799703125 0.615228046875
0 0.8879333546874999 0.6136899640625 0.8528458375 0.6133054421875 0.8494812812499999 0.8788810953124999 0.8837036265625 0.8792656171875001 0.8879333546874999 0.6136899640625
0 0.848039328125 0.6136899640625 0.8349656234375 0.6144590046875 0.8355424046875 0.8795219640624999 0.848039328125 0.8792656171875001 0.848039328125 0.6136899640625
0 0.8324235140624999 0.615220925 0.819349809375 0.6159899671875 0.819926590625 0.8810529265625 0.8324235140624999 0.8807965781249999 0.8324235140624999 0.615220925
0 0.8135926796874999 0.613077578125 0.8005189749999999 0.6138466203124999 0.80109575625 0.8789095796874999 0.8158757718749999 0.8790662359375 0.8135926796874999 0.613077578125
0 0.79935473125 0.6133837718749999 0.7862810265625 0.6141528125 0.7868578078125 0.879215771875 0.8016378234375001 0.879372428125 0.79935473125 0.6133837718749999
0 0.782656275 0.61412139375 0.777542546875 0.614632765625 0.7808664703125 0.8802057765625 0.7866194156249999 0.880376234375 0.782656275 0.61412139375
0 0.7760084265625 0.6159964265625 0.7551699796875 0.6166782578125 0.7599001796875 0.8819103531250001 0.7794601953125 0.8820808109374999 0.7760084265625 0.6159964265625
0 0.7536358609375 0.61412139375 0.7483942890625 0.6144623078125 0.75325233125 0.8807171500000001 0.7579825312499999 0.8813989796874999 0.7536358609375 0.61412139375
0 0.7489056625 0.614632765625 0.7256381937499999 0.615314596875 0.73011270625 0.881228521875 0.752485271875 0.8807171500000001 0.7489056625 0.614632765625
0 0.724743290625 0.614632765625 0.7174562265625 0.6158259703125 0.7220585828125 0.8810580640625 0.7292178046875 0.881228521875 0.724743290625 0.614632765625
0 0.715410734375 0.6134395625 0.702370725 0.6136100203125 0.707100925 0.8819103531250001 0.7203966203125 0.8824217265625001 0.715410734375 0.6134395625
0 0.7004530765625 0.6132691046875001 0.6920154234375 0.61412139375 0.6973848390625 0.8810580640625 0.7064617078125 0.880376234375 0.7004530765625 0.6132691046875001
0 0.69150405 0.59434830625 0.6787197265625 0.5948596796875 0.684728359375 0.8866831671875 0.6967456234375 0.8877059125000001 0.69150405 0.59434830625
0 0.6747565859375 0.6139509359375 0.6615887328125 0.614632765625 0.669131484375 0.8802057765625 0.681532278125 0.8802057765625 0.6747565859375 0.6139509359375
0 0.6608216734375 0.614632765625 0.6488044093750001 0.61497368125 0.6558357874999999 0.880376234375 0.667597365625 0.8807171500000001 0.6608216734375 0.614632765625
0 0.6470146046874999 0.6117349859375001 0.6229800765625 0.613780478125 0.6300114546875 0.8810580640625 0.655068728125 0.8795239453124999 0.6470146046874999 0.6117349859375001
0 0.6199118390625 0.6112236125 0.5972835875 0.612587275 0.6061047703125 0.8802057765625 0.6296279250000001 0.8805466921875 0.6199118390625 0.6112236125
0 0.5961329984375 0.612246359375 0.5829651453125 0.6129281890625 0.591914171875 0.8805466921875 0.6052098671875 0.880376234375 0.5961329984375 0.612246359375
0 0.5820702421874999 0.612246359375 0.56928591875 0.612246359375 0.5791298484375 0.8813989796874999 0.591786328125 0.8817398953125 0.5820702421874999 0.612246359375
0 0.5683910156249999 0.6120759015624999 0.55547885 0.6136100203125 0.5649392484375 0.882762640625 0.57849063125 0.8819103531250001 0.5683910156249999 0.6120759015624999
0 0.5542004171875 0.61190544375 0.542055309375 0.613780478125 0.552154925 0.88310355625 0.56455571875 0.8817398953125 0.5542004171875 0.61190544375
0 0.5384757 0.6129281890625 0.5311886359375 0.6130986468749999 0.5433337421875 0.8820808109374999 0.5502372765625 0.8802057765625 0.5384757 0.6129281890625
0 0.5306772625 0.613780478125 0.5231345109375 0.614632765625 0.5355353046875 0.8819103531250001 0.5429502125 0.8813989796874999 0.5306772625 0.613780478125
0 0.5222396093749999 0.610371325 0.498332925 0.6130986468749999 0.5109894046875 0.8813989796874999 0.5348960890625001 0.8802057765625 0.5222396093749999 0.610371325
0 0.4952646859375 0.610371325 0.47506545625 0.612246359375 0.4892560546875 0.8815694374999999 0.5094552859375 0.8793534875000001 0.4952646859375 0.610371325
0 0.4737870234375 0.6102008671875 0.458701521875 0.612587275 0.4735313375 0.8807171500000001 0.48912821093750003 0.8805466921875 0.4737870234375 0.6102008671875
0 0.4565281875 0.6102008671875 0.44157052812500003 0.6132691046875001 0.45755093281250003 0.880376234375 0.472636434375 0.8788421156249999 0.4565281875 0.6102008671875
0 0.4391415078125 0.6113940703125 0.42635718437500003 0.6136100203125 0.44374386406250005 0.8819103531250001 0.4562725 0.8805466921875 0.4391415078125 0.6113940703125
0 0.42328894687499996 0.6113940703125 0.4096097203125 0.6132691046875001 0.42968110781249996 0.8819103531250001 0.441826215625 0.8802057765625 0.42328894687499996 0.6113940703125
0 0.4071806984375 0.6108826984375 0.3941406890625 0.6130986468749999 0.41293364375 0.88310355625 0.4253344375 0.8810580640625 0.4071806984375 0.6108826984375
0 0.3840410734375 0.610371325 0.3708732203125 0.6113940703125 0.37854381406250004 0.8810580640625 0.390816765625 0.8819103531250001 0.3840410734375 0.610371325
0 0.3699783171875 0.6098599515625 0.34607163281250003 0.6120759015624999 0.352080265625 0.8808876078125 0.3770096953125 0.8817398953125 0.3699783171875 0.6098599515625
0 0.3415971203125 0.6112236125 0.326383775 0.6130986468749999 0.33661123437499996 0.8805466921875 0.350290459375 0.8808876078125 0.3415971203125 0.6112236125
0 0.32536102968749997 0.6112236125 0.3197359265625 0.6117349859375001 0.330219071875 0.881228521875 0.33597201718749997 0.8810580640625 0.32536102968749997 0.6112236125
0 0.319480240625 0.6112236125 0.31347160937499996 0.6120759015624999 0.3251053421875 0.8810580640625 0.3298355421875 0.880376234375 0.319480240625 0.6112236125
0 0.313343765625 0.6110531546875 0.29864179375 0.612246359375 0.30976415468749996 0.880376234375 0.3235712234375 0.8802057765625 0.313343765625 0.6110531546875
0 0.297107675 0.6120759015624999 0.282150015625 0.6130986468749999 0.294806496875 0.8790125734374999 0.3088692515625 0.879694403125 0.297107675 0.6120759015624999
0 0.282405703125 0.6110531546875 0.2625900015625 0.61190544375 0.27486295156249996 0.8790125734374999 0.2941672796875 0.879694403125 0.282405703125 0.6110531546875
0 0.262206471875 0.6110531546875 0.24597038124999998 0.612246359375 0.2604166671875 0.8802057765625 0.2743515796875 0.8798648609375 0.262206471875 0.6110531546875
0 0.245331165625 0.6090076640625 0.220657421875 0.6120759015624999 0.23548723593749998 0.8805466921875 0.259010390625 0.879694403125 0.245331165625 0.6090076640625
0 0.218867615625 0.60968949375 0.197262109375 0.6117349859375001 0.21298682656249998 0.879694403125 0.232930371875 0.880376234375 0.218867615625 0.60968949375
0 0.19547230468750001 0.6113940703125 0.1839664125 0.6124168171875 0.2009695625 0.8793534875000001 0.21183623749999997 0.87918303125 0.19547230468750001 0.6113940703125
0 0.18307151093750001 0.6079849187499999 0.1452299125 0.6105417828124999 0.1604432578125 0.878160284375 0.1934268125 0.8785012 0.18307151093750001 0.6079849187499999
0 0.141650303125 0.6064507984375 0.1159538125 0.6090076640625 0.13449108125 0.8785012 0.1572471765625 0.8776489109375 0.141650303125 0.6064507984375
0 0.113908321875 0.6079849187499999 0.0924306578125 0.6105417828124999 0.10968949374999999 0.87918303125 0.130783628125 0.8788421156249999 0.113908321875 0.6079849187499999
0 0.08233104218750001 0.5899164078125 0.06916318906249999 0.58906411875 0.076450253125 0.8846376749999999 0.0885953609375 0.8848081328124999 0.08233104218750001 0.5899164078125
0 0.065839265625 0.58821183125 0.0538220015625 0.58906411875 0.06353808749999999 0.8851490484375001 0.07427691875 0.8853195062499999 0.065839265625 0.58821183125
0 0.0545890609375 0.6079849187499999 0.04640709375 0.6086667484375 0.0531827859375 0.8771375390625 0.0632824 0.8776489109375 0.0545890609375 0.6079849187499999
0 0.0444894453125 0.606962171875 0.030171003125 0.6073030875 0.035284732812500004 0.877307996875 0.048708271875 0.8779898265625 0.0444894453125 0.606962171875