0 0.0674184 0.292961471875 0.05624021875 0.292961471875 0.0836616921875 0.6222520312500001 0.091696009375 0.6220191515625 0.0674184 0.292961471875
0 0.092045328125 0.6220191515625 0.1049700984375 0.622484909375 0.0820897609375 0.29202995781249996 0.0681170359375 0.29202995781249996 0.092045328125 0.6220191515625
0 0.128898390625 0.3171808625 0.08942544218750001 0.31811237812500004 0.112655096875 0.6171286984375 0.1481108875 0.6173615765625 0.128898390625 0.3171808625
0 0.1645288390625 0.31950965 0.128898390625 0.3185781359375 0.1488095234375 0.6185259703125 0.183566678125 0.6182930921875001 0.1645288390625 0.31950965
0 0.201032584375 0.32067404375 0.1659261125 0.320441165625 0.18339201875 0.61922460625 0.216577240625 0.620156121875 0.201032584375 0.32067404375
0 0.2368376921875 0.321605559375 0.2020805390625 0.3211398015625 0.2181491734375 0.6194574859374999 0.24976246406249997 0.61922460625 0.2368376921875 0.321605559375
0 0.2728174609375 0.32323571093750003 0.23736167031250002 0.322537075 0.25081041875 0.6180602140625 0.283646321875 0.6173615765625 0.2728174609375 0.32323571093750003
0 0.3115917734375 0.324167225 0.2738654140625 0.3237014671875 0.285916890625 0.61689581875 0.321198021875 0.61759445625 0.3115917734375 0.324167225
0 0.33534540625 0.3278932859375 0.3114171140625 0.32766040625000004 0.321198021875 0.62155339375 0.3433797234375 0.622484909375 0.33534540625 0.3278932859375
0 0.3470475625 0.3267288921875 0.3395372234375 0.3267288921875 0.347571540625 0.6161971828125 0.35438324374999997 0.61689581875 0.3470475625 0.3267288921875
0 0.3627668796875 0.3295234375 0.34792085781250004 0.3292905578125 0.3554311984375 0.6147999109375 0.3694039234375 0.615731425 0.3627668796875 0.3295234375
0 0.37464369531249997 0.3302220734375 0.363465515625 0.3292905578125 0.3697532421875 0.621320515625 0.3798834671875 0.6208547578125 0.37464369531249997 0.3302220734375
0 0.385821875 0.32975631562499996 0.3749930140625 0.32835904375 0.38058210312499996 0.620156121875 0.391061646875 0.6206218796875 0.385821875 0.32975631562499996
0 0.393332215625 0.305304046875 0.386695171875 0.305304046875 0.3922842609375 0.6194574859374999 0.39927062343749997 0.6203890000000001 0.393332215625 0.305304046875
0 0.4120207359375 0.33115358906250003 0.39507880625 0.33068783125 0.3990959640625 0.6208547578125 0.41516459843750003 0.621320515625 0.4120207359375 0.33115358906250003
0 0.42686675625000003 0.3060026828125 0.4137673265625 0.306468440625 0.416212553125 0.621320515625 0.428613346875 0.6208547578125 0.42686675625000003 0.3060026828125
0 0.43699698124999997 0.306468440625 0.42756539218749995 0.3060026828125 0.4294866421875 0.6206218796875 0.4387435734375 0.6206218796875 0.43699698124999997 0.306468440625
0 0.45358959375 0.30693419843749997 0.4383942546875 0.306468440625 0.43891823125 0.6210876375 0.45393891093749994 0.62155339375 0.45358959375 0.30693419843749997
0 0.467213 0.33255086093749997 0.454637546875 0.33255086093749997 0.4544628890625 0.6147999109375 0.46581572812500005 0.6154985468749999 0.467213 0.33255086093749997
0 0.497254359375 0.33464676875 0.46738765937500004 0.333482375 0.46791163593749996 0.6196903640625 0.49376117812500003 0.6203890000000001 0.497254359375 0.33464676875
0 0.516990834375 0.332085103125 0.49847697343749997 0.33301661875 0.49445981406249995 0.6150327890625 0.512799015625 0.6154985468749999 0.516990834375 0.332085103125
0 0.5377752625000001 0.333249496875 0.5189120828125 0.33301661875 0.5138469703124999 0.6150327890625 0.5321861718750001 0.6154985468749999 0.5377752625000001 0.333249496875
0 0.5772482109375 0.31112601562500003 0.541792421875 0.3115917734375 0.5335834453125 0.6189917281249999 0.5657207125 0.6196903640625 0.5772482109375 0.31112601562500003
0 0.591046278125 0.3360440421875 0.576374915625 0.3362769203125 0.567467303125 0.6173615765625 0.5798680968750001 0.617827334375 0.591046278125 0.3360440421875
0 0.6079882078125001 0.33557828437500004 0.59244355 0.336742678125 0.5824879828125 0.6171286984375 0.5952380953125 0.617827334375 0.6079882078125001 0.33557828437500004
0 0.624406159375 0.3360440421875 0.609734796875 0.336742678125 0.5969846859375 0.61689581875 0.6107827515625 0.6173615765625 0.624406159375 0.3360440421875
0 0.640649453125 0.3362769203125 0.62580343125 0.3360440421875 0.61375195625 0.6182930921875001 0.6268513859375 0.6173615765625 0.640649453125 0.3362769203125
0 0.652700928125 0.32067404375 0.642221384375 0.3209069234375 0.6277246812499999 0.6159643046875 0.6375055890625 0.6164300625 0.652700928125 0.32067404375
0 0.6677216078125 0.31019450000000004 0.6563687687499999 0.30903010625 0.6416974062499999 0.61689581875 0.6502557015625 0.61922460625 0.6677216078125 0.31019450000000004
0 0.6939204671875 0.3125232875 0.667896265625 0.31135889375 0.653923540625 0.6187588500000001 0.6769785374999999 0.6196903640625 0.6939204671875 0.3125232875
0 0.7225645546874999 0.31229040937499997 0.696540353125 0.3108931359375 0.6808210375 0.6185259703125 0.703701375 0.620156121875 0.7225645546874999 0.31229040937499997
0 0.8560040796875 0.31229040937499997 0.722913871875 0.3106602578125 0.705447965625 0.6008271859375001 0.8282332890624999 0.6022244578125 0.8560040796875 0.31229040937499997
0 0.9021140734375 0.340235859375 0.8918091890625 0.3407016171875 0.8647370328124999 0.6231835453125 0.8745179406249999 0.6220191515625 0.9021140734375 0.340235859375
0 0.9171347531249999 0.3155507109375 0.9040353234375 0.3150849546875 0.8753912359375 0.6182930921875001 0.8881413484375 0.61689581875 0.9171347531249999 0.3155507109375
0 0.9885703109374999 0.31531783281250003 0.9180080484375001 0.313221925 0.8914598703125 0.582895521875 0.96079951875 0.587553096875 0.9885703109374999 0.31531783281250003
0 0.8530348765625 0.7084171703125001 0.8313771515624999 0.895418809375 0.9183573656249999 0.8984462328125 0.9363472500000001 0.677910053125 0.8249147656250001 0.6751155078125 0.8530348765625 0.7084171703125001
0 0.8518122625 0.7109788359375 0.825089425 0.71144459375 0.8022090875 0.9333780453125 0.827010675 0.932213653125 0.8518122625 0.7109788359375
0 0.8247401078125 0.71144459375 0.8123393140624999 0.7116774718750001 0.78980829375 0.9352410765625001 0.799239884375 0.9352410765625001 0.8247401078125 0.71144459375
0 0.81146601875 0.7126089875 0.7997638609375 0.7126089875 0.7772328421875 0.936871228125 0.788411021875 0.9354739546875 0.81146601875 0.7126089875
0 0.7981919296875 0.712841865625 0.7871884078125 0.7126089875 0.765356025 0.9352410765625001 0.774438296875 0.935008196875 0.7981919296875 0.712841865625
0 0.7875377265625 0.7121432296875 0.7800273859375 0.7126089875 0.7576710265625 0.9364054703125 0.76500670625 0.9352410765625001 0.7875377265625 0.7121432296875
0 0.7802020453125 0.7121432296875 0.7712944328125 0.7121432296875 0.749636709375 0.9364054703125 0.7580203437499999 0.9352410765625001 0.7802020453125 0.7121432296875
0 0.7711197750000001 0.7116774718750001 0.7630854578124999 0.7119103515625 0.7402051203125 0.937336984375 0.7487634140625 0.937336984375 0.7711197750000001 0.7116774718750001
0 0.7627361390625 0.7116774718750001 0.753129890625 0.7130747453125 0.73199614375 0.9375698640625 0.7405544374999999 0.9375698640625 0.7627361390625 0.7116774718750001
0 0.7522565953125 0.7123761078124999 0.7424756875 0.7133076234375 0.7202939859375 0.93710410625 0.7295509171875 0.937336984375 0.7522565953125 0.7123761078124999
0 0.74282500625 0.714006259375 0.7340920515625 0.7135405015625 0.7129583046875 0.9389671359375 0.7188967140625 0.9392000156250001 0.74282500625 0.714006259375
0 0.734926146875 0.699882421875 0.720596340625 0.700249853125 0.6982749109374999 0.9471634328125 0.711502425 0.9482657265625001 0.734926146875 0.699882421875
0 0.72004519375 0.6976778359375 0.6883542765625 0.696942975 0.668237434375 0.9515726046875 0.69717261875 0.9534097593749999 0.72004519375 0.6976778359375
0 0.6851690546875 0.700025809375 0.675288746875 0.70137006875 0.656737965625 0.9484449609375 0.6662149953125 0.9500580718749999 0.6851690546875 0.700025809375
0 0.673473996875 0.7011012171875 0.6525035484374999 0.700832365625 0.6369773515625 0.9514023312500001 0.65532649375 0.9527465906250001 0.673473996875 0.7011012171875
0 0.6502855203125 0.7024454765625 0.633549490625 0.70137006875 0.61983804375 0.9516711828125001 0.6355658796875 0.9519400359375 0.6502855203125 0.7024454765625
0 0.6289117953125001 0.7051339953125 0.6158052656249999 0.7051339953125 0.6043118468750001 0.9444121828125001 0.61620854375 0.9452187375 0.6289117953125001 0.7051339953125
0 0.6139905156250001 0.713199553125 0.604715125 0.7126618484375 0.593624984375 0.9457564421875 0.6018921796875001 0.9457564421875 0.6139905156250001 0.713199553125
0 0.6033036515625 0.7126618484375 0.5944315390625 0.7137372562500001 0.5845512328125 0.9462941453125 0.591810234375 0.9462941453125 0.6033036515625 0.7126618484375
0 0.59241515 0.702714328125 0.5660004515625 0.7032520328125 0.5585398109375 0.955435109375 0.5827364828125 0.955435109375 0.59241515 0.702714328125
0 0.5639840625 0.702714328125 0.536964446875 0.7024454765625 0.532528390625 0.95409085 0.5573299781250001 0.9546285546875 0.5639840625 0.702714328125
0 0.535552975 0.7180388859375 0.5260759453125 0.7188454421875 0.5194218609375 0.9559728140624999 0.5286972515625 0.9575859250000001 0.535552975 0.7180388859375
0 0.5242611953125 0.701638921875 0.507726803125 0.701638921875 0.501475996875 0.9551662578125001 0.5186153046875 0.9557039609375 0.5242611953125 0.701638921875
0 0.5002661640625 0.69249795625 0.3855336171875 0.6736783234375 0.387146728125 0.8909106546875 0.496233384375 0.9086548796875 0.5002661640625 0.69249795625
0 0.374645115625 0.707822515625 0.3274616078125 0.7094356265624999 0.33431733124999996 0.9484449609375 0.37686314374999996 0.94790725625 0.374645115625 0.707822515625
0 0.3234288296875 0.7269110000000001 0.306289521875 0.7277175546875 0.3141534390625 0.9648449265625001 0.328469803125 0.9645760750000001 0.3234288296875 0.7269110000000001
0 0.30568460468750003 0.7188454421875 0.2873354625 0.71911429375 0.295804296875 0.9557039609375 0.31294360625 0.9546285546875 0.30568460468750003 0.7188454421875
0 0.2831010453125 0.7263732953125001 0.27443057187500003 0.7277175546875 0.28289940625 0.964307221875 0.291368240625 0.9656514812499999 0.2831010453125 0.7263732953125001
0 0.2720109046875 0.726642146875 0.262533875 0.727448703125 0.2716076265625 0.965920334375 0.2812862953125 0.9656514812499999 0.2720109046875 0.726642146875
0 0.26152568125000003 0.7269110000000001 0.2520486515625 0.7277175546875 0.26192895781250003 0.9656514812499999 0.2705994328125 0.9653826296875 0.26152568125000003 0.7269110000000001
0 0.2472093171875 0.70836021875 0.22603723125 0.708897921875 0.240756871875 0.9653826296875 0.26092076406250003 0.964307221875 0.2472093171875 0.70836021875
0 0.221197896875 0.704327440625 0.19639630937500002 0.7056717 0.212325784375 0.9707596687500001 0.2353126203125 0.9710285203125 0.221197896875 0.704327440625
0 0.1972028640625 0.728255259375 0.173409471875 0.729330665625 0.188532390625 0.9694154078125001 0.21151922812500001 0.9696842609375 0.1972028640625 0.728255259375
0 0.17078816562500002 0.729330665625 0.1469947734375 0.729330665625 0.16433572031250002 0.9688777046875 0.18671764062500001 0.9680711484375 0.17078816562500002 0.729330665625
0 0.14376855156249999 0.727448703125 0.11957187968750001 0.7287929625 0.14013905 0.9715662234375 0.1629242484375 0.968608853125 0.14376855156249999 0.727448703125
0 0.1155391015625 0.7099733296874999 0.10122273906249998 0.710511034375 0.12461285312499999 0.9707596687500001 0.137921021875 0.9699531125 0.1155391015625 0.7099733296874999