0 0.0520557765625 0.3375955328125 0.021742724999999997 0.335390946875 0.0352458109375 0.6186801875 0.066936728125 0.622354496875 0.0520557765625 0.3375955328125
0 0.066609978125 0.3383678875 0.054867184375 0.3385028609375 0.0680272109375 0.6211397265625 0.0782515390625 0.6208697765625 0.066609978125 0.3383678875
0 0.0929300296875 0.3387728109375 0.0678247484375 0.3380979375 0.079668771875 0.6220845484375 0.10345805 0.622489471875 0.0929300296875 0.3387728109375
0 0.11013929375 0.33958265781249997 0.0940435703125 0.339312709375 0.1039642046875 0.6208697765625 0.11914885 0.621409675 0.11013929375 0.33958265781249997
0 0.1355482671875 0.34282205 0.111050371875 0.341472303125 0.120464853125 0.6239741921874999 0.14364674375 0.6250539890625 0.1355482671875 0.34282205
0 0.156098153125 0.3441717953125 0.13737042500000002 0.3433619484375 0.144861515625 0.6261337859375 0.1622732421875 0.626943634375 0.156098153125 0.3441717953125
0 0.1935536125 0.34390184687500003 0.1575153875 0.34187722656249997 0.1636904765625 0.626808659375 0.19810900468749998 0.6285633296875 0.1935536125 0.34390184687500003
0 0.22372044062500002 0.3441717953125 0.1947683828125 0.343631896875 0.200133625 0.6284283562499999 0.2289844515625 0.6299130765625 0.22372044062500002 0.3441717953125
0 0.24943310625 0.3467363140625 0.23019922187500003 0.34619641562500003 0.2331349203125 0.629238203125 0.2481171046875 0.6296431265625 0.2457887921875 0.35348504531249997 0.24963556874999998 0.3532150953125 0.24943310625 0.3467363140625
0 0.246092484375 0.35348504531249997 0.24821833437500002 0.6351770859375 0.2769679296875 0.636256884375 0.2757531578125 0.354834790625 0.246092484375 0.35348504531249997
0 0.28486394531250003 0.3476811359375 0.2871922578125 0.631667746875 0.31897878125 0.63261256875 0.3177640109375 0.3486259578125 0.28486394531250003 0.3476811359375
0 0.3640265625 0.3522702734375 0.3233317140625 0.34943580625 0.3253563328125 0.6308578984375 0.3640265625 0.63261256875 0.3640265625 0.3522702734375
0 0.3693918046875 0.63288251875 0.40381033281249995 0.6340972890625001 0.405733721875 0.35362001875 0.3708090375 0.352945146875 0.3693918046875 0.63288251875
0 0.4627267578125 0.35362001875 0.4275996109375 0.3542948921875 0.4342808546875 0.6343672390624999 0.4671809203125 0.6343672390624999 0.4627267578125 0.35362001875
0 0.4683956921875 0.33269895312500003 0.47173631406250005 0.6455701328125001 0.5133422421875 0.6469198796875 0.5162779390625001 0.3332388515625 0.4683956921875 0.33269895312500003
0 0.5200234859374999 0.3318891046875 0.51698655625 0.6466499296875 0.5578838671875 0.6477297265625 0.5638564953125 0.33161915625 0.5200234859374999 0.3318891046875
0 0.6333009390625 0.34471169375 0.5704365078125 0.344036821875 0.563350340625 0.64611003125 0.62257045625 0.6469198796875 0.6333009390625 0.34471169375
0 0.743136540625 0.3611785984375 0.6327947843749999 0.359558903125 0.623683996875 0.6235692687500001 0.729571590625 0.6277534828125 0.743136540625 0.3611785984375
0 0.7804907671875 0.36131357343750004 0.7592322640625 0.361583521875 0.745464853125 0.644760284375 0.7649011984375 0.64637998125 0.7804907671875 0.36131357343750004
0 0.768039359375 0.6457051078125 0.7978012640625 0.64637998125 0.814706834375 0.361448546875 0.78261661875 0.361988446875 0.768039359375 0.6457051078125
0 0.8460884359374999 0.3622583953125 0.815820375 0.3623933703125 0.8002308062499999 0.6457051078125 0.829385325 0.6469198796875 0.8460884359374999 0.3622583953125
0 0.8326247171875 0.6467849046875 0.8477081312499999 0.647324803125 0.8663346296875 0.36306824375 0.8483155171875 0.3621234203125 0.8326247171875 0.6467849046875
0 0.8907312921875 0.36306824375 0.866840784375 0.3622583953125 0.8492265953125001 0.647324803125 0.8730158734375 0.6489444984375 0.8907312921875 0.36306824375
0 0.8730158734375 0.6479996765625 0.8876943640625001 0.648539575 0.9072319406249999 0.36320321718750004 0.8912374468750001 0.36306824375 0.8730158734375 0.6479996765625
0 0.9232264328124999 0.36320321718750004 0.9077380953124999 0.36333819218749996 0.8883017499999999 0.648539575 0.9035876249999999 0.6489444984375 0.9232264328124999 0.36320321718750004
0 0.9248461296875 0.36293326875 0.9038913187500001 0.6479996765625 0.9287941359375 0.6489444984375 0.9502551015625 0.36306824375 0.9248461296875 0.36293326875
0 0.9143181078125 0.7578690203125 0.9006519265625 0.757329121875 0.8818229671875001 0.9994735984374999 0.8943756078125 0.999338625 0.9143181078125 0.7578690203125
0 0.8876943640625001 0.7597586656249999 0.8627121000000001 0.9996693125 0.8738257203125 0.9996085734375001 0.8985260765625 0.7605685125 0.8876943640625001 0.7597586656249999
0 0.8742306453124999 0.7581389703125 0.8490241328125 0.999068675 0.8598558468749999 0.9996085734375001 0.8853660515625 0.7594887156250001 0.8742306453124999 0.7581389703125
0 0.8602607703125 0.7577340453125 0.83879980625 0.999338625 0.8481130546875001 0.999338625 0.870890021875 0.7590837921875 0.8602607703125 0.7577340453125
0 0.8466958218749999 0.7601635890625 0.8260447031249999 0.9992036499999999 0.837180109375 0.9996085734375001 0.85894476875 0.7605685125 0.8466958218749999 0.7601635890625
0 0.8324222546875 0.7592187671875 0.8138969875000001 0.9994735984374999 0.8244250078125 0.999338625 0.84325396875 0.7592187671875 0.8324222546875 0.7592187671875
0 0.8155166828124999 0.7580039953125 0.798717503125 0.9996693125 0.81166990625 0.9996085734375001 0.8296890187500001 0.7592187671875 0.8155166828124999 0.7580039953125
0 0.7995221890625 0.7570591734375001 0.7842409890625001 0.9996693125 0.7966877234374999 0.9996693125 0.8128846781249999 0.7569241984375 0.7995221890625 0.7570591734375001
0 0.6512188203125 0.9821968468750001 0.7803895359374999 0.9944795375 0.791626175 0.7489606953125 0.6537495953125 0.7412671421875 0.6586086812499999 0.7520651125 0.6512188203125 0.9821968468750001
0 0.6449425 0.7519301375 0.6381600265625 0.9947494875 0.6505102046875 0.995694309375 0.6583049890625 0.7517951625 0.6449425 0.7519301375
0 0.6289480078125 0.7516601875 0.62277291875 0.9954243593750001 0.636034175 0.9954243593750001 0.6425129578125001 0.7515252140625 0.6289480078125 0.7516601875
0 0.6122448984375 0.7517951625 0.6075882734375 0.9952893859374999 0.6201409140624999 0.9947494875 0.6258098484375 0.7509853140625 0.6122448984375 0.7517951625
0 0.5952380953125 0.7505803906249999 0.5922011656249999 0.9931297921875 0.6044501140625 0.99245491875 0.6088030453125 0.74963556875 0.5952380953125 0.7505803906249999
0 0.5777251375 0.74923064375 0.5770165203125 0.99258989375 0.5891642375 0.9920499953125 0.5909863953125 0.7476109484375 0.5777251375 0.74923064375
0 0.5601109484375 0.7489606953125 0.5620343375 0.99245491875 0.574384515625 0.9923199437499999 0.5731697437500001 0.74707105 0.5601109484375 0.7489606953125
0 0.5434078390625 0.748150846875 0.5469509234375 0.99258989375 0.5596047937499999 0.9919150203125 0.556567865625 0.747206025 0.5434078390625 0.748150846875
0 0.5255911890625 0.7476109484375 0.5318675093749999 0.9917800453125001 0.54411645625 0.9916450703124999 0.5388524453125 0.746126228125 0.5255911890625 0.7476109484375
0 0.5073696140624999 0.7486907453125 0.51486070625 0.99258989375 0.5278182703125001 0.99245491875 0.52154195 0.7465311515625 0.5073696140624999 0.7486907453125
0 0.4940071265625 0.7480158734375 0.488743115625 0.9931297921875 0.49896744374999996 0.99258989375 0.504535146875 0.74707105 0.4940071265625 0.7480158734375
0 0.48094833125 0.7459912531249999 0.47689909375 0.9900253749999999 0.4863135734375 0.99016035 0.49005911874999997 0.74531638125 0.48094833125 0.7459912531249999
0 0.46141075468750004 0.74531638125 0.45877875 0.9905652734375 0.47355847031250003 0.9907002484375 0.4765954 0.744101609375 0.46141075468750004 0.74531638125
0 0.44227810156249997 0.74491145625 0.4421768703125 0.9893505015624999 0.45645043750000003 0.989215528125 0.457361515625 0.74518140625 0.44227810156249997 0.74491145625
0 0.4298266921875 0.74531638125 0.43023161718749997 0.9896204515625 0.440557175 0.9909701984374999 0.43984855781250004 0.7443715578125001 0.4298266921875 0.74531638125
0 0.414540815625 0.7457213046875 0.41828636250000006 0.9900253749999999 0.428510690625 0.9898904 0.4266885328125 0.7455863296875 0.414540815625 0.7457213046875
0 0.40138079062500004 0.746396178125 0.40644233906249994 0.9874608578125 0.417274053125 0.9882707046875 0.41332604531249995 0.7458562796875 0.40138079062500004 0.746396178125
0 0.38882815000000004 0.74491145625 0.39459831562500003 0.990295325 0.40451895000000004 0.9898904 0.399356171875 0.74491145625 0.38882815000000004 0.74491145625
0 0.37516196874999996 0.7458562796875 0.3829567546875 0.9898904 0.3941933921875 0.988945578125 0.385588759375 0.74531638125 0.37516196874999996 0.7458562796875
0 0.36179948125 0.746126228125 0.3712139625 0.9866510093749999 0.3816407515625 0.98800075625 0.37344104375 0.74531638125 0.36179948125 0.746126228125
0 0.349854228125 0.743966634375 0.3610908640625 0.986920959375 0.37040411406249996 0.9867859843750001 0.3600785546875 0.7422119640625 0.349854228125 0.743966634375
0 0.3364917390625 0.7455863296875 0.3488419171875 0.9855712125 0.3599773234375 0.9854362374999999 0.3483357625 0.7442365843750001 0.3364917390625 0.7455863296875
0 0.3198898609375 0.7436966859374999 0.3326449625 0.9866510093749999 0.34681729843750003 0.9859761359375 0.3347708125 0.7423469390624999 0.3198898609375 0.7436966859374999
0 0.301465825 0.7442365843750001 0.315840621875 0.9871909078125001 0.3297092640625 0.986920959375 0.3173590859375 0.7428868375000001 0.301465825 0.7442365843750001
0 0.2827380953125 0.7436966859374999 0.300048590625 0.9858411609375001 0.313714771875 0.9853012624999999 0.2984288953125 0.74072724375 0.2827380953125 0.7436966859374999
0 0.266136215625 0.741807040625 0.2827380953125 0.984626390625 0.2963030453125 0.9839515171875 0.2805110140625 0.7397824203125001 0.266136215625 0.741807040625
0 0.2455863296875 0.7412671421875 0.253178653125 0.9826017703125001 0.2705903796875 0.9828717203125 0.2626943640625 0.739512471875 0.2455863296875 0.7412671421875
0 0.23272999687499998 0.7422119640625 0.24103093593749997 0.9830066953125 0.250749109375 0.9835465937500001 0.243865403125 0.741537090625 0.23272999687499998 0.7422119640625
0 0.21359734375 0.7405922687500001 0.22270813125000002 0.9824667968749999 0.2368804671875 0.98327664375 0.2298955296875 0.7399173953125 0.21359734375 0.7405922687500001
0 0.190111759375 0.7187263796875001 0.1997287015625 0.9792274046875 0.219165046875 0.9793623796875 0.2098517984375 0.7180515062499999 0.190111759375 0.7187263796875001
0 0.1596412375 0.7098180546874999 0.1690557171875 0.9782825828125 0.192338840625 0.9794973546874999 0.18484774843750001 0.7119776484375 0.1596412375 0.7098180546874999
0 0.13838273437499998 0.7354632328124999 0.14810090625 0.9770678109375 0.16136216406249998 0.9785525328125001 0.1531624546875 0.73613810625 0.13838273437499998 0.7354632328124999
0 0.108823290625 0.7264199328125 0.11874392656249999 0.975448115625 0.1432418203125 0.9774727343749999 0.133523646875 0.726149984375 0.108823290625 0.7264199328125
0 0.07916261718749999 0.7253401359375 0.0901967921875 0.97409836875 0.11489715 0.9758530390625 0.10477405312500002 0.725745059375 0.07916261718749999 0.7253401359375
0 0.0659013609375 0.7365430296875 0.0768343046875 0.9549319734375 0.0891844828125 0.9549319734375 0.079770003125 0.7365430296875 0.0659013609375 0.7365430296875