0 0.17796689062499998 0.15794477499999998 0.126813615625 0.15794477499999998 0.1353391609375 0.7521494703125 0.1833922375 0.7531828703125 0.17796689062499998 0.15794477499999998
0 0.23842075937499999 0.16311177187499998 0.1841672859375 0.158978175 0.1919177828125 0.75731646875 0.23842075937499999 0.7583498671875 0.23842075937499999 0.16311177187499998
0 0.2965494796875 0.1620783734375 0.24617125468749998 0.15794477499999998 0.249271453125 0.75731646875 0.30119977656249997 0.761450065625 0.2965494796875 0.1620783734375
0 0.5639415921875 0.249917328125 0.3376271078125 0.24268353125000003 0.3368520578125 0.7149470906250001 0.56161644375 0.7201140875 0.5639415921875 0.249917328125
0 0.5802176343750001 0.2044477515625 0.5623914937500001 0.2085813484375 0.568591890625 0.763516865625 0.58486793125 0.763516865625 0.5802176343750001 0.2044477515625
0 0.603469121875 0.21788194375 0.5833178328125 0.22304894218750002 0.6081194203125 0.763516865625 0.628270709375 0.763516865625 0.603469121875 0.21788194375
0 0.627495659375 0.21788194375 0.6057942703125 0.22408234062500001 0.664698040625 0.774884259375 0.6848493296875 0.7676504625 0.627495659375 0.21788194375
0 0.6933748765625001 0.7769510578125 0.70655071875 0.774884259375 0.6429966515625 0.21788194375 0.6290457593750001 0.22408234062500001 0.6933748765625001 0.7769510578125
0 0.6561724953125 0.21891534375 0.6453218 0.2220155421875 0.7104259671875 0.7697172625 0.7220517109375 0.7717840609375 0.6561724953125 0.21891534375
0 0.667593078125 0.22608835156249998 0.65592174375 0.22876303281250002 0.724126109375 0.76807598125 0.7354327140625 0.765644453125 0.667593078125 0.22608835156249998
0 0.739262371875 0.765158146875 0.750568978125 0.761997159375 0.6807233312500001 0.22049583749999999 0.6690519953125 0.22341367031249998 0.739262371875 0.765158146875
0 0.6947654062499999 0.22730411562500002 0.6843706234375 0.23022195 0.7584106562499999 0.7688054390625 0.7680759796875 0.767832828125 0.6947654062499999 0.22730411562500002
0 0.78430643125 0.770021203125 0.7939717546875 0.76807598125 0.711178221875 0.22973564375 0.6984126984375 0.23289663124999999 0.78430643125 0.770021203125
0 0.7319677875 0.22025268437499998 0.715554971875 0.225115740625 0.7996250578125 0.774884259375 0.816402603125 0.7714801203125 0.7319677875 0.22025268437499998
0 0.8258855625000001 0.7831514546875 0.846675128125 0.7765863296875 0.7636992296875 0.22317051875 0.743639121875 0.228033575 0.8258855625000001 0.7831514546875
0 0.7852182546875001 0.17575571875 0.7682583453125 0.1801324703125 0.853604984375 0.784610371875 0.872570903125 0.7812062328125 0.7852182546875001 0.17575571875
0 0.8778594765625 0.7838809140625 0.8964606671875 0.777558940625 0.8187733421875001 0.1742968015625 0.8009016109375 0.17770094218750002 0.8778594765625 0.7838809140625
0 0.8495929625 0.1721084265625 0.8319035953125 0.17599887187500002 0.899560865625 0.784853525 0.9188915156249999 0.7814493859375 0.8495929625 0.1721084265625
0 0.9223564421875 0.78436721875 0.9418694562500001 0.7807199265625 0.8853364265625 0.2190369203125 0.8647292249999999 0.2226842125 0.9223564421875 0.78436721875
0 0.9455167484375 0.7853398296874999 0.9996790375 0.7778020921875 0.9996790375 0.5159265093750001 0.9719596171875 0.1655433 0.90740254375 0.17235157968749998 0.9455167484375 0.7853398296874999
0 0.1960034015625 0.9249811031249999 0.17828798125 0.9249811031249999 0.17777014687499998 0.9996693125 0.196275946875 0.9996693125 0.1960034015625 0.9249811031249999
0 0.21797052187500002 0.9268707484375 0.20167233593749997 0.9249811031249999 0.2012362640625 0.9996693125 0.21936049999999999 0.9996693125 0.21797052187500002 0.9268707484375
0 0.24489795937499997 0.9259259265625 0.22576530625000002 0.92876039375 0.2262286328125 0.9996693125 0.24489795937499997 0.9986772484375 0.24489795937499997 0.9259259265625
0 0.2661564625 0.9306500375000001 0.249149659375 0.9278155703125 0.2493131875 0.9996693125 0.26800976875 0.9996693125 0.2661564625 0.9306500375000001
0 0.2888322 0.9325396828124999 0.271825396875 0.9306500375000001 0.27125305312500003 0.9996693125 0.289949634375 0.9996693125 0.2888322 0.9325396828124999
0 0.3193027203125 0.9306500375000001 0.2973356015625 0.9297052156250001 0.29891636093749996 0.9996693125 0.3197115390625 0.9996693125 0.3193027203125 0.9306500375000001
0 0.566609978125 0.8711262281250001 0.3674886625 0.8616780046875 0.36607142812500004 0.9986772484375 0.5644841265625 0.996787603125 0.566609978125 0.8711262281250001
0 0.9289899546875 0.890625 0.73135230625 0.8823578046874999 0.725151909375 0.9996693125 0.924360715625 0.9996693125 0.9289899546875 0.890625