0 0.0859375 0.61953125 0.109375 0.6890625
0 0.9375 0.65 0.05 0.596875
0 0.76875 0.65625 0.05625 0.60625
0 0.8875 0.65625 0.05625 0.60625
0 0.3984375 0.6609375 0.059375 0.596875
0 0.3421875 0.66328125 0.053125 0.6015625
0 0.58125 0.66328125 0.0625 0.6015625
0 0.7125 0.6640625 0.0625 0.590625
0 0.2796875 0.66328125 0.065625 0.6015625
0 0.5234375 0.665625 0.059375 0.60625
0 0.83125 0.66640625 0.0625 0.6171875
0 0.2171875 0.665625 0.053125 0.60625
0 0.459375 0.66875 0.0625 0.6125
0 0.6484375 0.6734375 0.078125 0.621875
0 0.1640625 0.67578125 0.046875 0.5859375