0 1.0000002216733037 0.8076199890625 0.9622362289499051 0.8076199890625 0.9622364992477515 0.753217890625 1 0.753217890625
0 0.6452933991994314 0.21725304835277462 0.6034826267302833 0.21981783398314964 0.6010865077230392 0.18075632633649694 0.642897181249964 0.17819154375000232
0 0.6082078053105988 0.19327735497897724 0.5851498491392704 0.2104573490068801 0.5496698958114621 0.16283871321457033 0.5727278015625643 0.14565874687497912
0 0.5266984705526738 0.13096945089622306 0.5494851953125135 0.11375360781252974 0.577665799306601 0.15105298362899164 0.5548790895968523 0.16826880942229586
0 0.48204206160994545 0.07702986534764454 0.4610363921874523 0.09247991406252404 0.4373032669756185 0.06021272701087142 0.458308924999983 0.044762684374992305
0 0.48583495625007345 0.11902790625001511 0.46142254292044527 0.1083853674333941 0.5110200111245149 -0.005383670412864104 0.5354323834012575 0.005258858612435621
0 0.5220445248276064 0.3268267069765102 0.5307766332551864 0.3205916901166115 0.5466892036681656 0.3428764161231863 0.5379571025770247 0.34911142427285957
0 0.527454809915298 0.3152483836732096 0.5354263753895339 0.3092247528463196 0.5512076216613195 0.3301087227427491 0.5432360629323512 0.33613234581995133
0 0.532548744155747 0.3034746875472431 0.540814173056333 0.2972398261994077 0.5565024434614543 0.318036848020008 0.5482370212483829 0.3242717016783641
0 0.5609128856834786 0.30679535761145543 0.5529612232215868 0.3124952320139723 0.537511458742074 0.29094247377283267 0.5454631078124521 0.2852426062500297
0 0.5459049999103627 0.2791922512300168 0.5540703182178959 0.27305749269729 0.5693888233763573 0.2934458119344966 0.5612235109890662 0.29958056364344304
0 0.4876078740928733 0.21413725682719426 0.5123813690149746 0.22432401444007727 0.4823313642075391 0.2974021478150484 0.45755788688904886 0.28721542154546015