0 0.05008102995293484 0.7623847673524484 0.018300781832067514 0.8097786239096332 -0.030921566450160753 0.7767778788294851 0.0008586093749727297 0.7293843515625097
0 0.3780504630764199 0.14565694515614455 0.4210028454838266 0.1482920818093454 0.41854124934786796 0.18841545270791837 0.37558886718750273 0.18578031875000006
0 0.4501359722205507 0.11223974645688682 0.47382151752276513 0.12988947625770964 0.4373747317943071 0.17879992238613637 0.4136892070749809 0.16115021644181024
0 0.46847209967143044 0.1354644603073575 0.44506517186243855 0.11777785102701295 0.4740132968750004 0.07946729843747417 0.49742019996688214 0.09715389380046426
0 0.5676793610266486 0.008600892666154847 0.589256811624864 0.024473409297305876 0.5648774140624937 0.057615289062505015 0.5432999663585178 0.04174277568321139
0 0.5023918015624531 5.311277837209584e-15 0.527469881688944 -0.010934036884991534 0.564479727388175 0.07395095152958266 0.5394016504411638 0.08488498250141249
0 0.4858561828125403 0.3212231843749867 0.4768863806544914 0.31481763023810555 0.4932328270161861 0.291928112167268 0.5022026126958963 0.2983336578897943
0 0.4804330687500169 0.30789127500000946 0.4722445651468661 0.301702930082923 0.4884560612374571 0.2802522364034189 0.49664455160120724 0.28644057386524
0 0.4752955484375434 0.29570820781249835 0.46680517928984955 0.2893028549229074 0.4829211613464395 0.26794146877489494 0.4914115173820619 0.274346814302631
0 0.4781452082229407 0.2556181263857627 0.4863133313626804 0.26147388292033075 0.47044232520613605 0.2836116625746584 0.4622742075902124 0.27775591258845306
0 0.4619544296874665 0.2703458546874763 0.45356689084383106 0.2640433400060937 0.4693030105630669 0.24310176712246215 0.47769053781837556 0.2494042753435271
0 0.5684501794860353 0.257642398715007 0.5430010186664731 0.26810831503667615 0.51213123956461 0.19304573404444397 0.5375802749999821 0.18257984687501894