0 0 0.09352972187496071 -0.002839499611013707 0.06879500127503672 0.09439906123236597 0.057632174289878636 0.0972385849006514 0.08236686659015276
0 0.8899271938773836 0.621183760263035 0.8884056056309646 0.64349300055893 0.8177442890624889 0.6386738875000516 0.8192660174374851 0.6163647994956295
0 0.3268533619284426 0.565740698011625 0.3262979796875243 0.5545230578125049 0.35601764185730644 0.5530517624461606 0.35657305102802184 0.5642693741960371
0 0.32944977812496745 0.5496021593750035 0.328199548695693 0.5273661682572273 0.37506709959916407 0.5247311985775274 0.37631740918777723 0.5469671043606487
0 0.21585597343744212 0.5427334234374981 0.2153106727729437 0.5304569411037247 0.26955817968746487 0.5280474749999917 0.2701035321448444 0.5403239029648401
0 0.2634943521762807 0.5481761795810478 0.2644741481215078 0.5682022560908792 0.19676944207924407 0.5715142274354477 0.19578976718753438 0.5514882671874524
0 0.12104312518795268 0.5669656327191106 0.12040911562496603 0.552523853124957 0.1672285429075373 0.5504685603734878 0.1678626073741043 0.564910282366587
0 0.16212719218879101 0.4948538667897797 0.1648250093750221 0.520265807812455 0.1435790347670718 0.5225211311586762 0.1408812633690104 0.49710923209849495
0 0.06792016562496883 0.539567185937508 0.06728383443555686 0.5250726069398811 0.15716206810895983 0.5211268901490977 0.1577984997115891 0.5356213639232785
0 0.10693564163727842 0.5474902626249488 0.1075184370140505 0.5606281116049356 0.05867374194497188 0.5627945306241969 0.05809100312501414 0.5496567359375202
0 0 0.5523626406250491 -0.003390917307001473 0.5308310940134215 0.028159674909602472 0.5258627482971117 0.03155063767735555 0.5473942382330772