0 0.0874671312500368 0.3774271750000282 0.08886035273712878 0.35442282278702514 0.1611884476006935 0.358802995846198 0.1597953247813848 0.38180725402039845
0 0.9999998357911863 0.9241243771331635 1.0029124945818921 0.9501661455545813 0.9067166318689033 0.9609214875255638 0.9038043687501158 0.9348800812500146
0 0.9999999859458057 0.4491332122720438 1.0037453171173638 0.47209561034140024 0.972993021287266 0.4771111458801795 0.9692477468749985 0.45414879843750855
0 0.8931580746578902 0.4541697951452547 0.892659050094494 0.4404527885428741 0.9423801723315819 0.4386439832895143 0.9428792415261569 0.45236094347152417
0 0.9332598762391626 0.46236181424458267 0.9338976373206833 0.4772943490541058 0.8430519236890177 0.4811737061693297 0.8424142640625405 0.46624126875003996
0 0.8773633695941498 0.43435062907384653 0.8779771687500215 0.4488304640625341 0.8297751158186202 0.4508735207159536 0.829161365624941 0.4363937328124949
0 0.8345544580691922 0.5079345495745298 0.8335127515624663 0.48287396249999787 0.8562001999861195 0.48193097149040764 0.8572419475036668 0.5069915157220434
0 0.7315052685196406 0.45357977808835864 0.7304605884913826 0.4331412405870524 0.8017624799117584 0.4294968809896759 0.8028072526113874 0.4499353197370947
0 0.7246548859375253 0.4734593359374882 0.7240551346378652 0.46157373302167964 0.7816831334142762 0.45866590300172155 0.7822829307590382 0.4705514572454383
0 0.6357692720433761 0.4477905721140819 0.6353573374999542 0.4363937328125399 0.6660692958505479 0.4352837051458613 0.6664812530525523 0.4466805209087751
0 0.6639185265722745 0.45213972262911967 0.6650407662586986 0.4747047054538946 0.6183623515624959 0.4770259281250012 0.6172401899881379 0.4544610200410866