0 0.8409562977037695 0.8241281076320178 0.8384080750727207 0.8016204289687472 0.9650017815411047 0.7872900539701634 0.9675503095236309 0.8097973806692931
0 0.11885252812498948 0.31272082187497735 0.12023372582291358 0.2924705758372136 0.18437775781251275 0.2968454390625473 0.18299662430956687 0.3170956242007859
0 0.6299923767330711 0.36304689739215595 0.6304964937500017 0.3732292062499879 0.6035178867986133 0.3745648090376957 0.6030137859374918 0.36438251562505025
0 0.6276353880026591 0.37769577937174437 0.6287702728843669 0.39787927833913617 0.5862253453293533 0.4002713213350025 0.5850905140624718 0.38008787343751904
0 0.7307520947002786 0.3839305111555631 0.7312471209174873 0.39507367126316517 0.6820030109374784 0.39726111093746314 0.6815080187459444 0.38611798348218873
0 0.6875073187185308 0.3789898920464263 0.6866183067335214 0.3608123087667539 0.7480784788464234 0.3578065324270916 0.7489675502609998 0.37598405256594597
0 0.8168200684600606 0.3619349556934634 0.8173956093750121 0.375043885937537 0.7748944082509297 0.37690973480832046 0.774318899999912 0.3638008359375377
0 0.7795248376132804 0.4273910079900341 0.777076326562451 0.4043245375000007 0.7963628618761049 0.40227737639110694 0.7988113977356761 0.4253438185886645
0 0.8650433253444589 0.3868042433781733 0.8656211054704954 0.399961121274071 0.7840325095899061 0.40354365172469076 0.7834547967850085 0.3903868384307772
0 0.8296261720928442 0.3796126951078592 0.8290973419431111 0.36768742364426177 0.873437078985944 0.36572120525630664 0.873965937761227 0.3776464466684014
0 0.9999999002330924 0.3636473196007902 1.0030777398808368 0.38319171103701405 0.9011361176062564 0.3992443614332447 0.8980584093750394 0.37970008749998624