0 0.14427206996128916 0.09406510733865288 0.1469373418850637 0.11762678640524972 0.014286133975019766 0.13263188566416015 0.011620920312452654 0.10907025625002534
0 0.9008971771705774 0.6294496501940676 0.8994526400565519 0.6506493523582635 0.8322389718749719 0.6460697546874611 0.8336836372407106 0.6248701918515717
0 0.3653172970966807 0.5767645084615687 0.36479004218745104 0.5661048156250411 0.39305949920424155 0.5647066551034762 0.39358677894995253 0.5753663217043959
0 0.3677879374999975 0.5614286968749893 0.36660102261816974 0.5402986622038976 0.41118002739460735 0.5377947570724969 0.4123670164150326 0.5589247128219827
0 0.25974093125000763 0.5549016296875289 0.25922324645910066 0.5432357766600414 0.31082085312493746 0.5409461999999576 0.3113385858264337 0.5526120027369684
0 0.30505407381679106 0.5600736125353661 0.3059842424725048 0.5791036182488996 0.24158461640968198 0.5822508829105433 0.24065455937500246 0.5632209843749801
0 0.16955665400917042 0.5779285129192381 0.1689547531250355 0.5642050562500108 0.21348913508211353 0.5622519435436214 0.21409108660520815 0.575975347089019
0 0.208640590878872 0.5094032169115046 0.21120181562503149 0.5335516125000527 0.19099166158082426 0.5356949215846242 0.18843047935206414 0.5115465649682033
0 0.11902884531252766 0.5518928890625173 0.1184247385568824 0.5381192638737449 0.20391363251019357 0.5343698246804005 0.2045178322166521 0.5481433524631575
0 0.15614020061536849 0.5594218106474318 0.15669347717903293 0.571906191251374 0.11023286500608265 0.5739648883197955 0.10967964062501778 0.5614805578125459
0 0 0.5726142812500242 -0.0032192579801630927 0.5521522952123361 0.08121594390422615 0.5388692486120874 0.08443532110982233 0.5593310860976433