0 0.9022104811452891 0.5716529571368545 0.8949500007402094 0.5729385085265143 0.8794020916828913 0.48513519841795333 0.8866624703124444 0.48384965625000165
0 0.861208227735915 0.49438400810662636 0.8684170526821617 0.49308085909374355 0.8844181225967986 0.5815888813225456 0.8772093002099837 0.5828920207313572
0 0.8529834664851705 0.5269010801936448 0.8605550545939877 0.5256941531205319 0.8673296004639042 0.5681900756690754 0.8597580133774727 0.5693969984104793
0 0.8560062452121429 0.5973203173294296 0.8488273471380126 0.5986238439412624 0.834449139985395 0.5194464145668511 0.8416279421875288 0.5181428968749903
0 0.815204232239239 0.5196077150097947 0.8225478416241003 0.5184595854100528 0.8274859776122412 0.5500419360107377 0.8201423689203011 0.5511900626208763
0 0.8254917806586946 0.5760647040350274 0.8321921686637097 0.5749435879037431 0.8375262869500375 0.606819775203261 0.8308258997515168 0.6079408880705899
0 0.7973041358966384 0.5636486966890595 0.7915844358373079 0.5766496998687819 0.7379829634412545 0.553070219689001 0.7437026828124544 0.5400692812499952
0 0.7185657780848942 0.5448341819029417 0.7244427609375634 0.531873760937462 0.7457431323023229 0.5415316819886893 0.7398661789645757 0.5544920778772306
0 0.5707090448621557 0.6762625281949334 0.5373106740599951 0.6811519028533677 0.5185677506907496 0.5531353607209949 0.5519653249999692 0.5482460453125069
0 0.04804531718752969 0.731148553124984 0.035708451364371285 0.7068975007320771 0.08981390932513023 0.6793773751818065 0.10215079949534811 0.7036282698961247
0 0.028091409869944073 0.7308495365109727 0.013929144391454429 0.7316415891631629 0.01146580198508218 0.6876015316904792 0.025627932812540166 0.6868094828125003