0 0.37033312968742393 0.5448032562499812 0.34872774027689957 0.5328755839699217 0.3807730805039 0.47483459015889184 0.40237829228294686 0.48676220160891376
0 0.42451949700887326 0.4052720950246688 0.43517576029591964 0.41124723398580804 0.4075174250757527 0.4605712487115561 0.3968611777596607 0.4545961320279457
0 0.4227229265625283 0.2738388046875003 0.442133002093442 0.2734334141725685 0.443450425336664 0.33650987081932937 0.4240403498441765 0.3369152601480098
0 0.43236841213342814 0.17987092629595894 0.4031622632636527 0.1800503645107568 0.40255126953286435 0.08059388264951152 0.431757312701734 0.08041444473990211
0 0.7726868609374833 0.05304024374996444 0.7573052820810062 0.008474545609228721 0.8873248831986302 -0.036400939884454114 0.9027064632097108 0.008164742089538072
0 0.945843986047521 0.4140028176144317 0.9811618921875151 0.414725875000001 0.9800626576231934 0.4684151500885583 0.9447447515625527 0.467692095312501
0 0.9470984148795196 0.4699553881809816 0.991559254687445 0.46535076718750423 0.9985020113916789 0.5323830071541806 0.9540411752402633 0.5369876044503924
0 0.9907658626324292 0.5343703047473107 0.994017154774383 0.5497101220990037 0.9535867203125008 0.5582785218749975 0.950335488620567 0.5429387572363865
0 0.9336397031249817 0.56794913281249 0.9299056500782399 0.5671021768150754 0.9345452272532384 0.5466492259924024 0.9382792675049814 0.5474961804823707
0 0.9628278812500639 0.5739098312500063 0.9595205596513097 0.5590620268502665 1 0.5500461281250333 1.0033073587469516 0.5648938798022801
0 0.49086730098656517 0.6059569142229134 0.49472001875005844 0.5634843968749944 0.6092505842739229 0.5738721140100126 0.6053983397843012 0.6163441926899594