0 0.5511667541129555 0.3674725495129971 0.5380751751199568 0.3437853203536434 0.6016659790900576 0.30864083818249444 0.6147575622031809 0.332327977575742
0 0.5158978345320975 0.3614324573358469 0.522456039757003 0.37311545537794516 0.4684171782486146 0.403448515253652 0.4618590218750569 0.3917655593750449
0 0.3869542387429874 0.39123970090779076 0.3865091764486124 0.4125309226850959 0.31738897470984284 0.41108593534894017 0.3178341249999903 0.38979480312504144
0 0.10587889088685642 0.3997046470013078 0.10607618962592369 0.3676679630189274 0.21506103412946231 0.3683389574934971 0.21486394105954787 0.40037543263640013
0 0.025036451297523854 0.9211414663418376 -0.023811875245314695 0.9043022009165465 0.027036098780058637 0.7568351501064556 0.07588263437503429 0.7736740781250061
0 0.4729992249999668 0.9999999999999525 0.4729996440123614 0.9624057112615839 0.5302589374999798 0.9624062671875052 0.5302588402464607 1.0000002341653658
0 0.6061931711168427 0.9726028389282709 0.6025868467511373 1.007381350561365 0.5313872140625335 0.9999999999999653 0.5349938674817167 0.9652218618514904
0 0.6127125936200173 0.9685470454353889 0.629523720312477 0.972105117187505 0.622864751066345 1.0035580545747012 0.6060536296874943 0.9999999999999927
0 0.6177104886570532 0.9553137292297046 0.6167802828301774 0.9512182221187231 0.6391905896825847 0.9461295786389444 0.6401208050192508 0.9502250721207304
0 0.6418959134622355 1.0036195092756364 0.6256240734375069 1.000000000000002 0.6303808027287232 0.9786223511243999 0.6466525390625293 0.9822418484375054
0 0.6931517160046496 0.5901735108030602 0.6466083879787448 0.5943897009996957 0.6352283265625829 0.4687692031249973 0.681770712477487 0.4645530558931818