0 0.6851869188880073 0.9384752244736185 0.7045747500699235 0.9374460565973171 0.7078959483262679 0.9999944040102884 0.6885081179009376 1.0010235623835178
0 0.64673893122972 0.7518056758913234 0.6667002847110552 0.7505966318143426 0.670500710950364 0.8133302930405014 0.6505393582901888 0.814539328047785
0 0.16682363785685084 0.10648388806417972 0.14422708162442177 0.10395662352555138 0.15613658550057607 -0.0025272624817050684 0.17873310468746695 2.1493592183327674e-15
0 0.5839661230157844 0.04972114549862469 0.5640415344803387 0.04647018990010333 0.5721541910792212 -0.003250955125653782 0.5920787734374926 1.2734642767578535e-15
0 0.5855175836938997 0.07259204372521137 0.5974200394052787 0.07302526680709583 0.5958503586971347 0.11615087588331482 0.5839479029997392 0.11571765307004922
0 0.5734731994538151 0.1597309958898488 0.5605160486053364 0.15917753336151386 0.5638818243372725 0.08038197422031827 0.5768389375000424 0.08093543593749968
0 0.5993726438323392 0.17122598321349614 0.5868082647156143 0.1706932458100817 0.5885809734375016 0.12888527812499814 0.6011453285476591 0.12941801501868547
0 0.5381132018791277 0.1468695909404059 0.5598588650373131 0.14777385065342727 0.5590405828124858 0.16745178124999865 0.5372949196804484 0.16654752196243852
0 0.5876224864063033 0.19408440751686376 0.605357439409886 0.1949913338157816 0.6021948382307301 0.2568351246209439 0.5844598853759635 0.2559282002609488
0 0.5697333216141942 0.21188590286072354 0.5800467217798086 0.21240655993785879 0.5775232875947722 0.2623910186362559 0.5672098874999847 0.2618703624999991
0 0.5904465677277813 0.3123276452755389 0.6003358824588076 0.31268523910578355 0.5993726343750723 0.3393231750000008 0.5894833196696254 0.3389655816425915
0 0.5836952042267285 0.35503790243078254 0.564115068750084 0.3540638875000019 0.5661292280623229 0.3135764198939701 0.5857092828125587 0.3145504328125008