0 0.38915275937495153 0.5422312171874849 0.3687803662024862 0.5309766488348453 0.39900319828154807 0.47627352656201566 0.41937543372216624 0.48752804084047663
0 0.4402629244259515 0.4107101786720062 0.45031097577259516 0.41634808285983743 0.4242260035034633 0.4628348698139559 0.41417796649545835 0.45719698561678607
0 0.43856834375003473 0.2868221312499999 0.45687648241266743 0.2864394982027601 0.45811912390900034 0.3458953989499293 0.43981098528161056 0.34627803090288395
0 0.44766625183137876 0.19824870596976546 0.4201181539924619 0.19841807166870962 0.41954185091958607 0.1046709758063492 0.4470898375958541 0.10450161043275381
0 0.7686645328125223 0.07869904375002272 0.7541736960904473 0.03668570000238506 0.8845982199571836 -0.008299107181942393 0.8990890755834471 0.03371421576500556
0 0.9319914029989604 0.41893877418170766 0.9653042640625245 0.4196212421874998 0.9642674156797284 0.4702292734788692 0.930954554687446 0.4695468078124993
0 0.9331751994506021 0.47168597549000013 0.9751113593749778 0.4673398906250007 0.9816593709477957 0.5305181778436403 0.9397232142780467 0.5348642416310422
0 0.9743630099490019 0.5323972027369798 0.9774257559425905 0.5468572383686064 0.9392945562500472 0.5549329031249661 0.9362318637338376 0.540472914129691
0 0.9204799484375599 0.564048348437507 0.9169581133695601 0.5632489870751759 0.9213340665293117 0.5439712076715874 0.924855890290246 0.5447705677007869
0 0.9480110890624474 0.5696668609375193 0.9448955388958211 0.5556705365659936 0.9836129890625216 0.5470528968750413 0.986728572524953 0.5610491740413515
0 0.5028490149835534 0.5998746492362366 0.5064780999999812 0.5598399218750181 0.6145017947377482 0.569630774912852 0.6108731267846679 0.6096651156828635