0 0.7256868326336416 0.8683711060069755 0.7131136885363958 0.8628537049265613 0.7374339683931339 0.8074444869564208 0.7500069435903924 0.8129618454209654
0 0.7494035727314667 0.8143538822299708 0.7370418734374198 0.8092815499999927 0.7460450639594001 0.7873444152505428 0.7584067000000232 0.7924167328124919
0 0.8114315584581391 0.9556080173411114 0.8126314268864689 0.9623156662771782 0.7225793223833534 0.9784190304264303 0.7213795562500991 0.9717114718750252
0 0.8019297429294738 0.9365046766022772 0.8031340136423069 0.9431616071695796 0.712765758218211 0.9595045657334001 0.7115615875000003 0.9528477234374819
0 0.7668343223709826 0.9276587659053585 0.7680572484881623 0.93463586449017 0.727015662164149 0.9418274634460023 0.7257927828123911 0.9348504062500369
0 0.6963119817697816 0.9299776837483948 0.6950791662115989 0.9231505180364741 0.7757995820397809 0.9085777698680035 0.7770324580916395 0.9154048571749559
0 0.7460302562203651 0.9003789561304015 0.7446899437500178 0.8934880609375245 0.7756919941858769 0.8874594302635823 0.7770323288824557 0.8943502958205818
0 0.6869516078136257 0.9104916726554119 0.6858756113235813 0.9042424538054096 0.716942951438341 0.898894530829213 0.7180189692144268 0.9051437225304791
0 0.7381907863942843 0.5792253850795228 0.7435711562499137 0.6123809546874556 0.6149285092010359 0.6332533238663973 0.6095485875000577 0.60009815312502
0 0.5572850703124459 0.0881551796875087 0.5821468590040695 0.07573277318008527 0.6102983708736929 0.13207409002128073 0.5854365908054433 0.14449648336015217
0 0.5588405967775998 0.06738855143954467 0.5579082866079261 0.052918277474645725 0.6003153463636863 0.05018601604244287 0.6012476616502909 0.06465628449978163
0 0.5705649125278569 0.041274496884153786 0.555141978973893 0.04887300727035619 0.5384251812500906 0.014942406249984028 0.5538481110562543 0.007343896896358234