0 0.3702555437499768 0.7858750234374992 0.4188923064862138 0.782890469319302 0.4216796661578428 0.8283048557052942 0.3730429049559234 0.8312893931298388
0 0.4134042576428101 0.813760938188862 0.44021868239144624 0.7937755633030701 0.4814826516745825 0.8491281454550755 0.4546683778702345 0.8691133455958578
0 0.5082048752391302 0.8861802906399925 0.48170584218757995 0.9062073437499663 0.44893252434997066 0.8628528503416953 0.47543130000008205 0.8428259421874701
0 0.5601669599685692 0.9489129106213087 0.584595265625012 0.9309409359374682 0.6121961697131155 0.9684469646463307 0.5877679687035879 0.9864188170644144
0 0.5557473186825064 0.9000749681765579 0.5841421141291221 0.9124567542389902 0.5405571179995832 1.0123815898139956 0.5121624390625357 1.0000000000000204
0 0.5136235388009709 0.6584761165786673 0.5034691558316808 0.665729955766901 0.48496172266709436 0.6398253772942442 0.4951160609374483 0.6325715609375047
0 0.5073298053199551 0.6719375798687726 0.49806005379025464 0.6789452748526029 0.47970551795629035 0.6546691968787374 0.4889752312500377 0.6476615234375098
0 0.5014042458460608 0.6856261582621336 0.4917927360595513 0.6928795632907072 0.4735463211704882 0.6687045323762656 0.4831577906250004 0.6614511500000031
0 0.46841530009282906 0.6817737372439137 0.47766221448296164 0.6751426457797978 0.4956314669036601 0.7001967769639467 0.48638457068204843 0.7068278469082732
0 0.4858674336275044 0.7138578832925325 0.47637226337099037 0.7209947719877056 0.4585559283202656 0.6972948550238732 0.4680510578124313 0.6901579890625144
0 0.5536855187500578 0.7894975359375103 0.5248711938822908 0.7776445185122997 0.5598240937996479 0.6926903687103313 0.5886378903480818 0.7045432632225089