0 0.7890062687499722 0.8121003890625087 0.7833013035468639 0.7991058248844085 0.8405714508505753 0.7739673807990547 0.8462764455265415 0.7869618467906273
0 0.7677721718749808 0.8207826296875432 0.7625272334680631 0.8080062762385639 0.785202576562483 0.7986994625000013 0.7904475288219146 0.8114757773160954
0 0.9530796533407511 0.7825105047462956 0.9600124744437153 0.7837497914240458 0.9433702518565497 0.8768307276121062 0.9364374346505429 0.8755914557454199
0 0.9335832805242035 0.7723624297520228 0.9404636823458077 0.7736062882835395 0.9235738033132748 0.8670139977948281 0.9166934054142075 0.8657701540058184
0 0.9149825472410384 0.7870721434951558 0.9221937566734368 0.788335346066705 0.9147610851424588 0.8307576709711955 0.9075498774401467 0.8294944751033602
0 0.8948840390625037 0.8400344781249942 0.8878286981264409 0.8387610157377314 0.9028914574812461 0.7553260797748805 0.9099466565410239 0.7565995290429849
0 0.8731241310398445 0.8400344786916748 0.8660019271228521 0.8386498676722524 0.8722330859375234 0.8066046812500058 0.8793552331574119 0.8079892866009211
0 0.8842795287977196 0.779036942841083 0.8778207551682726 0.7779253894897037 0.8833483205402217 0.7458128957780152 0.8898070463667409 0.7469244449246679
0 0.5690036054854772 0.6669194813263742 0.6032700023796451 0.6724775180245478 0.5816986093750529 0.8054482781250082 0.5474322325687808 0.7998903253822829
0 0.09812417219711733 0.6419969628239331 0.08528218754224781 0.6676935197619837 0.027050079828654816 0.6385951699971911 0.03989209218752876 0.6128987765624822
0 0.015605158513039896 0.6583395060890006 0.0006495408715636586 0.6573761168950578 0.003473539449259988 0.6135429513785761 0.018429030229185628 0.6145063364738712