0 0.8922520125000002 0.6715347046875001 0.8452501163209716 0.6683307422552047 0.8353551268519597 0.8134895190957518 0.8823570230309883 0.8166934815280473
0 0.8435042265625002 0.6715347046875 0.7998121429044627 0.6697076092454035 0.7934457906362089 0.8219488055684042 0.8371378742942465 0.8237759010105009
0 0.793109996875 0.6874088484375 0.7213414811499187 0.6871809035623715 0.7208270010530287 0.8491651241028576 0.7925955167781099 0.849393068977986
0 0.7108495640625001 0.6762277843750001 0.6417196955715084 0.6759145784862446 0.6409730222294752 0.8407180888723765 0.7101028907204667 0.8410312947611318
0 0.6388327880641146 0.8446739139031141 0.6345520953125 0.6938649359375 0.5899406232612233 0.6951312266293731 0.594221316012838 0.8459402045949872
0 0.5921663076031155 0.8478948540283049 0.5863999125 0.6979350296875 0.5451168847085304 0.6995224831960977 0.5508832798116459 0.8494823075369027
0 0.5405802377460185 0.854990595687623 0.5358740281250001 0.7029096203124999 0.4801485952945237 0.7046340672229392 0.4848548049155422 0.8567150425980623
0 0.4869942276477636 0.8541725024276282 0.4778785984374999 0.6971189921875001 0.4575734623908456 0.6982975337621662 0.46668909160110933 0.8553510440022946
0 0.467291862803582 0.8902388639259436 0.45791320625000004 0.7259487015625 0.40872963553338193 0.7287563913912406 0.41810829208696393 0.8930465537546842
0 0.41734301063816115 0.9267469454165184 0.4083350328125001 0.766471634375 0.3520257716239204 0.7696363923958701 0.36103374944958155 0.9299117034373884
0 0.36133572665346547 0.8921172955690551 0.348321878125 0.7499125781250002 0.3166271404625863 0.7528131184340822 0.32964098899105176 0.8950178358781372
0 0.3320400125268632 0.909954930686325 0.31603893281250006 0.7538856343750001 0.2736634615953618 0.7582301999551931 0.2896645413097251 0.9142994962665181
0 0.2864162803070213 0.9069838558401889 0.2705476390625 0.7591293499999999 0.22796301759092713 0.7636997895468105 0.24383165883544847 0.9115542953869994
0 0.9169552812499999 0.02943635000000011 0.8660846587937755 0.02726498046161921 0.831459978737594 0.8384484274390391 0.8823306011938185 0.84061979697742
0 0.866621921875 0.009826448437500104 0.8164653914400963 0.007996855860593635 0.7855881760443205 0.8544661809394529 0.8357447064792242 0.8562957735163594
0 0.8140263984375 0.000021517187500099537 0.7145022685523639 -0.0007326196438745415 0.7078361271514019 0.879004180125896 0.8073602570365379 0.8797583169572706
0 0.7122286375 8.725659084163339e-17 0.6253899077729053 -0.00009426384035367405 0.6244178359611678 0.89540798832767 0.7112565656882626 0.8955022521680238
0 0.6400432990054287 0.891784648112119 0.620045090625 0.02520964062500001 0.5685210999740884 0.026398675033707557 0.588519308354517 0.8929736825208264
0 0.5908240901102293 0.8915938630197363 0.5656069863300974 0.03048534622895226 0.5095999869687371 0.03212548134290137 0.534817090748869 0.8932339981336854
0 0.543279517807604 0.8881310775011044 0.5066139557201443 0.05140746923774795 0.4414462414494939 0.05426314445724802 0.4781118035369536 0.8909867527206045
0 0.4919845904732626 0.9006894335647079 0.44369323125 0.12211626718749997 0.4190411949731603 0.12364532109128298 0.46733255419642294 0.9022184874684909
0 0.47093984893537877 0.9352434532611287 0.4121646927819754 0.02704684661302765 0.35646599062500006 0.030651462500000004 0.4152411467784035 0.9388480691481013
0 0.4207027856979934 0.9407736738215604 0.35424428216418213 0.06870064984201311 0.2862994920680772 0.07387855232098253 0.3527579956018884 0.9459515763005297
0 0.36338727146579164 0.928201595560815 0.2848874161729432 0.10970191298530155 0.2520720890625 0.11284913281249997 0.3305719443553484 0.9313488153880135
0 0.33376003287783595 0.9331737930579035 0.2437941845079666 0.056557833015536095 0.19460712187499996 0.06160583125 0.2845729702448693 0.9382217912923674
0 0.2894441297306779 0.9471807219076622 0.19926041359150304 0.09699278808289598 0.1475405453125 0.10247897499999999 0.23772426145167486 0.9526669088247661