0 0.8389489156250003 0.72033136875 0.7738034828125002 0.7194796062500001 0.7712704935477459 0.9132104666269706 0.836415926360246 0.9140622291269705
0 0.9050523546875002 0.71564666875 0.8412750880938891 0.7139455674444741 0.8361767708666468 0.9050904075103583 0.8999540374602579 0.9067915088158843
0 0.7489853030135754 0.8596028865481931 0.7463402140625 0.6973337187500002 0.6996872776329754 0.6980941907999857 0.7023323665840507 0.8603633585981788
0 0.6892053352380945 0.8402134148656206 0.6869429265625 0.6940952984375001 0.6326219514443563 0.6949363730994123 0.6348843601199506 0.8410544895275329
0 0.6317694170723966 0.8596056347030524 0.630100375 0.70602001875 0.5715985601670335 0.706655768326299 0.5732676022394301 0.8602413842793514
0 0.5435316415961206 0.9275223320396802 0.5357479210713998 0.7535229665402665 0.4563698347362178 0.7570738808671482 0.4641535552609385 0.931073246366562
0 0.43952668055096106 0.8801008421848886 0.4318184171875 0.70925743125 0.37723150095936 0.7117203317750078 0.384939764322821 0.8825637427098967
0 0.37906006902255407 0.8685819317040593 0.374483634375 0.7074550953125001 0.3159862831884269 0.7091165771038375 0.320562717835981 0.8702434134953967
0 0.3078428896575741 0.8649531078211872 0.3042449625 0.7138057765625 0.2658282862567217 0.7147202512118926 0.2694262134142958 0.8658675824705797
0 0.25432712160020693 0.8829074851860526 0.25093058083560654 0.7211829317883878 0.21239181093749998 0.7219923234375 0.21578835170210037 0.8837168768351648
0 0.21488820781250006 0.8840183062500001 0.20739895781250003 0.7208825421875 0.16821816339965953 0.7226812573021327 0.17570741339965956 0.8858170213646328
0 0.17694844089602468 0.8823573534355778 0.1688431875 0.7105247156249999 0.12276472620748222 0.7126982119388171 0.1308699796035069 0.8845308497493948
0 0.13325928775514528 0.8824657596066638 0.1211189359375 0.7103918562499999 0.07464166224485469 0.7136709732058357 0.0867820140625 0.8857448765624998
0 0.9560061453125002 0.6844521015625002 0.9046244197401421 0.6834539723601483 0.9011650031250001 0.8615379265625002 0.9525467286973581 0.8625360557648521
0 0.9760908002581212 0.12269027616512222 0.9175688640624999 0.12097302031250008 0.8946094679409796 0.9034005851171155 0.9531314041366009 0.9051178409697377
0 0.9174835640625 0.000363875000000119 0.8462609832014909 -0.0011399006771815657 0.8261333580007648 0.9521548195070813 0.8973559388617739 0.953658595184263
0 0.8416940687500004 1.0408340855860843e-16 0.7693181381974995 -0.00045697982231992715 0.7632679085825365 0.9577713205348634 0.8356438391350375 0.9582283003571833
0 0.7530993021208644 0.9048837604728949 0.7410315875000001 0.1793898 0.6890500311949965 0.1802544503226964 0.7011177458158608 0.9057484107955911
0 0.6898266896034454 0.8937718884996295 0.6791068499999999 0.16518170000000004 0.6218164143059887 0.1660246214270865 0.6325362539094341 0.894614809926716
0 0.6325851586913324 0.9134808676307177 0.6164959779853958 0.16067744910244913 0.5580642859375 0.16192627187499997 0.5741534666434365 0.9147296904032686
0 0.5660635413663309 0.9815951006962205 0.5433360328125001 0.016724446874999997 0.399016414444466 0.020123892539509598 0.4217439229982968 0.98499454636073
0 0.4420804484375 0.9439408421875 0.40678033124999996 0.21762827656250003 0.3511145286934178 0.22033373623177158 0.3864146458809178 0.9466463018567716
0 0.3826275796875 0.9108537296874999 0.3566100120221727 0.1932207659456325 0.2934483390625 0.1955106734375 0.3194659067278273 0.9131436371793674
0 0.3095333234375 0.912384084375 0.28678624687500004 0.23084215781249995 0.24607299859972712 0.23220099919779336 0.26882007516222706 0.9137429257602931
0 0.2594581708000962 0.9477714971941976 0.22117176970986724 0.043994367263293595 0.181441547347271 0.04567744506909582 0.21972794843749996 0.9494545750000001
0 0.21978601924753502 0.9484227963432585 0.18003455941501115 0.047555732632604514 0.13596543125 0.049500317187500004 0.1757168910825239 0.9503673808981541
0 0.1794568747645491 0.9429953456794541 0.135868853670081 0.09170954664883813 0.08747131562499999 0.094187625 0.13105933671946807 0.9454734240306161
0 0.13636366211158918 0.9473742230454135 0.08593848494891712 0.09409606171497191 0.03480359374999999 0.09711792031250001 0.08522877091267207 0.9503960816429415