0 0.4226662541668933 0.8327841319131114 0.4221860828916803 0.6719714352508837 0.3703909234375001 0.6721260906250001 0.370871094712713 0.8329387872872278
0 0.46672944843749997 0.683646321875 0.4240133125000002 0.683040003125 0.42184266951022426 0.8359653101900628 0.46455880544772404 0.8365716289400629
0 0.5133770039736896 0.6830460900867176 0.4679293470531297 0.6828164891204545 0.46715043000689693 0.836996827569837 0.5125980869274568 0.8372264285361
0 0.3627505956585745 0.8459931426082251 0.3594762589715158 0.6880896573992112 0.319882716950217 0.6889106816282796 0.32315705363727565 0.8468141668372935
0 0.3172482169967787 0.8288950769909276 0.31311032218777746 0.6743053068529288 0.27792818281250004 0.675247025 0.28206607762150127 0.8298367951379987
0 0.5512528468750001 0.8352284984375002 0.5503307483653366 0.679589572196095 0.5153518933783905 0.6797968079489501 0.516273991888054 0.8354357341903553
0 0.5880614187500001 0.8321968562500002 0.5876019436330396 0.6789280082872413 0.5517658546875001 0.6790354390625001 0.5522253298044605 0.8323042870252589
0 0.6171493637572854 0.6791172767398614 0.5885281419498416 0.6790297169838235 0.5880560538884232 0.8333441843819012 0.6166772756958669 0.8334317441379392
0 0.2788804905583172 0.8078527628405288 0.27359799531249995 0.659393175 0.23629593106341415 0.6607204586057354 0.24157842630923138 0.8091800464462642
0 0.22801461873420587 0.8107832149982303 0.22709799204092093 0.6676867881770684 0.1966565015625 0.6678817859375 0.19757312825578494 0.8109782127586618
0 0.18295930625 0.8154707343749997 0.1808709556798907 0.6714845810996298 0.1503356224606098 0.6719274603563248 0.1524239730307191 0.8159136136316947
0 0.15225467031249998 0.7994662812499999 0.15007134531249997 0.666917396875 0.13478012905863873 0.6671692714561017 0.13696345405863875 0.7997181558311016
0 0.1189994124673234 0.8063307637360907 0.1168076777210881 0.6648649281728808 0.0884311140625 0.6653045671875 0.09062284880873528 0.8067704027507098
0 0.09027576524807333 0.7993663163624748 0.08817967099102007 0.6613931610141563 0.0499503734375 0.6619739421874999 0.052046467694553254 0.7999470975358184
0 0.05160869383665452 0.7984091101516013 0.04927525468749999 0.6601723749999999 -0.0006637616618764802 0.6610153467013505 0.0016696774872780415 0.7992520818529519
0 0.6516080904928765 0.6827735030734565 0.6220704671875 0.6825935203125 0.6211294329446236 0.8370300609890433 0.6506670562500001 0.8372100437500001
0 0.7078951370450703 0.6837491701511904 0.6541278953125 0.6836362859375 0.6538118363924299 0.8341765235988099 0.7075790781250002 0.8342894078125003
0 0.7673323219376668 0.6876274974103338 0.7107061140625 0.6865895656250001 0.7078649171248331 0.8415960994646662 0.7644911249999999 0.84263403125
0 0.8126594127158097 0.6955632088068555 0.7770046475288073 0.695335471475865 0.7760356049244914 0.8470496694196331 0.8116903701114937 0.8472774067506237
0 0.8504845796875001 0.6978548125000001 0.8139056449175953 0.6970868876222466 0.8107607626414712 0.8468885765242613 0.8473396974113759 0.847656501402015
0 0.8952079037291659 0.681774750733444 0.8527275687500001 0.6805079921875002 0.8480302978333345 0.8380294414540567 0.8905106328125003 0.8392962000000004
0 0.941189917047061 0.6854665476667534 0.8955138609375002 0.6840861859375 0.8908019782654396 0.8400019960832467 0.9364780343750004 0.8413823578124999
0 0.04890539939015161 0.8358149162443438 0.03243259321245795 0.17679772840878466 -0.013627090884826679 0.1779490371496573 0.0028457152928669767 0.8369662249852163
0 0.09255089166041564 0.839481600000681 0.08370517689345955 0.17675777502445728 0.04157923593749999 0.1773200515625 0.050424950704456094 0.8400438765387236
0 0.12062776228494392 0.850280518488478 0.11617182926721828 0.17011512028587006 0.0850034336315819 0.17031931221270047 0.08945936664930756 0.8504847104153084
0 0.164514084375 0.1742720640625 0.13334129374999998 0.1742720640625 0.13334129375000003 0.842577771875 0.16451408437500006 0.842577771875
0 0.1856205782815335 0.8612389421688029 0.1772243039565578 0.29931635067783463 0.1443114272867603 0.29980813646030424 0.15270770161173602 0.8617307279512725
0 0.22861582187499999 0.8573420531250001 0.2259616276359942 0.2990884148126201 0.1921552871368948 0.29924914568481975 0.19480948137590065 0.8575027839971996
0 0.28145122401046474 0.8733096190254186 0.2571089577721325 0.1789566529900433 0.22019171990665595 0.18025087837232456 0.24453398614498822 0.8746038444076998
0 0.31993886718750003 0.8714016421875004 0.2909613390625 0.10151196250000001 0.25452743839603115 0.10288328154624908 0.2835049665210312 0.8727729612337493
0 0.3635870938435578 0.8865170484883478 0.34794457044267724 0.09088976643159086 0.3091386094188396 0.09165271557511424 0.3247811328197202 0.8872799976318712
0 0.42166810000000005 0.8747744656249999 0.41940593082739647 0.15564467216063962 0.3685191546875 0.155804746875 0.37078132386010354 0.8749345403393602
0 0.4703425581009307 0.17931209981158097 0.42500243837286666 0.17898004086776625 0.4198464931457628 0.8829850925692397 0.4651866128738268 0.8833171515130547
0 0.5138347985363089 0.18419748909073447 0.4691709394321725 0.18401493071779265 0.4663237712224838 0.8805894986990292 0.5109876303266201 0.8807720570719711
0 0.5522808132383777 0.17025409712517697 0.5155268573156828 0.17013685581093557 0.5132631534523052 0.8797849227482587 0.5500171093750001 0.8799021640625002
0 0.5912923640625002 0.1677223140625001 0.5536378202302671 0.16757315653672133 0.550810749917767 0.8812618721617215 0.5884652937500001 0.8814110296875001
0 0.6212593359375 0.21691244843750007 0.592997170168802 0.21676650228351294 0.5895961046875 0.8753756796875003 0.617858270456198 0.8755216258414874
0 0.6530241750000001 0.2156892765625001 0.6264029152734054 0.2155939650688196 0.6240193762109054 0.8813354197563198 0.6506406359375001 0.8814307312500004
0 0.7131684058467901 0.20937616996774983 0.656917090625 0.2088019484375001 0.6500697066532101 0.8795785284697505 0.7063210218750001 0.8801527500000003
0 0.7716750078125001 0.20596217343750006 0.7129580864722018 0.20558605608970826 0.7086011708472018 0.8857585435897084 0.7673180921875 0.8861346609375002
0 0.8177341000000002 0.17772596875000013 0.7805028638478678 0.17727466128620017 0.7717889341603676 0.8961423956612004 0.8090201703125002 0.8965937031250002
0 0.8589570703125002 0.18641388906250012 0.8221121731358796 0.18577060146399937 0.8097934465733795 0.8913371545889994 0.8466383437500001 0.8919804421875002
0 0.9049901609375002 0.18987420312500009 0.860219457698468 0.1889615109779092 0.8458880022516592 0.8919689169664737 0.8906587054906915 0.8928816091135646
0 0.9497265140625002 0.18554880625000014 0.9049004024339832 0.1846016483210717 0.8899422614160437 0.8925250880623679 0.9347683730445608 0.8934722459912964