0 0.9062327093750001 0.0022566218750001087 0.8278850964350521 -0.0009139851876488969 0.7942404626993136 0.8304652079286505 0.8725880756392614 0.8336358149912995
0 0.8267628421875 0.002036100000000096 0.7491803078125001 9.43689570931383e-17 0.7273955345010941 0.8300760887401116 0.804978068876094 0.8321121887401116
0 0.7497069879776544 0.0550709005854957 0.6597911687499999 0.05377861562500008 0.648602907386082 0.8322459947423629 0.7385187266137365 0.8335382797028584
0 0.6559027015625002 0.09424177500000011 0.6264996100804596 0.09421028088524597 0.6257003720026233 0.8403836692155415 0.655103463484664 0.8404151633302958
0 0.622556534962426 0.8413223486535051 0.6177306864519002 0.03959366262823626 0.5501709660094082 0.040000325108888304 0.554996814519934 0.841729011134157
0 0.5607219370493643 0.8523927727900953 0.5437264085092399 0.032738438512582006 0.47060169929290974 0.03425467899408926 0.48759722783303416 0.8539090132716025
0 0.4923653830156782 0.8659493327127512 0.461996315625 0.08852290937500001 0.40465851807226044 0.09076272961475498 0.4350275854629387 0.8681891529525061
0 0.4401815741068861 0.8708536738915225 0.40455386725759307 0.1490511675987373 0.3569356287619365 0.15140157318338457 0.3925633356112295 0.8732040794761697
0 0.38745940430493514 0.9160259097142328 0.33949465353843006 -0.0012819890912649872 0.31497709218750003 2.7755575615628915e-18 0.3629418429540051 0.9173078988054979
0 0.3620396236328888 0.9143527426858886 0.3078248062500001 -5.551115123125783e-18 0.2861926373046113 0.0012826385641115019 0.34040745468749994 0.9156353812500001
0 0.33821759533712226 0.8662120205891363 0.28464484402238677 -0.002167413517902972 0.228041628125 0.0013245968750000003 0.2816143794397355 0.8697040309820393
0 0.28516782337911317 0.8649315098473618 0.22320201743444673 -0.0054043454870671154 0.14729570781249998 0 0.20926151375716645 0.8703358553344289
0 0.22001837160652887 0.8681587554402969 0.151304790625 0.058474467187500004 0.11831736465037583 0.061273933842547444 0.18703094563190475 0.8709582220953441
0 0.1844956935738576 0.8766681595119479 0.11651868593750007 0.0572206390625 0.0823875892386425 0.060051973300552196 0.15036459687499998 0.8794994937500002
0 0.1516955393598126 0.8663244676271654 0.08250367968749998 0.044792625 0.04230514041938493 0.04817826575517357 0.11149700009169754 0.8697101083823391
0 0.10887962017638844 0.880811254123752 0.03864637004288617 0.03780831545299981 -0.0037592697891812793 0.0413412638838712 0.06647398034432098 0.8843442025546233
0 0.06545114692940782 0.8797867734061354 0.0007216843750000437 0.13002979062499997 -0.029047417971978372 0.13259987405189827 0.03568204458242939 0.8823568568330336