0 0.19009514994453233 0.8421208152918261 0.176647328125 0.68239020625 0.1331029525537774 0.6860562349932527 0.1465507743733097 0.8457868440350789
0 0.2425840109375 0.8350459843749999 0.23051305497476213 0.6749562144632482 0.1866202359375 0.678265784375 0.19869119190023787 0.8383555542867518
0 0.3056826109375 0.8070946546875 0.2938598425403147 0.6494205080586655 0.2533522022794724 0.6524578636388914 0.2651749706766577 0.8101320102677259
0 0.3489629853047424 0.7988671888864826 0.339127096875 0.646225834375 0.29443261730337744 0.6491058528070875 0.3042685057331199 0.8017472073185701
0 0.3948571140625 0.79279113125 0.3853383890625 0.64068223125 0.3412917190736951 0.6434385994755882 0.3508104440736951 0.7955474994755882
0 0.43683288631474565 0.7901197556421666 0.42881392968750004 0.6364571421875 0.3888482946854513 0.6385427678739088 0.3968672513126969 0.7922053813285753
0 0.47629846035200335 0.7829125367786529 0.46922971249999995 0.6307673484374999 0.4293342550265035 0.6326209129990563 0.4364030028785069 0.7847661013402093
0 0.5164011620699481 0.7444339431315201 0.512724953125 0.6100398328125001 0.4688631140132947 0.611239627095907 0.4725393229582428 0.7456337374149271
0 0.5599926471060341 0.7715002692620014 0.5550310609375001 0.6075135015625001 0.5197606122689659 0.6085806448004988 0.5247221984375 0.7725674125000002
0 0.6011264840473197 0.7718229305905395 0.597648828125 0.6264326203125 0.5559953108470246 0.627428949440419 0.5594729667693443 0.7728192597184587
0 0.6423703729548067 0.7558928855635394 0.639787465625 0.6161362625 0.5967231622026822 0.6169321539756545 0.5993060695324889 0.7566887770391938
0 0.7144474890625001 0.6338214828125 0.6577962398225211 0.633422624397358 0.6566695796203637 0.7934460951281381 0.7133208288603426 0.7938449535432801
0 0.7837007890625001 0.6293826171875001 0.72398834927052 0.6291621473796335 0.7233857942469579 0.7923592350623905 0.783098234038938 0.792579704870257
0 0.8556451390625 0.6339403531250001 0.795643737999163 0.6317313306321927 0.7894295029466398 0.8005221921568376 0.8494309040099768 0.802731214649645
0 0.9086671484375 0.6163278968750002 0.8565123143327094 0.6143417330795151 0.8505203359375002 0.7716855734375001 0.9026751700422908 0.7736717372329853
0 0.9810221515625003 0.6178189625000001 0.9214893647263128 0.6142863764365549 0.9119311537913444 0.7753658020774463 0.9714639406275317 0.7788983881408915
0 0.19598293125000005 0.8887112671875 0.12793330156250002 0.17629018437500002 0.08358554142304113 0.1805262306231632 0.15163517111054117 0.8929473134356632
0 0.24775519173364863 0.8811593126712204 0.18496482108632406 0.172097613752615 0.1401822359375 0.1760632984375 0.20297260658482458 0.8851249973561053
0 0.3064049687828545 0.8421314478810886 0.26125343437500004 0.2387149375 0.22092251402964558 0.24173275836891134 0.26607404843750004 0.84514926875
0 0.3515120775563886 0.8422850458423732 0.30173461211589303 0.137045144952539 0.254147284375 0.14040396875 0.3039247498154955 0.8456438696398342
0 0.3983304416698063 0.8342166103538922 0.3528689275965076 0.13461034670334535 0.304976740625 0.13772245624999999 0.3504382546982987 0.8373287199005468
0 0.43874803288647835 0.8345466620186169 0.39794960781250005 0.11122912499999997 0.3567149521441436 0.11355494861637587 0.39751337721812197 0.8368724856349928
0 0.4787496512121069 0.8266250283246119 0.4429883671875001 0.110371034375 0.40114244902398183 0.11246032641016776 0.43690373304858865 0.8287143203597797
0 0.5176240250000002 0.7805345140625001 0.4996085218750001 0.14555247187500003 0.44680612737367315 0.14705056416729395 0.46482163049867314 0.7820326063547939
0 0.5625252393071707 0.8399729616048106 0.5385106661624208 0.08257777309968968 0.5008953437499999 0.08377043437500001 0.5249099168947498 0.841165622880121
0 0.6025059141981683 0.8133017886726586 0.5899681400711754 0.1391821590480955 0.542424153125 0.14006641718749996 0.554961927251993 0.8141860468120632
0 0.6427847556882793 0.7961262171817227 0.6362169625 0.139191678125 0.5906248776461117 0.13964749124874407 0.5971926708343911 0.7965820303054667
0 0.715561203125 0.1591695562500001 0.6512435265084084 0.15896641031573003 0.6490867057509684 0.8418336333071762 0.71340438236756 0.8420367792414462
0 0.7911861593750003 0.1517828390625001 0.7264763750328329 0.15078034159690706 0.7157585707915797 0.8425993485036095 0.780468355133747 0.8436018459692025
0 0.8703083250000002 0.1459734937500001 0.8027978487372316 0.14384004607295706 0.7805753478575851 0.8470453012466314 0.8480858241203538 0.8491787489236744
0 0.9248967625000001 0.14508566250000007 0.8707313351150232 0.1430125757608453 0.8448891999285533 0.8182136035220908 0.8990546273135301 0.8202866902612456
0 1 0.14233548593750014 0.9323628363274521 0.13937863318676327 0.902497070475213 0.8225495123083204 0.9701342341477609 0.8255063650590573