0 0.08178012057830915 0.7221924283632227 0.07528178593750001 0.5823994984375 0.025038279102401296 0.5847350895229415 0.03153661374321043 0.7245280194486642
0 0.128682340625 0.7186242546874999 0.12320536093750001 0.5823994984374999 0.07498307500189191 0.5843382978732606 0.08046005468939191 0.7205630541232606
0 0.18520672126439458 0.7214387964649499 0.1818090375 0.5911646203124999 0.13114332552982827 0.5924860339038712 0.13454100929422289 0.7227602100563212
0 0.2333388517953175 0.7047111865438797 0.23028032812500002 0.5860516468750001 0.18288884787105292 0.587273191847554 0.18594737154137037 0.7059327315164335
0 0.25876063281250006 0.71643295625 0.25601980587365164 0.5768027551423286 0.23137572031250003 0.5772864984375001 0.23411654725134845 0.7169166995451716
0 0.2938132875 0.756241296875 0.29244403750000003 0.614903515625 0.2554672747151715 0.6152617385431423 0.2568365247151715 0.7565995197931421
0 0.3232447578125001 0.5944200656249999 0.2947753631365033 0.5943846627033492 0.2946040570094317 0.7321411391357301 0.3230734516854285 0.7321765420573808
0 0.3517153125000001 0.593970728125 0.3247609406250001 0.593970728125 0.3247609406250001 0.7301207875 0.3517153125000001 0.7301207875
0 0.3921468765625 0.5789178375 0.3534079668032935 0.5785239158472437 0.35206526173406666 0.7105677630083538 0.3908041714932732 0.7109616846611102
0 0.4416755171875001 0.5986334578125001 0.40247324854715405 0.5978495316136312 0.39951819149551615 0.7456248458626156 0.43872046013586213 0.7464087720614845
0 0.4893510578125001 0.594461990625 0.44813392100995814 0.5933946302707784 0.4442967372864481 0.7415711349000211 0.48551387408899005 0.7426384952542429
0 0.5151834703125002 0.5902262390625002 0.48924184115093194 0.5895565840677899 0.4856349671875 0.7292825437500001 0.5115765963490683 0.7299521987447103
0 0.5462603437500001 0.590905665625 0.5224055199612055 0.5900912944189265 0.5175779675627864 0.7315015148891496 0.541432791351581 0.7323158860952231
0 0.5829412546875001 0.5866026203125 0.5466850355879145 0.5850584930425583 0.5408919064825858 0.7210815801310446 0.5771481255821714 0.7226257074009863
0 0.6239136766583634 0.5859620620034236 0.5863240716980654 0.5843298977221972 0.5803939843750001 0.7209029390625001 0.6179835893352981 0.7225351033437265
0 0.6581375671875002 0.6082448156250002 0.631426221940643 0.6073103349881774 0.6263950561115785 0.7511219905311611 0.6531064013584358 0.7520564711679838
0 0.7121178578125 0.597960540625 0.6752665538666743 0.596295945535773 0.6685995096279368 0.7438929649262891 0.7054508135737625 0.745557560015516
0 0.7514955593750001 0.5951159609375002 0.713953301587202 0.5931397247026511 0.7062621149740067 0.7392480215929236 0.7438043727618049 0.7412242578277727
0 0.7860559406250001 0.5861168593750002 0.7516523763516301 0.5840954586058286 0.7433418578125002 0.7255377015625002 0.7777454220858702 0.7275591023316719
0 0.82018819375 0.5824752578125001 0.7858237855939135 0.5807068955425472 0.7788394015625 0.7164337359375 0.8132038097185864 0.7182020982074528
0 0.8683634562500002 0.5751920812500001 0.8273254196884936 0.5730942843589609 0.8201720604162037 0.7130314825728523 0.8612100969777103 0.7151292794638915
0 0.8859485062499999 0.5744961421875001 0.8686079979718302 0.573397894602379 0.8604587015625 0.7020691921875001 0.8777992098406697 0.7031674397726211
0 0.9122405750000002 0.5644701609375 0.8876074302592063 0.5626735201063424 0.8782667837988821 0.6907400163361409 0.9028999285396762 0.6925366571672985
0 0.9567513875000001 0.5754789343750001 0.9309945939008806 0.5737436321762388 0.9221163618295989 0.7055217116071961 0.9478731554287185 0.7072570138059573
0 0.0842820486550966 0.7621301816040947 0.05495977833728789 0.18974186136655596 0.0040988625 0.1923473609375 0.03342113281780871 0.7647356811750388
0 0.12874816093750002 0.7566103406249999 0.1045094900796403 0.1930600359948471 0.0576409875 0.19507588124999997 0.08187965835785974 0.7586261858801528
0 0.18818379244803904 0.7596212277156097 0.15976656351262358 0.16022089527492567 0.10827005156250002 0.16266231562500003 0.1366872804979155 0.762062648065684
0 0.23460506748705173 0.7411398757902681 0.2096163440541245 0.16027420584115035 0.1612946140625 0.162352996875 0.18628333749542722 0.7432186668241177
0 0.25874200312500006 0.7498981234375 0.2479558890625 0.16534684375 0.21984494461178122 0.1658655456394427 0.2306310586742813 0.7504168253269428
0 0.29539332816348735 0.7703037949754781 0.2856727639046372 0.11262977538258048 0.24632162343749994 0.11321139374999997 0.25604218769635007 0.7708854133428976
0 0.3244643417371332 0.7722104845619804 0.31558878269463847 0.12503593698596382 0.2878318328125 0.12541660468750002 0.29670739185499473 0.7725911522635165
0 0.352889109262146 0.7688219586649054 0.3469817324644175 0.12690764571008614 0.31918561538977147 0.1271634464201807 0.3250929921875 0.769077759375
0 0.39540998749315304 0.12058209143191949 0.3551900578125 0.12018162343750005 0.34891958583628024 0.7499396701789961 0.3891395155169332 0.7503401381734156
0 0.44973749306879657 0.10208319748006382 0.4068197999999999 0.10141468125000004 0.39610277697300084 0.7894307445849219 0.4390204700417975 0.7900992608149857
0 0.49987167404089095 0.052615819517340325 0.4569090671875 0.051685348437500056 0.4410536211543431 0.7837782733724812 0.48401622800773403 0.7847087444523214
0 0.5287329455459313 0.11354018411662774 0.5015073749999999 0.11280204687500003 0.4835689528646633 0.7744456407564676 0.5107945234105946 0.7751837779980952
0 0.5615647218750002 0.11141988750000006 0.532875113198915 0.11049758108440892 0.5115592310010568 0.7735573934246639 0.540248839677142 0.774479699840255
0 0.5988766930591723 0.17861463680651288 0.561402178125 0.1770800609375001 0.5375470585785664 0.759624757326075 0.5750215735127387 0.7611593331950879
0 0.6415193556604997 0.17737492457776338 0.5996284484375002 0.17561368906250005 0.5748906143276035 0.7640019566251743 0.616781521550603 0.7657631921404378
0 0.6792061780944958 0.11439157232787615 0.6503801234375001 0.11322931093750006 0.6238646652599897 0.7708576663222285 0.6526907199169856 0.7720199277126045
0 0.7371258779025847 0.10329641256899577 0.6985941375 0.10138462812500008 0.6646005387904462 0.7865207191419245 0.7031322791930308 0.7884325035859201
0 0.7788413921875003 0.10729662031250012 0.7411277673821683 0.10516426502416062 0.70299033432817 0.7796770205213941 0.740703959133502 0.7818093758097335
0 0.8113098468750002 0.1721188187500001 0.7756730547074439 0.16997115822712483 0.7396949036113558 0.7669676944709913 0.775331695778912 0.7691153549938666
0 0.8412632140625004 0.14484746562500012 0.8056044813149944 0.1431108255272952 0.7758566531264803 0.753928148353607 0.8115153858739863 0.7556647884513119
0 0.894857126841438 0.1179486366675448 0.8522077374999999 0.11542355625000009 0.8143308066810097 0.7551766343434881 0.8569801960224478 0.7577017147610328
0 0.9357315718750001 0.12348974375000013 0.9110538099383524 0.12212201555428419 0.8770631463937827 0.7354116338051677 0.9017409083304304 0.7367793620008836
0 0.9063542281250001 0.1949330546875001 0.8883062857581143 0.1939398417491535 0.8582560031250003 0.7399916984375002 0.8763039454918861 0.7409849113758468
0 0.9869979609374999 0.11358295937500011 0.9581027868965688 0.11162964935053625 0.914671972105207 0.7540985541421853 0.9435671461461382 0.7560518641666492