0 0.7223237716824888 0.06572591107424552 0.6814515917715658 0.06386410398469877 0.6429382029015771 0.9093470585354535 0.6838103828125002 0.9112088656250001
0 0.6346946953125002 0.09392155937500007 0.6138273776556147 0.09350689811154247 0.5985814118452832 0.8607413605192876 0.6194487295021689 0.8611560217827453
0 0.6112750597785144 0.036524054677759064 0.5844907312500001 0.036224123437500075 0.574931085054306 0.8899154698298645 0.6017154135828204 0.8902154010701235
0 0.5770381940052587 0.18017882336559904 0.5516917203125 0.18011193593750008 0.549790943661405 0.9003965507308379 0.5751374173541638 0.9004634381589369
0 0.5466228546874999 0.8992270375 0.5421741365837356 0.17624536093584264 0.517476740625 0.17639733124999998 0.5219254587287645 0.8993790078141574
0 0.5143471532979149 0.897213056954333 0.5073389624999999 0.03274673125 0.4623364084869097 0.03311156499255237 0.4693445992848247 0.8975778906968854
0 0.472490353125 0.8835064609374997 0.456585372306998 0.12378591787491033 0.4300384421875 0.12434168593749999 0.44594342300550194 0.8840622290000895
0 0.4516140883233655 0.8857824270540515 0.424335946875 0.12096168281249997 0.40086195562830385 0.12179890755882934 0.42814009707666945 0.8866196518003809
0 0.42770232028992633 0.9024044208036196 0.3944552182020538 0.08637085198554803 0.34217375156249996 0.08850092031249998 0.3754208536503725 0.9045344891305716
0 0.3820366383538241 0.8921995527451487 0.3456122971497565 0.14904584571703688 0.28159450625 0.15218356250000004 0.3180188474540676 0.895337269528112
0 0.32558918303936735 0.8982402624452526 0.27857735432096686 0.14417089809101874 0.21103750312499994 0.14838161406249997 0.2580493318434004 0.9024509784167337
0 0.2650613780829416 0.9367996160342816 0.18390598281792683 0.0025172873840333676 0.06973954375 0.012434228125000002 0.15089493901501475 0.9467165567752482
0 0.15830855272579428 0.970524658940597 0.055206249316968346 -0.003966660483897336 0.0177145921875 0 0.12081689559632594 0.9744913194244942
0 0.12127374843750002 0.9218102171875 0.02400576625737505 0.04568318455962272 -0.0019595652091811285 0.04856586629906716 0.09530841697094386 0.9246928989269444
0 0.10678469291532156 0.9415236817700313 0.00009323750000000408 0.1456048125 -0.05583928689715596 0.15310246416198234 0.0508521685181656 0.9490213334320137