0 0.9931039578125004 0.19923501562500018 0.9120207387593764 0.1879004895620676 0.8179048409980053 0.8611725710056077 0.8989880600511293 0.8725070970685405
0 0.9064970890625001 0.20100070781250015 0.8278221454024101 0.19263966186359283 0.756748936194555 0.8614173201062865 0.8354238798546451 0.8697783660551938
0 0.8155486640625 0.2770649609375001 0.7891509242183131 0.27509743059304337 0.7459890070308132 0.8541873868430436 0.772386746875 0.8561549171875003
0 0.7921179046875002 0.23224871718750015 0.7535410432994342 0.22962087974134082 0.711200280971635 0.851186616911192 0.749777142359701 0.8538144543573514
0 0.7400152828125 0.3277229468750001 0.6700501271840575 0.3240968089591093 0.6428851357306004 0.8482365131764975 0.7128502913590428 0.8518626510923883
0 0.6661773281250002 0.33222047968750007 0.5961760662596851 0.329990104379323 0.5799233092301777 0.8400896812015659 0.6499245710954927 0.842320056509743
0 0.5935850687500002 0.21157836875000005 0.5347174046980607 0.21136266400214412 0.5323757406355606 0.8504227436896441 0.5912434046875 0.8506384484374999
0 0.5454765214047289 0.8408246890791045 0.5316977031250001 0.21898600625000003 0.47883882297630886 0.2201572632401975 0.4926176412560378 0.8419959460693021
0 0.49353651562499995 0.8446145109375 0.4730218996124287 0.3466755308517642 0.41602422499999997 0.34902378125 0.43653884101257123 0.8469627613357359
0 0.4406012890624999 0.82343565625 0.41372230042643865 0.3304802957686483 0.356877 0.3335798546875 0.3837559886360612 0.8265352151688518
0 0.39031282656250005 0.8083079453124998 0.3522600187260815 0.23554856783404632 0.29393206406249994 0.23942374218749998 0.3319848718989185 0.8121831196659535
0 0.34872801662297515 0.7986273629986582 0.29558546855556767 0.2656631268048678 0.24587275468749997 0.2706200453125 0.29901530275490745 0.8035842815062905
0 0.29745702500000004 0.7983614656250002 0.23521956439029287 0.23745792269738186 0.1947975125 0.24194312500000006 0.25703497310970713 0.8028466679276184
0 0.256019303125 0.8067854562499999 0.18764534903249536 0.2412040509692833 0.14080388906250002 0.24686678281249996 0.2091778431550046 0.8124481880932167
0 0.207606990625 0.8242944171874997 0.12420008703628556 0.2534630172751845 0.0947815734375 0.257761496875 0.17818847702621446 0.8285928967873153
0 0.1761081953145774 0.8356964860995273 0.0812635805857936 0.23286869797921175 0.023586960937499995 0.24194312499999998 0.11843157566628378 0.8447709131203156
0 0.13344666444692307 0.8322816610212558 0.025310443103365787 0.2404386042885211 -0.016331157554470087 0.2480469817031255 0.09180506378908722 0.8398900384358601