0 0.7152147781250001 0.6559218015625001 0.6711062403307003 0.651371365934119 0.6526955628653168 0.8298307771025086 0.6968041006596166 0.8343812127308897
0 0.6553404375000002 0.6308592687499999 0.615485705904532 0.6276469391003572 0.6007741129859047 0.8101707305732816 0.6406288445813728 0.8133830602229242
0 0.6120735531250001 0.6320249843750001 0.5713224931132086 0.6283542384403832 0.5548115105767657 0.8116521436021186 0.5955625705885572 0.8153228895367354
0 0.5552584296875 0.6535903921875 0.4999441341638609 0.6490630386358396 0.4855256737091086 0.8252248898121316 0.5408399692327477 0.829752243363792
0 0.48664327656250006 0.6471790531250001 0.42866820320969207 0.6428318981741573 0.41541321356769023 0.8196047543238537 0.4733882869204982 0.8239519092746965
0 0.42108740156250013 0.6256136250000001 0.39212850179789777 0.6239868190466292 0.3817308781250001 0.8090757296874997 0.4106897778896025 0.8107025356408707
0 0.3768569949911732 0.6311313156679513 0.3119714265625001 0.6283176343750001 0.3035055587305913 0.8235467983501632 0.3683911271592644 0.8263604796431144
0 0.3031715906250001 0.6202791609375 0.2594684851709896 0.6186274517197752 0.25254271628193975 0.801878598386596 0.29624582173595027 0.803530307604321
0 0.25364140000000013 0.63238925 0.20710083750000008 0.6320063296875 0.205633507792357 0.81034722134931 0.25217407029235706 0.81073014166181
0 0.20456076083854424 0.6315511888044855 0.14690542812500013 0.630725103125 0.14435082978645597 0.8090192205705149 0.20200616250000009 0.8098453062500003
0 0.14797620781250004 0.7824489953125 0.14628305343979695 0.6112152891337944 0.09816731875 0.6116910562500001 0.09986047312270308 0.7829247624287057
0 0.0852732625 0.7990065421875 0.08222861008083934 0.6107494470841 0.0258883234375 0.6116606296874999 0.028932975856660652 0.7999177247909001
0 0.017959590625000087 0.6128920703125 7.505763121309976e-17 0.6128920703125 8.676668945888962e-17 0.804115503125 0.017959590625000098 0.804115503125
0 0.7858279288453278 0.0020994000468459784 0.7350497086090838 -0.003347362717598323 0.6397032758467567 0.8855333120844058 0.6904814960830008 0.89098007484885
0 0.7215702737730509 0.0015684418816039104 0.6768159224023672 -0.0029604422529498796 0.5875745430360685 0.8789212597962266 0.6323288944067522 0.8834501439307803
0 0.6728749921875001 9.992007221626409e-17 0.6241553869714066 -0.0046903703721987485 0.5391704949930999 0.8780608961497295 0.5878901002091934 0.8827512665219283
0 0.6185589046875002 0.0029747812500000802 0.5480103439367062 -0.003447800412031832 0.4679529804484475 0.8759387249455903 0.5385015411992414 0.8823613066076221
0 0.5376710234375002 0.0008983687500000836 0.4693040764575083 -0.004610961449672118 0.3987395069341789 0.8710461526500535 0.46710645391417077 0.8765554828497255
0 0.46006788906250023 6.661338147750939e-17 0.42279247424066113 -0.0023616319861584855 0.36779481715898904 0.8657077767802909 0.40507023198082814 0.8680694087664493
0 0.4073411875000003 0.0023880781250000677 0.3336022975570521 -0.001071421368920436 0.29282330340812723 0.8681288102877132 0.3665621933510754 0.8715883097816336
0 0.32422479687500017 4.4408920985006264e-17 0.27665614135253186 -0.001628752896112183 0.24718598678297954 0.8590638876260389 0.29475464230544784 0.8606926405221511
0 0.2593534687500001 3.2959746043559335e-17 0.20872423858735928 -0.0004177831147444737 0.2015867845344757 0.8645377195501085 0.2522160146971165 0.864955502664853
0 0.20867275937500004 0.0003604156250000256 0.1437200078125 0.00008447343750001747 0.14005425422152262 0.8629492076822259 0.20500700578402267 0.863225149869726
0 0.14734905156250008 0.8311888265625 0.14481243089124288 0.0015339990858028688 0.086532184375 0.0017121875000000002 0.08906880504625721 0.8313670149766972
0 0.08783177031250004 0.8534382593750001 0.07163317928649934 -0.001054068287618623 0.0105649046875 0.0001036015625 0.026763495713500694 0.8545959292251186
0 0.020704981729499902 0.8608701141818151 0.019928151881066926 0.29845075389551173 -0.0007768298484329761 0.2984793522136965 0 0.8608987124999998