0 0.6201948531250002 0.6707216328125001 0.5896695097299005 0.6697099645661244 0.5843162750814642 0.8312345814585438 0.6148416184765639 0.8322462497049194
0 0.5687772734375002 0.6707216328125 0.5234853182593204 0.6701524434475676 0.5214709532469103 0.8304409791713872 0.5667629084250899 0.8310101685363195
0 0.5010565828125001 0.6715578750000001 0.4627796410603492 0.6713900030711094 0.4620894336744582 0.8287660937685443 0.5003663754266092 0.8289339656974348
0 0.45026606562500004 0.6907915546875001 0.4177646233047462 0.6895662156279052 0.412080292836316 0.8403399442561641 0.4445817351565699 0.8415652833157587
0 0.4101352671875002 0.7066801812500001 0.37223349742631534 0.7045809929715069 0.3638418328127808 0.8560961968976493 0.4017436025739657 0.8581953851761425
0 0.3662771760668532 0.7029809632798911 0.32663687812500014 0.7018185875 0.32213133782725756 0.8554702403314772 0.36177163576911064 0.8566326161113682
0 0.2769797890625001 0.7036490343749999 0.2411281644446821 0.6994277851149554 0.22366168944468204 0.8477728523024555 0.25951331406250006 0.8519941015625001
0 0.22557806814681683 0.7146074528362074 0.18153013593750006 0.7095904578125001 0.1649045256031833 0.8555590612262929 0.20895245781250008 0.8605760562500002
0 0.16943122242810638 0.7366641954734503 0.1308625468750001 0.7330340640624999 0.11679532090508311 0.8824926408868384 0.15536399645818938 0.8861227722977887
0 0.12676347452973707 0.7351988402761146 0.08054013281250008 0.731732875 0.06929774890776313 0.8816652925363855 0.11552109062500011 0.8851312578125
0 0.07731917312170304 0.7291887703642281 0.02586907343750009 0.7260798484375 0.016777505003297156 0.876537824948272 0.06822760468750011 0.8796467468750002
0 0.6443156109375003 0.1397147015625001 0.6101952392019973 0.13822278166873916 0.5774476839955874 0.8871629638757665 0.6115680557310905 0.8886548837695274
0 0.5850149265625001 0.14757698437500005 0.5324931140625001 0.14623972187500006 0.513534896277242 0.8908354611943148 0.5660567087772421 0.8921727236943147
0 0.5146507658317819 0.14786997791770778 0.4754300718750001 0.14683514062500008 0.45615281634200144 0.8774498420029611 0.49537351029878335 0.8784846792956686
0 0.4696257393666693 0.1528231178505421 0.43419469375000014 0.15144192500000006 0.405862643855248 0.8782297532462667 0.44129368947191716 0.8796109460968087
0 0.43134960418376866 0.15361449300017177 0.391950715625 0.15201464687500005 0.3622932206483441 0.882380099610088 0.40169210920711285 0.8839799457352597
0 0.3872539126446187 0.16666803928741256 0.3401167687500001 0.16492871875000006 0.31296995774792713 0.9006316032731443 0.3601071016425458 0.9023709238105567
0 0.3358432863179299 0.18791061237679832 0.29596673437500004 0.18344874062500005 0.21643896941702828 0.8942027081664408 0.25631552135995816 0.8986645799182391
0 0.29900510000000013 0.0013726734375000492 0.2465728776965943 -0.00416958380490301 0.1511121468392634 0.8989314529464989 0.2035443691426692 0.9044737101889021
0 0.2351991703125002 0.0017806171875000471 0.19065272700897617 -0.0022103442923417536 0.10788243799345183 0.9216577525233941 0.15242888129697588 0.9256487140032359
0 0.17830120156250018 0.001640084375000031 0.12935674373785674 -0.0018658709064615698 0.06344987193813709 0.9182189128933956 0.11239432976278052 0.9217248681748572
0 0.11500166562500032 0.0006973296875000298 0.06040041922075975 -0.002184557008370413 0.011511459194900497 0.9240830012006629 0.06611270559914105 0.9269648878965333