0 0.5434577890625001 0.7673841781250001 0.5063064223453184 0.7626353023016057 0.48213802400238004 0.9517093196473905 0.5192893907195618 0.9564581954707847
0 0.4778437171875002 0.73047170625 0.4221665135823235 0.7234642605799702 0.3968833417944634 0.9243500568748904 0.45256054539964 0.9313575025449202
0 0.40505312656250014 0.7584978375000002 0.33248719148322986 0.75038465001082 0.30996950098428566 0.9517872761747839 0.38253543606355594 0.959900463663964
0 0.3245901975243978 0.7651401402041001 0.24819446250000005 0.7584978375000001 0.23080470335839082 0.958504294703532 0.3072004383827886 0.9651465974076322
0 0.24614402500000007 0.7557635812500001 0.1748893312500001 0.751079228125 0.16135526061908564 0.9569488609778121 0.2326099543690856 0.9616332141028121
0 0.17366293724088827 0.7548047298708795 0.11001464531250012 0.7517201187500001 0.0997562360414688 0.9633935525854224 0.16340452796985697 0.9664781637063017
0 0.11173203936396273 0.7224495988913919 0.018709532812500086 0.7183938874999999 0.010629678783086377 0.9037148341485312 0.10365218533454904 0.9077705455399231
0 0.6308497787508822 0.09587530841901622 0.583809984375 0.0897131468750001 0.464782065500905 0.9983308111203752 0.5118218598767872 1.0044929726643914
0 0.5708824578125001 0.0008028765625000989 0.5074895571433242 -0.007368936847077878 0.3797250593473401 0.983765063879727 0.4431179600165159 0.9919368772893049
0 0.4816198998075424 0.03787768190906709 0.4010092812499999 0.02910888125000005 0.2956676259235107 0.9975031150684268 0.3762782444810532 1.0062719157274937
0 0.3914505014749391 0.020215595856124802 0.30880079843749997 0.012919340625000036 0.2218983811629652 0.9973228124685563 0.3045480842004043 1.004619067699681
0 0.29591152343750016 4.4408920985006264e-17 0.2207974499580056 -0.004865699253200825 0.15585783601411682 0.9976374723726241 0.23097190949361135 1.002503171625825
0 0.21705120130101957 0.0010329729385361891 0.14624965752866242 -0.0029945999728940797 0.08930189067783864 0.9981020644683113 0.16010343445019576 1.0021296373797415
0 0.1409002159112685 0.048435171852121754 0.017413407812500007 0.04745549375 0.01026851923324673 0.9480569086050326 0.13375532733201523 0.9490365867071542