0 0.5453497316291424 0.7187712586595327 0.4610298830064699 0.7141504414197328 0.45120297010999943 0.893470194800515 0.5355228187326719 0.898091012040315
0 0.3799561796875001 0.7139116078125001 0.2907775251786369 0.7134216834311722 0.28974995073776766 0.9004662754885558 0.37892860524663086 0.9009561998698837
0 0.24452209613032064 0.9025305555008263 0.24243384852311003 0.7240150180631046 0.18057705937499996 0.724738609375 0.18266530698221056 0.9032541468127218
0 0.18525209030661008 0.9038155567598339 0.17934822500000003 0.7237707125 0.11594757333047119 0.7258496884870491 0.12185143863708126 0.905894532746883
0 0.12249969200062945 0.8938606993334292 0.11339880656386281 0.6975742385251205 0.03772889687500001 0.7010826984375 0.04682978231176665 0.8973691592458086
0 0.04665200253662487 0.8896283404765086 0.03430506868637078 0.693082472252933 -0.011026397912754077 0.6959301770889244 0.0013205359375000115 0.8924760453125
0 0.6482010838040326 0.03554625377005533 0.44696453790140545 0.016440819079707247 0.36027640836890906 0.9295223605686382 0.5615129542715362 0.9486277952589864
0 0.44770867968749994 0.003139718750000043 0.24813963593750002 0.0031397187500000305 0.24813963593750005 0.9503288265625001 0.44770867968750006 0.9503288265625001
0 0.24883508760671152 0.9555945522438198 0.23688973786058892 0.015000835889384358 0.16398416718749997 0.015926721875 0.17592951693362252 0.9565204382294356
0 0.18506079531250003 0.957656446875 0.15959010544426394 0.002467059025874664 0.08724369843749999 0.00439621875 0.1127143883057361 0.9595856065991253
0 0.12664032025084704 0.9532459178916708 0.08685748710001422 0.03074968927159354 -0.004378788344607988 0.03468427177795917 0.03540404480622482 0.9571805003980366
0 0.051449879989388755 0.951814598889101 1.5265566588595904e-17 0.12731249843749998 -0.04621832638523162 0.13019657519670788 0.005231553604157113 0.954698675648309