0 0.6779257046875001 0.0013158203125001044 0.6159118280818043 -0.0033616361114762795 0.5408252153307755 0.9921392335520999 0.6028390919364713 0.9968166899760762
0 0.6143427640625002 0.0007310109375000928 0.5549519013488895 -0.0033914077124163724 0.48547796917332287 0.9975056671388728 0.5448688318869336 1.0016280857887891
0 0.5547063500000002 7.771561172376095e-17 0.4874488159214655 -0.004276431795899311 0.42364693631769335 0.9991669285869342 0.49090447039622803 1.0034433603828337
0 0.4726533276587744 0.03905624613544946 0.4035532140625001 0.03544949531250006 0.3539774781313175 0.9852486781854328 0.4230775917275918 0.9888554290083821
0 0.4042074392132421 0.026759453456776973 0.3322180484375 0.02367075000000004 0.29035507264342275 0.9993843999662735 0.3623444634191648 1.0024731034230503
0 0.3316785486129103 0.022354709467864137 0.2627894421875 0.020148254687500027 0.23151790891493035 0.996496377871933 0.3004070153403407 0.9987028326522971
0 0.27787192276224865 0.0009703533441660029 0.2146372616637017 -0.0014157783760419846 0.17959612327645313 0.927206263592292 0.24283078437500008 0.9295923953124999
0 0.2134471218750002 2.983724378680108e-17 0.15413919025467854 -0.0009014887894390891 0.1402776731087473 0.9110321044794235 0.199585604729069 0.9119335932688625
0 0.1541254875 0.0009242765625000189 0.08981411406249999 0.0007393859375000094 0.08719475653450198 0.9118428026164462 0.15150612997200197 0.9120276932414463
0 0.08752342411447457 0.00009749533590874417 0.034300085937499995 4.1958624075189025e-18 0.03263653903622695 0.9081410764366865 0.08585987721320151 0.9082385717725951
0 0.0410262 0.880793 0.03437332031250001 0.0009242312499999998 0.0005563583840112196 0.001179928675681588 0.007209238071511208 0.8810486974256817