0 0.06629664539545914 0.925915993896689 0.0657477515625 0.7274552453124998 0.011521470140909717 0.7276052219283746 0.012070363973868858 0.9260659705125638
0 0.1630333515625001 0.7139782031249999 0.07904294004707983 0.7137351433812376 0.0785064917171644 0.8991073292023115 0.16249690323258464 0.899350388946074
0 0.23108007343750012 0.6926986390625 0.17484572883578814 0.691187433854124 0.1698769970053699 0.8760818323359125 0.2261113416070819 0.8775930375442884
0 0.29593719375000005 0.7054663718749999 0.23292892722501918 0.7026404773410515 0.22445653573366556 0.8915472800465629 0.2874648022586464 0.8943731745805114
0 0.3496302812500001 0.6948265890624999 0.2985952703125001 0.691989303125 0.2889455662177894 0.8655610773012524 0.33998057715528934 0.8683983632387525
0 0.4043866640625001 0.6941172812499998 0.35186187214726156 0.6913857739356739 0.3426227913315028 0.8690462161357108 0.3951475832467414 0.8717777234500368
0 0.011743304687500102 0.7360867625 9.01446297590363e-17 0.7360867625 1.0180407306624273e-16 0.9264999218750001 0.011743304687500114 0.9264999218750001
0 0.43384046439728347 0.15530534940713986 0.37980126875000003 0.15211750625000003 0.3340460520820098 0.9277438415254752 0.3880852477292933 0.930931684682615
0 0.3764380479314862 0.1548350029548301 0.32448555 0.15218819687500007 0.28533668101017573 0.9206168138080836 0.33728917894166194 0.9232636198879136
0 0.32744521467561954 0.0255581101834036 0.2574422512345848 0.02223065761615745 0.2137258500343367 0.9419365206293502 0.2837288134753714 0.9452639731965963
0 0.2557462654162627 0.024795419391092016 0.191292525 0.02264249218750002 0.1610197900813655 0.928939274949405 0.22547353049762822 0.931092202152997
0 0.17129533606722339 0.0403418641614573 0.08156351875 0.0401378296875 0.07949321203324708 0.9506329067948528 0.16922502935047046 0.95083694126881
0 0.07058208196458605 0.9875272489510223 0.06564283715057571 0.02062963934088278 0.0044865046875 0.020942046875000002 0.009425749501510336 0.9878396564851396