0 0.5439374889586903 0.7934954498523439 0.50504830625 0.7874374875 0.4778567726719647 0.9619939564811195 0.516745955380655 0.9680519188334635
0 0.5013887890625 0.7831670734375 0.4638500348709032 0.7776182291643712 0.4381238726845787 0.951659530572359 0.4756626268761755 0.9572083748454878
0 0.4478681453125001 0.7770664906250001 0.3612631953125001 0.7665766531250001 0.3389572929743712 0.9507359936961508 0.4255622429743712 0.961225831196151
0 0.3450726718750002 0.73468728125 0.2598251175244654 0.7265491521562379 0.24241545148824528 0.9089167988902936 0.32766300583878005 0.9170549279840557
0 0.23365631498117154 0.708669522927218 0.18368581093750008 0.7065988453125001 0.1758815150442923 0.8949355505135529 0.22585201908796373 0.8970062281282708
0 0.1798435968750001 0.6989943421874999 0.12233438125000007 0.6977533062499999 0.11863955302102125 0.8689704861051807 0.17614876864602128 0.8702115220426807
0 0.12050917343750014 0.6847410656250001 0.06263611851057918 0.6844965872553657 0.06188747194198716 0.8617166171899762 0.1197605268689081 0.8619610955596105
0 0.05046326093750001 0.8718097875000002 0.04616545548303709 0.6720811249744358 -0.0021279189885525683 0.6731203124680778 0.0021698864659103452 0.8728489749936422
0 0.6317704465561328 0.23992878319469257 0.5961410976018868 0.23428667743203713 0.4749880343750001 0.9993564843750002 0.5106173833292461 1.0049985901376557
0 0.5829453907318027 0.2218428039407267 0.5433883350951672 0.21615565361315606 0.430694390625 1 0.4702514462616357 1.0056871503275706
0 0.5297008895813523 0.1555338524005204 0.4222754125 0.1423460078125 0.3173373449217289 0.997149982666072 0.4247628220030812 1.0103378272540924
0 0.405707060328773 0.12275674518565408 0.29903081875000004 0.11320328593750004 0.22282108321479419 0.9641796650097098 0.3294973247935672 0.973733124257864
0 0.2537297559624527 0.2064045580047445 0.20329816543559853 0.20441262699848117 0.17425763281250012 0.9396591015625001 0.22468922333935426 0.9416510325687634
0 0.18909539085423355 0.0384143093140678 0.13033431718750002 0.03743220781250002 0.11544673662481038 0.9281855736989563 0.17420781029154392 0.9291676752005241
0 0.12926460553812474 0.01329638022217415 0.0709058609375 0.012739662500000012 0.06225541703940847 0.919535020404657 0.12061416164003318 0.9200917381268312
0 0.053377302249024663 0.9306928573512673 0.044016227778173114 -0.00044153671443459706 -0.006279027946224093 0.00006410203907640633 0.0030820465246274575 0.9311984961047782