0 0.5873765425443582 0.258580969531753 0.5319128421875001 0.25185533281250005 0.4480884279777816 0.9431225520198707 0.5035521283346397 0.9498481887391238
0 0.5171944790933081 0.24396475282238442 0.4599118546875 0.23831523281250008 0.3906886943441921 0.9401950893651158 0.4479713187500002 0.9458446093750001
0 0.4418697962462014 0.25260163554386744 0.38243974375000006 0.2480778046875 0.3289554458810918 0.9507067780050514 0.38838549837729314 0.9552306088614188
0 0.38533074399788336 0.21434427019803898 0.33279572500000004 0.21054514531250007 0.2802607060021168 0.9370093454269611 0.3327957250000001 0.9408084703125
0 0.3312460483279288 0.20180830681969772 0.2756868359375 0.19845139531250003 0.23098439160179893 0.9383078359405193 0.2865436039922278 0.9416647474477171
0 0.2737549251485615 0.1885621418494516 0.21892153125000005 0.18590858281250003 0.18230802641393873 0.9424934956505486 0.23714142031250013 0.9451470546875003
0 0.2085225693596624 0.18544689698575553 0.1870367625 0.18487067343750002 0.16609367188791613 0.9657814871276716 0.18757947874757852 0.9663577106759271
0 0.18118895334595742 0.18189913381611222 0.15970696718750005 0.18139982031250002 0.1414323166985047 0.9676308875983379 0.16291430285696207 0.96813020110195
0 0.1512683315324026 0.15900478894368705 0.0878017171875 0.158587559375 0.0825754544050975 0.9535772469938127 0.14604206875000011 0.9539944765624998
0 0.08747818593749998 0.9503533953124998 0.08516382518846126 0.15013447853146986 0.016842396875 0.150332075 0.019156757624038727 0.9505509917810301
0 0.027253778125000065 0.141314475 1.7306031948193865e-17 0.141314475 6.619736644334803e-17 0.9397705609375 0.02725377812500011 0.9397705609375