0 0.7355345265625002 0.12186094687500013 0.6632576099278462 0.11267817615030165 0.5511973679741484 0.9946961431199112 0.6234742846088024 1.0038789138446096
0 0.6638041328125004 0.11469591875000014 0.5917664827062157 0.10687072853432153 0.49516210328321586 0.9961976703466032 0.5671997533895006 1.0040228605622816
0 0.5626239187538726 0.18417484386354122 0.5011714890625 0.17964372187500005 0.4422083509996219 0.9793194104472942 0.5036607806909946 0.9838505324358353
0 0.4974147640841319 0.17846719207418188 0.43517963593750003 0.17478490625000004 0.3891077782677482 0.9534555752134753 0.4513429064143802 0.9571378610376573
0 0.4300221726447987 0.1678390821870095 0.38034665156249997 0.16631627656250006 0.3566732524764305 0.9385674532473522 0.40634877355872917 0.9400902588718617
0 0.3790713946134562 0.16182437804496788 0.32788452343749996 0.1607932625 0.3120405647615439 0.9473226438300323 0.3632274359375001 0.948353759375
0 0.32469562671993246 0.25413243882365666 0.2605398187500001 0.253665596875 0.2554470393561624 0.953541385167948 0.31960284732609484 0.9540082271166044
0 0.25965880725787566 0.9655398310593031 0.2566180851539587 0.25102993363753645 0.188725484375 0.25131886249999996 0.19176620647891693 0.9658287599217665
0 0.20011412812499998 0.959642075 0.18381789968864104 0.09500854079899379 0.08571881406250001 0.09685746875000001 0.10201504249885893 0.9614910029510064
0 0.1229839765625 0.9606843843749999 0.07949419239602698 0.08705992415767208 -0.01597920573800337 0.09181267281291901 0.027510578428469667 0.9654371330302467
0 0.04617413879972303 0.9541735947564132 0 0.4589524390625 -0.030013611676967273 0.46175089113894935 0.01616052712275575 0.9569720468328624