0 0.6323520005891681 0.7017168619168054 0.5865370093750001 0.6968565562500001 0.568091821487808 0.8707275386384117 0.613906812701976 0.8755878443052169
0 0.5784722705117279 0.6926662219887119 0.5330132953125 0.6880628906250001 0.5156214591757722 0.8598113451987883 0.5610804343750001 0.8644146765625003
0 0.5007237421875 0.6990468312500001 0.4438576106507462 0.6943389441217152 0.42887055625000015 0.8753661828125001 0.48573668778675405 0.880074069940785
0 0.42722820312500004 0.6913808031250002 0.3689585035108415 0.6872717880556509 0.35601463734021527 0.8708279884780812 0.4142843369543738 0.8749370035474303
0 0.3520260536478589 0.6795538371606229 0.28360970625000004 0.6746940203125 0.2700465150492109 0.8656361957105689 0.33846286244706975 0.8704960125586918
0 0.26864995346623183 0.687161012735118 0.19602915156250014 0.682654528125 0.1837491190796167 0.8805439881951906 0.2563699209833484 0.8850504728053087
0 0.19027816846415033 0.6991335944559322 0.14606518125000006 0.6978970484375001 0.14113858778584984 0.8740485305440681 0.1853515750000001 0.8752850765625002
0 0.14574745887486054 0.6868846067464263 0.10489163750000005 0.6860432593749999 0.10119837393763964 0.8653881073160736 0.1420541953125001 0.8662294546875
0 0.10310027148951699 0.6697969249450232 0.060214396875000076 0.6695056453125 0.05895504413548323 0.8549234969299768 0.10184091875000012 0.8552147765624998
0 0.05401997187499998 0.8509189968749998 0.05249570805373689 0.6598366491415435 0.0109004265625 0.6601684546875 0.012424690383763096 0.8512508024209564
0 0.011288698437500091 0.6534779765625001 8.002797123105548e-17 0.6534779765625001 9.158938615441566e-17 0.8422902109375 0.011288698437500102 0.8422902109375
0 0.6871540242339573 0.1875307883284475 0.62867276875 0.1814460765625001 0.5514030728387043 0.9240989747729695 0.6098843283226616 0.930183686538917
0 0.6301288439538484 0.17925336326991853 0.5798975234375001 0.1740818546875001 0.5039949826086518 0.9113299507925815 0.5542263031250002 0.9165014593749999
0 0.5661411627118544 0.02061060488650271 0.4971079312500001 0.014028965625000066 0.4101570482584048 0.9260358673829376 0.47919027972025924 0.9326175066444403
0 0.48388038012231005 0.007545283725700508 0.41733006406250006 0.0020324531250000555 0.34133418259978204 0.9194468082740859 0.4078844986595921 0.9249596388747863
0 0.3985111733580111 0.02209495745604013 0.3220411703125 0.016473576562500043 0.25572146559261494 0.9186483478424508 0.33219146863812604 0.924269728735991
0 0.3040928537650539 0.001824958614493985 0.22433449784772455 -0.002339064239003599 0.1757786197390895 0.9277079466255168 0.25553697565641886 0.9318719694790143
0 0.21355673509749873 0.08222668894804348 0.16173097031250003 0.08044223750000004 0.13282574013408235 0.9199358880139636 0.18465150491908103 0.9217203394620069
0 0.15909430723188306 0.08052474787994453 0.11346309218750002 0.07959655312500001 0.09657878964311709 0.9096499833700553 0.1422100046875001 0.910578178125
0 0.05815067836882294 0.01450922030835706 0.005737310937500003 0.014335876562500002 0.0028005335853924745 0.9023194011999273 0.055213901016715417 0.9024927449457844
0 0.11241107844735065 0.024074252415609253 0.05936909103028413 0.023372561150337732 0.047709772921913876 0.9047194369112216 0.10075176033898041 0.905421128176493
0 0.014378015624999999 0.8875311421874998 0.013825128880886665 0.010485970616166886 0 0.010494685937500001 0.0005528867441133358 0.8875398575088331