0 0.5698491794005472 0.7540055739906198 0.5149945056310974 0.7519621133418573 0.5076310640625 0.9496263968750001 0.5624857378319499 0.9516698575237624
0 0.5058662660652544 0.7473943008255914 0.45419117968750006 0.7472377453125001 0.45359400268474576 0.944351041361909 0.5052690890625001 0.9445075968750002
0 0.4518347600334119 0.7504858711463892 0.3977966918805814 0.7503253930832341 0.3971841450739343 0.9565893860154594 0.4512222132267647 0.9567498640786145
0 0.3980940421875001 0.7418811265625 0.34575348554328417 0.7418468406544239 0.3456229640958354 0.9410996998265244 0.39796352074005137 0.9411339857346004
0 0.3426109453125 0.9620024203124998 0.3402517049226877 0.7634023049685918 0.26817116249999995 0.764258575 0.2705304028898123 0.962858690343908
0 0.26350134762890354 0.9822966926516592 0.2600210234375 0.7807034359375 0.1819707049798054 0.7820509036846987 0.18545102917120893 0.9836441603988579
0 0.18388545660356637 0.9669632614802884 0.17617567500000003 0.7592611078125 0.11299758638061283 0.7616062412489366 0.12070736798417918 0.9693083949167252
0 0.09770602233108745 0.965456244715438 0.08905164922088338 0.7513097545453294 0.001260909814413297 0.7548576708050858 0.009915282924617375 0.9690041609751944
0 0.581610997784532 0.07415425386233432 0.5277642 0.07295002812500007 0.5070330029852866 0.9999428160002143 0.5608798007698186 1.0011470417375485
0 0.5135099078125002 0.07390053281250006 0.460071913622237 0.07334534216774233 0.45045026205973693 0.9994448093552425 0.5038882562500001 1.0000000000000002
0 0.4497219062500001 0.06724704531250005 0.39698100625 0.06724704531250005 0.39698100625000005 0.999993171875 0.4497219062500002 0.999993171875
0 0.3994755109375 0.9999999999999998 0.39413015781250016 0.074088721875 0.34235674158605567 0.07438761357094993 0.34770209471105556 1.0002988916959499
0 0.34444370625 0.9999999999999998 0.3381600681176824 0.06458851234664821 0.25869354531250005 0.06512232968750001 0.2649771834448177 1.0005338173408518
0 0.2629423859375 1 0.24437608354395177 0.06492265525638999 0.16413772499999996 0.0665158171875 0.18270402739354819 1.00159316193111
0 0.1839489390625 0.9994476046874997 0.155999822149419 0.03569814156158877 0.09317037014825198 0.03752022060469378 0.12111948706133298 1.0012696837306048
0 0.1202310661975055 0.9997360420172084 0.09070542205279489 0.03558824584637869 -0.0258502905922094 0.03915759746265286 0.0036753535525011925 1.0033053936334828