0 0.07620555972481433 0.9040012492776178 0.07223800433229985 0.242985827702792 0.0038641089154050545 0.2433962223904412 0.007831664307919543 0.9044116439652671
0 0.12695312500000008 0.24051364375 0.07031250000000003 0.24051364375 0.07031250000000007 0.911122275 0.12695312500000014 0.911122275
0 0.17974379235489352 0.9221603200224925 0.17575511981337963 0.24029100855317748 0.1243963104638857 0.24059143778378145 0.1283849830053996 0.9224607492530964
0 0.27161453047448275 0.22646178601167363 0.1765376699409479 0.22347873006575666 0.15446160442292192 0.9270937612418952 0.2495384649564568 0.9300768171878124
0 0.7344385819545173 0.2519454193157922 0.7018635648995672 0.2517812948474451 0.6984780812286404 0.9237236897283057 0.7310530982835906 0.9238878141966527
0 0.765646751695188 0.26033576338173187 0.7334553721084696 0.2602365658610545 0.7314061130790479 0.9252579780615238 0.7635974926657665 0.925357175582201
0 0.8340071205337697 0.2660062475274341 0.7678621934574784 0.26564955351480235 0.7642749488120852 0.9308640709204798 0.8304198758883764 0.9312207649331116
0 0.29484792031249996 0.9382493999999999 0.29070970468750007 0.2652877703125 0.2421335819066741 0.26558647749196707 0.24627179753167402 0.938548107179467
0 0.31969995547139113 0.9336704082683707 0.3175986423686919 0.24871212195975292 0.2886405953125001 0.24880095937500002 0.2907419084151993 0.9337592456836177
0 0.42933995468750014 0.2712829734375001 0.31967721875 0.2712829734375 0.31967721875000005 0.9352517984375 0.4293399546875002 0.9352517984375
0 0.5358990265625001 0.2592925656250001 0.4386509421875 0.2592925656250001 0.4386509421875001 0.9337529968749999 0.5358990265625001 0.9337529968749999
0 0.6311107239173905 0.253728853065658 0.5379681359374999 0.2532973625 0.5348317557701094 0.930323904746842 0.62797434375 0.9307553953125
0 0.7035061084009849 0.2593086999151994 0.6290137232652782 0.2591926305403962 0.6279743472108555 0.9262557682385278 0.7024667323465623 0.926371837613331
0 0.9579971031250001 0.2622901687500001 0.915580384375 0.2622901687500001 0.915580384375 0.9367506000000001 0.9579971031250001 0.9367506000000001
0 1 0.2817745796875001 0.9528243328125001 0.2817745796875001 0.9528243328125001 0.9352517984375 1 0.9352517984375
0 0.9197186015625001 0.2637889687500001 0.8348924785001927 0.2630012788415591 0.8286364461549678 0.9367117884101945 0.9134625692172751 0.9374994783186356