0 0.06562500000000006 0.03281250000000001 0.015625000000000007 0.0328125 0.01562500000000006 0.91171875 0.06562500000000011 0.91171875
0 0.3140625 0.05156250000000003 0.25625 0.051562500000000025 0.25625000000000003 0.9078125 0.3140625000000001 0.9078125
0 0.36796875000000007 0.050000000000000044 0.3109375 0.050000000000000044 0.31093750000000003 0.92734375 0.36796875000000007 0.92734375
0 0.10312500000000006 0.07812500000000001 0.0671875 0.078125 0.06718750000000005 0.91171875 0.10312500000000013 0.91171875
0 0.7429687500000001 0.06406250000000009 0.6921875 0.06406250000000009 0.6921875000000001 0.93203125 0.7429687500000002 0.93203125
0 0.15156250000000007 0.08125000000000002 0.103125 0.08125000000000002 0.10312500000000006 0.92265625 0.15156250000000013 0.92265625
0 0.92890625 0.08125000000000011 0.8765625 0.08125000000000011 0.8765625 0.92578125 0.92890625 0.92578125
0 0.26093750000000004 0.09531250000000002 0.225 0.09531250000000002 0.22500000000000003 0.9140625 0.2609375000000001 0.9140625
0 0.18984375000000006 0.10312500000000002 0.1515625 0.103125 0.15156250000000007 0.9171875 0.18984375000000014 0.9171875
0 0.4882812500000001 0.10312500000000005 0.440625 0.10312500000000005 0.4406250000000001 0.9171875 0.48828125000000017 0.9171875
0 0.7984375000000001 0.08906250000000009 0.746875 0.08906250000000009 0.7468750000000001 0.93359375 0.7984375000000001 0.93359375
0 0.6562500000000001 0.10000000000000009 0.6 0.10000000000000009 0.6000000000000001 0.92421875 0.6562500000000002 0.92421875
0 0.39687500000000003 0.10000000000000005 0.3609375 0.10000000000000005 0.3609375 0.92421875 0.3968750000000001 0.92421875
0 0.5960937500000001 0.09218750000000006 0.565625 0.09218750000000006 0.565625 0.93203125 0.5960937500000002 0.93203125
0 0.8703125 0.10156250000000008 0.8234375 0.10156250000000008 0.8234375 0.92890625 0.8703125 0.92890625
0 0.99921875 0.10156250000000014 0.9765625 0.10156250000000014 0.9765625 0.93671875 0.99921875 0.93671875
0 0.97578125 0.11250000000000013 0.9203125 0.11250000000000013 0.9203125 0.928125 0.97578125 0.928125
0 0.4367187500000001 0.11562500000000005 0.3953125 0.11562500000000005 0.39531250000000007 0.9265625 0.43671875000000016 0.9265625
0 0.8265625 0.12343750000000009 0.79375 0.12343750000000009 0.7937500000000001 0.9265625 0.8265625 0.9265625
0 0.22734375000000004 0.15156250000000004 0.190625 0.15156250000000004 0.19062500000000007 0.92421875 0.2273437500000001 0.92421875
0 0.5554687500000001 0.16093750000000007 0.5 0.16093750000000004 0.5000000000000001 0.92578125 0.5554687500000002 0.92578125
0 0.6937500000000001 0.1609375000000001 0.659375 0.1609375000000001 0.659375 0.9328125 0.6937500000000002 0.9328125