0 0.0889898311733494 0.8386743354685683 0.03394533991372324 0.1639769434658719 -0.012234645537457275 0.16774448997734118 0.04280984572216888 0.8424418819800374
0 0.1843048890625 0.8080829546875001 0.14356282585162997 0.13303223139161385 0.11890637968749998 0.1345203484375 0.15964844289837002 0.8095710717333864
0 0.16214579417545844 0.7975242982848693 0.11992095563919163 0.17293353309060555 0.1053942921875 0.17391559375 0.1476191307237668 0.7985063589442638
0 0.16381243235323312 0.7948323103587518 0.12263983816496157 0.1726686653045669 0.10593907909538572 0.17377386259674854 0.14711167328365726 0.7959375076509334
0 0.2848788545441241 0.7983981892601111 0.25774035755940783 0.2114025479615144 0.23272426553766934 0.2125591138542345 0.2598627625223856 0.7995547551528311
0 0.3190567274817199 0.7740475639875843 0.3081508083466843 0.2079091847754888 0.2729407366193586 0.20858746098691866 0.2838466557543942 0.7747258401990141
0 0.3322206678272387 0.7775083397820961 0.31184439308603784 0.2462158416188581 0.29810395049923727 0.24674281881914287 0.31848022524043806 0.7780353169823808
0 0.3617666941448837 0.7949825474119372 0.3511681701044881 0.16943410608372056 0.3062591865646643 0.1701949887112369 0.3168577106050599 0.7957434300394535
0 0.4044191097199755 0.798183513850461 0.3892211239850842 0.20377340375711478 0.3441511558218661 0.20492576089503264 0.35934914155675746 0.7993358709883789
0 0.4261915286381034 0.7810861801107737 0.41915802069012653 0.21840554427262343 0.388216674728558 0.21879231109714303 0.3952501826765349 0.7814729469352932
0 0.4377035264133564 0.7534056854647575 0.43111619490036457 0.24984078787548403 0.4166292117350034 0.25003029782979225 0.42321654324799524 0.7535951954190656
0 0.43739342977080337 0.7499654781854723 0.431278169379392 0.24987307393054672 0.4166743748250923 0.25005165294043047 0.4227896352165036 0.750144057195356
0 0.43802552889243385 0.7534505570951346 0.43076217082001395 0.2498577346144824 0.4163921633452296 0.2500649943392707 0.4236555214176495 0.753657816819923
0 0.4457447371912747 0.7533858483202516 0.4393072073440959 0.21167963226875544 0.425678520252323 0.2118415928985792 0.43211605009950177 0.7535478089500753
0 0.4665606366591624 0.7429461192795921 0.461423503275198 0.24978131441900833 0.435637817412119 0.25004991531341536 0.4407749507960834 0.7432147201739991
0 0.47621861408402955 0.7569175083168329 0.47053730962487805 0.21151228023828256 0.43914603988418144 0.2118392726314148 0.44482734434333293 0.7572445007099652
0 0.4980468750000001 0.3333333328125001 0.48046875 0.3333333328125001 0.4804687500000001 0.7569444437499999 0.49804687500000017 0.7569444437499999
0 0.5174200026903643 0.7801300912108029 0.512234579229523 0.12378928967118286 0.4946574531016587 0.12392815783538016 0.49984287656250004 0.7802689593750001
0 0.5234375000000001 0.7048611109375 0.517578125 0.7048611109375 0.5175781250000001 0.7638888890625 0.5234375000000002 0.7638888890625
0 0.5234375 0.16666666718750006 0.513671875 0.16666666718750006 0.513671875 0.6701388890625 0.5234375 0.6701388890625
0 0.5454377094276157 0.7742621742658841 0.5402473035012645 0.12834499047446052 0.5153884176310031 0.12854474937820434 0.5205788235573543 0.774461933169628
0 0.5700687359375001 0.09914238906250006 0.5478662547461808 0.0989736202168443 0.5426875003731888 0.780267588390066 0.5648899815645081 0.7804363572357217
0 0.5803631947113513 0.1528225001825811 0.5680143598910107 0.1527156352659077 0.5627255630906602 0.7638654879858897 0.5750743979110009 0.7639723529025632
0 0.6144762640625001 0.3056706718750001 0.6026616660523147 0.3054814701304985 0.5943998004273147 0.8213890873179984 0.6062143984375001 0.8215782890625001
0 0.626953125 0.2708333328125001 0.603515625 0.2708333328125001 0.6035156250000001 0.7326388890625 0.6269531250000001 0.7326388890625
0 0.6926269080704937 0.33029698046113753 0.6676757992498432 0.3296867631275081 0.6578241390433993 0.732510203774509 0.6827752478640498 0.7331204211081385
0 0.693359375 0.2569444437500001 0.66796875 0.2569444437500001 0.66796875 0.3402777781250001 0.693359375 0.3402777781250001
0 0.7907988290762301 0.19810414106243865 0.7586242066326119 0.19681141073333558 0.7365480692447196 0.7462619569750167 0.7687226916883378 0.7475546873041198
0 0.4174823281250001 0.8993796875 0.15450492343750008 0.8920874203125001 0.15322348104192116 0.9382994400837363 0.41620088572942116 0.9455917072712362
0 0.3828125000000001 0.8611111109375 0.16015625000000008 0.8611111109375 0.16015625000000008 0.8993055562500001 0.3828125000000001 0.8993055562500001
0 0.9454672609375002 0.1441236578125001 0.9188094983023977 0.14226669287673968 0.8773954400506689 0.7367884920612751 0.9040532026857715 0.7386454569970355
0 0.884019634375 0.22215238906250007 0.8521986234889688 0.22042329567109326 0.824032279417661 0.7387767552164703 0.8558532903036922 0.7405058486078772
0 0.8246374734375003 0.15881141875000013 0.8020999107431825 0.15773672727827753 0.7739910440465422 0.7472132069104556 0.7965286067408599 0.7482878983821781
0 0.7590589140625001 0.1698272406250001 0.724550459571127 0.16877465024270394 0.7066637146647867 0.7551793267254718 0.74117216915616 0.7562319171077679
0 0.6692111250000002 0.2625437328125001 0.6357297675113828 0.2619034018182035 0.6268001839398565 0.7288097087840201 0.660281541428474 0.7294500397783166
0 0.8237850014924645 0.8374886561663987 0.8231911343749999 0.8141051390624998 0.6303232346085774 0.819003371572896 0.6309171017260421 0.8423868886767949
0 0.23089806488000528 0.8192028703258885 0.2026813296875 0.194093646875 0.16960573647424732 0.19558664237086104 0.1978224716667526 0.8206958658217495
0 0.1983574609375 0.8100046734375 0.15884781786156246 0.15187143512876594 0.14376862343750002 0.1527766828125 0.18327826651343754 0.8109099211212341
0 0.1371569654823253 0.8284815889381519 0.09161119996415949 0.17096413976266853 0.03513143125 0.174876453125 0.0806771967681658 0.8323939023004835