0 0.5262577827619348 0.15359153125096525 0.5204399236118726 0.048097626816041454 0.029153786162437727 0.07519145337757618 0.0349716453125 0.1806853578125
0 0.48736244249789207 0.053719390943650025 0.48559404476737056 0.008650323956534192 0.04725338037566337 0.025849717862940224 0.04902177810618493 0.07091878485005607
0 0.08012243335125352 0.9976980092357793 0.07760414073172589 0.18013156435983932 0.03619233503483102 0.18025912224250612 0.03871062765435866 0.9978255671184462
0 0.13894139843750009 0.3629283484375 0.0869565218750001 0.3629283484375 0.08695652187500014 1 0.13894139843750014 1
0 0.1172496633501398 0.32834871003561544 0.07926757603056613 0.3268430793278342 0.05272124007442343 0.9965194117047271 0.09070332739399711 0.9980250424125086
0 0.18052930000000006 1 0.17672870243891822 0.3564467508426027 0.13325195782473834 0.35670350909805515 0.13705255538582015 1.0002567582554525
0 0.20312500000000006 0.34761974375000004 0.17578125000000006 0.34761974375000004 0.17578125000000008 0.9977974109375 0.20312500000000008 0.9977974109375
0 0.3597825973435308 0.9961859086600009 0.3562410244287643 0.3249971585848172 0.3216122331311394 0.3251798797483007 0.3251538060459059 0.9963686298234844
0 0.3799621921875 1 0.37522519574360635 0.277122377751062 0.35254186042358127 0.27727102100054085 0.3572788568674749 1.0001486432494788
0 0.43013941013241064 0.9961573354160119 0.42176983051544525 0.34099655258222417 0.37445025029078766 0.34160105304151395 0.38281982990775304 0.9967618358753016
0 0.492601512368979 0.9971138652873932 0.4843183411858492 0.27022688836545244 0.4196993848786918 0.2709632475158584 0.42798255606182156 0.9978502244377992
0 0.5162403299451448 0.9917165608709722 0.5009451796875 0.344236759375 0.47997895130485524 0.34473203600402796 0.49527410156250007 0.9922118375000002
0 0.540143175272925 0.9942116128792138 0.525046920180327 0.3473770570448723 0.5001205935342367 0.34795880423536596 0.5152168486268348 0.9947933600697073
0 0.7462561660599566 0.9966601825960097 0.7142321197018174 0.35959258873781136 0.686980345082673 0.360962478059068 0.7190043914408122 0.9980300719172664
0 0.7911615212304894 0.9959655907472517 0.7499031057833391 0.24446577559426727 0.704318778388348 0.24696842041149666 0.7455771938354985 0.998468235564481
0 0.9130434781250004 1.0000000000000002 0.8695652171875002 0.236760125 0.7819478389436251 0.2417512835580442 0.8254260998811251 1.0049911585580444
0 1 0.9999999999999998 0.9792060484375 0.23676012499999993 0.8784976507191462 0.23950385683672093 0.8992916022816463 1.0027437318367207
0 0.8251417765625 0.9984423671875 0.7863707694220488 0.2691196797442192 0.7504725890624998 0.2710280375 0.7892435962029511 1.0003507249432808
0 0.7192816640624999 1 0.6927575860721205 0.3818012905948245 0.6606805296875 0.38317757031249994 0.6872046076778795 1.0013762797176753
0 0.6890359171875 1.0000000000000002 0.6635160687500001 0.33644859843749997 0.6104249167849565 0.3384904570611572 0.6359447652224564 1.0020418586236572
0 0.603024575 0.9999999999999998 0.5812300047508281 0.40346701836381105 0.5378097027672919 0.40505339640316906 0.5596042730164638 1.0015863780393581
0 0.6410213613998952 0.9984083291232599 0.6162570890625 0.3925233640625 0.5773151229751047 0.39411503493924005 0.6020793953124999 1
0 0.5426438287912096 0.25820538945090926 0.5342798396634081 0.14632784106619628 0.05023714524719852 0.1825149750527871 0.058601134374999996 0.2943925234375001
0 0.32136105937500004 0.275700934375 0.23724007500000005 0.275700934375 0.2372400750000001 1 0.3213610593750001 1
0 0.2410267767042255 0.3350485127486097 0.20226180970049862 0.3348828592997032 0.19942028768377318 0.9998343465510933 0.23818525468750007 1
0 0.5586011343750001 1 0.5396388047386942 0.3125121926328239 0.5189035921875 0.3130841125 0.5378659218238059 1.0005719198671763