0 0.8401612826024701 0.06629656021734345 0.8389260281534309 0.01353399556041893 0.41117751047447737 0.023548259707139592 0.4124127649235166 0.07631082436406411
0 0.8424029253553951 0.12293980512722698 0.8415124875267409 0.06533261066953544 0.4188518744102834 0.07186570088758822 0.4197423122389374 0.12947289534527975
0 0.8590645162956714 0.16789935107835105 0.8582803562713167 0.12186882677800923 0.4341236129388718 0.12909461373649736 0.4349077729632265 0.17512513803683918
0 0.8567218749677494 0.21088415848076852 0.8562044588315703 0.17043051284049712 0.4361560796590669 0.17580307706604043 0.43667349579524595 0.21625672270631185
0 0.883671912264963 0.261654460802372 0.8829483950951504 0.21340044491863375 0.4610363921874999 0.2197265625 0.46175990935731237 0.26798057838373823
0 0.8667779384577298 0.31046785837718543 0.8659218704902274 0.26204919086540784 0.44071075079998073 0.2695671511418672 0.44156681876748316 0.3179858186536447
0 0.8855144689179107 0.35934629629565096 0.8852996429565072 0.3134659973525834 0.45366375242048224 0.3154870520818844 0.45387857838188567 0.361367351024952
0 0.8758292061282023 0.4062104378374696 0.8757119904477053 0.35892454418839537 0.43898459339484813 0.36000713552984537 0.4391018090753451 0.4072930291789196
0 0.87816455625 0.45800781250000017 0.8780437303745192 0.4062474349292617 0.45127448847282886 0.4072436557781255 0.45139531434830954 0.45900403334886397
0 0.8854825953125001 0.4638671875000001 0.45859704687500014 0.4619140625000001 0.45837824435887187 0.5097367221336018 0.885263792796372 0.5116898471336018
0 0.8879363002953757 0.5536443868103038 0.8878226520481934 0.5077976290593467 0.4609300436892509 0.5088558412221055 0.4610436919364333 0.5547025989730625
0 0.8854825953125 0.5546875000000001 0.4561577 0.5546875 0.4561577 0.5966796875000001 0.8854825953125 0.5966796875000002
0 0.9123154015624999 0.5957031250000002 0.48055116093750005 0.5957031250000001 0.48055116093750005 0.6435546875000001 0.9123154015624999 0.6435546875000002
0 0.9003806865434008 0.6464980900476504 0.47085756954702856 0.6425222668004543 0.4705508825531376 0.6756548145441696 0.9000739995495097 0.6796306377913657
0 0.8907722481514468 0.6777953324177869 0.46111922602609745 0.6737717917838207 0.460689334981499 0.7196776253019707 0.8903423571068485 0.7237011659359368
0 0.9025693031683145 0.7226760905039723 0.47088897821206616 0.7216742472136015 0.4707643988522519 0.7753537588142423 0.9024447238085003 0.7763556021046131
0 0.9075435708730162 0.8151075804621397 0.9074216730095361 0.775371963031531 0.47566748723655766 0.7766964652337712 0.47578938510003754 0.8164320826643798
0 0.9098853490672635 0.858380924615193 0.9097850059958119 0.816397722278088 0.48046723282760595 0.8174238246616682 0.4805675758990575 0.859407026998773
0 0.92969653228348 0.9101243992086528 0.9292567544189575 0.8553816424675933 0.48782638030873515 0.858927888926825 0.48826615817325775 0.9136706456678846
0 0.9518615453695899 0.968592060890318 0.9512555053069057 0.9057684644063982 0.48774753646235364 0.9102397843278084 0.48835357652503786 0.973063380811728