0 0.8511003002913583 0.05872140487746996 0.23967810625000005 0.04980468750000001 0.23906620983324248 0.09176262267076976 0.8504884038746008 0.10067934004823972
0 0.8479561121304042 0.10174065196388218 0.23282998998444068 0.08967536264480423 0.23206142800014087 0.12885905236234887 0.8471875501461046 0.1409243416814268
0 0.854796121936088 0.1408227367904457 0.21910234675340795 0.1307256645155757 0.2185281362041708 0.16687694301070624 0.854221911386851 0.17697401528557624
0 0.8479574479853722 0.17979754590654246 0.2154317309142621 0.16739097511810622 0.2143105031763603 0.22455466611782807 0.8468362202474704 0.2369612369062643
0 0.8443722218606051 0.23446088560608405 0.20523399803476855 0.22447829967032393 0.20459269137251795 0.26553816168164956 0.8437309151983546 0.27552074761740963
0 0.8480225709931262 0.2754175411252971 0.19139622028382872 0.26739131774686625 0.19089442481815005 0.3084432683213438 0.8475207755274475 0.3164694916997746
0 0.8476904797949063 0.31645497225561714 0.1911998482451366 0.31046908095065073 0.19091897667199736 0.34127310779316483 0.847409608221767 0.34725899909813124
0 0.8409230476392124 0.34770688501299074 0.19112877105985965 0.3417498509917952 0.1907706929809191 0.38080906828621386 0.8405649695602719 0.3867661023074094
0 0.8373599312451535 0.3887216893223991 0.1810129337510525 0.38270458276380825 0.18054714033558544 0.43351340702467045 0.8368941378296866 0.43953051358326134
0 0.8337157457151688 0.43754309196606994 0.1808015989142071 0.4343227499884472 0.1805934735796202 0.4765195030673851 0.8335076203805819 0.47973984504500783
0 0.8371499427812619 0.4804820029330078 0.18757416875000005 0.4794921875 0.18750718542485542 0.523450630485474 0.8370829594561172 0.5244404459184818
0 0.8338836055082888 0.5254238178701648 0.18414254578055378 0.521452787102149 0.18383219695610206 0.5722321403392583 0.833573256683837 0.576203171107274
0 0.830281873883199 0.5761774650603988 0.18067182232122414 0.5741923500185343 0.1805672939867695 0.6083982551186182 0.8301773455487442 0.6103833701604827
0 0.8200397813004796 0.6113834579220427 0.1737101555511289 0.6073898682809709 0.17337226125237903 0.6620752804745057 0.8197018870017297 0.6660688701155776
0 0.8232644883903107 0.664075766535644 0.170268697641243 0.6630807397239737 0.17019874624100007 0.7089870101680585 0.8231945369900678 0.7099820369797287
0 0.816300996337373 0.7626846011995536 0.8162167594236467 0.7080025819921549 0.1701986893439064 0.7089977641237529 0.17028292625763264 0.7636797833311516
0 0.8163040463077949 0.8076010319532578 0.8162359888238623 0.7636638956372371 0.17020319029506983 0.7646645836768389 0.17027124777900243 0.8086017199928597
0 0.8128275026024105 0.8544812970239792 0.8127556279213225 0.8085911327861304 0.1701419933698371 0.8095976153475544 0.17021386805092525 0.8554877795854032
0 0.8163970367765561 0.9088064037916335 0.8162846740895369 0.855450484048828 0.17018228235926586 0.8568111165929657 0.17029464504628525 0.9101670363357712
0 0.8581405498225173 0.947154701751232 0.857757794013696 0.8806706638507735 0.1318228355090625 0.8848499500519236 0.13220559131788384 0.9513339879523819