0 0.18281250000000002 0.02031250000000001 0.015625 0.0203125 0.01562500000000003 0.48125 0.18281250000000004 0.48125
0 0.6234375 0.020312500000000067 0.459375 0.020312500000000056 0.459375 0.48125 0.6234375 0.48125
0 0.9890625 0.02031250000000011 0.815625 0.0203125000000001 0.815625 0.4828125000000002 0.9890625 0.4828125000000002
0 0.8015625 0.02343750000000009 0.6359375 0.023437500000000076 0.6359375 0.4937500000000001 0.8015625 0.4937500000000002
0 0.44375 0.02968750000000004 0.2015625 0.029687500000000023 0.20156250000000003 0.69375 0.44375 0.69375
0 0.6250000000000001 0.5078125 0.4578125 0.5078125 0.45781250000000007 0.9734375 0.6250000000000002 0.9734375
0 0.18750000000000008 0.509375 0.014062500000000061 0.509375 0.014062500000000089 0.9734375 0.18750000000000014 0.9734375
0 0.9875 0.5093750000000001 0.8125 0.5093750000000001 0.8125 0.9765625 0.9875 0.9765625
0 0.8015625 0.5156250000000001 0.6359375 0.515625 0.6359375 0.9796875 0.8015625 0.9796875
0 0.3156250000000001 0.71875 0.2000000000000001 0.71875 0.2000000000000001 0.9765625 0.3156250000000001 0.9765625
0 0.4453125000000001 0.725 0.3296875000000001 0.725 0.3296875000000001 0.971875 0.44531250000000017 0.971875