0 1.0002040768210434 0.06922511728808621 0.8263944371914667 0.06461664114399267 0.8023273534868365 0.9723117262097842 0.9761369931164132 0.9769202023538778
0 0.8702570283627142 0.24826387227096264 0.8287467280955614 0.24681770206990464 0.8041083894668954 0.9540268769038868 0.8456186897340483 0.9554730471049447
0 0.8263592513828218 0.23594257842664526 0.7035616076552131 0.2315625926320016 0.6779836078348911 0.9486695095178563 0.8007812515625 0.9530494953125
0 0.6887234239216813 0.14391852970469143 0.6220921516048523 0.1405592607775167 0.5797676371290102 0.9800681869322461 0.6463989094458392 0.9834274558594206
0 0.6982421890625001 0.26335977812500005 0.6787029021456873 0.2625694009526841 0.6503825896456872 0.9626892056401841 0.6699218765625001 0.9634795828125
0 0.6162109375000002 0.17209648906250008 0.5956637397091926 0.171080364834703 0.5556246787716924 0.9807161179597029 0.5761718765625001 0.9817322421875
0 0.5993422077884307 0.15481894074438624 0.5518210666394098 0.15228506029261313 0.5070010951928933 0.9928520207088276 0.5545222363419142 0.9953859011606008
0 0.5093228342028027 0.2935278008743788 0.457161471314769 0.2907487154629048 0.42049488867446644 0.978953156776026 0.4726562515625001 0.9817322421875
0 0.5437341728209402 0.2666634968029317 0.5128151871271067 0.26479293031490597 0.46908101430616667 0.9876842428869745 0.5000000000000002 0.9895548093750003
0 0.4613571177066139 0.2929499199827127 0.4159310607603147 0.28980698438039126 0.368636444616201 0.9733742597101788 0.4140625015625002 0.9765171953125001
0 0.40722656406250024 0.17209648906250002 0.3479863330893401 0.16979236363005415 0.3158576634954954 0.9958367190275386 0.3750978944686555 0.9981408444599845
0 0.3603422422386721 0.3059394597431892 0.32112179826304077 0.3034726488678647 0.2781616159457687 0.9865073478842007 0.31738205992140006 0.9889741587595251
0 0.3212890625000001 0.3311553656250001 0.2651857090855546 0.32776072062664613 0.2264119691706195 0.9685749544278884 0.28251532258506495 0.9719695994262425
0 0.2798713134027239 0.28286111421676435 0.20141052227343784 0.2754779656481604 0.1359270680400273 0.9713712660864247 0.2143878591693134 0.9787544146550285
0 0.19802717723848393 0.3163910450115441 0.14178571983840155 0.3120847491741297 0.09024291759991777 0.9852485135375856 0.14648437500000014 0.989554809375