0 0.7968850011772164 0.5887584725437903 0.7967270320981985 0.49792654302347017 0.1660156265625 0.4990234359375 0.1661735956415178 0.5898553654578201
0 0.7949218750000001 0.4267578140625 0.15625000000000006 0.4228515640625 0.15580260025547546 0.49600142229227356 0.7944744752554754 0.49990767229227356
0 0.8011464400238211 0.3437058212223957 0.8007808073358526 0.2841077896104128 0.1523437515625 0.2880859375 0.15270938425046846 0.34768396911198296
0 0.7930783700200147 0.412958740029314 0.7929687515625001 0.3505859375000001 0.150385746191314 0.35171525917575397 0.15049536464882857 0.41408806170506784
0 0.8359375015625 0.05761718593750008 0.12890624843750004 0.05371093750000002 0.12848798582312443 0.12941650131882448 0.8355192389481244 0.13332274975632458
0 0.8328801169826352 0.20494704683945328 0.8320312484375 0.12988281406250002 0.1366972382219361 0.13774604196477613 0.13754610676707127 0.2128102747417294
0 0.8262870274259771 0.27617337092556654 0.8261718750000002 0.2099609375 0.14061008979343437 0.2111532226742417 0.14072524221941154 0.27736565609980823
0 0.7792968750000002 0.5927734359375001 0.16017761490084742 0.591736386909848 0.1600760214373056 0.6523877816865633 0.7791952815364583 0.6534248307142155
0 0.7773595857146627 0.7508436385862077 0.7771645276005816 0.6562403018915983 0.22247535553752457 0.6573839890762587 0.2226704136516055 0.7519873257708681
0 0.7951027088326539 0.9652008161938035 0.7948532177867694 0.8636581229871266 0.14450010921241194 0.8652560447294839 0.14474960025829645 0.9667987379361607
0 0.7936772630283635 0.866607307059825 0.7934672796874999 0.8227089953125001 0.16304323384663647 0.825724567940175 0.16325321718750002 0.8696228796875
0 0.8024066803643747 0.8212228415085944 0.801867221875 0.7456690671875 0.15833218994812515 0.7502639459914053 0.15887164843749996 0.8258177203124998