0 0.750358138673423 0.07284053837290172 0.7499715668379825 0.018563955444886704 0.23236381988821111 0.02225049144222304 0.23275039172365147 0.07652707437023806
0 0.7507815608804425 0.12743519621973337 0.7498711198844135 0.06695207186007777 0.23545959059596022 0.07469541101546429 0.2363700315919893 0.1351785353751199
0 0.7543327106328185 0.17060625524348688 0.7539062484374999 0.13043316249999998 0.23825607180652258 0.13590710765395117 0.2386825340018411 0.17608020039743805
0 0.7879531363533727 0.229397339174542 0.787109375 0.17358398593750002 0.2324003905319679 0.18196982868511224 0.23324415188534067 0.23778318192215425
0 0.7877085836712026 0.29417477598895214 0.7871034900192486 0.233800225597984 0.23576822800647962 0.23932588939145147 0.23637332165843347 0.2997004397824196
0 0.7897465378232752 0.35101740655037905 0.7890015850821543 0.2944915146639982 0.23428118560869474 0.30180215529880755 0.23502613834981562 0.3583280471851884
0 0.7896678251647528 0.4039193613174706 0.7889405480867178 0.35105214676961344 0.23173081394247425 0.35871749987676965 0.23245809102050932 0.4115847144246268
0 0.8106211917845819 0.45209606210286274 0.8105316511816978 0.4001140448609135 0.22848861387832722 0.4011166316636149 0.22857815448121124 0.45309864890556406
0 0.826171875 0.4511222203125002 0.21875000000000008 0.45112222031250016 0.21875000000000008 0.5148677500000001 0.826171875 0.5148677500000002
0 0.8106448418839645 0.5776256838538594 0.8105350297318914 0.5138752968350301 0.22060180852532243 0.51489147633808 0.22071162067739541 0.5786418633569093
0 0.8127277549975711 0.5786172207337962 0.2051583972447752 0.5766297825879081 0.20492738203769362 0.647252237575053 0.8124967397904894 0.6492396757209411
0 0.816417367715269 0.6492348239688107 0.20508130707572741 0.6482430207874517 0.2049747100559655 0.7139481963323425 0.8163107706955071 0.7149399995137016
0 0.8165153776331093 0.7159569317769826 0.20513634966262626 0.7119440604028561 0.20465364021949145 0.7854870182057786 0.8160326681899746 0.7894998895799051
0 0.8145417646851664 0.7904527554310292 0.2110664549115223 0.7894608861774022 0.2109262195452523 0.8747832013832785 0.8144015293188966 0.8757750706369054
0 0.818359375 0.8728234234375 0.2070312484375001 0.8728234234375 0.2070312484375001 0.977758375 0.818359375 0.977758375