0 0.5284109558830736 0.7840546848139135 0.46624637031250005 0.07502075625000001 0.4450861121629373 0.07687598295416942 0.5072506977335108 0.7859099115180829
0 0.37968642970554367 0.7763490298548119 0.33779892812500006 0.134241496875 0.29870400665928926 0.13679183073743995 0.34059150823983286 0.7788993637172519
0 0.5818001779261281 0.7913296628716592 0.5282977718749999 0.1273937359375 0.4763155367526627 0.1315826561903971 0.5298179428037908 0.7955185831245563
0 0.47638645519235145 0.7783760362681139 0.41453686718750005 0.144379565625 0.37950799020369974 0.14779681116190813 0.44135757820855115 0.7817932818050221
0 0.2259806152880935 0.784974099496734 0.20753609687500002 0.1420722484375 0.18282989586091175 0.14278105644415162 0.2012744142740052 0.7856829075033857
0 0.510306500934202 0.7839609202506743 0.44620893749999996 0.14579505312500002 0.4180243522180251 0.14862592098560012 0.4821219156522272 0.7867917881112744
0 0.20059432459578685 0.7939184957681676 0.179440190625 0.15214035937499998 0.157464906323232 0.1528647033216142 0.1786190402940189 0.7946428397147818
0 0.6254378161536187 0.8037230099706143 0.5696653750000001 0.15711894218750005 0.529351998218977 0.1605961480175404 0.5851244393725956 0.8072002158006548
0 0.17103890811409078 0.8127725334538392 0.15185512031249998 0.16444583125 0.12838269537838093 0.16514037308761714 0.14756648317997173 0.8134670752914562
0 0.40365286947468126 0.7874422456730276 0.35669980937500007 0.23604129687500003 0.3291584633378189 0.2383865058894726 0.37611152343750004 0.7897874546875002
0 0.4229423034018732 0.8139390670912634 0.37704747812500006 0.21232289374999996 0.3581756018400277 0.21376255163009864 0.404070427116901 0.8153787249713622
0 0.30080478908964486 0.7524062743088147 0.2821179515625 0.28861921093750004 0.2529125701532938 0.28979594970495287 0.2715994076804386 0.7535830130762675
0 0.265260409375 0.7752446250000001 0.24840286562499997 0.2785511 0.21800827443337562 0.2795826780757887 0.23486581818337565 0.7762762030757887
0 0.3318175227712695 0.7816781806253075 0.30817051875 0.29197524843750006 0.2937349046824593 0.29267232211516736 0.31738190870372884 0.7823752543029747
0 0.1467467734375 0.794262175 0.13448674218750006 0.2830258140625 0.1188208399008149 0.2834015002739463 0.13108087115081485 0.7946378612114463
0 0.31821536015641705 0.780406129067466 0.29233464687500005 0.3009246828125 0.2753454533998342 0.3018416994116772 0.3012261666812512 0.7813231456666433
0 0.927107309375 0.24629455625000007 0.8805687578124999 0.24629455625000007 0.8805687578124999 0.8860942109375 0.927107309375 0.8860942109375
0 0.11405335625000002 0.8255851906249999 0.107923340625 0.327772978125 0.09116476838384596 0.3279793417036978 0.09729478400884597 0.8257915542036978
0 0.9742967475158139 0.29024174813794884 0.9355008313709279 0.29011180338579223 0.9335572088551141 0.8703939224353434 0.972353125 0.8705238671875
0 0.8773421844284239 0.3045619555622684 0.8217240440436164 0.30431417476415323 0.8191332971151924 0.8858464301393848 0.8747514375 0.8860942109375001