0 0.7364663184960081 0.06662832092595536 0.705031029758479 0.06254242815587925 0.5960711693071507 0.9008377204781418 0.6275064580446796 0.904923613248218
0 0.8563362107732251 0.14297299568896144 0.8042060549863 0.13805264474048973 0.7338395894423997 0.8835715821890859 0.7859697452293247 0.8884919331375578
0 0.968751773401282 0.8626056997845264 0.9644852689476489 0.16369564131098835 0.913508876155466 0.16400682728440674 0.9177753806090992 0.8629168857579449
0 0.6571847660606763 0.14575592400532722 0.6095716538492686 0.13909553299161334 0.5045592509498984 0.8897973029841321 0.5521723631613062 0.8964576939978459
0 0.7984146998725034 0.14051411385549634 0.7320648289551311 0.1322090880203378 0.6359577208335698 0.9000205728579151 0.702307591750942 0.9083255986930737
0 0.693204197472831 0.14461817479360337 0.6521528233940079 0.13915261635263837 0.5506482150203872 0.9015456442706175 0.5916995890992103 0.9070112027115822
0 0.5298781439153404 0.15911874127477663 0.4844307477053694 0.15245309299550694 0.37353577722752906 0.9085517423457302 0.41898317343749997 0.9152173906249998
0 0.6027803361897954 0.20350460596656367 0.5721387514005457 0.1990936626461241 0.4722935120857503 0.8926905066795607 0.502935096875 0.8971014500000003
0 0.9170048078125002 0.23928985468750014 0.8493341753776917 0.23848147971071026 0.8416487940159424 0.8818396144683376 0.9093194264507508 0.8826479894451275
0 0.5566508299827837 0.25570696331709303 0.512563673123543 0.24970301338573853 0.4246964962657594 0.8949139250686458 0.46878365312500014 0.9009178750000002
0 0.45122396115444036 0.3395060952795127 0.4299687500000001 0.33653140156250005 0.34767663649485525 0.9245368956721963 0.36893184764929554 0.9275115893892091
0 0.4258728952460781 0.3478023413835206 0.4028987065709434 0.3446514895209495 0.32425480781250005 0.9180772953125 0.3472289964876347 0.9212281471750712