0 0.7367435418364934 0.06675694920348535 0.7068011390209905 0.06279198357515012 0.5958075971844974 0.900986724996665 0.6257500000000003 0.9049516906250001
0 0.8570617627278867 0.1402140958944208 0.8045576921875 0.1352657000000001 0.7341382998610743 0.8824380809096433 0.786642370401461 0.8873864768040638
0 0.9689047380904944 0.8648079818277719 0.9660256500841781 0.16174376930400852 0.9146070257358326 0.16195433150021415 0.917486113742149 0.8650185440239774
0 0.7986626636601281 0.13741866487516533 0.729863158295546 0.1286718007304694 0.6318117123654705 0.8999071679062526 0.7006112177300526 0.9086540320509485
0 0.6522309422839379 0.14660296909929252 0.6052994353263537 0.14017749317726916 0.5025075888438361 0.890966433470749 0.5494390958014203 0.8973919093927722
0 0.6931025526685228 0.14466020751737163 0.6540091630475517 0.13941809776074746 0.5516083532527352 0.9030790931744921 0.5907017428737064 0.9083212029311163
0 0.5252331315623273 0.16132558181452444 0.4824132561990421 0.15522805594005545 0.3749060855742149 0.9101971600630308 0.41772596093750014 0.9162946859374997
0 0.5988366010209669 0.20397639220547567 0.5713485578124999 0.2000434781250001 0.47267301460403316 0.8897095984195247 0.5001610578125002 0.8936425125000003
0 0.9169424609242052 0.23612377780085372 0.8481658656249997 0.2352898546875001 0.8403595604674606 0.8791035132909457 0.9091361557666661 0.8799374364042993
0 0.5531185035978952 0.2560163851280771 0.5145227124822955 0.250783492010791 0.42674820638201727 0.898174223445835 0.4653439974976168 0.9034071165631211
0 0.4550093053843189 0.342078486814599 0.42819951874999995 0.3381642515625 0.3430234376541569 0.9215611128785008 0.36983322428847576 0.9254753481305998