0 0.287862684375 0.8273237703124998 0.21467661250000006 0.0445969734375 0.1904445211749966 0.046862708537503836 0.2636305930499966 0.8295895054125036
0 0.259731276778572 0.7949239491723736 0.19651364687499998 0.101350578125 0.15836995360247003 0.1048272887155706 0.22158758350604205 0.7984006597629443
0 0.214142409375 0.7847585671875 0.162324534375 0.15337471718749998 0.14433078322635448 0.15485147011331782 0.19614865822635447 0.7862353201133179
0 0.11121127067344719 0.8211415222386442 0.10089096875000003 0.1214508125 0.062100497523206566 0.12202296440832368 0.07242079944665372 0.8217136741469678
0 0.18117109496851705 0.7804071260423785 0.14843520625 0.17938678593749996 0.10873781649141805 0.1815489911855383 0.14147370520993507 0.7825693312904167
0 0.34250873864563036 0.8573304330484348 0.2745075625000001 0.11553897812499998 0.2177528288400671 0.12074177281222886 0.28575400498569736 0.8625332277356638
0 0.8865265269534082 0.17775193132060166 0.85576909375 0.17377326250000014 0.7648983972719352 0.8762568073979871 0.7956558304753434 0.8802354762185886
0 0.9445834877136295 0.20284303855617938 0.9182941218750003 0.1993389250000001 0.8257209419738709 0.893862705193821 0.8520103078125002 0.8973668187500004
0 0.4270331246846479 0.9125829702808985 0.345556815625 0.18884571718749998 0.3255338964824614 0.1910998412378524 0.4070102055421093 0.914837094331251
0 0.9687693508606501 0.21171818730379913 0.9440968431449921 0.2086414758892631 0.8567314822084873 0.909234495957165 0.8814039899241453 0.912311207371701
0 0.389361615625 0.8935363109375002 0.3305990765625 0.236140390625 0.2824060824843367 0.24044820971780898 0.3411686215468367 0.897844130030309
0 0.503831853700201 0.8572475806891807 0.44758995000000007 0.27870558749999996 0.41457870049809864 0.2819147158560502 0.47082060419829963 0.8604567090452312
0 0.46099148609729645 0.9064815047494628 0.39310105000000006 0.26215245937500004 0.3610060039176571 0.2655341890839669 0.4288964400149535 0.9098632344584298
0 0.9660896328125002 0.3020574125000001 0.9462163903005235 0.3017437278000284 0.9372623481130236 0.8690198871750283 0.9571355906250002 0.8693335718750002
0 0.9019871216718333 0.31694877155744683 0.8798748406250001 0.31427524531250006 0.8069093437871547 0.9177604648235486 0.8290216248339879 0.9204339910684952