0 0.7073063358891457 0.05610902743245316 0.672397809375 0.05361216875000008 0.6087293859858545 0.9437590006925468 0.6436379125000001 0.946255859375
0 0.5757734110037617 0.12703511697053238 0.5550363373080315 0.12577063955688944 0.5077496265132198 0.9012593877154034 0.5284867002089498 0.9025238651290464
0 0.6644301219732311 0.11829025901899386 0.5830056172191362 0.1124073828269756 0.5243425171642121 0.9243595153217787 0.605767021918307 0.9302423915137972
0 0.7454931309448839 0.1264246090382152 0.6914004933815934 0.12322229429867586 0.6443074389992096 0.9187054774479607 0.6984000765625 0.9219077921875
0 0.3585084365024973 0.1336403002015343 0.3181215948180859 0.13041374139388198 0.2543616009205375 0.928497685573709 0.2947484426049489 0.9317242443813614
0 0.4333332973564463 0.15000150312024552 0.39768298125 0.14676806250000007 0.32504960420605383 0.9475877328172544 0.36069992031250014 0.9508211734375
0 0.7691531678603881 0.175485191603826 0.7393680554956148 0.17524214490273485 0.733264825135227 0.9231864751739091 0.7630499375000002 0.923429521875
0 0.9077133105694377 0.9612349143886189 0.8907729980668219 0.1400894006472419 0.8435004718749999 0.1410646375 0.8604407843776158 0.9622101512413769
0 0.25018000872457746 0.2194377894690321 0.2120143049161995 0.21709136777068241 0.170001252108599 0.9004543500804566 0.20816695591697698 0.9028007717788065
0 0.46542210964779124 0.16830926498160748 0.43069366937426456 0.1654444252342149 0.3643358928767464 0.9698531464813749 0.39906433315027307 0.9727179862287676
0 0.5500430963524212 0.22790511517203554 0.4737286078125001 0.22281368593750012 0.42661503177257903 0.9289903395154646 0.5029295203125002 0.9340817687500002
0 0.38294980269258955 0.24990408395050384 0.35300617343750007 0.24752851718750007 0.29903054497776 0.9278824573837753 0.32897417423284947 0.930258024146779
0 0.9830092626450924 0.985489025587549 0.966827698029727 0.200769776698005 0.9014765468749998 0.20211737187500006 0.9176581114903651 0.9868366207645443
0 0.2955887637549624 0.30561807438742833 0.2524627958469387 0.3026104394235488 0.2103313524044764 0.9067260650361204 0.2534573203125001 0.9097337
0 0.46747901502991773 0.29584497414418975 0.4532587158220185 0.29467505856381193 0.40200241641710077 0.917694296919622 0.416222715625 0.9188642124999999
0 0.8444326046875 0.9782126999999997 0.8436670351462687 0.2614073770221538 0.7889098125 0.261465859375 0.7896753820412312 0.9782711823528458