0 0.22651928143310585 0.7890672958284177 0.212618184375 0.14071410625 0.19156132753208094 0.1411655784034761 0.20546242459018677 0.7895187679818939
0 0.19906855703067397 0.7909968355489096 0.1846020765625 0.151102396875 0.16356191158486164 0.15157806460595719 0.17802839205303558 0.791472503279867
0 0.1679514485874137 0.8042069940291434 0.15227924218750002 0.1651485390625 0.13372076121618517 0.16560366541595148 0.14939296761609885 0.8046621203825948
0 0.2664720968750001 0.2899269890625 0.23093472523742192 0.2897485819295224 0.22854686681833208 0.7653921878821064 0.2640842384559103 0.765570595015084
0 0.30212616093750005 0.29487287812499996 0.2886269187846733 0.2946693093208202 0.2815777312500001 0.7621215296875 0.29507697340282685 0.76232509849168
0 0.28273371918374723 0.289004712429732 0.27018157408715987 0.28896835206223204 0.26879056427841264 0.7691658349450001 0.28134270937500006 0.7692021953125
0 0.3153827691914447 0.29476617926002463 0.2998587273889771 0.2946153839241602 0.29514322187500014 0.78006610625 0.3106672636774678 0.7802169015858644
0 0.14786586562499998 0.7980095125 0.13550024475541475 0.2820958539650568 0.12078846672044312 0.2824484716298315 0.13315408759002834 0.7983621301647748
0 0.33095536700642797 0.29478349175321383 0.3171907359375 0.29464966718749996 0.3124162912361046 0.7857289359535539 0.32618092230503254 0.7858627605192677
0 0.9563357281250002 0.26631796250000017 0.9235070354344833 0.2660661024480901 0.9191290536753645 0.836714034443777 0.9519577463658815 0.8369658944956871
0 0.919799175 0.2729149781250001 0.879603659396625 0.2726598763540832 0.875970818771625 0.8450741779165833 0.916166334375 0.8453292796875
0 0.9774745878017059 0.8493960823781095 0.975378556358239 0.2738759000845094 0.9547002810565332 0.27395120989390015 0.9567963125000001 0.8494713921875
0 0.11805177970607131 0.8260348136536955 0.10823715973385528 0.3236345273348443 0.09255267846528399 0.32394093086864856 0.1023672984375 0.8263412171874999