0 0.6410954895804937 0.07509346530873942 0.6092629180598002 0.07182812654230261 0.5200544472293065 0.9414882846710633 0.55188701875 0.9447536234375
0 0.820705462989409 0.14203194769913471 0.7910697109375 0.14119323593750005 0.769432361028 0.9057456916328507 0.799068113079909 0.9065844033944852
0 0.7303144413006363 0.14447831920167203 0.6568164387688412 0.1387296186906054 0.5963276040829747 0.9120884875912664 0.6698256066147698 0.917837188102333
0 0.6078361091479627 0.15190126003904483 0.5699131902666348 0.14759445415888345 0.4815386444543141 0.9257629681967728 0.5194615633356421 0.9300697740769343
0 0.5742851563526686 0.16290108647390908 0.5194434394328192 0.15575761451784242 0.41793635979895216 0.9350456919230439 0.47277807671880157 0.9421891638791106
0 0.9186177890625 0.18826087031250013 0.8601970275748643 0.18774457835807148 0.8537827500705386 0.9135489860800752 0.9122035115581744 0.9140652780345038
0 0.9509817315821939 0.28942558330092066 0.9296322109374999 0.28925120781250013 0.9251309513767069 0.8403592493768699 0.9464804720214008 0.8405336248652905
0 0.9670336531249999 0.8471642515625 0.9658737082168907 0.29412565164248006 0.9440746872353334 0.29417137297801244 0.9452346321434426 0.8472099728980323
0 0.7876385157430532 0.25587029154230095 0.7194988574065617 0.2538996562464875 0.7006682687500001 0.9050144921875003 0.7688079270864916 0.9069851274833136
0 0.5034475732055842 0.22722731932266665 0.4711769199544317 0.22277062214362556 0.37265963581134776 0.9361278434459589 0.4049302890625002 0.940584540625
0 0.8562980765625003 0.3078792265625001 0.8247703241869052 0.30752399818631926 0.8183811254870829 0.8745875775438956 0.849908877862678 0.8749428059200763