0 0.7362346889937984 0.06821276518728876 0.7043897093300312 0.06408117028251138 0.5953930015862328 0.9041920769702226 0.6272379812500001 0.9083236718750001
0 0.9702012795477877 0.8645067005983245 0.9693822109375002 0.16544444375000003 0.917741855816437 0.1655049490819492 0.9185609244267244 0.8645672059302738
0 0.8546222997456285 0.1488694362155833 0.8010703875141024 0.1439225402160305 0.732400642946456 0.8872969985390562 0.7859525551779821 0.8922438945386089
0 0.6554212281083173 0.15200070333288743 0.6084206028703706 0.14534965547905723 0.5027710091370534 0.8919383240211699 0.5497716343750001 0.8985893718750001
0 0.6939224050426177 0.14922424362159442 0.655959976937716 0.1440697232175337 0.5523686428620626 0.9070075455297252 0.5903310709669644 0.9121620659337859
0 0.7945064459322966 0.14861346937973446 0.726578102405867 0.14031431159093954 0.6328274966227553 0.9076600492565458 0.7007558401491849 0.9159592070453406
0 0.5254659364688655 0.16920847372323938 0.4785968683174852 0.16264889305524116 0.3727986949316027 0.9185907816741254 0.41966776308298304 0.9251503623421236
0 0.5961554523222848 0.2104903854909932 0.5688198409104335 0.2066420446924604 0.4723936275275581 0.8915786542452088 0.49972923893940946 0.8954269950437416
0 0.9137119468117814 0.23885138336655598 0.8459514990179345 0.23842343948291211 0.8418846156250002 0.88237198125 0.909645063418847 0.8827999251336438
0 0.5559754769154035 0.25989793231998237 0.5146255810215918 0.25423941606395745 0.42580252015675024 0.9033184596772438 0.46715241605056185 0.9089769759332688
0 0.44853453258183035 0.3430117124194241 0.43128365312500005 0.3406183578125001 0.35015296741816976 0.925394084455576 0.3674038468750001 0.9277874390624999
0 0.42369343355447864 0.35245980729112464 0.40333587142485844 0.34977411584694607 0.32762378240632445 0.9236723421301803 0.34798134453594465 0.9263580335743591