0 0.28530263524258415 0.8193522487994471 0.2128948562500001 0.046403149999999976 0.1913468452884163 0.04842170933056848 0.2637546242810004 0.8213708081300156
0 0.26129112141496885 0.8046308469369539 0.19578132656250008 0.10267744374999999 0.15570451338614785 0.10641761196857946 0.22121430823861665 0.8083710151555333
0 0.21448239749986292 0.780922514747206 0.16149668749999999 0.15790249218750002 0.14341173062513707 0.15944055556529407 0.19639744062499997 0.782460578125
0 0.11072820919583201 0.8310344971113162 0.09825607500000001 0.12019241250000001 0.060003732859311064 0.12086357189645644 0.07247586705514306 0.8317056565077726
0 0.6036152607177476 0.8146935054552215 0.4983474640625 0.13891937500000004 0.47435536696406266 0.14265671131530105 0.5796231636193102 0.8184308417705225
0 0.18186210519973878 0.7772766343151857 0.14690269218750002 0.1776552734375 0.10234844658885645 0.18025289649591109 0.1373078596010952 0.7798742573735968
0 0.3435587106156972 0.8625526477244521 0.2718813671875 0.11209072187500002 0.21392990374827198 0.11762572212487739 0.28560724717646924 0.8680876479743294
0 0.5430282359367675 0.8344302511938405 0.4513198455782278 0.1426979794794297 0.41555346003870114 0.14743981064865283 0.5072618503972408 0.8391720823630637
0 0.6335376749967724 0.8309763885116859 0.5209940859375 0.1494175296875 0.4948236062532275 0.153738975550814 0.6073671953125 0.8352978343749999
0 0.6536508313304231 0.7565577828021864 0.5678024921875001 0.22629821406250006 0.5479220731432378 0.2295168282224891 0.6337704122861608 0.7597763969621756
0 0.6738625582551616 0.7900032137297976 0.5847906461459507 0.2495830241756439 0.5705236031249857 0.2519345144170987 0.6595955152341966 0.7923547039712523
0 0.9177416843750003 0.8284514656249999 0.9093150500000002 0.21839119843750004 0.8760286690553085 0.21885097622827634 0.8844553034303086 0.8289112434157764
0 0.6936684700879374 0.8143406392602885 0.6036157265625 0.2577927328125 0.586240173806514 0.26060420003359586 0.6762929173319515 0.8171521064813845
0 0.43240347835987186 0.9120742625965225 0.345087865625 0.19257666874999996 0.32322181591164034 0.19523025306375158 0.4105374286465121 0.9147278469102741
0 0.9877807897998284 0.9262215478644189 0.9714615656250001 0.19972779218750003 0.9265342334038895 0.2007369945383312 0.9428534575787179 0.9272307502152499
0 0.3914344234375001 0.8901216250000001 0.32928790937499997 0.2369022734375 0.2758282119260291 0.24198836562283174 0.3379747259885292 0.8952077171853317
0 0.5734652862749432 0.8763826741786527 0.48623416875 0.25789859843749996 0.4629974554699573 0.2611759091178046 0.5502285729949005 0.8796599848589572
0 0.5030875328101323 0.8551285423784976 0.4393609546875 0.29872480156250003 0.4038185258595018 0.30279558182730154 0.46754510398213417 0.859199322643299
0 0.4645816024118331 0.9053008422662752 0.3893277359375 0.26956327343750003 0.355849610163273 0.273526163992271 0.4311034766376062 0.9092637328210461