0 0.5287898835442991 0.7861896308316342 0.46590127812500004 0.0787809625 0.4436067544524354 0.08076294486043926 0.5064953598717346 0.7881716131920735
0 0.3747735321681838 0.7799242717292266 0.33703737094090513 0.14188004523864012 0.2998423419686839 0.1440798889984829 0.33757850319596266 0.7821241154890695
0 0.4809658463086649 0.7810087919692383 0.41714817968749995 0.14408623281250002 0.38031038337883516 0.14777726584326165 0.44412805000000005 0.784699825
0 0.5122051457367585 0.7798490731554963 0.4446013828125001 0.14823259218749998 0.4186507511382418 0.1510101643445036 0.48625451406250003 0.7826266453124999
0 0.5845207435171815 0.7957099483739573 0.522788303125 0.138903275 0.4757567482245875 0.1433237122110395 0.537489188616769 0.8001303855849967
0 0.22493872603964477 0.7903107552024301 0.20320253906250002 0.149269190625 0.18316968448325716 0.14994845683312397 0.2049058714604019 0.7909900214105541
0 0.194209246875 0.7940291531249999 0.17811599062500005 0.151342375 0.15392459068882414 0.1519481419326183 0.17001784693882407 0.7946349200576182
0 0.6311272013472475 0.8040940880845359 0.570594740625 0.16585465156250004 0.5295975005923871 0.1697429475216436 0.5901299613146346 0.8079823840436795
0 0.1694254864005173 0.8059032302805132 0.14971612812500001 0.1679278359375 0.12893452426322408 0.16856985454775283 0.14864388253874136 0.8065452488907662
0 0.6789913301525629 0.7868262194995264 0.6387544140624999 0.21975741875 0.5879504412101273 0.22336226385874308 0.6281873573001903 0.7904310646082695
0 0.42359586178943187 0.8175858728721964 0.37738837031249994 0.21146468281250003 0.35624195181267193 0.21307677453379786 0.4024494432896038 0.8191979645934943
0 0.2991441483784617 0.7546297816497223 0.27751551406249997 0.2778065390625 0.252379046185306 0.2789467256623831 0.27400768050126767 0.7557699682496054
0 0.4036822801369949 0.7938942671030202 0.35689566153081625 0.23675520950013357 0.33060175170632145 0.2389632814596133 0.3773883703125 0.7961023390624999
0 0.264387292277946 0.7685646626862761 0.24722232656249993 0.27987972499999997 0.21885745928263592 0.2808760355813885 0.23602242499808196 0.7695609732676647
0 0.33023812562444055 0.7854104936556349 0.306388709375 0.28713586718749995 0.2939617251979812 0.28773067234638133 0.3178111414474218 0.7860052988145162
0 0.14592947812499998 0.7898827828125002 0.1326691045006084 0.28375491328996255 0.11950634589234047 0.2840997729738167 0.13276671951673205 0.7902276424963544
0 0.317863542454387 0.7828683821098924 0.293135440625 0.29335542343749993 0.27740062942061294 0.2941502788276075 0.30212873124999995 0.7836632375
0 0.9531305078125 0.2705504078125001 0.921890659375 0.2705504078125001 0.921890659375 0.8417123703125 0.9531305078125 0.8417123703125
0 0.9167000560369531 0.27379760254468477 0.8784401830726173 0.273480536933239 0.8736882638503068 0.8468881195258502 0.9119481368146427 0.847205185137296
0 0.9797550742216513 0.8507747838480201 0.9730104140625 0.2736601796875 0.9501724960908484 0.2739270833394799 0.9569171562499997 0.8510416875000001
0 0.11331401963331286 0.8259758917003073 0.10569633906250002 0.32445316406249997 0.09227997705682978 0.32465694657234345 0.09989765762764265 0.8261796742101506