0 0.6175238078760669 0.18336674008241988 0.5804927890625 0.1750000000000001 0.44681994212393333 0.7666332599175802 0.48385096093750013 0.7750000000000001
0 0.8351251681854819 0.17624970964089925 0.8122382437057214 0.1750039482985723 0.7761948067702396 0.8371881011576731 0.7990817312500001 0.8384338625000002
0 0.5352787453683889 0.1559792449280235 0.5101215839769055 0.1506577397463536 0.35830437767101675 0.8683663260683302 0.38346153906250013 0.87368783125
0 0.5613659999899576 0.21447658273581416 0.5306304996513443 0.20806855687637754 0.40158696465236793 0.8270138764893081 0.4323224649909812 0.8334219023487448
0 0.8076658254417378 0.20218143360210933 0.7846360820612027 0.20099485096274003 0.7502111489549722 0.869129837119279 0.7732408923355073 0.8703164197586484
0 0.8556514166052039 0.20137998436430388 0.8332448610657256 0.20017331960244658 0.7968885216760817 0.875274112711146 0.8192950772155602 0.8764807774730032
0 0.6995504529873198 0.24025461654056346 0.662091346875 0.23223809531250006 0.5273969751488925 0.8616296505369313 0.5648560812612121 0.8696461717649946
0 0.9571085524405968 0.26776643197597594 0.9275049998196401 0.26749647225777673 0.9222524420669116 0.8434874788595457 0.9518559946878682 0.8437574385777449
0 0.9226264514109539 0.2702838546536905 0.8853939175363129 0.2697384175641048 0.8768387912361006 0.8537269945353886 0.9140713251107417 0.8542724316249742
0 0.8848229079366267 0.3094703594872299 0.8703164870105559 0.30918128452454197 0.8601514421875004 0.8192857140625002 0.8746578631135712 0.819574789025188
0 0.979662719644279 0.8549246550486898 0.9765138856266613 0.27346998936221756 0.9518535691073824 0.2736035358760278 0.9550024031250001 0.8550582015624999
0 0.6042544164222697 0.28981253400605633 0.579620508564689 0.2848049837247601 0.46280359214241945 0.859468640343704 0.4874375000000001 0.8644761906250003
0 0.7084463018792728 0.36307241811172125 0.691040172824958 0.35983418872093365 0.60479058888514 0.8234429105762764 0.622196717939455 0.826681139967064
0 0.6282999588455268 0.32457100560792657 0.5950799661265762 0.3182754287128632 0.4912655838435496 0.8660747934174367 0.5244855765625002 0.8723703703125001
0 0.716394192959244 0.384633319364188 0.6979524054790734 0.3815347644690948 0.6201784047073297 0.844425254479907 0.6386201921875002 0.8475238093750003
0 0.8665025927566194 0.3482975035993063 0.8458283304688935 0.3472632976827488 0.8185156408372742 0.8932567987709428 0.8391899031250002 0.8942910046875001
0 0.7722747202288047 0.3722170812121587 0.7354096040035426 0.3704713352670572 0.7107980765625002 0.8901957671874999 0.7476631927877624 0.8919415131326014
0 0.7375678958718223 0.40495243482948523 0.7168843426260907 0.4013270273097021 0.6369558701917686 0.8573322643552169 0.6576394234375 0.860957671875
0 0.6821704085852298 0.4011853273004428 0.6655406882353527 0.39771184445611657 0.5677652698372702 0.8658235173576457 0.5843949901871474 0.869297000201972