0 0.5956661216762085 0.14165035204261178 0.570696646875 0.13963224531250007 0.5192325923862917 0.7763827167073885 0.5442020671875001 0.7784008234375002
0 0.6957912862196204 0.12615235712626188 0.6666808248989633 0.12431251528967353 0.6225695822232815 0.8222521958535707 0.6516800435439386 0.8240920376901588
0 0.10106871635512149 0.8260563541678423 0.10022122021355961 0.12307280472770406 0.062027311950378736 0.12311885017202488 0.06287480809194061 0.8261023996121631
0 0.6684550104972858 0.08116479721101726 0.642304875 0.07952966250000007 0.5921066379402141 0.8823324481014829 0.6182567734375001 0.8839675828125001
0 0.7181191564104892 0.14058393479842365 0.6941875434590743 0.13927314571168228 0.656655528125 0.8245105140625 0.6805871410764148 0.8258213031492414
0 0.7440917212653668 0.14159286668255425 0.7153251031539363 0.14005743006810814 0.6775939738036363 0.8469553760472204 0.7063605919150668 0.8484908126616666
0 0.6397877662318586 0.15638863635663208 0.6027698081877542 0.1533004718796519 0.5429144947201807 0.8707886429844628 0.5799324527642852 0.8738768074614429
0 0.9227039109375001 0.8269373046875002 0.9199390013494512 0.2214350432088335 0.8859374640625 0.2215903046875 0.8887023736505488 0.8270925661661666
0 0.7539556789574584 0.2552599952842802 0.7345501296875 0.2542072625000001 0.7047220491675417 0.80404317034072 0.7241275984375001 0.8050959031250002
0 0.8321372115565924 0.22500220885003014 0.7847467906250001 0.2238507062500001 0.7694427181309078 0.8536942145874701 0.8168331390625001 0.8548457171875
0 0.7857347066758662 0.28134035952367287 0.768011853125 0.2809023421875001 0.7546774620741339 0.8204322654763272 0.7724003156250001 0.8208702828125001
0 0.9883503788115332 0.9244244298958323 0.9736210718427021 0.19272975326962527 0.92526255 0.1937032296875 0.9399918569688313 0.925397906313707
0 0.8881311156250004 0.2572909468750001 0.8646023369753373 0.2572079640096815 0.8624089976162141 0.8791025694353147 0.8859377762658772 0.8791855523006333
0 0.7680118531250002 0.31245098906250013 0.7533501140564925 0.3120357999081419 0.7379906531189925 0.8544305280331418 0.7526523921875001 0.8548457171875
0 0.8651828756294103 0.272882671466963 0.8322601540295607 0.2725098673785203 0.8250519221501506 0.9090764146615573 0.8579746437500002 0.9094492187500001