0 0.7652304764058454 0.15086445738911966 0.7365198736164773 0.14739404798961475 0.6592632307301399 0.7865361581585608 0.687973833519508 0.7900065675580658
0 0.20542506562500013 0.1449709046875 0.17064625422639917 0.14396179734808684 0.15175058437927708 0.7951996906781129 0.18652939577787797 0.7962087980175261
0 0.7991682061332477 0.16367529394227592 0.7638833666464306 0.15944034550487404 0.6871416691819942 0.7988385618004584 0.7224265086688113 0.8030735102378603
0 0.8137293896845534 0.21186135118993507 0.7903831564591121 0.20940343409195278 0.7278203114299203 0.8036491767566172 0.7511665446553617 0.8061070938545993
0 0.8422525383572378 0.19231103613024975 0.8206442278909469 0.1896742046306528 0.7424210473462092 0.8306976341254032 0.7640293578125 0.833334465625
0 0.8677689461900586 0.19476406953321104 0.84660470363425 0.19216120209911206 0.7677586387023034 0.833268475150996 0.788922881258112 0.8358713425850949
0 0.9297262577622017 0.2534291199416233 0.890484945703132 0.25085931372177217 0.8508293676284303 0.856405717217649 0.8900706796875001 0.8589755234375002
0 0.8898909842984887 0.3108493041312229 0.8755840311592239 0.30943211531696957 0.8265180734232354 0.8047679174357467 0.8408250265625001 0.8061851062500003
0 0.9605061628392212 0.2690485507001582 0.9327089429979913 0.2675510209931116 0.9005559020337703 0.8643773437304537 0.9283531218750001 0.8658748734375001
0 0.9829723844016535 0.2773465091279145 0.9608802188885376 0.27668768898512097 0.9435103434044801 0.8591503964987453 0.965602508917596 0.8598092166415388
0 0.8708081530569218 0.31909999496251434 0.854024708806361 0.317137261423938 0.7947696901244392 0.8238302398989239 0.811553134375 0.8257929734375
0 0.10696357031250003 0.311962703125 0.07348742343750003 0.31104516875000005 0.05746981091056019 0.8954461069041525 0.0909459577855602 0.8963636412791525
0 0.4993500249315316 0.7022430599000876 0.4890779687499999 0.6037395875 0.1842593953809684 0.6355264213499124 0.1945314515625 0.73402989375
0 0.3868510151066272 0.8229628369000638 0.38555848278858285 0.7910907931572845 0.1576251895569556 0.8003343531322205 0.15891772187499997 0.8322063968749998