0 0.842382536144959 0.1400036624085758 0.8181490390625001 0.13903703750000013 0.7915958294800414 0.8047317875914246 0.8158293265625002 0.8056984125000002
0 0.6471575827165741 0.1711210754593572 0.61298798125 0.1675555562500001 0.5429469805711633 0.8387826452066791 0.5771165820377375 0.8423481644160363
0 0.8618812857710013 0.17205879707778376 0.8408245187500001 0.1711216937500001 0.8104817916666803 0.8529245601280202 0.8315385586876817 0.8538616634558039
0 0.8110245182358575 0.17657192630262133 0.7875260046754883 0.17582640362982063 0.7659299056515995 0.8565249850123171 0.7894284192119687 0.8572705076851179
0 0.8970673078125003 0.2780740734375001 0.8889035810362707 0.2779021442040183 0.8783393169342701 0.7795257714029867 0.8865030437104998 0.7796977006364686
0 0.9684754315935784 0.24137873150485234 0.9416298841178576 0.2412319507922233 0.938459134375 0.8211481484375002 0.9653046818507207 0.8212949291501292
0 0.9334884225932987 0.24167374479122747 0.8958553043998935 0.2411830222942679 0.8881610578125001 0.8312486765625 0.9257941760059053 0.8317393990594594
0 0.6735209089906891 0.2907993225167508 0.6609350968750002 0.2899206343750001 0.6264265824807336 0.7842002973421456 0.6390123945964223 0.7850789854838964
0 0.5897835710217372 0.2654478680557012 0.554363155297351 0.26208126229968487 0.499173334275614 0.8427392145564839 0.5345937500000002 0.8461058203125003
0 0.7494204947444713 0.22970784563683105 0.7004519234374998 0.22697354531250005 0.6631017939361147 0.8958768342226922 0.7120703652430861 0.8986111345470231
0 0.6783504609057404 0.3310800913895038 0.6651933029602243 0.3303191098982715 0.6361529389294841 0.8324189122587677 0.6493100968750001 0.83317989375
0 0.6949711531250001 0.3363121687500001 0.6816087994010214 0.33553887195539633 0.6528155306510213 0.8330785547678963 0.666177884375 0.8338518515625
0 0.6448049711710856 0.33055761426243235 0.6285642456510323 0.32906829069970234 0.5815865390625001 0.84134920625 0.5978272645825534 0.8428385298127299
0 0.867760251539116 0.33448234939563953 0.8485800609879351 0.33377361892472507 0.8282260594488193 0.8846087304665854 0.84740625 0.8853174609375
0 0.7726569182886612 0.3550170202792195 0.739507740826053 0.35403664053391043 0.7241153843750002 0.8744920640625 0.7572645618376084 0.8754724438078092