0 0.8966922234375001 0.04121304375000012 0.8718660755971047 0.03954957057971239 0.8246596277765624 0.7440720561512659 0.8494857756169578 0.7457355293215537
0 0.8698133921875002 0.04242781718750012 0.8420002082948068 0.040512616961850156 0.7925108254823068 0.7592141325868501 0.8203240093750003 0.7611293328125001
0 0.7751072722339917 0.04285349786041529 0.7482238511383011 0.04098897887467391 0.6983181445293096 0.7605505044517586 0.7252015656250002 0.7624150234375
0 0.6602869234375002 0.04757057968750009 0.613298256531103 0.045640481146014676 0.5830904534061029 0.7810559889585147 0.6300791203125001 0.7829860875000001
0 0.8337309778935295 0.11194960572077628 0.7673108505776549 0.10780793930879859 0.7275523945591253 0.7454164398380224 0.7939725218749999 0.7495581062500001
0 0.7352730429660446 0.056105817364890086 0.6687905703125 0.052713348437500085 0.6292198256207473 0.8281842541869068 0.6957022982742919 0.8315767231142968
0 0.5832613755877105 0.05313953215296221 0.5509360646546771 0.052692618034243986 0.5386236406294668 0.9432505983812819 0.5709489515625001 0.9436975125000002
0 0.4886808921875 0.8768415562499998 0.48739074282333983 0.159378550521375 0.46040586847684634 0.15942707500027092 0.4616960178410065 0.8768900807288956
0 0.5472037221968378 0.21492959914653303 0.49385056771186103 0.21441070172079088 0.48737336327286573 0.8803983746606331 0.5407265177578424 0.8809172720863753
0 0.9532169375000002 0.21557590781250013 0.9257892942498473 0.21490443095055026 0.9093706640625001 0.885552009375 0.9367983073126529 0.8862234862369499
0 0.9202326988229048 0.2499138658647778 0.8968203238891643 0.24829730740259315 0.8550460758435424 0.8533075069702825 0.8784584507772829 0.854924065432467