0 0.38604471524598344 0.7868617183018279 0.3387668265625 0.14348677187500003 0.30235541907142377 0.14616243476758337 0.3496333077549072 0.7895373811944112
0 0.22597069550192656 0.7926928014898527 0.20786778906249997 0.152338625 0.18452515683180315 0.15299852463497793 0.20262806327122967 0.7933527011248305
0 0.1975897481540449 0.7964994918013052 0.17916105781250005 0.15612698437500003 0.15792076903473337 0.15673823907458673 0.17634945937627824 0.797110746500892
0 0.17280889108885275 0.8228658183138204 0.15217788437500002 0.1725661375 0.12810216672364727 0.17332994887367972 0.1487331734375 0.8236296296875002
0 0.42899026339006624 0.8223798118684942 0.38814182656249996 0.20037566093750003 0.36911069754743375 0.20162547875650594 0.40995913437500003 0.8236296296875001
0 0.40269154308204314 0.8055159041395058 0.36862259687500004 0.21933862500000006 0.3397195147304569 0.22101848804799418 0.3737884609375 0.8071957671875
0 0.2629963050078416 0.7736847030481615 0.25264903906249997 0.2800211640625 0.21900238525797605 0.2807264032539574 0.22934965120331768 0.7743899422396189
0 0.2990919466100024 0.7599607457952728 0.2825048078125 0.3040423281249999 0.26797269150287434 0.3045710328688902 0.2845598303003768 0.760489450539163
0 0.2845787650860594 0.7653958580739151 0.26664018872706585 0.30227299673565566 0.25360817343750003 0.302777778125 0.27154674979649357 0.7659006394632594
0 0.32958173125 0.7857037031249999 0.311209134375 0.288867725 0.2969687659954997 0.28939432242673113 0.3153413628704997 0.786230300551731
0 0.148158653125 0.8021375656249999 0.1349543265625 0.286343915625 0.11908444336771293 0.28675018491546667 0.13228876993021293 0.8025438349154665
0 0.3169519234375 0.7907566140624999 0.2962630917925613 0.29849489851163746 0.27928189324893926 0.2992085862649196 0.299970724893878 0.7914703018157819
0 0.9561865763848253 0.272694540896506 0.92388701875 0.2724338625000001 0.9192549042768681 0.8463795764581012 0.9515544619116934 0.8466402548546073
0 0.9768365390625002 0.8552328046875 0.9739663468750003 0.2724338625 0.950428455264434 0.27254978287617176 0.9532986474519338 0.8553487250636718
0 0.9182764421875003 0.27622751250000005 0.8775700220750998 0.27593992208128293 0.8734951921875 0.852703703125 0.9142016122999005 0.852991293543717
0 0.1166725743040623 0.828413914468948 0.10911624977257187 0.3252718843184438 0.09122973328100956 0.32554050891199576 0.09878605781250002 0.8286825390624999