0 0.29946128188228177 0.6865818440185234 0.22125000000000003 0.0652751328125 0.1884222100027981 0.06940755805551678 0.2666334918850798 0.6907142692615402
0 0.4570566777605677 0.6719474518886401 0.3778774031250001 0.12574603124999997 0.33668663441827323 0.13171718962609252 0.4158659090538409 0.6779186102647328
0 0.5548101853709346 0.7633960030738477 0.4520697109375 0.0374603171875 0.42867263717571547 0.040771666257913584 0.5314131116091502 0.7667073521442612
0 0.3755289882077063 0.7210588778625335 0.28994471093750007 0.10155555624999998 0.26092054559826966 0.10556523969683487 0.3465048228684759 0.7250685613093684
0 0.250377403125 0.6530211640625 0.23649689790592388 0.17204181074088706 0.19228743921148334 0.1733176443455998 0.20616794443055939 0.6542969976672127
0 0.20140717509594835 0.6966088773060106 0.176185096875 0.1354179890625 0.14125944571647853 0.13698768223445248 0.16648152393742688 0.6981785704779631
0 0.32307723785693165 0.7038791555909968 0.2591706734375 0.14751322812500003 0.23248954875978578 0.15057793595275146 0.2963961131792174 0.7069438634187482
0 0.5210246528429289 0.7713047253925418 0.4344831734375001 0.08220634843750002 0.37473070679585885 0.08971045385150614 0.46127218620128757 0.778808830806548
0 0.407978922446507 0.6968015255714385 0.3311634609375 0.1970952375 0.31188445900785033 0.2000588292458124 0.3886999205168575 0.699765117317251
0 0.5925605717585695 0.777431073878046 0.49113701875000004 0.11617460312499998 0.4583155650574313 0.12120875945562251 0.5597391180660007 0.7824652302086685
0 0.609668249532245 0.8277497259239771 0.5155649031249999 0.19680952343750002 0.4971130770084574 0.19956157280453724 0.5912164234157025 0.8305017752910142