0 0.10898317343750004 0.09267553125000003 0.06140144218750006 0.09267553125000001 0.061401442187500085 0.7547659578125 0.10898317343750008 0.7547659578125
0 0.0609278843750002 0.09688297812499999 0.021001311329918036 0.09672082036081117 0.018145542579917934 0.799869757860811 0.0580721156250001 0.8000319156249999
0 0.22385096093749998 0.861962765625 0.18481657642862698 0.04405217152550991 0.1547816729527939 0.045485572656905386 0.1938160574616669 0.8633961667563955
0 0.13610336562500003 0.7789787234375 0.12894078741208484 0.1335265090650055 0.10736298124999999 0.1337659578125 0.11452555946291518 0.7792181721849945
0 0.45824759687500005 0.78742553125 0.38206971093750003 0.15706914843749997 0.3271513177411903 0.16370597675692333 0.40332920367869035 0.7940623595694233
0 0.31312516016452124 0.8435290960685741 0.22427528161777882 0.1180393891067187 0.18336729893353984 0.12304934205051418 0.2722171774802823 0.8485390490123695
0 0.18535794467299865 0.7902436072046337 0.16417788437500008 0.180042553125 0.12491609282700142 0.18140532873286636 0.146096153125 0.7916063828125001
0 0.4109976327905048 0.8654213111794983 0.3080865390625 0.15544680781249998 0.2849528324329077 0.15880004802034375 0.3878639261609124 0.8687745513873419
0 0.38403834018912075 0.9128219411093916 0.283915865625 0.13924468124999997 0.2258673566383726 0.14675777744100635 0.32598983120249336 0.9203350373003978
0 0.8953564034940564 0.1864852564017307 0.8575528050704342 0.1811746868765109 0.7581050720727547 0.8890991655092035 0.7959086704963769 0.8944097350344233
0 0.9374089025460535 0.26797532149464615 0.898435096875 0.2643031921875001 0.8397209052664467 0.8874608488178541 0.8786947109375001 0.8911329781250001