0 0.7090104209091674 0.05636646425708686 0.6740168671875 0.05386956562500008 0.6101943978408326 0.9483291888679133 0.6451879515625001 0.9508260875000001
0 0.5771611191494092 0.12764343176855736 0.556373616836861 0.12637890587706296 0.5089717084031704 0.9056174235004961 0.5297592107157185 0.9068819493919905
0 0.6660330995335204 0.11883456516279303 0.5844100127485818 0.11295166086299184 0.5256050932418813 0.928847824334318 0.6072281800268199 0.9347307286341191
0 0.7472898390152656 0.12702582280462255 0.6930678538530733 0.12382353358498333 0.6458599429628078 0.9231600295303609 0.7000819281250001 0.9263623187500001
0 0.3593743086001377 0.1342726684585244 0.3188891328459598 0.13104594684048637 0.2549727149943766 0.9329953297166712 0.2954578907485545 0.9362220513347091
0 0.434378582429079 0.1507118149334087 0.39864096406249994 0.14747826093750005 0.325831056633421 0.9521819053790914 0.36156867500000006 0.955415459375
0 0.7710066533404853 0.17633043213962957 0.741149236919169 0.17608740026844996 0.7350317398286839 0.9276458571913206 0.7648891562500002 0.9278888890625001
0 0.9098993454283042 0.9658774780358936 0.8929205469643497 0.14076882682180974 0.8455325296874999 0.1417439609375 0.8625113281514544 0.9668526121515837
0 0.2507828806523692 0.22048692456168192 0.21252483451423448 0.2181404748075538 0.1704097355323519 0.9048124979890787 0.20866778167048658 0.9071589477432068
0 0.46654442745278446 0.1691095496785221 0.43172942215623494 0.16624453270586625 0.3652119875930611 0.9745485877017647 0.40002699288961063 0.9774136046744205
0 0.5513690072286954 0.2289801239267108 0.4748698796875 0.2238888890625 0.4276430412088046 0.9335029682607893 0.50414216875 0.938594203125
0 0.3838738434147251 0.25110019083552026 0.3538578312500001 0.2487246375 0.29975210519728596 0.9323708882897531 0.32976811736201095 0.9347464416252734
0 0.9853769718231732 0.9902521330885647 0.9691576490960241 0.2017442815478354 0.9036481921874998 0.20309178749999995 0.9198675149146489 0.9915996390407292
0 0.29630164765037914 0.30708206735688653 0.2530721185757844 0.3040744592380512 0.21083794123790528 0.9111228262561649 0.2540674703125 0.9141304343750003
0 0.4686058336622483 0.2972676388580063 0.45434893751347777 0.2960975641261233 0.40296961010122967 0.9221342737056173 0.41722650625000013 0.9233043484375003
0 0.8464674703124999 0.9829371984374999 0.8457010831875221 0.2626710624277454 0.7908096390624999 0.26272946875 0.7915760261874777 0.9829956047597544