0 0.3860310291363838 0.7826967575097302 0.3387679828125 0.142731778125 0.3023566226949412 0.14542084995765917 0.349619669018825 0.7853858293423894
0 0.22597062379567828 0.7885158496186817 0.20786811093750007 0.1515346296875 0.18452419712006224 0.1521980456357536 0.20262670997824045 0.7891792655669352
0 0.1975898043254985 0.7923016047307854 0.17916201406249999 0.15530727968749997 0.15792125745153635 0.15592175958546084 0.17634904771453486 0.7929160846287462
0 0.17280957246934825 0.8185251764092383 0.15217828593750005 0.17165542343749998 0.1281022665931518 0.1724233048407618 0.148733553125 0.8192930578125003
0 0.42898829513698944 0.818036810310943 0.38814253125000003 0.19932148125 0.36911339548801053 0.20057772875155674 0.40995915937499994 0.8192930578125
0 0.40269078776374084 0.8012562058748592 0.36862235625000006 0.21818470937499995 0.3397210247362592 0.21987339256264066 0.37378945625 0.8029448890625
0 0.2629968298909489 0.7696072210048974 0.25264964375 0.278547046875 0.2190016625407874 0.27925604740727844 0.22934884868173627 0.7703162215371759
0 0.29909245554365527 0.7559558936577696 0.28250401875 0.3024405124999999 0.2679740516036099 0.3029719816665064 0.28456248839726517 0.7564873628242761
0 0.28457951218299204 0.7613649580005537 0.266640170813922 0.30067542728298774 0.2536073843750001 0.3011829265625 0.2715467257440701 0.7618724572800659
0 0.32958205937500007 0.7815665921875 0.3112101125000001 0.2873499265625 0.2969702131315898 0.2878792787533472 0.3153421600065898 0.7820959443783473
0 0.14815941406250002 0.7979147671875 0.1349546203125 0.28483480937500005 0.1190838797569506 0.2852432639491941 0.13228867350695062 0.798323221761694
0 0.31695135312499995 0.78659683125 0.29626217729447374 0.29691851341563713 0.2792813546234892 0.2976359624289827 0.29997053045401534 0.7873142802633455
0 0.9561870762127065 0.2712639122273202 0.9238869250000002 0.27100175625000017 0.9192531508036226 0.8419275415729374 0.9515533020163287 0.8421896975502573
0 0.9768371921875001 0.8507318140625 0.9739665984375001 0.27100175625 0.950428180248964 0.27111830917877494 0.953298773998964 0.850848366991275
0 0.9182767234375 0.2747744015625001 0.8775697005213017 0.27448530928904125 0.8734951875 0.8482166406249998 0.9142022104161983 0.8485057328984587
0 0.11667354816578804 0.824053145305872 0.10911510459091175 0.3235548610326373 0.09122644861262372 0.32382501260176527 0.0987848921875 0.8243232968750001