0 0.8402336093662086 0.18793628160340964 0.8199926648825308 0.18557060724427174 0.7442806898913223 0.833369775640862 0.7645216343750001 0.8357354499999999
0 0.8687428535623732 0.19317578151258635 0.8460673078125002 0.1904444437500001 0.7683556617307399 0.8356059503797587 0.791031207480613 0.838337288142345
0 0.3637448199970296 0.8508111716964416 0.33989182656249994 0.17934920624999998 0.31787079366803417 0.18013148071986368 0.34172378710256385 0.8515934461663053
0 0.9308973213284657 0.2566981711833284 0.8947424328303162 0.254229497672536 0.8535013615018506 0.8582244483642079 0.8896562500000001 0.8606931218750002
0 0.8910151740359822 0.30744276067522736 0.8762187499999999 0.30600529062500015 0.8274103072140179 0.8084090908872728 0.8422067312500001 0.8098465609375001
0 0.2563792431063061 0.317570349329673 0.22274297680647348 0.31693898621592853 0.21354944443924265 0.8067301954399417 0.24718571073907528 0.8073615585536862
0 0.9598924919823958 0.2702412414252685 0.9315538882387203 0.26885197428571656 0.9024714931313247 0.8620816328604481 0.930810096875 0.8634709
0 0.8746065205858529 0.31576155967089237 0.8553076921874998 0.3134021156250001 0.7930929981641472 0.8222807668916078 0.8123918265625003 0.8246402109375
0 0.9761109867991209 0.2811876372976121 0.9526445553022069 0.28081198869116136 0.9434062500000003 0.857920634375 0.9668726814969142 0.8582962829814509
0 0.18872596093750013 0.32246031718749996 0.17662614021528644 0.32219204480750896 0.16545395138871735 0.8260884275835473 0.17755377211093104 0.8263566999635383
0 0.32351442343750014 0.3309682546875 0.29123194319784856 0.3308068406904906 0.28870734753306626 0.8357209817899387 0.32098982777271784 0.8358823957869481
0 0.2004687500000001 0.34097354531250007 0.1881729312560543 0.34073801938865445 0.17863447031855423 0.8387009818886545 0.19093028906250006 0.8389365078125002
0 0.10503605781250021 0.306777778125 0.07297395948735252 0.3061028237901251 0.060634615625000096 0.8922539687500001 0.09269671395014778 0.8929289230848749