0 0.6459231523839537 0.08354883389630068 0.6136743910072945 0.08021286500916057 0.5236021995608409 0.95093939361286 0.5558509609375 0.9542753625000001
0 0.4837044338171589 0.15632205741687746 0.4610456734375001 0.1534106281250001 0.3660847529798025 0.8924623193633394 0.3887435133594613 0.8953737486552168
0 0.8192116271117096 0.148744457249316 0.7918020987747826 0.14796731133049862 0.7701426340440128 0.9118852550856531 0.7975521623809396 0.9126624010044704
0 0.7305337538730357 0.14415850090380916 0.6570291457213662 0.1382922545050544 0.5945995968986308 0.9205402562723798 0.6681042050503003 0.9264065026711344
0 0.5083162244902037 0.16070743509940877 0.4816177890625 0.15703381718750006 0.37741214113479643 0.9143601992755913 0.40411057656250016 0.9180338171875
0 0.6103168845116452 0.1486312830865198 0.5776359758390116 0.14512588735030407 0.49381705708627505 0.9265721590212695 0.5264979657589086 0.9300775547574853
0 0.5753780595093119 0.16025733477896015 0.5192678999880412 0.153837551102945 0.42942166891983724 0.9391111073532221 0.4855318284411079 0.9455308910292372
0 0.9212649635386738 0.18840471919275945 0.8582759180710106 0.1878064744076145 0.8513542727563029 0.9165847977047161 0.9143433182239662 0.917183042489861
0 0.951914756615475 0.29046067807967385 0.9300943462187904 0.2902890469827023 0.9257427890624997 0.8435265703124999 0.9475631994591843 0.8436982014094715
0 0.9655258939351035 0.30112679424923466 0.947240872477958 0.3011024682987643 0.9465106519803547 0.8499853365495296 0.9647956734375001 0.8500096625000001
0 0.5164758020809606 0.22550264807608017 0.48775771131292495 0.22199999257180664 0.4005072109375001 0.9373623187500002 0.4292253017055357 0.9408649742542737
0 0.7855399548959966 0.26000741791083704 0.7133704376298601 0.2583267370607139 0.6982150983588636 0.9091067582123769 0.770384615625 0.9107874390624999
0 0.3512641273906678 0.254789369255237 0.29616510861409084 0.25011289289604205 0.23905242341092317 0.923024006453305 0.2941514421875001 0.9277004828124997
0 0.8587518414454184 0.31150671079137354 0.8232948013812749 0.3110158094202917 0.8154660364983567 0.8764752814414184 0.8509230765625002 0.8769661828125003
0 0.3964543720491592 0.3224788659534444 0.37539423124999993 0.3201062796875 0.31034130138834093 0.8975452887340556 0.3314014421875001 0.8999178749999999
0 0.4256601506325907 0.31057086155191144 0.39973798125000004 0.30742029062500004 0.32590715717990937 0.9148832462605887 0.3518293265625001 0.9180338171875