0 0.5490143138831869 0.06398072741523447 0.5190021218245338 0.0593028104295971 0.389950692316347 0.8872602752018629 0.4199628843750001 0.8919381921875003
0 0.5144528834536279 0.1054849732857515 0.45053878982966317 0.09500748048522194 0.32565720074335613 0.8568017120563759 0.3895712943673209 0.8672792048569056
0 0.6035837858182129 0.1328920611992809 0.5537855608551169 0.12441128604994371 0.4264455606182736 0.8721384533113747 0.4762437855813696 0.880619228460712
0 0.441088558827225 0.14526344752346146 0.41284184843749994 0.14067017812500007 0.29460313148502165 0.867789470480916 0.3228498418747467 0.8723827398793775
0 0.813066096141729 0.15492203167450821 0.7496424276266711 0.14451111068112366 0.6322898794658774 0.859426642042569 0.6957135479809354 0.8698375630359536
0 0.3922713389763219 0.1878526204890752 0.3209506088209674 0.17751456400786397 0.22373026046964561 0.8482234388312888 0.2950509906250002 0.8585614953124999
0 0.7380212765919156 0.14812890597116185 0.6934387518256557 0.14114003351905055 0.57527730637283 0.8949004726191054 0.6198598311390899 0.9018893450712169
0 0.6181306296043495 0.1967516456491698 0.5899054100507353 0.19222690946218815 0.47828544138388607 0.8885101825630182 0.5065106609375002 0.89303491875
0 0.6768346644288797 0.22158251851388436 0.6270917252839752 0.21345870429839753 0.5193486707510522 0.8731803649316964 0.5690916098959568 0.8813041791471832
0 0.8644910046514458 0.2947540856933442 0.8405390468213148 0.2910362982768759 0.756262229669869 0.8339922407085316 0.7802141875 0.837710028125
0 0.883099506501446 0.2876494567020417 0.864052153125 0.2848392453125001 0.7811282497485541 0.8468898073604585 0.800175603125 0.8497000187499999
0 0.9665486859385511 0.18246687743909693 0.8999031767532288 0.17366289087791148 0.7959523914672858 0.9605624354704629 0.862597900652608 0.9693664220316484
0 0.8920306285401169 0.3000070655334174 0.87990575 0.29824986562500017 0.7986968308348831 0.858600612591583 0.810821709375 0.8603578125000002
0 0.8374742631230772 0.31084803471949934 0.79067504318375 0.30321213683673337 0.6998792331420431 0.8596854093907693 0.7466784530813704 0.8673213072735353
0 1.0010726321204901 0.25366577933063983 0.9602010760473434 0.24826344141553447 0.8690918673643532 0.9375530027098948 0.9099634234374999 0.9429553406250001