0 0.6429712660583181 0.08475462656258721 0.6104327983537299 0.0812932138430984 0.5193029744829116 0.9379448388430109 0.5518414421875 0.9414062515624998
0 0.8190513129638747 0.14514986950896044 0.7904542733091374 0.1443957300303494 0.7704237414181428 0.9039553752132752 0.7990207810728801 0.9047095146918863
0 0.7288900095661048 0.14066578912224675 0.6561444620393948 0.13508300184311905 0.5965241892822325 0.9119546912995092 0.6692697368089426 0.9175374785786369
0 0.47685050709413995 0.1617883158978799 0.4518716799465262 0.1578879980669806 0.3372382086182672 0.8920357751929595 0.36221703576588093 0.8959360930238587
0 0.6083210617119662 0.149586220852608 0.5681786138615008 0.14515909701831625 0.48288260706259944 0.9185710531637937 0.5230250549130648 0.9229981769980856
0 0.5060128403273181 0.1664901700282708 0.4791870125 0.16210937656250007 0.357621400297682 0.9065174862217293 0.3844472281250001 0.9108982796875
0 0.5732911084250687 0.16797487386909418 0.5202018822056088 0.16094555396460553 0.41870449998480963 0.9275086864750731 0.4717937262042695 0.9345380063795619
0 0.9223904656250003 0.18600297031250013 0.8635546301807079 0.18502097291185232 0.8514765516724114 0.9086724195741303 0.9103123871167039 0.9096544169747782
0 0.950223423914685 0.2891803245423917 0.9313354500000003 0.28906250312500015 0.9278997606046525 0.8398385259820337 0.9467877345193372 0.8399563473994253
0 0.9660847843750002 0.2880859375000001 0.9504909079483854 0.28805162521759814 0.9492703907608855 0.8427391267800981 0.9648642671875003 0.8427734390625
0 0.7871031875000001 0.2578136953125001 0.7160684267769681 0.25597845334563707 0.6993942734375 0.9013671890625 0.770429034160532 0.903202431029363
0 0.5086465644236822 0.23238369097903946 0.4837523073156899 0.2288170945234321 0.38363857257950784 0.9275945097943927 0.40853282968750004 0.93116110625
0 0.8583872812500001 0.30680452656250007 0.8220310740926727 0.306552491028729 0.8180971421875001 0.8740234390624998 0.8544533493448274 0.874275474596271