0 0.20144951875000014 0.14550793593750003 0.16462452684221804 0.14472545449817276 0.1507352089062072 0.7983818799310225 0.18756020081398933 0.7991643613703497
0 0.8205833996056517 0.14109275584944858 0.802084134375 0.14097354531250006 0.7978180425818482 0.8029919004005516 0.8163173078124999 0.8031111109375001
0 0.7878054033265655 0.17696577563190113 0.7663063189517311 0.176962493682724 0.7662040981828016 0.8465807045255677 0.7877031825576359 0.8465839864747448
0 0.8409277202361185 0.1787105417526505 0.82142548125 0.17843915312500014 0.8120824630521456 0.8498371233485755 0.8315847020382641 0.8501085119762261
0 0.8991460667939316 0.2754739981971987 0.8858894234375002 0.27519576718750016 0.8752722035185687 0.7810656846153017 0.8885288468750001 0.7813439156250002
0 0.9699648698565715 0.24169352110454803 0.9406968927155003 0.24144650831258313 0.9357930726189496 0.8224888638444068 0.9650610497600208 0.8227358766363716
0 0.934262024667065 0.24804673264234506 0.8967788044376241 0.2474440536435507 0.8874927407080593 0.8249846225637057 0.9249759609375001 0.8255873015625002
0 0.7227908656250002 0.23465079375000006 0.674156045945913 0.23426801127547964 0.6689651884184868 0.8937977354157736 0.7176000080975741 0.8941805178902941
0 0.6294899705832931 0.320441006370271 0.6115810021431672 0.3183481041336677 0.5517740390625 0.8301164015625 0.5696830075026259 0.8322093037991033
0 0.6587782497396123 0.3320372147237166 0.64466826875 0.3318783062500001 0.6390102111978879 0.8342749540262835 0.6531201921875002 0.8344338625000001
0 0.6742259609375003 0.3393068781250002 0.6607822529881066 0.33915844310572035 0.6553123615129317 0.8345646071221642 0.6687560694623255 0.8347130421414442
0 0.10340625000000023 0.30857142812500005 0.06980741769369761 0.30808861994420905 0.06133173125000011 0.89791534375 0.09493056355630272 0.8983981519307911
0 0.8574697807285487 0.3354591825908785 0.839632097752883 0.3351511908496077 0.8301575092118346 0.8838824848212294 0.8479951921875003 0.8841904765625002
0 0.7551418265625002 0.35767724843750015 0.7229541748616307 0.3575799907818563 0.7214086531250001 0.8690740734375002 0.7535963048258696 0.869171331093144