0 0.38178988364889843 0.7818434161855194 0.34522391875 0.13221459218750004 0.31105379119072757 0.13413794232032455 0.34761975608962603 0.783766766318344
0 0.2237647258504633 0.7835072832088785 0.21150524062500006 0.14708873593750002 0.19201619253798063 0.14746415820969108 0.20427567776344388 0.7838827054810695
0 0.19991691787214225 0.7937615530998215 0.18472545468750004 0.1503941 0.16013828838336266 0.15097466252290093 0.17532975156800487 0.7943421156227224
0 0.16859879187529692 0.8098277422219151 0.1517470546875 0.167157021875 0.13084493950461587 0.1677051049610645 0.14769667669241276 0.8103758253079796
0 0.28284487031250005 0.7593190421875 0.26974639921818183 0.283976261608524 0.2593994234375 0.28426138125 0.2724978945318182 0.759604161828976
0 0.29970859562109353 0.757716519887045 0.2869490546875001 0.28898332812500005 0.2715523828814491 0.28940244601040493 0.2843119238150426 0.75813563777245
0 0.26498440603647266 0.7652660020857703 0.254588159375 0.28408479843749995 0.22523211427602732 0.2847190557267297 0.2356283609375 0.765900259375
0 0.3283834213450398 0.7816973211709968 0.3174573578125 0.2880389359375 0.30244919377721485 0.28837110927570586 0.3133752573097547 0.7820294945092026
0 0.3148318347660752 0.7786995447577628 0.3008203312500001 0.29266681406249995 0.28673807304642485 0.29307278180473706 0.3007495765625 0.7791055124999999
0 0.14870126250000001 0.7953017453125 0.1364344643464541 0.28397232290918445 0.11996075226805432 0.2843675274330227 0.13222755042160023 0.7956969498363382
0 0.9541826041268962 0.26837952191700487 0.9262314515625001 0.2682067453125001 0.922682191651764 0.8423927327037418 0.9506333442161601 0.8425655093082465
0 0.9188788218839117 0.27408382582336543 0.8792472542622335 0.2738661536788152 0.8760973046875 0.8473774765625002 0.9157288723091781 0.8475951487070503
0 0.9778765386023005 0.8516939732638281 0.9735250750000001 0.276706259375 0.9540792895226995 0.27685342361117177 0.9584307531249999 0.8518411374999999
0 0.11624231949516231 0.8246560549906983 0.10689535624999999 0.32675892656249994 0.09026280304856815 0.32707116749455306 0.09960976629373049 0.8249682959227516