0 0.8423815729159472 0.1392766762804984 0.8181486874999997 0.13830494687500008 0.7915954130215527 0.8004877049695016 0.8158282984375 0.801459434375
0 0.6471524134806745 0.17025905138700265 0.612987259375 0.16667519062500008 0.5429477265565628 0.8343661504976367 0.5771128806622372 0.8379500112596394
0 0.8618804079254918 0.17116348582729973 0.8408244249999999 0.1702214765625001 0.8104823346667921 0.8484340588088655 0.8315383175922839 0.8493760680736651
0 0.8110231235061989 0.175652414813603 0.7875246294159877 0.17490297895811435 0.7659295721685224 0.8520140637706646 0.7894280662587335 0.8527634996261533
0 0.8970676906249999 0.27660988906250006 0.8889040759042708 0.27643706490723036 0.878340548974357 0.7754215026629475 0.8865041636950861 0.7755943268182172
0 0.968474468560703 0.24011159474897587 0.9416285199172932 0.23996412705436007 0.938459740625 0.8168286828125 0.9653056892684097 0.8169761505071158
0 0.9334871561438554 0.24040819210691455 0.8958544213522315 0.23991493358542942 0.8881610453125003 0.8268744437500004 0.9257937801041243 0.8273677022714855
0 0.6735203220246622 0.2892771135923023 0.6609361875 0.28839388906250013 0.6264273779582874 0.7800735094826237 0.6390115124829496 0.7809567340124258
0 0.5897819834575142 0.26408101223680625 0.5543649099250569 0.2606968525576419 0.4991771842800429 0.8382664481333357 0.5345942578125001 0.8416506078125001
0 0.7494195679997888 0.22852877097276636 0.700450815625 0.22577986718750007 0.6630997228363504 0.8911492495203757 0.7120684752111393 0.8938981533056418
0 0.6783492892064168 0.3293460283156463 0.6651926596685649 0.3285810390574887 0.6361522798371483 0.8280305607418426 0.6493089093750002 0.82879555
0 0.6949700281250002 0.33454161875000016 0.6816093227574813 0.3337643326496391 0.6528163602574812 0.8286841420246391 0.6661770656250001 0.8294614281250002
0 0.6448025726042774 0.3288299455575544 0.6285633233236915 0.32733290657438774 0.5815860843750001 0.8369222374999999 0.597825333655586 0.8384192764831667
0 0.8677597258895556 0.33272761335010503 0.8485806743858086 0.33201519393506235 0.828227350058753 0.8799472790224574 0.8474064015625 0.8806596984375
0 0.7726570340871185 0.35315869935927663 0.7395084144749614 0.3521730558750688 0.7241145343750002 0.8698915656250001 0.7572631539871574 0.870877209109208