0 0.5780922849033396 0.07068872105968857 0.5482727184743943 0.06560893744295553 0.44223891743716043 0.6880531619032262 0.47205848386610577 0.6931329455199593
0 0.5394054711668681 0.09586136403039222 0.49204398795280335 0.08806307839890594 0.3902553951013658 0.706257763683577 0.43761687831543056 0.7140560493150632
0 0.7082517620060271 0.062464388402979784 0.6849464088720353 0.0586950886750562 0.5703220499910082 0.7674105940220765 0.5936274031250001 0.7711798937500001
0 0.7666117817153497 0.09090070625670646 0.7117559395987053 0.08156682892634967 0.5964688583277923 0.759116972821826 0.6513247004444367 0.7684508501521827
0 0.8085687361518035 0.15854052410612654 0.7503926573937655 0.14921643129537845 0.655958536866962 0.7384219384392521 0.714134615625 0.74774603125
0 0.8363898482272829 0.14389930262839828 0.8147007675036875 0.14037847759577082 0.7132914331412664 0.7650829768907104 0.7349805138648617 0.7686038019233378
0 0.5932592555900258 0.18321467450050738 0.5552133554933648 0.17710505798018053 0.46622573427833913 0.7312501725421731 0.5042716343750001 0.7373597890625
0 0.6715364756384381 0.14352365611688495 0.632125 0.13670370312500008 0.5187427947612132 0.7919222984610712 0.5581542703996513 0.7987422514529561
0 0.423680147481081 0.2352163794290439 0.4085865390625 0.23279894218750002 0.332257352518919 0.7093709221334562 0.3473509609375 0.7117883593750001
0 0.6156508388339649 0.175415105969767 0.5932353217107725 0.1718705046602092 0.4981902516268078 0.7729210065029423 0.5206057687500001 0.7764656078125001
0 0.4601974564854839 0.2454435600359631 0.4269081519361627 0.24001517613213252 0.3494841071550804 0.71481442611498 0.3827734117044014 0.7202428100188106
0 0.9355004422461862 0.1549327785774697 0.905518583921571 0.15024219617329893 0.8032059901245654 0.8042167834906758 0.8331878484491806 0.8089073658948465
0 0.3897512994519931 0.23783495938583038 0.3768091577254844 0.23576760877226474 0.29925497389849137 0.7212765650114344 0.3121971156250001 0.7233439156250001
0 0.4039281130517448 0.24085486716118817 0.38956250000000003 0.23854497343750003 0.3106007338232553 0.7296213234638118 0.32496634687500003 0.7319312171875001
0 0.8566802132666703 0.2268824138525686 0.8235083975612243 0.22170203575669714 0.7381346497699897 0.7683807096687567 0.7713064654754357 0.7735610877646282
0 0.9838210199804184 0.17863197612694917 0.9600240390624999 0.1749523812500001 0.8606188847070817 0.8178336332480509 0.8844158656250002 0.8215132281249999
0 1.0074605680139241 0.1876900881692824 0.9831961181563521 0.18399959915502043 0.8846708062482469 0.8317897649723616 0.9089352561058188 0.8354802539866236
0 0.8854900757460069 0.2735702506461669 0.8520913468750001 0.26825925937500006 0.7727791555039933 0.7670223415413334 0.8061778843750002 0.7723333328125002
0 0.9421045022345425 0.2830507876373255 0.91789423125 0.27940211562500006 0.8326980114412441 0.8447101404244197 0.8569082824257865 0.848358812436745