0 0.6438260836767611 0.08277754879260779 0.6127358042701238 0.07949419642696087 0.5213688549683628 0.9446538460718534 0.552459134375 0.9479371984375001
0 0.47907946098299503 0.14376956571742694 0.4569447628696814 0.1412398887126904 0.37062010969918646 0.8965814339327635 0.39275480781250005 0.8991111109375
0 0.8235779653801257 0.13724259062248984 0.7913197109375001 0.1360434781250001 0.7625326111823745 0.9104675546900103 0.7947908656250002 0.9116666671875
0 0.732840864995769 0.14302803675086176 0.6679849854619797 0.13727823493983413 0.5985384392924125 0.9206125098313404 0.6633943188262017 0.9263623116423678
0 0.6145919691762615 0.14444999370396933 0.582496498021788 0.14083510562567883 0.49353204066592626 0.9307229563689704 0.5256275118203997 0.934337844447261
0 0.5118839135324008 0.16743125444820134 0.477466346875 0.16254589375000003 0.37083724115509925 0.9137523205517987 0.4052548078125001 0.9186376812500001
0 0.5844594135619117 0.1652210688429873 0.5287334422342219 0.15805649765662083 0.4289623194684026 0.9340754082034749 0.4846882907960923 0.9412399793898413
0 0.928802884375 0.18486956562500012 0.8589871653191933 0.1840678458449363 0.8505386075896422 0.919788913904614 0.9203543266454488 0.9205906336846779
0 0.9662980765625001 0.8502850234375001 0.9641876842975827 0.2852548133178779 0.9440770009342548 0.2853299268779178 0.9461873931991722 0.85036013699754
0 0.9503269234375005 0.2894927531250001 0.9315686349673775 0.2893301686848835 0.9267080584048776 0.8501224389973834 0.9454663468750004 0.8502850234375
0 0.7855767687388904 0.25775302870957756 0.7121745626528926 0.2558129311310525 0.694802884375 0.9130579703124999 0.7682050904609977 0.914998067891025
0 0.5139123676071199 0.22810300199551622 0.486737335751104 0.2247546078053358 0.39821439158148425 0.9431926683098197 0.4253894234375001 0.9465410625000003
0 0.8565889421875001 0.3076280187500001 0.8225385093630532 0.30725593277029045 0.8162885093630532 0.8792076233952903 0.8503389421875001 0.8795797093749999
0 0.4306776951416099 0.30904253691670086 0.39956009247877006 0.30471821078801314 0.31481749421216026 0.9145210848088123 0.3459350968750001 0.9188454109374999
0 0.39609592573100283 0.32535605883406626 0.3672884609375001 0.32191787500000013 0.2963998611216631 0.9158712358475827 0.3252073259151659 0.9193094196816487