0 0.5017625886332638 0.8566717651682957 0.47456557894130896 0.0418762459876847 0.441189903125 0.042990290625 0.4683869128169548 0.857785809805611
0 0.5329445013668022 0.8376694828290653 0.5041065836703337 0.07616115922082417 0.48044676208287507 0.07705714415821702 0.5092846797793437 0.8385654677664581
0 0.3341983526591198 0.7725235567697324 0.3331418265625 0.21342232968750002 0.3122127051533803 0.21346187916776754 0.31326923125 0.77256310625
0 0.6167884609375001 0.8334805828125 0.6160337682551974 0.18142612580828205 0.5465168301279427 0.18150658522994106 0.5472715228102454 0.833561042234159
0 0.8684748993889018 0.9168641968214297 0.8592642768395041 0.1069031419433071 0.826841346875 0.1072718453125 0.8360519694243976 0.9172329001906225
0 0.4333894234375001 0.8428932031250002 0.43283653906249997 0.18305825312500001 0.3809065467441689 0.18310176594793653 0.3814594311191689 0.8429367159479367
0 0.9016398521955349 0.9284223535175172 0.8905721156250002 0.12567475781249998 0.8606462056169653 0.1260873558574827 0.8717139421875 0.9288349515625001
0 0.37253605781250004 0.89111165 0.37068269218750005 0.2147718453125 0.3330277389635115 0.21487503071639408 0.3348811045885115 0.8912148354038942
0 0.764917760221107 0.9756092575649637 0.7441876205490127 0.14156794098835007 0.6909589772717856 0.1428909416452266 0.7116891169438799 0.9769322582218403
0 0.8419690379802802 0.990399263120195 0.8307427890624999 0.14145145624999997 0.7506694998168572 0.14251032308428874 0.7618957487346374 0.9914581299544837
0 0.9744663468750001 0.9459223296875001 0.9660120187500002 0.23872330156250002 0.930584991028263 0.23914681984369324 0.9390393191532629 0.9463458479686933
0 0.9295937500000001 0.3078203890625001 0.8996514421875 0.3078203890625001 0.8996514421875 0.9630097093750001 0.9295937500000001 0.9630097093750001