0 0.7053349131810454 0.054956932179297445 0.6706899173305494 0.05267335399211186 0.6109885041495042 0.9584252233753144 0.6456335000000002 0.9607088015624999
0 0.5868483610194456 0.12744484238572468 0.5546718427797862 0.12516609155694663 0.4992439478914286 0.9078215044866388 0.531420466131088 0.9101002553154169
0 0.7501533583358728 0.1298327271721475 0.7008404169894182 0.12698180634826742 0.6546449556080967 0.926033838410358 0.7039578969545512 0.928884759234238
0 0.6685429109409918 0.13159902629063108 0.5872064168875201 0.12528241852654806 0.5240227548902955 0.9388737859588574 0.6053592489437672 0.9451903937229403
0 0.3500966567215694 0.13387814328590836 0.314160128125 0.13143137656250004 0.2584360800253678 0.9498701876231366 0.29437260862193726 0.952316954346545
0 0.4308259718811306 0.15080023096545556 0.3954820110319185 0.14774905539811925 0.326870223525788 0.9425287322451638 0.36221418437500014 0.9455799078125
0 0.9166703578125002 0.956582725 0.8994055645807734 0.14471864758511277 0.8435930286052237 0.14590553578495086 0.8608578218369505 0.9577696131998381
0 0.7715211968750002 0.1836315843750001 0.7407808830407614 0.1835471044838998 0.7387171502282615 0.9344926076089 0.7694574640625003 0.9345770875000001
0 0.4633199005036099 0.16939816893118845 0.42460513818559614 0.16642430560166238 0.3621784836453962 0.97911568547679 0.4008932459634099 0.9820895488063162
0 0.5541403450146536 0.23417497424368014 0.47311640156249996 0.2284566328125001 0.4235877987353465 0.93023402106882 0.5046117421875002 0.9359523624999999
0 0.3757184443806633 0.24690374389931963 0.33827928787224304 0.24453917035066614 0.29519483567907984 0.9267110358263464 0.3326339921875001 0.929075609375
0 0.9917775152975647 0.9949402306374526 0.9772066015625 0.20976336718749997 0.900008418372735 0.21119597189113243 0.9145793321077997 0.9963728353410852
0 0.46881633588103533 0.3020555740803198 0.4502667593750001 0.30053699062500006 0.39938539224396485 0.9220555571696802 0.41793496875000014 0.923574140625
0 0.8492551078125004 0.2702791359375001 0.7889733526081163 0.26998866531834487 0.7855338197956161 0.9837994996933448 0.8458155750000002 0.9840899703125