0 0.8966802890625004 0.04247572812500013 0.8719761107829918 0.04083641632640981 0.8248017750062729 0.7517464471378871 0.8495059532857816 0.7533857589364774
0 0.8710271844824963 0.04227174930077646 0.8416706734375001 0.040296117187500105 0.792898296767504 0.7650195131992239 0.8222548078125002 0.7669951453125001
0 0.7707137474256829 0.045230759377984965 0.7472789652805717 0.04380271172139562 0.7031270469678828 0.7683517715320429 0.7265618291129939 0.7697798191886324
0 0.6642985221603027 0.04992309236753682 0.6186946746186386 0.04783722742876003 0.5848306868383222 0.7882150472850945 0.6304345343799863 0.7903009122238713
0 0.8351584492554682 0.11462277960168028 0.7680417343458176 0.11035893849578207 0.7276356882153493 0.7463866448316019 0.794752403125 0.7506504859375001
0 0.7391514997673412 0.05503440418900346 0.671790865625 0.05119417500000008 0.6272593181044709 0.8323124709892891 0.6946199522468122 0.8361527001782925
0 0.586194244482882 0.051711766603243434 0.557395901667465 0.051172838270514165 0.5405237728095831 0.9527571888547707 0.5693221156250001 0.9532961171875
0 0.49167764704263694 0.16026227052055986 0.46416108897989955 0.1601383628220985 0.46090892318726284 0.8823566751140387 0.4884254812500003 0.8824805828125001
0 0.9203519101162364 0.24704853152281286 0.8952308240573841 0.24544334200478174 0.8561673748786479 0.8567831604819691 0.8812884609375002 0.8583883500000002
0 0.5531927507721858 0.2162269155441408 0.5017833176247188 0.21531948331339607 0.48986941372753307 0.8902867427692552 0.541278846875 0.8911941750000001
0 0.9553653843750001 0.21613592187500008 0.9235150567974293 0.21533550419143532 0.906539095859929 0.8908452135664353 0.9383894234374998 0.8916456312500001