0 0.645095277439209 0.07947661170227197 0.6154361326533853 0.07631957534815524 0.5231081734375 0.9437053140625002 0.5527673182233238 0.9468623504166167
0 0.4811555549994602 0.14846485765711387 0.4583918265625001 0.14574396093750006 0.3697372636403869 0.8874510534958763 0.392500992077347 0.8901719502154899
0 0.7287848987134077 0.14194294377305966 0.6578489101631418 0.13626583025834593 0.5953773532174618 0.916852943186538 0.6663133417677277 0.9225300567012518
0 0.818249477327414 0.1492494999257758 0.7899719195367981 0.14847509487888108 0.7690892550274748 0.9110098366814041 0.7973668128180906 0.9117842417282989
0 0.5096217604023906 0.1564043163086245 0.47711298125 0.15188405781250008 0.37144554741010943 0.9118227368163756 0.40395432656250013 0.9163429953125
0 0.6133943043967538 0.14825544638863175 0.5776638783655208 0.14432366840593952 0.49148899066381607 0.927446587433845 0.5272194166950491 0.9313783654165372
0 0.576435403246949 0.16256543950358301 0.5229583853849247 0.15632994993906954 0.4320635413684787 0.9358654052939144 0.48554055923050293 0.9421008948584279
0 0.9223644248185702 0.1879946498044056 0.8605576921875 0.1870676328125001 0.8496525455767981 0.9141432816469897 0.9114592782078683 0.915070298638895
0 0.9512235578125005 0.2892560390625002 0.9297459506973947 0.28912840294884995 0.9264142194473944 0.8497660841988498 0.9478918265625002 0.8498937203125001
0 0.96566826875 0.3015362312500001 0.9473365390625 0.3015362312500001 0.9473365390625 0.8532415453125 0.96566826875 0.8532415453125
0 0.7892319802127664 0.2528385159190555 0.7201074785989346 0.2506859142971367 0.6995000000000002 0.9124347828125001 0.768624501613832 0.9145873844344189
0 0.512340868598323 0.22473664367596058 0.48341668209687966 0.22144635089240888 0.4016936025610569 0.9398546353414485 0.4306177890625002 0.9431449281250002
0 0.8598236381908189 0.30819870737678895 0.8204526166296724 0.3076569217283338 0.8126537079326177 0.8743958217724984 0.8520247294937642 0.8749376074209534