0 0.28556009687500006 0.8244224593749998 0.21293509687500004 0.046315507812500004 0.19093993897152803 0.04836843683405925 0.26356493897152805 0.8264753883965591
0 0.2589958658940098 0.798705926887426 0.194466346875 0.09701604218749997 0.15729764533019036 0.10043418813137857 0.2218271643492002 0.8021240728313046
0 0.21507657926717724 0.782700505460362 0.1640032861063178 0.15089423924197884 0.14327384143946226 0.15256994437682816 0.19434713460032169 0.7843762105952112
0 0.10878713163331437 0.8286208556482043 0.09946634687500003 0.119577540625 0.06178690482484863 0.12007285869897599 0.07110768958316298 0.8291161737221803
0 0.6033553737212654 0.8178456625449225 0.49791826875 0.13894652343749997 0.4749888388518868 0.14250760131760623 0.5804259438231523 0.8214067404250288
0 0.18089206816883474 0.7851424911969888 0.14577163437500001 0.180491978125 0.1056433650975059 0.18282278276991995 0.1407637988913406 0.7874732958419087
0 0.5432522264431419 0.8333760319207354 0.4492728792548964 0.13549726608842522 0.41773827989571066 0.13974385046197996 0.5117176270839561 0.8376226162942901
0 0.3459610467197375 0.8605168430293892 0.2739951921875 0.11527272656249998 0.21344663070302677 0.12111970860723704 0.28541248523526425 0.8663638250741263
0 0.6301336943371654 0.8314112008226321 0.5210456734374999 0.14718181875 0.49894165967960075 0.1507059046457037 0.6080296805792662 0.8349352867183356
0 0.6530826598652376 0.7639322297591025 0.5673028843750001 0.2295187171875 0.5486538530821706 0.23251211028063407 0.6344336285724081 0.7669256228522364
0 0.9174254812499999 0.8286791437500002 0.9067103009894643 0.21997796780424905 0.8748418758902199 0.2205389588669445 0.8855570561507555 0.8292401348126957
0 0.43142198262265224 0.9098552227626155 0.34387980781249994 0.1904117640625 0.31948490310930383 0.19338014606136164 0.40702707791945614 0.9128236047614774
0 0.9853556500365361 0.9250830528527578 0.970834134375 0.201229946875 0.9247255155411851 0.20215495089169563 0.9392470312027212 0.9260080568694533
0 0.38963701875000006 0.891326203125 0.329040865625 0.24495721874999998 0.2808519586778029 0.24947485875886005 0.3414481118028029 0.8958438431338601
0 0.5717637152819106 0.8808850890985944 0.48542788437500006 0.2552513375 0.46176317002173334 0.25851700654621673 0.5480990009286439 0.8841507581448111
0 0.5052343713053417 0.8662270907283041 0.4384772539677311 0.30683234760762446 0.4035604827209747 0.3109992494668852 0.4703176000585854 0.8703939925875648
0 0.4610962849396616 0.9073184079445443 0.38921394218750005 0.271721925 0.35989804384527657 0.2750373861601384 0.43178038659743817 0.9106338691046828