0 0.5407705318191272 0.8995665143186345 0.5369091913897637 0.07088624427707214 0.5068187078124999 0.07102645468749999 0.5106800482418634 0.8997067247290623
0 0.7466022671875002 0.1401776015625001 0.7152683696811518 0.14015759067083824 0.7147863337436517 0.8949497766083381 0.7461202312500002 0.8949697875
0 0.7162330937500002 0.1401776015625001 0.6669037340474049 0.1400186860596551 0.6644657669264868 0.8967941730187127 0.7137951266290821 0.8969530885215576
0 0.5687318892504416 0.8959108608092254 0.56824358125 0.15341958281249998 0.5393187198003779 0.15343860558310496 0.5398070278008196 0.8959298835798304
0 0.5084743222884549 0.9005524832522166 0.50413090625 0.15341958281249998 0.47949067437455406 0.15356282744575878 0.48383409041300907 0.9006957278854755
0 0.4508889670284694 0.9045403436552958 0.4451580703124999 0.1501152890625 0.40844832978406637 0.15039415007083706 0.4141792265000359 0.9048192046636329
0 0.2862001294447122 0.9055671929992025 0.274690359375 0.16235248750000003 0.2294225471345972 0.1630535259840219 0.24093231720430935 0.9062682314832244
0 0.4120977835092815 0.9227637299828066 0.40513974218750015 0.1603129484375 0.3330883957208638 0.1609704810391307 0.34004643704264526 0.9234212625844374
0 0.8184277703125004 0.2016581750000001 0.7803560782853449 0.2015769896015695 0.7788996500000002 0.8845654359375003 0.8169713420271556 0.8846466213359309
0 0.34082847770081864 0.9158512024611095 0.3318594125000001 0.17153037499999996 0.2778923312391358 0.17218067827335806 0.28686139643995434 0.9165015057344676
0 0.47948104214021753 0.8912809247732778 0.4742608093269395 0.19886030643286862 0.44721389062422184 0.19906421603459076 0.4524341234374999 0.891484834375
0 0.24444976826093567 0.9034528580976036 0.22843323593750003 0.19777815625 0.16777221077103605 0.19915496523551074 0.18378874309447166 0.9048296670831142
0 0.8608481765625001 0.23665480625000007 0.8213208563191914 0.2364767996417163 0.8184108344481288 0.8826627335323133 0.8579381546914375 0.882840740140597
0 0.7789159003082019 0.23707936605299418 0.7471304531250001 0.23700704687500007 0.7456529275902397 0.8864033916560894 0.7774383747734415 0.8864757108340836
0 0.5990948453125001 0.3059528296875001 0.5735461640625001 0.3059528296875001 0.5735461640625001 0.8959156203124999 0.5990948453125002 0.8959156203124999
0 0.6410332140625001 0.3227275968750001 0.6010230531250002 0.3227275968750001 0.6010230531250003 0.8798361703124999 0.6410332140625001 0.8798361703124999
0 0.6641764366870726 0.32278159988563415 0.6434434609375 0.3227275968750001 0.6419899045530757 0.8807807297475219 0.6627228803026483 0.8808347327581558