0 0.8018955323588395 0.1605169580967664 0.7645479687499999 0.1558766859375001 0.6847837103588953 0.7978650460436708 0.7221312739677349 0.8025053182029371
0 0.8140420766267248 0.2115174756792634 0.7950190355016167 0.20933775521474388 0.7268716963748919 0.8040789873479804 0.7458947375 0.8062587078124999
0 0.41303787765502714 0.852785341846124 0.3963108609375 0.16232675000000002 0.349577207162686 0.16345891725404535 0.3663042238802131 0.8539175091001694
0 0.8443174508978648 0.18877620231635173 0.8216041906250002 0.18597700468750014 0.7423255834771354 0.8292597867461484 0.7650388437500001 0.8320589843750001
0 0.3704133150018884 0.8461935743845436 0.341332915625 0.17200185625 0.31635560688761555 0.17307922058703568 0.34543600626450394 0.8472709387215793
0 0.8684612845640045 0.18640674518967276 0.846863935346285 0.183808826525461 0.7684759959678703 0.8354734550355694 0.7900733451855898 0.8380713736997812
0 0.3049162808605597 0.1956912958979663 0.2594387475418432 0.19473913995830333 0.24621358066508137 0.8264087459856825 0.2916911139837979 0.8273609019253454
0 0.9306266863182342 0.2500213912467942 0.8928391995666309 0.24754730522292112 0.8528627866858967 0.858119515538627 0.8906502734374999 0.8605936015625002
0 0.8924770899420276 0.3032793608522754 0.8774215995841212 0.30176663256499003 0.8265597768295937 0.8079710107752147 0.8416152671875 0.8094837390625
0 0.2505211296875002 0.31390338906250004 0.21957592918130567 0.3135587481512715 0.21407786164543713 0.8072285266101534 0.2450230621516316 0.807573167521382
0 0.9615109334851418 0.27073102326420984 0.9328815034599647 0.26928578426861743 0.9030114452066329 0.8609960447997365 0.93164087523181 0.8624412837953288
0 0.9835251503434582 0.2772123498560235 0.9597480245590141 0.27655032730110973 0.9436118597564574 0.8560949626630994 0.9673889855409016 0.8567569852180131
0 0.8731231021475099 0.31482492395462575 0.8564645406250001 0.31282837812500014 0.7955042337899902 0.8214623432328745 0.8121627953124999 0.8234588890625002
0 0.188246010260874 0.324965129238065 0.17447821093750004 0.32465350468750004 0.16309306001009738 0.8276577543547313 0.17686085933347134 0.8279693789052963
0 0.3266066796875001 0.3278785421875 0.29323328048239305 0.3277150331573234 0.2907728406250001 0.8299089578125001 0.32414623983010715 0.8300724668426765
0 0.19996105468750017 0.3397036703125001 0.18678274438734543 0.33941587620093394 0.1758868356703715 0.8383477872572044 0.1890651459705262 0.8386355813687706
0 0.1052222734375001 0.3085283296875 0.07391093306690438 0.30784120575348317 0.06103899121399355 0.8943987867576674 0.09235033158458927 0.8950859106916841