0 0.8032794321354929 0.15657115796515123 0.7438983435812403 0.14751762182424222 0.6348273576053584 0.8629015089739129 0.6942084461596111 0.8719550451148219
0 0.7354152081614165 0.14188961341542056 0.6913014924409141 0.13511647038716884 0.5754043572623355 0.8899585359928821 0.6195180729828379 0.8967316790211338
0 0.5941461787724801 0.13529029474409032 0.5452812500000002 0.12797584531250006 0.4292629427688409 0.9030480325190421 0.4781278715413209 0.9103624819506322
0 0.6196205085108573 0.17679303815616573 0.5898990390625 0.17250241562500007 0.4848482414891427 0.9001973009063345 0.5145697109375 0.9044879234375001
0 0.672090963471325 0.20731969024520042 0.6203352989921938 0.1998398437351781 0.5223765464583687 0.8776505878649778 0.5741322109375001 0.8851304343750002
0 0.8613637673664941 0.2918796055416461 0.83960576875 0.28849275312500006 0.753833348258506 0.839516528833354 0.775591346875 0.84290338125
0 0.878202303565884 0.28857396530539825 0.860247596875 0.2859516906250001 0.7786150042466162 0.8448898018821019 0.7965697109375003 0.8475120765625002
0 0.9635087279103056 0.182343590581371 0.899868430525804 0.17364150195186273 0.7917583930111848 0.9642740995502997 0.8553986903956863 0.972976188179808
0 0.888727938877816 0.29914093614432835 0.8765961531249999 0.2973816421875001 0.7952504251846841 0.8583276622931718 0.8073822109375002 0.8600869562500002
0 0.8354327504625811 0.3077579246969021 0.7848990390624999 0.29948309218750013 0.693523980787419 0.8575029456155979 0.7440576921875002 0.8657777781249999
0 0.9968669184536759 0.2522649046087056 0.9538325076111722 0.24681722609570014 0.8667612625949964 0.9346441089869947 0.9097956734375001 0.9400917875000001