0 0.5302944500000001 0.7855441531249999 0.469816440625 0.0739873015625 0.44642913341355567 0.0759750805877231 0.5069071427885558 0.787531932150223
0 0.5107847474106857 0.7791449837045491 0.44645941562499997 0.1461477453125 0.420158125269416 0.14882048877155873 0.48448345705510176 0.7818177271636078
0 0.47773964566716376 0.7813619413717374 0.4160118671875 0.14340748124999997 0.3822291012078362 0.14667626487826252 0.44395687968750003 0.784630725
0 0.5872994749607483 0.7936875577648562 0.5304917781250001 0.136100090625 0.4762467045449094 0.14078621657593038 0.5330544013806576 0.7983736837157867
0 0.2262193205961657 0.7864586304253312 0.205665253125 0.149478503125 0.18357087236934305 0.1501914443508277 0.20412493984050872 0.7871715716511589
0 0.19872403906250002 0.7929961218750001 0.18059976406250003 0.15539007968750002 0.1562045812191348 0.15608352512758952 0.1743288562191348 0.7936895673150896
0 0.16881501776513633 0.8103466569884403 0.1516780484375 0.16636872499999994 0.13002730089792475 0.16694487548292172 0.14716427022556106 0.8109228074713621
0 0.4006064120024342 0.7919884074090653 0.35595095 0.2356632484375 0.3338183317475658 0.23743980352843463 0.37847379375 0.7937649625
0 0.4245333954034707 0.8160828206371186 0.3759712546875 0.21556793125 0.3582737530340293 0.21699908405038118 0.40683589375 0.8175139734374998
0 0.300740622357638 0.7578693282296223 0.282829503125 0.2837557984375 0.2521566135710204 0.28491456263107146 0.27006773280365837 0.7590280924231937
0 0.2651310097254715 0.7675493871511816 0.24924063749999997 0.28544482031249996 0.21740987170878512 0.28649397593440357 0.23330024393425663 0.7685985427730853
0 0.33218923281250007 0.7820174765625001 0.30712374531250003 0.28882286718750005 0.29297466941847505 0.2895419615940826 0.3180401569184751 0.7827365709690827
0 0.14782182031250002 0.7913070953125 0.13393939375000005 0.2846003125 0.11814071341653014 0.2850331545833375 0.1320231399790301 0.7917399373958375
0 0.31753184287007813 0.7828965716232543 0.29324132031250005 0.29726797812500005 0.277048879004922 0.2980779033767457 0.30133940156250005 0.783706496875
0 0.952472815625 0.2692071265625001 0.9237812222106057 0.2691712327680277 0.9230697578125001 0.8378780953125 0.9517613512268944 0.8379139891069725
0 0.9177559500000001 0.2761894500000001 0.8799642332203611 0.2758598570009484 0.8750046816578612 0.8445308195009484 0.9127963984375003 0.8448604125000003
0 0.977273787864446 0.8479527714084922 0.9767969531184815 0.27386092687414 0.9569568242839696 0.27387740587986487 0.957433659029934 0.847969250414217
0 0.11465825 0.821709503125 0.10810266093750001 0.32344783124999993 0.09112568472360646 0.3236711959715193 0.09768127378610647 0.8219328678465194