0 0.5959365086092666 0.1540552352316926 0.5729866498730228 0.15220714452431425 0.5222472568887563 0.7822962936676218 0.5451971156250001 0.7841443843750001
0 0.6979633463523893 0.12612756456962076 0.6696298078125 0.12432085625000008 0.6244016978640536 0.8336065679467859 0.652735236403943 0.8354132762664067
0 0.5791941285627066 0.13765616651091336 0.5419783656250001 0.13366310156250008 0.4668764321072918 0.8336206003928324 0.5040921950449981 0.8376136653412457
0 0.6716564808683765 0.0828703042383357 0.6463268482662632 0.0812008364326954 0.5931679642728869 0.8877422962568596 0.6184975968750002 0.8894117640625
0 0.7225287405198416 0.13713572516416098 0.6965048078124999 0.13552941250000006 0.6527957782301584 0.8436610670233391 0.6788197109375 0.8452673796874999
0 0.7443232789073628 0.1515583636698151 0.7194450787730939 0.15021908158978053 0.6815117687068619 0.8548596451062027 0.7063899688411309 0.8561989271862374
0 0.6432669989338325 0.1668173836595198 0.6049639421874999 0.16355615000000007 0.5442140953990762 0.8770606307585689 0.5825171521454088 0.8803218644180886
0 0.9246826921875 0.8384759359375 0.9208544475855709 0.2306163660825372 0.8896586531249999 0.230812834375 0.8934868977269291 0.8386724042299628
0 0.7525031329829812 0.26314402930222497 0.7321424867424768 0.2621997535582175 0.7065624303219957 0.8137616070684925 0.7269230765625001 0.8147058828125001
0 0.8265982628534718 0.2264273253290714 0.785716346875 0.22556149687500007 0.7723224105840283 0.8579844387334289 0.8132043265625001 0.8588502671875002
0 0.7842886396899627 0.28528192139215885 0.7697520429489045 0.2849755151371611 0.7581989798214418 0.8330786203075021 0.7727355765625 0.8333850265624999
0 0.9914272278993019 0.9328525078757586 0.9755216375355049 0.20076982839719942 0.9214463495488456 0.20194469484825764 0.9373519399126427 0.9340273743268168
0 0.8880312500000004 0.26460962500000007 0.8674035713015401 0.26455936670063124 0.8658729535824732 0.892775818820791 0.8865006322809335 0.89282607712016
0 0.7697287289220863 0.3171960601925039 0.752182151197213 0.316709013153221 0.7368644800876267 0.8685503857732171 0.7544110578125001 0.8690374328124999
0 0.8674853236214688 0.28356653346873617 0.83675 0.2831229953125001 0.8275170795035311 0.9229254462187638 0.858252403125 0.9233689843749999