0 0.5808651705314279 0.06616736160667844 0.5493485578125 0.060698412500000076 0.44024540603107215 0.6894411040183216 0.47176201875000007 0.694910053125
0 0.5398948179994597 0.08886426116886784 0.4922905351958041 0.08116869866095389 0.3911489023269514 0.7068247035807974 0.4387531851306069 0.7145202660887113
0 0.7070259810410551 0.0658543145292044 0.6814598380848097 0.061757891770861176 0.5681405882937546 0.7689935241166569 0.59370673125 0.7730899468750001
0 0.7674289191441169 0.09404215411884845 0.7127144306502271 0.08464686110303235 0.5965351927332446 0.7612290140531053 0.6512496812271344 0.7706243070689214
0 0.8105043631483382 0.16347171005928587 0.7586006266912474 0.15488785757510973 0.6622164557304091 0.7376912803283239 0.7141201921875 0.7462751328125
0 0.5949944342964117 0.1821529309661915 0.5563605765624999 0.17582010625000005 0.46544787351608824 0.7304396627838087 0.5040817312500001 0.7367724875000001
0 0.8378010558845357 0.14929664931091907 0.8156491853791064 0.14562945916602965 0.7131399770971572 0.764842158196753 0.7352918476025866 0.7685093483416424
0 0.6706592196965523 0.14268561772967453 0.6298471414119522 0.1357542299509002 0.5179815132000568 0.7944201308719953 0.558793591484657 0.8013515186507696
0 0.6169074729071298 0.17642228525337877 0.5958066069261494 0.17301743770762004 0.4991395183940199 0.7720925071417415 0.5202403843750002 0.7754973546875001
0 0.42218747517531313 0.23873170774419394 0.4081298078125002 0.23651851875000007 0.3331803138871872 0.7125804625683063 0.34723798125000016 0.7147936515625002
0 0.46140411259064484 0.24109133616187509 0.42667307656249986 0.23547619062500003 0.3495790608468552 0.7123213622756249 0.3843100968750001 0.7179365078125
0 0.9382817230662184 0.1538800928757947 0.9070913468749999 0.14895767187500006 0.8035698381855422 0.8049102609334003 0.8347602143767606 0.8098326819341949
0 0.39877671283259236 0.25101919638194775 0.3860641593062359 0.24904907488166797 0.3098114855361437 0.7410827878747204 0.3225240390625001 0.7430529093750001
0 0.9862813572797059 0.17489281127150094 0.9632620187500001 0.17130158750000013 0.8615720083452943 0.8231230621659993 0.8845913468750002 0.8267142859375001
0 0.8558128604042835 0.22830296555731572 0.8252043265625 0.22343386250000014 0.7374109112516909 0.7753276490957174 0.7680194450934744 0.780196752153033
0 1.0104371126736396 0.19293975974431068 0.986271634375 0.18917460312500017 0.8856979763986818 0.8346751214239122 0.9098634546973214 0.8384402780432227
0 0.8843402823234184 0.2763758640045681 0.8502451921875004 0.2711005296875001 0.7723526392103909 0.7745290244615314 0.8064477293463088 0.7798043587785993
0 0.9391198589821617 0.28288818240061786 0.9192740390625002 0.2800370375000002 0.8383633144553386 0.8432282207243824 0.8582091343750001 0.8460793656250003