0 0.2984885745398764 0.8232483301529976 0.22592788437500003 0.044850267187499994 0.20137349001779467 0.0471391780750112 0.273934180182671 0.8255372410405089
0 0.2631275037141368 0.802331275873662 0.20133894218750004 0.10357754062499999 0.16315827383571851 0.10695373520769176 0.22494683536235524 0.8057074704563538
0 0.21361057656250004 0.7848502671875 0.1655144234375 0.150561496875 0.14646605722708309 0.1520058754938835 0.19456221035208313 0.7862946458063834
0 0.7020384439084492 0.1087503353873214 0.642185096875 0.10048663125000006 0.5413912151651832 0.8305286415368831 0.6012445621986322 0.8387923456742046
0 0.11176971470780757 0.8303579278524094 0.09982211562500001 0.12054545468750003 0.06383374812805712 0.1211512126908513 0.07578134721086469 0.8309636858557606
0 0.18193750000000009 0.78745989375 0.15085096093750003 0.17666844843750001 0.10971748868442377 0.178761957280469 0.14080402774692383 0.789553402592969
0 0.783338849198664 0.16433809134672175 0.7596120308484618 0.16093825142055143 0.6627635660247979 0.8368247585113299 0.6864903843750001 0.8402245984375002
0 0.7462078897732717 0.2003194852731745 0.6909975968750002 0.1927807484375001 0.6056598992892286 0.8177553803518258 0.6608701921875001 0.8252941171875001
0 0.8910731585717959 0.18494743368941308 0.8601514421875003 0.18076470625000013 0.7647485843827744 0.8860509468717602 0.79567030076707 0.8902336743111731
0 0.8047279872159955 0.25712242110801 0.7715360578125 0.2525026734375001 0.6886782627840046 0.8478187554544903 0.7218701921874999 0.8524385031250002
0 0.9452854103215753 0.20787271650412192 0.9203317312499998 0.2045668453125001 0.8271160318659246 0.9081861069333783 0.8520697109375002 0.9114919781250002
0 0.9723950218830216 0.22104138275209612 0.9441288581684054 0.21739989250680028 0.8538852784728839 0.917893269129704 0.8821514421875001 0.921534759375
0 0.8325796679932637 0.31455505852432364 0.7989230765625001 0.3101764703125002 0.7286655241942362 0.8502203430381767 0.7623221156249999 0.8545989312500002
0 0.9682932687500001 0.31255080156250015 0.9479722306865617 0.31220747041716745 0.9383304041240617 0.8828866157296675 0.9586514421875002 0.8832299468750003
0 0.9073104654701979 0.3205463954942873 0.8842235578125003 0.3176149734375001 0.8067715573401608 0.9276012354528044 0.8298584649978584 0.9305326575095917