0 0.7194483010998368 0.12377431569752317 0.697346153125 0.12355026406250007 0.6906863129626631 0.7805272718024769 0.7127884609375 0.7807513234375001
0 0.7473899551283566 0.12394830547360361 0.7265830995799442 0.12355010622670062 0.7139665972981464 0.7827922884891619 0.7347734528465588 0.7831904877360649
0 0.9533595934789968 0.20359608664687653 0.9269111997234216 0.20348114802482647 0.9244927890625002 0.7599788359375002 0.9509411828180754 0.7600937745595503
0 0.7759871823137153 0.22881888551500632 0.75948076875 0.22841269843750003 0.7467459895612849 0.7459218551099939 0.7632524031250002 0.7463280421875002
0 0.8610706363524578 0.21477439638665735 0.8242331734375 0.21387830625000012 0.8103644605225424 0.7840086723633427 0.8472019234375002 0.7849047625
0 0.9724350968750001 0.8461269843749998 0.9695120078968568 0.17227541015797904 0.9504529667475273 0.17235808603980407 0.9533760557256705 0.8462096602568249
0 0.8232019234375002 0.2646507937500001 0.8075042707833949 0.26425035887726456 0.794718212970895 0.7654831635647645 0.8104158656250002 0.7658835984375001
0 0.9173990390625002 0.2315291000000001 0.8925828202418075 0.2311253402690366 0.8831177890624999 0.8128730156250003 0.9079340078831928 0.8132767753559638
0 0.7968033228177551 0.28475327593147887 0.7794087841530862 0.2844600657400828 0.7707980765625001 0.7952857140625001 0.788192615227169 0.7955789242538962
0 0.8859063411670739 0.25491279394999783 0.8584522360413649 0.2543510182127471 0.8465336531250001 0.8368148140624999 0.8739877582507092 0.8373765897997506
0 0.575217405434576 0.7856534798313247 0.5439148742698338 0.6952218424407987 0.18864217977275782 0.8181979922969738 0.21994471093749998 0.9086296296875