0 0.2572234593750001 0.711685675 0.15922396875 0.06738960624999998 0.13780114979168118 0.07064808546086952 0.23580064041668125 0.7149441542108695
0 0.3875582692391551 0.7202336536367868 0.2836370066146147 0.06996791115089793 0.2595750956305928 0.07381333004234925 0.36349635825513316 0.7240790725282381
0 0.2053653966203221 0.7411608560779401 0.10926349531249999 0.082830234375 0.07695312210611438 0.08754684362077209 0.17305502341393647 0.7458774653237122
0 0.3643822577260901 0.7224205456674241 0.2693932859375 0.12073 0.2140664883718671 0.1294644493792658 0.3090554601604572 0.7311549950466899
0 0.48332675468749997 0.8113479421874998 0.35458236718749997 0.04633418125000001 0.32692670169142246 0.050988361209892606 0.4556710891914225 0.8160021221473925
0 0.13680580468749998 0.70466714375 0.11081392418313799 0.18442248643065323 0.07320112315335069 0.1863016550411258 0.0991930036577127 0.7065463123604726
0 0.288159466960078 0.7698691927287815 0.17908005468749993 0.11792263906250003 0.15675318552371603 0.12165822406187857 0.26583259779629403 0.77360477772816
0 0.09941898083985505 0.7513644136521654 0.06570815156250001 0.15020763281250002 0.03826294490945255 0.15174666673085713 0.07197377418680759 0.7529034475705225
0 0.23351669564434313 0.7617057045807526 0.1470541390625 0.161437159375 0.12400297779315694 0.16475744385674745 0.210465534375 0.7650259890625
0 0.4598935424429221 0.831012375744583 0.3379289015625 0.09265611093750001 0.27851494406309 0.10247034606367386 0.4004795849435121 0.8408266108707568
0 0.3102064062902167 0.7425117121710421 0.22263536093750003 0.21898865937500003 0.20277352504486568 0.22231099966632567 0.2903445703975823 0.7458340524623677
0 0.534326046143072 0.8349462876023697 0.404542840625 0.1361706328125 0.3643689423178898 0.14363210812966984 0.49415214783596173 0.8424077629195397
0 0.6717490656239086 0.8652555305530518 0.5134311421875001 0.15301497812500003 0.47153615202633387 0.1623274608558603 0.6298540754627424 0.8745680132839121
0 0.7555227606995736 0.8624708704728914 0.578123628125 0.20916281874999995 0.5275062711450069 0.2229074453435156 0.7049054037195805 0.8762154970664071
0 0.5661213621175282 0.8871367022264062 0.43768484981260214 0.2195346809276842 0.41573967207007395 0.22375660057627797 0.544176184375 0.891358621875
0 0.6142672610491214 0.9053168192610517 0.4910130171875 0.24425514375000001 0.4477627703940922 0.25231910610453967 0.5710170142557135 0.9133807816155913