0 0.7421823115881494 0.08517951147921132 0.7198632581809793 0.08245242042651789 0.6340812809678298 0.7845091151973065 0.6564003343749999 0.78723620625
0 0.7217472045814921 0.12015992269774131 0.6704003373530976 0.113333832316411 0.5819313505255139 0.7788107109834133 0.6332782177539086 0.7856368013647436
0 0.20622282187500018 0.14421352968750004 0.16914736423552232 0.14287169432996955 0.14548234669509802 0.7967457709322249 0.18255780433457588 0.7980876062897553
0 0.7691122619493036 0.15033767524220548 0.7419001640624999 0.14680597812500007 0.6579782271432459 0.7934333322011466 0.6851903250300496 0.7969650293183521
0 0.6026335463496567 0.16178323194132083 0.5595510497227243 0.15559219995915569 0.4665888290479362 0.8025028555964191 0.5096713256748687 0.8086938875785842
0 0.805333244574314 0.16447697882106524 0.7664995224824913 0.15942946878247208 0.6832227530747758 0.80013090278802 0.7220564751665984 0.8051784128266132
0 0.650393493485254 0.2079692473189266 0.5962287885093829 0.2012276235368759 0.5247636934616291 0.7754046934054494 0.5789283984375002 0.7821463171875
0 0.5496139311642817 0.20570627318515627 0.527425390074468 0.2016060189409389 0.4159518115939477 0.8048457034146346 0.4381403526837614 0.8089459576588519
0 0.49455582526438996 0.21855007287540337 0.4439896149446887 0.2075602777037684 0.3143430893885794 0.8040894555549917 0.3649092997082807 0.8150792507266267
0 0.8172890480191553 0.21768432157324485 0.797681170292535 0.21526487569261574 0.7251376300858798 0.8031783634943708 0.7447455078125002 0.8055978093749999
0 0.8449915157181911 0.19161004499467635 0.8246451679545876 0.18898295324469885 0.7415768569238966 0.8323319129375226 0.7619232046875001 0.8349590046875001
0 0.87092661875554 0.19367800782723998 0.8487623890625 0.19084777187500007 0.7662887820920732 0.8367175860363856 0.7884530117851132 0.8395478219886255
0 0.42172652458030024 0.326914988808949 0.3906903578125 0.319814709375 0.2902324801071998 0.7589280533785511 0.321268646875 0.7660283328124999
0 0.27186898342650906 0.7965789742523052 0.22094249062500007 0.29945515312500004 0.20133817942865112 0.3014634632694534 0.2522646722301601 0.7985872843967586
0 0.5077570865251457 0.31579784941415795 0.47228998072036693 0.30876202238123296 0.37876786607022134 0.7802003792170751 0.41423497187500014 0.78723620625
0 0.38641815272541785 0.32890593613927566 0.368993075 0.32490459843749997 0.2647202425870822 0.7789932919857243 0.28214532031250006 0.7829946296875001
0 0.9305151272132516 0.25391971779483535 0.8936046722041253 0.2513469668199617 0.851122187178374 0.8608299162126265 0.8880326421875002 0.8634026671875
0 0.8924284047949953 0.31047616168400055 0.8784215120899287 0.30897545643981605 0.8245874963574338 0.8114374056933157 0.8385943890625004 0.8129381109375002
0 0.9613197852044179 0.2675330139228255 0.9321998791002484 0.265976109584672 0.9003905892083303 0.8609282284743465 0.9295104953124997 0.8624851328125
0 0.8739736098082869 0.3186917989922958 0.8567246734375 0.31655039687500014 0.7941125183167134 0.8208896197577046 0.8113614546875001 0.8230310218750002
0 0.10628402343750024 0.3079383015625 0.07223295542102523 0.3069665213085115 0.05538193893601042 0.8974241953793008 0.08943300695248542 0.8983959756332893