0 0.7448896148630403 0.08492470026592276 0.720217446606742 0.0818704261253647 0.6325066661187018 0.7903906946094419 0.657178834375 0.79344496875
0 0.7181405658163311 0.12300121343295212 0.6688540442927823 0.11668354115804083 0.5837367261438206 0.7807155375050612 0.6330232476673694 0.7870332097799725
0 0.20448859687500018 0.14362059843750002 0.16975731462963653 0.14266323836515288 0.15176646128219023 0.7953386773075675 0.18649774352755388 0.7962960373799146
0 0.7664254297263786 0.1585600135692682 0.738423453373064 0.15506898602612385 0.6594998136095896 0.7881255480444807 0.6875017899629043 0.791616575587625
0 0.5982541517741987 0.16239547752143751 0.5564515658855517 0.15715954522785497 0.47611595554624325 0.7985422184228196 0.5179185414348904 0.8037781507164021
0 0.8026956455056415 0.16424818386653106 0.7660030523247143 0.15974677861288372 0.6872060920232881 0.8020494919469477 0.7238986852042152 0.806550897200595
0 0.6466115517416144 0.2072219016144377 0.5931466420920614 0.20098407290314313 0.525987274725447 0.7766121759762055 0.5794521843750002 0.7828500046875001
0 0.8186277207520657 0.21544139949223565 0.7983320626823748 0.21292639933231877 0.724518755992809 0.8085882435900833 0.7448144140624999 0.8111032437500002
0 0.8694997658309687 0.18882031267057658 0.846402821875 0.18600045000000012 0.7669938442657422 0.8364238640830827 0.790090788221711 0.8392437267536593
0 0.8437160864750185 0.187461559049336 0.8218927221798946 0.18479481440894555 0.7418017122673763 0.8402213819221098 0.7636250765625002 0.8428881265625001
0 0.2781418451545782 0.8000787012926466 0.21846222812500007 0.300190603125 0.20076767578070204 0.3023030841208235 0.2604472928102801 0.80219118228847
0 0.9285718048929411 0.25228654197846995 0.888042548786928 0.249909642893528 0.8520940751439874 0.8628784071650581 0.8926233312500005 0.8652553062500001
0 0.8927050389354976 0.30802060693393424 0.8773940838402557 0.3064624481583995 0.8257173699047582 0.8142539896619656 0.8410283250000001 0.8158121484375002
0 0.9603718967027459 0.26736591344379385 0.9301743550911177 0.2658927723574095 0.9011220927633719 0.8614276526636159 0.9313196343750002 0.8629007937500003
0 0.9745954083452706 0.27678786361286967 0.9500135488299654 0.27650102128327647 0.94314345625 0.8652553062500001 0.9677253157653052 0.8655421485795932
0 0.8755225997873077 0.31409759056647596 0.8563281145890113 0.3118097971308501 0.7944239929267036 0.8311826253143743 0.8136184781250002 0.8334704187499999
0 0.10613561562500022 0.310785565625 0.07134363054090997 0.31003998999090443 0.0588401781250001 0.893508534375 0.09363216320909033 0.8942541100090956