0 0.6917105739618236 0.05324551555168507 0.6678930234516661 0.05178262070194417 0.6212665838648428 0.8109127660877592 0.6450841343750001 0.8123756609375002
0 0.724966781431444 0.10862686379040301 0.6960003443727505 0.10717055211774702 0.662805945773893 0.7674162095335137 0.6917723828325866 0.7688725212061697
0 0.7473504322988376 0.12406447900657532 0.7257200148708752 0.12294013644605309 0.6916700638220379 0.778002641814478 0.7133004812500002 0.7791269843750002
0 0.769877168751704 0.13737819309092036 0.7467679140105247 0.13620796010590053 0.714199915302982 0.7793467095492294 0.7373091700441613 0.7805169425342493
0 0.9512379812500003 0.20780423281250013 0.9271815934651084 0.2077918631989025 0.9268953508689759 0.7644756139706366 0.9509517386538677 0.7644879835842342
0 0.7901398784520789 0.23570046898849378 0.7740943135256375 0.234850335890876 0.7471563585110588 0.7432821419023823 0.7632019234375002 0.7441322750000001
0 0.8618430838400931 0.2115899203645372 0.8254193287096567 0.21051593712165068 0.8085257636195639 0.7834551167571135 0.8449495187500002 0.7845291000000001
0 0.617801598987366 0.481381924336678 0.34793805734448074 0.4540721216140202 0.33785012022299066 0.5537567098595962 0.6077136618658759 0.5810665125822541
0 0.9748619280131265 0.8461651071976671 0.9714323646703583 0.17418731964961126 0.9493373685131626 0.17430008556283558 0.9527669318559309 0.8462778731108914
0 0.8254833017639065 0.2652740566810655 0.8127151609089889 0.26485649124669897 0.7963677890625003 0.7647195765625001 0.8091359299174178 0.7651371419968667
0 0.9180168265625003 0.23389947031250014 0.893518947681453 0.23340182292103698 0.8817633158905289 0.8121008148669555 0.9062611947715762 0.8125984622584186
0 0.8057400083515391 0.2876597679770959 0.7898643422016663 0.2870336411165561 0.7699375 0.7922857140625001 0.7858131661498728 0.7929118409230399
0 0.8878318980441271 0.25443533030394855 0.8584113282220178 0.25374496698587384 0.8447140691191086 0.8374682866612376 0.8741346389412179 0.8381586499793123
0 0.6029210231591262 0.5899085428244728 0.35630515572068233 0.5696301336924011 0.35196153906250005 0.6224550265625 0.5985774065009439 0.6427334356945715
0 0.5667739057689702 0.7921482155243169 0.5384790456385034 0.7003997085079277 0.19214023674453312 0.8072091648586108 0.22043509687500001 0.898957671875