0 0.5780827956218455 0.07036620918830887 0.5482738862849496 0.0652613960850322 0.44224660125344073 0.6843942933722603 0.4720555105903367 0.689499106475537
0 0.5393922405407077 0.09543201562853652 0.49204386128833627 0.08759476954309593 0.39026353865175195 0.7024961346512192 0.43761191790412335 0.7103333807366597
0 0.7082443691759643 0.0621733707015234 0.6849465385452594 0.05838535322638816 0.5703284146817952 0.7633329028373648 0.5936262453125002 0.7671209203125
0 0.7665966347436406 0.09051356896508156 0.711758352525384 0.08113324425432873 0.5964781564277947 0.7550723799143995 0.6513164386460513 0.7644527046251524
0 0.8085556317992891 0.1577928375441665 0.7503964004936783 0.1484220091678546 0.6559753077568893 0.7344383091236881 0.7141345390625002 0.7438091375000001
0 0.8363855015155581 0.1431718634160029 0.8147033748520551 0.1396335201154298 0.713297174312801 0.7610266122443308 0.734979300976304 0.7645649555449039
0 0.5932491155435217 0.18230951972372422 0.5552131617928129 0.1761692718002593 0.46623653687429123 0.7273376989515351 0.504272490625 0.733477946875
0 0.6715255582889917 0.14283739002736584 0.632125375 0.13598330625000005 0.5187488951807782 0.7877194435130936 0.55814907846977 0.7945735272904594
0 0.42367743447305595 0.23400319605526052 0.40858702343750003 0.23157340156250003 0.3322596749019442 0.7056098133197397 0.3473500859375001 0.7080396078125002
0 0.6156480927110308 0.1745182024117929 0.5932385128974357 0.17095573594175034 0.49819639362390483 0.7688151054049575 0.5206059734375 0.772377571875
0 0.4601895092133839 0.24420334936846427 0.42691053574341165 0.2387478123344094 0.34948799225555854 0.7110281313252963 0.38276696572553076 0.7164836683593512
0 0.9354920141849072 0.15416149915605531 0.9055165036073125 0.14944721254047044 0.8032101154590165 0.7999562863750216 0.8331856260366113 0.8046705729906065
0 0.389749070132236 0.2366035205856214 0.37681010303061396 0.23452571931606297 0.2992580563358781 0.7174609237304417 0.3121970234375001 0.7195387250000002
0 0.4039235158943015 0.2396115678678611 0.389563259375 0.23729034375000008 0.3106062216056986 0.725758177444639 0.32496647812500007 0.7280794015625001
0 0.856671428647729 0.22573970117638367 0.8235068122126636 0.22053311345291596 0.738140126702395 0.7642968089189578 0.7713047431374604 0.7695033966424255
0 0.9838145954608557 0.17772920639455025 0.9600230312499999 0.1740310000000001 0.8606240701641443 0.8134914607929499 0.884415634375 0.8171896671875001
0 1.0074550724468228 0.18673431486367006 0.9831973007512694 0.1830253497876284 0.8846764738065639 0.8273818423088162 0.9089342455021173 0.831090807384858
0 0.8854809466060651 0.27218532395356126 0.8520911734375 0.26684772968750015 0.772788601831435 0.762931685421439 0.8061783750000002 0.7682692796875001
0 0.9420992145996421 0.28159751088386853 0.9178945437500001 0.27793040156250015 0.8327031402784817 0.8402343035028175 0.8569078111281236 0.8439014128241858