0 0.2871873012101293 0.8235386442769641 0.21280704873011486 0.04242787739615639 0.18704543178296665 0.04488099371981691 0.26142568426298113 0.8259917606006247
0 0.25982739669199245 0.7969524195506618 0.19194618749999998 0.10682686093750002 0.15556916327680137 0.1104049292473295 0.22345037246879382 0.8005304878604912
0 0.21435863532404556 0.7763667890960593 0.1622125140625 0.15316735312500002 0.14083543950602834 0.15495607669838052 0.19298156076757386 0.7781555126694397
0 0.10822214041992625 0.8239302825658547 0.09598745468750007 0.1232702671875 0.0605452190792353 0.12388914739302674 0.0727799048116615 0.8245491627713812
0 0.602803232701069 0.8184607140886021 0.5014469609375002 0.13522907968749992 0.4757654494503454 0.13903888902086453 0.5771217212139141 0.8222705234219667
0 0.18263973259792143 0.7847714844332894 0.14126375312500006 0.17559014374999998 0.10729231537836051 0.1778975051496351 0.14866829485128186 0.7870788458329245
0 0.544829667266033 0.8373705948438867 0.45050562553322243 0.1388360974275818 0.4180176524572559 0.14322299161758428 0.5123416941900665 0.841757489033889
0 0.3438417493293656 0.8681240134735294 0.27303808437500005 0.1098165875 0.21779049335122952 0.11497509154519106 0.2885941583055951 0.8732825175187203
0 0.6556140943995331 0.761463078170063 0.5676719906250001 0.22193056718749996 0.5476547959138012 0.22519330702010326 0.6355968996883343 0.7647258180026663
0 0.6308815741764727 0.840086762149542 0.5257745312500001 0.14718789375000002 0.4997687601618268 0.15113275471421866 0.6048758030882994 0.8440316231137606
0 0.4328264642594314 0.9075196528468256 0.34399349218749997 0.18904382343749995 0.31704587273742446 0.1923756503800731 0.4058788448093559 0.9108514797893988
0 0.393324415625 0.8871401437499999 0.32574781562499994 0.24883792031249996 0.2783973050569443 0.25385088501003966 0.34597390505694436 0.8921531084475397
0 0.571914403419771 0.870764353222255 0.48522858437500005 0.2637864328125 0.4629539753805168 0.26696759090682626 0.5496397944252877 0.873945511316581
0 0.5041499859375 0.8617276890625 0.43927646875000004 0.299662903125 0.40401688800331187 0.3037325639093507 0.4688904051908119 0.8657973498468508
0 0.46330114145247947 0.9107374548692645 0.387918309375 0.2712607171875 0.35633268187631983 0.274984095871182 0.4317155139537993 0.9144608335529465