0 0.6175219938091642 0.18166173702881197 0.580099503125 0.17310411562500008 0.4447126827533359 0.7651508754711883 0.48213517343750006 0.7737084968750001
0 0.5027413661049344 0.176789856841173 0.4584890692611162 0.16763382897468104 0.32924787159728075 0.7922736757362998 0.3735001684410989 0.8014297036027915
0 0.45787998714464245 0.18977590043875914 0.41367622343750005 0.18027693593750008 0.28308162569646794 0.7880034664670887 0.32728538940361035 0.7975024309683477
0 0.8335485525365105 0.17274581919435258 0.8115783946611194 0.17161170540031428 0.7774707624371089 0.8323479283934617 0.7994409203124999 0.8334820421875
0 0.525107833408863 0.17014667452317517 0.50132276561504 0.16537512116610614 0.36316591970617706 0.8540544044554309 0.3869509875000001 0.8588259578125002
0 0.5598127189690956 0.21728870105348502 0.5281269725444906 0.2108647286117929 0.4044040019428321 0.8211186966923885 0.43608974836743714 0.8275426691340806
0 0.8052098964952826 0.1983553342259663 0.7808146829237109 0.19718902644581596 0.7489055294005149 0.8646205812504174 0.7733007429720866 0.8657868890305679
0 0.8563003714096356 0.20167186536853876 0.8323552593749998 0.2003608406250001 0.7958260217964636 0.8675463309590039 0.8197711338310993 0.8688573557025426
0 0.6954497144461793 0.24284460472064331 0.6625594612122179 0.23592914216012476 0.5315302938650552 0.8591097981710979 0.5644205470990166 0.8660252607316166
0 0.9573044906250002 0.26921993593750015 0.9267185163870698 0.2690334447110794 0.9232255710745696 0.8419029431485795 0.9538115453125 0.8420894343750002
0 0.9252095396551872 0.2727007494868439 0.8840859986713039 0.27204690871282383 0.8748961918286167 0.8500429795384802 0.9160197328124999 0.8506968203125002
0 0.8846391358455907 0.3082010774345608 0.8693101988614156 0.30792220842688384 0.8600846927033249 0.815031993492323 0.8754136296875 0.8153108625
0 0.979604932796504 0.8534490041367656 0.9767301574689279 0.2730422315091135 0.953119840297424 0.2731591742473479 0.9559946156250001 0.853565946875
0 0.6012283422838169 0.279995441324355 0.5794895755724105 0.2757638772720865 0.4660725426635938 0.8584199328227315 0.48781130937500017 0.862651496875
0 0.707649187578394 0.358315601413933 0.6914851609375001 0.35529380937500005 0.605006273029921 0.8178825745855232 0.621170299670815 0.8209043666244561
0 0.6295290814196948 0.32194432402416984 0.5963216856937856 0.315515138374361 0.4899705198990909 0.8648296924751913 0.523177915625 0.8712588781250001
0 0.7198463215676938 0.38037269067805146 0.7026546843750001 0.3772904812500001 0.6195326940573065 0.8409199436969488 0.6367243312500002 0.8440021531250002
0 0.8665861952186702 0.347788737679837 0.8454594546875003 0.34668642812500006 0.8171738094688301 0.8888059123201633 0.8383005500000001 0.8899082218750001
0 0.7744606416704483 0.3701683533359086 0.7393154734375 0.36820488906250015 0.710279729136639 0.8879322566764636 0.7454248973695872 0.8898957209498718
0 0.7351666158462468 0.4071912498500745 0.7176935500000001 0.4040690046875001 0.6375895060287534 0.852356426712426 0.655062571875 0.8554786718750002
0 0.6833991753076749 0.39611560617972597 0.666106651970865 0.3924917906648576 0.5670368344756904 0.865244093860132 0.5843293578125002 0.8688679093750002