0 0.3837876873814407 0.777649018936421 0.3342875412404464 0.13986085309449117 0.3004391304215058 0.14248790290807023 0.3499392765625 0.7802760687500001
0 0.225567524886327 0.7885797143468887 0.20594509179858456 0.15656779826461475 0.185519321875 0.15720196875 0.20514175496274242 0.789213884832274
0 0.1991556894156374 0.7941101503149071 0.18148821689839253 0.15655168868496946 0.158021840625 0.15720196875000003 0.17568931314224487 0.7947604303799376
0 0.4802105875611664 0.8043798573483854 0.4158184875 0.1524237984375 0.3793188025270287 0.1560287827533247 0.44371090258819523 0.80798484166421
0 0.17259563177572707 0.8093244478347005 0.15230155937499998 0.171536496875 0.12984678429907195 0.17225099584044334 0.15014085669979904 0.8100389468001437
0 0.3907133882340893 0.7946850768263085 0.3617891593712842 0.2296256593815113 0.34019170909895696 0.23073118842012938 0.3691159379617621 0.7957906058649267
0 0.414509628125 0.8280577937499999 0.37655271562500003 0.2107175453125 0.35801939517763953 0.21185705893458348 0.39597630767763947 0.8291973073720834
0 0.284932584375 0.757340825 0.26463149963407834 0.29430142895123246 0.2512998675176642 0.2948859290945024 0.2716009522585858 0.7579253251432699
0 0.298184952658859 0.7589075738806559 0.2810060078125 0.29385779843750004 0.26642220225673086 0.29439652440732517 0.2836011471030898 0.7594462998504811
0 0.26355457968749996 0.774542259375 0.25133854843750003 0.286212703125 0.21806008909629376 0.28704519563760944 0.23027612034629374 0.7753747518876095
0 0.32899753125000003 0.786009878125 0.308928346875 0.28143455625 0.29264127342379115 0.28208236494347083 0.3127104577987912 0.7866576868184708
0 0.146629825 0.7984331640625 0.1334592197123319 0.2830031304399292 0.11916877734330988 0.28336828916866247 0.13233938263097794 0.7987983227912332
0 0.31416378124999994 0.7879211218750001 0.294967196875 0.29768032812500006 0.27970753547218946 0.2982778577092116 0.2989041198471894 0.7885186514592116
0 0.9554987812500002 0.27044472500000005 0.9233998337052522 0.27022156040345247 0.9194652004742156 0.8361607265826085 0.9515641480189636 0.8363838911791562
0 0.9786643897514262 0.8493896679321876 0.9742590671875 0.27140037031249997 0.9519660164985739 0.2715702836303125 0.9563713390625 0.8495595812500001
0 0.9166746633577351 0.27648965409189885 0.8791086896327489 0.276175231059196 0.874304159087514 0.8502008254047972 0.9118701328125003 0.8505152484374999
0 0.11436856582590549 0.8268935050636321 0.10735441971870094 0.32757488406955376 0.09249675233029547 0.3277835961934218 0.09951089843750001 0.8271022171875002