0 0.7113698515674003 0.06008472511248715 0.6753060234375001 0.05757004843750009 0.6129241234325999 0.9522099608250132 0.6489879515625001 0.9547246375000003
0 0.583150746108666 0.1315068257828053 0.557460240625 0.12976811562500007 0.5048409455200649 0.9072503678402773 0.5305314510037308 0.9089890779980825
0 0.6658638235686787 0.1192607887314513 0.585975903125 0.11364251250000004 0.528313404493062 0.9335625223963617 0.6082013249367406 0.9391807986278131
0 0.7529532427714745 0.12972513520693435 0.7026891800785678 0.12643441990989482 0.6502612388695935 0.9272455159529607 0.7005253015625 0.9305362312500002
0 0.3537705941382912 0.13329970007775585 0.31673473301903937 0.13072055888985065 0.2603919198563835 0.939790110082174 0.2974277809756353 0.9423692512700791
0 0.4285844933625003 0.1543171268380676 0.39946771583837143 0.15187224833052695 0.33230490997587114 0.9517338652424593 0.36142168750000003 0.95417874375
0 0.7745887598762222 0.17983454852504868 0.745982977655085 0.17958173297564534 0.7393580724663631 0.9291819672630967 0.7679638546875003 0.9294347828125
0 0.9135361567274133 0.9694830127328753 0.8975160848401315 0.14094403851753282 0.8498987953125001 0.141864734375 0.865918867199782 0.9704037085903424
0 0.4648185278370227 0.17196460823497295 0.43307214580941433 0.16937990694911675 0.36718731498394036 0.9786049499571317 0.39893369701154874 0.9811896512429877
0 0.5498519003621218 0.2335310680360488 0.47551325312500003 0.22902898593750004 0.4326059308878783 0.9375172413389512 0.506944578125 0.9420193234374998
0 0.37817767102391875 0.24981884591981823 0.34945473930976856 0.24780930519950553 0.3016721506389519 0.9307793080684317 0.33039508235310205 0.9327888487887444
0 0.9916173574275915 0.9977316518532116 0.9732171541819387 0.201570468977721 0.9084361453125 0.20306763281250007 0.9268363485581528 0.9992288156879907
0 0.4709845186275502 0.30181756129059745 0.45714939687499995 0.30062801875000006 0.40367331262244993 0.9225882355844026 0.4175084343750002 0.923777778125
0 0.8498987953125001 0.9829420296875002 0.8482451061461846 0.26707499555241243 0.7928771078125 0.2672028984375 0.7945307969788156 0.9830699325725878
0 0.29882575320159394 0.32917580390951084 0.2538146725547837 0.3263114207214671 0.2138997631031899 0.9535365824369565 0.2589108437500002 0.9564009656250001