0 0.6410934410198662 0.07475440353596526 0.6092639823581677 0.07147359085295875 0.5200574085258017 0.9369289607544935 0.5518868671875002 0.9402097734375001
0 0.8207046922474488 0.14135798736067723 0.7910689875000002 0.14051522187500012 0.7694316453885431 0.901388671526888 0.7990673501359918 0.902231437012565
0 0.7303111758154126 0.1438350845739836 0.6568180540030973 0.138058956843772 0.5963299451896702 0.9076852803701971 0.6698230670019855 0.9134614081004088
0 0.6078335850377669 0.1511977092963715 0.569915481119936 0.14687060336059096 0.4815413231588643 0.9212867038562411 0.5194594270766952 0.9256138097920216
0 0.5742772855760327 0.1621731222704181 0.519443239404162 0.15499618380448835 0.41793924950198863 0.9305182947083368 0.4727732956738594 0.9376952331742666
0 0.9186169874999999 0.18735362812500012 0.8601962361212303 0.18683496533632046 0.8537834361309316 0.9091551356896925 0.9122041875097011 0.9096737984783723
0 0.9509816938504867 0.2880362249568124 0.9296326109374998 0.28786104843750004 0.9251323259834011 0.8363190095515447 0.946481408896388 0.8364941860708571
0 0.9670331656250001 0.8430913375 0.965872742233595 0.29271095938067476 0.944075130029358 0.2927569175217789 0.945235553420763 0.8431372956411043
0 0.7876371737617549 0.2546599873636033 0.7194980327613936 0.25267989892235215 0.7006679609375002 0.900663540625 0.7688071019378615 0.9026436290662512
0 0.5034417548504188 0.22617096080279486 0.471175525778193 0.22169342785674023 0.3726648678027744 0.9315860170539455 0.4049310968750001 0.9360635500000003
0 0.8562979250000001 0.3064012515625001 0.8247712797514767 0.30604430078874667 0.8183817300799502 0.8703828051540234 0.8499083753284736 0.870739755927777