0 0.49657057116452163 0.13295192172974557 0.46005838491294526 0.12529320547948244 0.3349920336410353 0.7215348943249419 0.3715042198926117 0.7291936105752049
0 0.5315635563563441 0.11552965888877234 0.4977602082865885 0.10866705824865705 0.3692379409927444 0.7417336118598847 0.4030412890625 0.7485962125000001
0 0.4334374179428185 0.16939495836616936 0.37932560724929837 0.15937157248562434 0.27533899868148 0.7207491094319552 0.3294508093750002 0.7307724953125002
0 0.85329287013965 0.13918743297826003 0.8348767984374998 0.1381338250000001 0.79737743767285 0.7935872107717403 0.8157935093750002 0.7946408187500003
0 0.590781090622224 0.17603565499863771 0.5608664352786361 0.16979711319107066 0.43568059839745626 0.7700802049316322 0.46559525374104405 0.7763187467391992
0 0.5421455984627005 0.1377940687168498 0.5197961746358677 0.13356386263922326 0.38984828554816725 0.8201168095473734 0.4121977093750001 0.824347015625
0 0.8700246840218581 0.17047789558760368 0.8494621124999998 0.16932532968750008 0.811854307470297 0.8402745401698389 0.8324168789921552 0.8414271060699425
0 0.8230997397541653 0.17624327560418793 0.8016768571011081 0.1751068046019335 0.7664359056880274 0.8394112744976778 0.7878587883410846 0.8405477454999325
0 0.7166873215504049 0.2142934688389228 0.6830202614454861 0.2070772157552548 0.5502905768557581 0.8263207784433135 0.5839576369606769 0.8335370315269814
0 0.9025165750446341 0.26748332104425976 0.8913394363085263 0.26724472228709567 0.8805791784077108 0.7713080997464152 0.8917563171438185 0.7715466985035792
0 0.9725371078124999 0.2388480312500001 0.9439316811091276 0.23852263328774675 0.9374082655648672 0.8119899159798981 0.9660136922682396 0.8123153139421515
0 0.9405387022572821 0.24163682631278602 0.9024759945520751 0.24086911472954214 0.8907743001502096 0.8210325294743095 0.9288370078554167 0.8218002410575533
0 0.6218717668091385 0.2519278988472694 0.601518126763279 0.2479230359546376 0.4881560333916405 0.8240554292948682 0.5085096734375 0.8280602921875
0 0.7286925738944308 0.31862227269266313 0.7164983093750001 0.3163710218750001 0.6309486807930695 0.7797644351198372 0.6431429453125002 0.7820156859375003
0 0.6511622677289118 0.2923670912630699 0.6193691446494798 0.28603271939494423 0.511307465983068 0.8284098203193745 0.5431005890625001 0.8347441921875001
0 0.7363994695280731 0.3519585524148562 0.7202294343750001 0.34904783437500003 0.6385383226594271 0.802869925710144 0.6547083578125001 0.8057806437500001
0 0.7515219560351727 0.3758602220994833 0.7299875977548724 0.3721578107651219 0.6533495306536882 0.8179082814246073 0.6748838889339883 0.8216106927589685
0 0.8767250025400889 0.32816065568543207 0.857699881097511 0.32720993189070596 0.8305206598074223 0.8710986918302741 0.8495457812500001 0.8720494156250002
0 0.6974500507058801 0.37196181088894187 0.6817914846808034 0.3687265743541973 0.5867891839749234 0.8285383322152555 0.60244775 0.8317735687500001
0 0.7863047603079084 0.3485532022755982 0.7539693358214803 0.346772635288293 0.7254881162977743 0.8639968283437703 0.7578235407842024 0.8657773953310757