0 0.5284127198806917 0.7882192413574776 0.4662451921875001 0.07541798906250001 0.44508443483474525 0.07726354133180481 0.5072519625279368 0.7900647936267824
0 0.37968533495952067 0.780471041069123 0.33779807656250005 0.13495238125 0.29870271831083894 0.1374892519481612 0.3405899767078596 0.7830079117672841
0 0.581801784740513 0.7955322668634672 0.5282980765624999 0.1280687828125 0.4763123404869316 0.13223594658829993 0.5298160486649447 0.7996994306392671
0 0.47638793202929763 0.7825093928224989 0.41453605781249997 0.1451428578125 0.379504310263704 0.14854243893884317 0.4413561844805017 0.7859089739488421
0 0.22598004155601306 0.7891288019199643 0.2075360578125 0.142825396875 0.18282982910343543 0.14353045471179388 0.20127381284694845 0.7898338597567582
0 0.5103075496845447 0.7881261150281865 0.446209134375 0.14656613750000003 0.418020959357751 0.14938242500601792 0.4821193746672957 0.7909424025342044
0 0.20059460171382354 0.7981237387571413 0.179439903125 0.152947090625 0.15746359730682646 0.15366767176665355 0.17861829589564998 0.7988443198987947
0 0.625438134877862 0.8079924448101478 0.569665865625 0.15795238125 0.5293482149666164 0.16141156322079575 0.5851204842194785 0.8114516267809435
0 0.17103785589905532 0.8170775948784776 0.15185576875 0.1653174609375 0.12838203596213466 0.16600832121661496 0.14756412311118994 0.8177684551575926
0 0.4036543507824346 0.7916352036798642 0.35669951875 0.23729100468749995 0.32915574453006535 0.23962405569513603 0.3761105765625 0.7939682546875002
0 0.42294366792775895 0.818261253581856 0.3770480765625 0.21344444375 0.35817510608967384 0.21487659002402673 0.40407069745493274 0.8196933998558829
0 0.30080400885740544 0.7563895558800131 0.28211778906250007 0.29014814843750003 0.25291183381567583 0.2913186770313801 0.2715980536105812 0.7575600844738932
0 0.265259615625 0.7793439156249999 0.24840384687499997 0.28002645468750004 0.21800845356987802 0.28105253080279247 0.23486422231987808 0.7803699917402924
0 0.3318171061447223 0.7858182515533606 0.30817067343750004 0.29351851875 0.29373430810725704 0.29421193481052593 0.3173807408144793 0.7865116676138866
0 0.14674759687500005 0.7984656078125 0.1344855765625 0.28452380937500005 0.11881890763359082 0.28489759686070276 0.13108092794609089 0.7988393952982028
0 0.31821656301160595 0.7845385479329136 0.292334134375 0.30251851874999997 0.2753436911811442 0.30343083339844873 0.30122611981775016 0.7854508625813624
0 0.9271081734375001 0.2475978843750001 0.8805697109375 0.2475978843750001 0.8805697109375 0.89078306875 0.9271081734375001 0.89078306875
0 0.11405288437500001 0.82995238125 0.10792307656250003 0.3295079359375 0.09116385195953643 0.3297132151185658 0.09729365977203641 0.8301576604310659
0 0.9742977901011549 0.2917758019172701 0.935502739022869 0.291646491537852 0.9335583145467142 0.8750029646205825 0.9723533656250002 0.8751322750000003
0 0.8773418194878569 0.3061729229211797 0.8217224477726441 0.30592656778649924 0.8191330314097873 0.8905367136153197 0.8747524031250002 0.89078306875