0 0.6175422556956285 0.18253864409489157 0.5800985578125 0.17402116406250004 0.4446909177418714 0.7692867527801085 0.482134615625 0.7778042328125
0 0.5027588489556147 0.1776441987711058 0.4584876948641628 0.16853236402373728 0.3292365536014366 0.7965175448338617 0.37350770769288855 0.8056293795812304
0 0.45789979723893015 0.19068612031407048 0.41367548125000003 0.18123280468750008 0.2830676870734716 0.7922396290069196 0.3272920030624017 0.8016929446334901
0 0.8335482274622636 0.17364727783680284 0.8115793099370985 0.17251919886165185 0.777470985599835 0.8367661007123495 0.7994399031250001 0.8378941796875002
0 0.5251167679877498 0.17100428404531773 0.5013214456606084 0.16625581777066567 0.36315660111035875 0.8586219040378481 0.38695192343750007 0.8633703703125002
0 0.5598228801631484 0.21838205649695458 0.5281231583525454 0.21198918988316412 0.4043978072734785 0.8254947496057902 0.4360975290840816 0.8318876162195808
0 0.8052096214700943 0.19939340340693176 0.7808152733251058 0.19823329524558791 0.7489065194581596 0.8691993970626604 0.7733008676031481 0.8703595052240042
0 0.856300209996092 0.20272733812020496 0.83235576875 0.20142327968750012 0.7958273333968966 0.8721393704610394 0.8197717746429886 0.8734434288937442
0 0.695464196995353 0.24406403897432472 0.6625596481854471 0.23718197633403867 0.5315199016223764 0.8637098012308837 0.5644244504322823 0.8705918638711697
0 0.9573052890625002 0.2706455031250001 0.9267181819172372 0.2704599945096987 0.923225392854737 0.8463594648221985 0.9538125000000001 0.8465449734374999
0 0.9252106578318905 0.27413767733225847 0.884086449756625 0.273487156935311 0.8748950231747346 0.8545452467905525 0.9160192312500002 0.8551957671875001
0 0.8846381604637438 0.3098285745061886 0.8693097509666853 0.30955120858505614 0.8600850514404416 0.8193469731413678 0.8754134609375 0.8196243390625002
0 0.9796046877388823 0.8579683840553229 0.9767311640172952 0.27448885388923416 0.953121668465913 0.27460512608391124 0.9559951921875001 0.8580846562500002
0 0.6012351555484272 0.2814419784967777 0.5794878621330178 0.27723108528843377 0.4660652065845906 0.8630060380416559 0.4878125000000001 0.86721693125
0 0.7076554683131098 0.3601816032284594 0.6914855765625001 0.357174603125 0.6050058332390458 0.8222121954257297 0.6211757249896557 0.825219195529189
0 0.6295400970165301 0.3235957534557884 0.5963189118781974 0.31719767616787714 0.48995669923666735 0.8694696477120889 0.5231778843750001 0.8758677250000002
0 0.7198529804373897 0.382353115313698 0.7026538468750001 0.37928571406250006 0.6195244242501106 0.845398206561302 0.6367235578125001 0.8484656078124999
0 0.8665875674139022 0.3496151380516304 0.8454591343750002 0.3485185187500001 0.8171720482110981 0.8935224275733699 0.8383004812500001 0.8946190468750002
0 0.7744612590208237 0.37210652251452947 0.7393149031250001 0.37015343906250014 0.7102808562799916 0.8926303165612101 0.7454272121758152 0.8945834000132395
0 0.7351729078312668 0.4093130928815471 0.7176947109375 0.4062063484375001 0.6375843031062333 0.8568985461809531 0.6550625 0.8600052906250001
0 0.6834054079385694 0.39817793475208524 0.6661047908753416 0.39457153500480063 0.5670287094992723 0.8698592080652154 0.5843293265625003 0.8734656078125