0 0.20221394218750005 0.14567724843750002 0.16517898345850032 0.14460538376011906 0.14631958373052906 0.7962334346869869 0.18335454245952879 0.7973052993643679
0 0.8297576393835081 0.14136973047020698 0.8084519234375002 0.14085714218750012 0.792540437178992 0.8022175710922934 0.813846153125 0.8027301593750001
0 0.7937572109375003 0.17634920625000008 0.7691146964076386 0.17623335543381163 0.7659701424802181 0.8451083655186663 0.7906126570100798 0.8452242163348547
0 0.8515425998958959 0.17480623257181727 0.8301201921875 0.1741322750000001 0.808853470747913 0.8501160406713761 0.8302758784563089 0.8507899982431933
0 0.89433173125 0.27839153437500014 0.8839407660298297 0.2782385416993114 0.8765104769673299 0.7828893354493114 0.8869014421875001 0.7830423281250001
0 0.9690240390625002 0.24178835937500015 0.9362986682841177 0.24170181656266707 0.9347644234375002 0.8218624343750001 0.9674897942158827 0.8219489771873331
0 0.9326201921875003 0.24629629687500013 0.8950671818120639 0.24584617522328958 0.8880432687500003 0.8318412703125002 0.9255962791254365 0.8322913919642108
0 0.7196322109375002 0.22958730156250012 0.6719604630349536 0.22932028497901183 0.6682881051352406 0.884963907243964 0.7159598530377872 0.8852309238274522
0 0.23205737472716007 0.3119497097899724 0.21888461562500008 0.3116666671875001 0.20818541433534016 0.8096058464600278 0.22135817343750014 0.8098888890625
0 0.25460817343750014 0.3205396828125001 0.23266658202522109 0.32012349463005796 0.2233609515997456 0.8107196942418857 0.24530254301202464 0.8111358824243279
0 0.1882216886126869 0.3207953629888758 0.17648453856756602 0.3205381322485111 0.16527884687500008 0.8318412703124999 0.17701599692012096 0.8320985010528646
0 0.20006730781250015 0.3360634921875 0.18789519246855277 0.33579927517231767 0.17694086590605274 0.8404500689223177 0.18911298125000012 0.8407142859375
0 0.10598317343750022 0.3055661375 0.07334429550130789 0.3047518246190074 0.05853491522822685 0.8983339308661289 0.09117379316441918 0.8991482437471214
0 0.8659748672896084 0.3355383148068021 0.8453243471739451 0.3348613723874966 0.8274552486343371 0.8799685607056944 0.8481057687500002 0.880645503125
0 0.7508701921875001 0.35380952343750005 0.7198142372248918 0.3537481973037039 0.7187956734375001 0.8695555562499999 0.7498516284001083 0.8696168823837962