0 0.5840998259259378 0.061525003986578244 0.5475661171875001 0.05500650312500007 0.4334984941615039 0.6943119821931905 0.47003220289994163 0.7008304830547686
0 0.409144666718481 0.06700035441698324 0.36425171585568233 0.059803211580858384 0.2629394970616854 0.6917490494890713 0.30783244792448394 0.6989461923251962
0 0.5425262800745301 0.09026379884055595 0.4930631287059259 0.08208370523091267 0.39039034323256183 0.7029225087524654 0.4398534946011661 0.7111026023621088
0 0.7070718073585942 0.05969606316859701 0.6807374859374999 0.05549177812500008 0.5661650376167702 0.7731376201154112 0.5924993590378643 0.7773419051590081
0 0.35312914658884825 0.1294247243783747 0.3180934514223804 0.12347394960788631 0.2198245782710322 0.7020403408545115 0.25486027343750006 0.7079911156249998
0 0.7723022638023271 0.09211439160181453 0.7095273819543382 0.0807903490932383 0.5852210687553677 0.7698829693403508 0.6479959506033568 0.781207011848927
0 0.8360830087218749 0.14480864436504923 0.8144400821157076 0.14124108038349992 0.7115661244436269 0.7653345870725917 0.7332090510497943 0.7689021510541411
0 0.8047917628903909 0.16655578834428575 0.7425015402333244 0.15690392392752817 0.6522438117179339 0.7394000887082427 0.7145340343750003 0.7490519531250003
0 0.3954970763505564 0.22703012114460344 0.381330596875 0.2246527453125001 0.30372749239944374 0.6870797507303967 0.3178939718750001 0.6894571265625001
0 0.5948612980835951 0.18576871232014774 0.5589660131970098 0.17971200140183075 0.46600213855091477 0.7306652843941831 0.5018974234375001 0.7367219953125
0 0.4269969423868627 0.2290344072477455 0.4095061078125001 0.2261949843750001 0.332911376959519 0.6980182479954626 0.35040221153388157 0.700857670868208
0 0.6717513044523227 0.14385717559895106 0.6306838796875 0.13674514843750007 0.516860706031243 0.7940014432332045 0.5579281307960657 0.8011134703946554
0 0.4613971244272996 0.24412351691183237 0.42201201789272547 0.2377005646900739 0.3455090775202409 0.7068113960880285 0.384894184054815 0.7132343483097869
0 0.6205490849691875 0.177428191254508 0.5919155792055611 0.17270976415366304 0.4929785692363737 0.7731033666491551 0.521612075 0.77782179375
0 0.4038319237768625 0.23914754877207461 0.3896109838085476 0.23698674625075977 0.3172855569066852 0.7129837631036852 0.3315064968750001 0.715144565625
0 0.9338585640548388 0.15162644173725204 0.9052531465896312 0.14730663575210892 0.8057457070405757 0.8062371198952096 0.8343511245057833 0.8105569258803527
0 0.9889772923957312 0.17025419984978113 0.9612685951196133 0.16597390689392752 0.859708593348882 0.8234278179816465 0.887417290625 0.8277081109375002
0 0.8551091842917653 0.22937855175041943 0.8238644317928419 0.22434077503861943 0.7360070209385767 0.7692404826632002 0.7672517734375002 0.7742782593750002
0 1.0121633104279026 0.17916582913131887 0.9871041078125 0.1753011109375001 0.8865419241802025 0.827355933232069 0.9116011267956052 0.8312206514258879
0 0.8854909038713302 0.27264743334659525 0.853114495264981 0.2673487960499114 0.7707388487328671 0.7706909653667467 0.8031152573392164 0.7759896026634305
0 1.0067119987713955 0.2898231093857281 0.9916160348630042 0.2893949029544699 0.9774661251541088 0.788234973256242 0.9925620890625002 0.7886631796875001
0 0.9436845485077754 0.2835059106727216 0.9193559895067608 0.27983537459691893 0.834658637846274 0.8412150953101192 0.8589871968472884 0.8448856313859219