0 0.8227140719784544 0.14177929310974205 0.80383090625 0.1415197718750001 0.7947896342715457 0.7993766803277581 0.8136728 0.7996362015625001
0 0.5895827187500002 0.1682598468750001 0.5535074577413972 0.16771089182889415 0.5433100302618076 0.83784747323394 0.5793852912704106 0.8383964282800459
0 0.7884568598348393 0.847074984281473 0.7883662119636488 0.1741753371018832 0.7670389484407615 0.174178210146987 0.767129596311952 0.8470778573265767
0 0.8406761468750001 0.1781367781250001 0.8219163845274619 0.17781978469096016 0.8106109693156796 0.8468774995790511 0.829370731663218 0.8471944930130911
0 0.8958162593750002 0.2761120046875 0.8855075409897909 0.27597505332853695 0.878800503125 0.7808328734375001 0.8891092215102093 0.7809698247964632
0 0.9685610036740885 0.2426219570039379 0.9401434842340206 0.24244595936490856 0.9365851015625001 0.8170014437500004 0.965002621002568 0.8171774413890297
0 0.9355490735016705 0.24318289377670496 0.8969435343750002 0.24246394687500014 0.8861079312568994 0.8243070553785458 0.9247134703835697 0.8250260022802506
0 0.7222473609375001 0.23434121093750013 0.6740473970557871 0.23383260951343754 0.6671070884223012 0.8915630240095279 0.7153070523040141 0.8920716254335904
0 0.6200057684701111 0.3210842398888891 0.6043550347608648 0.32030526147461347 0.5785792526088459 0.8381757123316282 0.5942299863180922 0.8389546907459039
0 0.673023634375 0.33609864062500006 0.6581251902945 0.3359432283239925 0.6529345137240335 0.8335422222498281 0.6678329578045337 0.8336976345508356
0 0.6561674135939923 0.3374272651273812 0.6417853890624999 0.3372978203125 0.6373070098435077 0.8348701629976187 0.6516890343750001 0.8349996078124999
0 0.1054502234375001 0.30866458750000003 0.07379054504438573 0.30775250015356315 0.056890584106885744 0.8943710189035631 0.08855026250000012 0.8952831062500002
0 0.8603411526375447 0.32993914529401447 0.8417991609375 0.3295530375000001 0.8303777176749552 0.8780431468934857 0.848919709375 0.8784292546875001
0 0.7556833343750002 0.35497270312500007 0.7220273251367798 0.3547717115142609 0.7189614028548938 0.8681598487770206 0.7526174120931142 0.8683608403877597