0 0.47897505831078335 0.09782993291540316 0.451615981073366 0.09458825511181852 0.37401410245008276 0.7495317503214155 0.40137317968750014 0.752773428125
0 0.5489665512187896 0.14391009069124577 0.5140663420390188 0.13961372722451765 0.4354646770097482 0.7781105798869653 0.4703648861895191 0.7824069433536935
0 0.4937557431701484 0.10016414634972026 0.4702941909179993 0.09767187745145271 0.39236413056035097 0.8312846045392325 0.4158256828125001 0.8337768734375001
0 0.8560866459657428 0.14059462542200143 0.8334114377169021 0.1391200017251958 0.7909054964386594 0.7927315450531944 0.8135807046875001 0.79420616875
0 0.6644488839642331 0.17398000005258685 0.6316996041105044 0.1698365821232976 0.5475083040699705 0.8352786141197335 0.5802575839236992 0.8394220320490227
0 0.8214067765677688 0.17217739705378593 0.798978218141535 0.17107240962842235 0.7657661976018517 0.8451956856308378 0.7881947560280855 0.8463006730562015
0 0.8713838760904968 0.17671943577689486 0.8501250199371398 0.175484501339423 0.8112279203762188 0.8450810558263478 0.8324867765295758 0.8463159902638197
0 0.9027823732837792 0.26928512371775737 0.8896511824806325 0.26900287754589797 0.8788626078125 0.7709293750000001 0.8919937986156468 0.7712116211718596
0 0.5793270814771236 0.22484774170231187 0.5595004295770543 0.22252679911975276 0.48909007153743056 0.8240072792924409 0.5089167234375 0.826328221875
0 0.9715285625000002 0.23742389375000017 0.9409634096616315 0.23717390199800792 0.9362475343750001 0.8137587203125001 0.9668126872133687 0.8140087120644923
0 0.939845876526792 0.24195069914920753 0.9015502812500001 0.24114817968750007 0.8894504484732083 0.8185426492882927 0.9277460437500002 0.8193451687500002
0 0.7640571812231454 0.2196958453773022 0.718480084375 0.2160091796875001 0.6641646668560289 0.8874937277595851 0.7097417637041744 0.8911803934493872
0 0.6069536156783142 0.2691572779873398 0.5718070268572681 0.2651188929101661 0.506075711178954 0.8371870539853266 0.5412223 0.8412254390625001
0 0.6927685477717433 0.32460129257987874 0.67851210837975 0.32340609267895587 0.6379715512330065 0.8069770797865772 0.6522279906249999 0.8081722796875
0 0.7066373515625001 0.3398420578125001 0.6901563945981721 0.3385783359455383 0.653078121875 0.8221383921875003 0.669559078839328 0.823402114054462
0 0.6560536484375001 0.33146239218750007 0.6421054620642979 0.3299057906673622 0.585995794876798 0.8326857797298622 0.5999439812500003 0.8342423812499999
0 0.8780023743407929 0.3286389610325237 0.8600883890625 0.32773806406250017 0.832648091284207 0.8733776952174764 0.8505620765625 0.8742785921875
0 0.7853570293653197 0.35170034579535725 0.7545118494495798 0.3500665132559478 0.727040865625 0.8686921484375001 0.7578860455407399 0.8703259809769095