0 0.7419346774418658 0.0826036298302814 0.7191680832836451 0.07988425174612777 0.6349473480292794 0.7849790344158465 0.6577139421875001 0.7876984125000001
0 0.7158355870141623 0.1191393347969297 0.665760166979058 0.11307362098924903 0.5845654671094918 0.7833753908228975 0.6346408871445959 0.7894411046305783
0 0.2068891069223621 0.1418771864804819 0.16991258760962152 0.14077598835611851 0.1503777039076083 0.7967269825491334 0.18735422322034884 0.7978281806734968
0 0.7636680685594313 0.14741961005699852 0.735884684284384 0.144153044123777 0.6595742353553644 0.7932024036465485 0.6873576196304116 0.79646896957977
0 0.7994420013275267 0.15732094164689409 0.7636949778515241 0.1531421876401391 0.6875170506878621 0.8048039380735625 0.7232640741638647 0.8089826920803176
0 0.643341627705848 0.19874719279350136 0.5910279232583051 0.1931163527737349 0.5281093721149572 0.7776654568552337 0.5804230765625 0.7832962968750001
0 0.8171976292504256 0.21137976791348212 0.7992097937889767 0.2091879049035943 0.7261684145385511 0.8086123698026124 0.74415625 0.8108042328125002
0 0.8428959704058002 0.19320827038562957 0.8229855765625 0.19069312187500015 0.7414838374066999 0.8358763858643707 0.7613942312499999 0.8383915343750001
0 0.8685079913363077 0.18918498603147063 0.8443694978559186 0.18630813307694152 0.7661354196634959 0.8427382031015623 0.790273913143885 0.8456150560560914
0 0.9307749207776841 0.2566369068563467 0.8909200773108074 0.2540493219340331 0.8513615034081233 0.8633436322651866 0.8912163468750001 0.8659312171875003
0 0.8917624269693366 0.3102838812658838 0.8779694213679061 0.3088681487698925 0.8261060334610697 0.8141556956290088 0.8398990390625002 0.815571428125
0 0.9756439319683402 0.2778930949560443 0.9499345383942437 0.27755684829129423 0.9423605765625 0.8566613750000002 0.9680699701365965 0.8569976216647502
0 0.960812589302825 0.2683579911201973 0.9305064806691993 0.26685856230165883 0.9006865723227812 0.8695716558596143 0.9309926809564069 0.8710710846781528
0 0.8742804188786852 0.3187648903348414 0.8579365986927607 0.31676894353385954 0.7953773329390756 0.8290357985115181 0.8117211531250001 0.8310317453125
0 0.10416346093750015 0.30852910000000006 0.07016068846760679 0.3078817519999405 0.05889423125000011 0.8996666671875 0.09289700371989347 0.9003140151875595
0 0.4813440024175796 0.6218182696999778 0.21797194615140586 0.5908585758330728 0.20599332810882637 0.692759882695595 0.4693653843750001 0.7237195765625
0 0.3732923600947137 0.8259788529801766 0.1581720227762356 0.7988709260119142 0.15311057656250013 0.8390370375 0.3682309138809783 0.8661449644682622