0 0.5420736694314023 0.903829559759879 0.5382036824798178 0.07122473193365789 0.5080409640625 0.07136492968750001 0.5119109510140846 0.9039697575137211
0 0.7484024093750002 0.1408436015625001 0.716992176298762 0.14082354122202306 0.7165078387987619 0.899193209972023 0.7479180718750001 0.8992132703125
0 0.7179590359375 0.14084360156250006 0.6685110000500336 0.14068461945681526 0.6660663345790816 0.9010463307312528 0.715514370466548 0.9012053128369377
0 0.5701026316533221 0.900156366908621 0.5696120484375 0.15414691875000003 0.5406174128867124 0.15416598591005437 0.5411079961025345 0.9001754340686754
0 0.5096989656168727 0.9048221746813191 0.5053445781250001 0.15414691875 0.48064562417834794 0.15429018818012688 0.4850000116702205 0.9049654441114459
0 0.4519754338525968 0.9088269936684918 0.44623132499999996 0.1508246453125 0.4094324496779039 0.15110350559038924 0.41517655853050073 0.9091058539463811
0 0.2868906199734601 0.9098577455562932 0.2753518078125 0.1631232234375 0.2299764760274984 0.1638243794905545 0.24151528818845844 0.9105589016093477
0 0.4130914084005208 0.9271400236207226 0.4061156625 0.16107109062499997 0.3338903444413089 0.16172876703590924 0.34086609034182963 0.927797700031632
0 0.8204 0.2026161140625001 0.7822367990194838 0.20253486871062423 0.780775903125 0.8887582937500002 0.8189391041055163 0.888839539101876
0 0.3416498374161848 0.920190517781703 0.332660240625 0.1723412328125 0.27856143953950563 0.17299153283741095 0.2875510363306904 0.920840817806614
0 0.48063605914407387 0.8955069842577806 0.47540328629012985 0.1998057363854526 0.44829252870855596 0.2000096521276718 0.4535253015625 0.8957108999999999
0 0.24503946886937392 0.9077375226516938 0.2289831328125 0.19871563906249995 0.16817667203121361 0.20009264729219112 0.18423300808808754 0.909114530881385
0 0.8629228921875003 0.2377772515625 0.8232995949438544 0.23759925147587083 0.8203829740839144 0.8868468865131087 0.8600062713275601 0.8870248865997379
0 0.7807921825741325 0.23820021514726228 0.7489301203125001 0.23812796250000007 0.7474505173713374 0.890605107908147 0.7793125796329698 0.8906773605554091
0 0.6005373500000001 0.3074028437500001 0.5749277109375001 0.3074028437500001 0.5749277109375002 0.9001611374999999 0.6005373500000002 0.9001611374999999
0 0.6425783125000001 0.3242559234375001 0.6024722890625 0.3242559234375001 0.6024722890625002 0.8840047390624999 0.6425783125000002 0.8840047390624999
0 0.6657758780037523 0.3243098770517686 0.6449927703125 0.3242559234375001 0.6435371747323432 0.884956074992183 0.6643202824235954 0.8850100286064515