0 0.2272888061126852 0.7882100807604682 0.21443750000000006 0.1499841265625 0.19214793007352593 0.15043294893388912 0.2049992361862111 0.7886589031318574
0 0.19916476683839077 0.8023022773015706 0.183872596875 0.15671428593750003 0.16290494566160924 0.15721095082342948 0.178197115625 0.8027989421875
0 0.17177775461022157 0.8159212456226997 0.15795693827883647 0.1652118870743005 0.1303173078125 0.1657989421875 0.1441381241438851 0.8165083007358993
0 0.28080288437500006 0.29131746093750005 0.2472599337375676 0.29110211907308847 0.24416636334837866 0.7729753448926407 0.2777093139858111 0.7731906867570524
0 0.2983564001012066 0.2952995408869795 0.28430556201366153 0.29515570575810773 0.27941550878745497 0.7728508742461282 0.2934663468750001 0.772994709375
0 0.3174807687500001 0.29708465624999997 0.30009600565497047 0.2969393235789309 0.2960841343750001 0.7768412703124999 0.3134688974700297 0.776986602983569
0 0.14901201874999997 0.7991058203125001 0.134790865625 0.28819047656249996 0.11865077270292998 0.28863973050584757 0.13287192582792998 0.7995550742558477
0 0.9527475968750005 0.27208465625000006 0.9243922428448453 0.2720194989832861 0.9230576921875002 0.8527936515625003 0.9514130462176554 0.8528588088292143
0 0.9173977623039813 0.2731356802336714 0.8763611318856656 0.27297962860422575 0.8741562500000001 0.8527936515625003 0.9151928804183157 0.852949703191946
0 0.9794047564031064 0.8526582271593911 0.9758894234374997 0.27401058125000005 0.9535976482843933 0.27414600565310887 0.9571129812500001 0.8527936515624999
0 0.11638461562499998 0.8268571421875001 0.10797641058806377 0.3256449729505861 0.0911758496310353 0.32592681479308827 0.09958405466797149 0.8271389840300023