0 0.5817587169007279 0.4663593838550484 0.572049665625 0.46594176562499995 0.5640808284117721 0.6512063052074517 0.5737898796875001 0.6516239234375001
0 0.5320247421875 0.4683487515625 0.507606625 0.4683487515625 0.507606625 0.6543747609375 0.5320247421875 0.6543747609375
0 0.5927388828125002 0.47178731250000006 0.5824721289667256 0.4712460738874934 0.5725416672060596 0.6596169774330735 0.5828084210518341 0.6601582160455801
0 0.5438221149644511 0.4729138894136352 0.5347317406250001 0.4728188765625 0.5327806067055815 0.6594940210509075 0.5418709810450325 0.6595890339020427
0 0.5702030347769761 0.5040459403309133 0.546526534375 0.5030781968750001 0.5400587995980239 0.6613157174815869 0.5637353 0.6622834609375001
0 0.6001653988787216 0.5197242855872382 0.5916454734375001 0.519179346875 0.5822853917462786 0.6655209378502618 0.5908053171875001 0.6660658765624999
0 0.6138148046875002 0.5144362046875002 0.6033704580889359 0.5137208947213756 0.5921840818891865 0.6770548279043652 0.6026284284877509 0.6777701378704898
0 0.31257783599297195 0.8291595208598357 0.293748856582335 0.6992693816302388 0.28050112968749996 0.7011897828125 0.29933010909813695 0.8310799220420968
0 0.3227876657235355 0.8365211371026785 0.3036294146959425 0.6954786390850933 0.29411191562499994 0.69677143125 0.31327016665259305 0.8378139292675852
0 0.2957798782811668 0.8398163624854856 0.2732019095323519 0.7020490892423388 0.26079322656250004 0.704082684375 0.283371195311315 0.841849957618147
0 0.38493151875000003 0.851491025 0.3592127046875 0.6953421500000001 0.3501057598927566 0.696842127632586 0.37582457395525665 0.852991002632586
0 0.40372516734290587 0.8457163791393235 0.3787027375 0.7053471156249999 0.3647908891853584 0.7078270620158473 0.38981331902826427 0.8481963255301709
0 0.3740813890625 0.837912859375 0.35439042968749995 0.721069196875 0.3423551849343275 0.7230974242553503 0.36204614430932747 0.8399410867553503
0 0.34635329531250003 0.8439872906250004 0.32699218960382126 0.7263489455471464 0.3178214640625 0.727858278125 0.3371825697711787 0.8454966232028541
0 0.33409665937500005 0.8375555296874999 0.31922375597990316 0.7343303135758252 0.3090888456683727 0.7357905724898709 0.32396174906346953 0.8390157886015457
0 0.354792278125 0.854349571875 0.3350255893886113 0.7245023851792558 0.32706417343750005 0.7257143546875 0.3468308621738887 0.8555615413832441