0 0.6349807687500002 0.4318675218750001 0.6117183444810624 0.42994413530757986 0.5945915027287845 0.637084949316088 0.6178539269977221 0.6390083358835081
0 0.5967022191735921 0.42717159173949615 0.5870552890625 0.4258076921875002 0.5558007944886469 0.6468723038520725 0.565447724599739 0.6482362034040685
0 0.5706281498130003 0.45540840389754 0.5431706734375001 0.4517179484375002 0.5179704079995 0.6392112539149603 0.5454278843750001 0.6429017093750001
0 0.6409447109374999 0.4728589750000001 0.6330608143482197 0.4721893795536273 0.6195653884742566 0.6310861322047672 0.6274492850635368 0.63175572765114
0 0.6580908693632247 0.4743870580293466 0.6502514728320747 0.47371936319321384 0.63694951875 0.6298974359375001 0.64478891528115 0.6305651307736329
0 0.6504029890424781 0.4750949687829452 0.6413651621715729 0.4743576989497346 0.6286948602734073 0.6296766741735619 0.6377326871443124 0.6304139440067724
0 0.6048031400777447 0.4746476949539328 0.5894254962055989 0.47286386468933755 0.5705898877481054 0.6352376536777407 0.5859675316202512 0.6370214839423358
0 0.5074914601452554 0.868744173728188 0.5021490390624999 0.7066452984375 0.48982203258188006 0.7070515693582033 0.4951644536646356 0.8691504446488914
0 0.61586298125 0.7229786328125 0.6040398055548964 0.722004744674905 0.5930697304666379 0.8551834128916266 0.6048929061617415 0.8561573010292216
0 0.516427884375 0.868384615625 0.5143438020009615 0.7101303217194711 0.50509375 0.7102521374999999 0.5071778323740385 0.8685064314055289
0 0.5262558781484431 0.7114921323642663 0.5169711531250002 0.7114743593750001 0.5166663937028242 0.8706826608504785 0.5259511187262672 0.8707004338397448
0 0.6388533656250002 0.7125085468750001 0.6215721534888404 0.7111559382878532 0.6091923694497113 0.8693226660559438 0.6264735815858711 0.8706752746430905
0 0.5744172624201568 0.731222199122594 0.5582708112752839 0.7300585953722566 0.5485803035728856 0.864526457941803 0.5647267547177585 0.8656900616921407
0 0.6017307687500002 0.7324615390625002 0.5940500860924585 0.7317965965733781 0.5823408253018468 0.8670490699201127 0.5900215079593886 0.8677140124092345
0 0.5358804680970883 0.73887704253485 0.528002403125 0.7386752140625 0.5248503006529118 0.8617127012151501 0.5327283656250001 0.8619145296875
0 0.5545264421875001 0.7438803421875 0.5486478626588541 0.7435434680576528 0.5418473814088541 0.8622144086826529 0.5477259609375001 0.8625512828125
0 0.3605849815009415 0.8894580313306196 0.28677419232883056 0.7199934583063567 0.2751782675590621 0.7250440971694687 0.34898905673117303 0.8945086701937317
0 0.5912884609375001 0.7392307687500002 0.5793887805075799 0.7382322697657807 0.5680438669990181 0.8734360580425511 0.5799435474289383 0.8744345570267704
0 0.5455253868476283 0.7514347808183138 0.5398653843750001 0.7512564109375001 0.5361345398132095 0.8696429308386847 0.5417945422858377 0.8698213007194985
0 0.3494741947464635 0.8846849235778281 0.279247596875 0.7381837609375002 0.26258441779114694 0.7461713997773015 0.3328110156626104 0.8926725624176296
0 0.38353387902349645 0.8912349990345415 0.31936538437499995 0.7324658124999999 0.2925805834491573 0.7432912150380236 0.3567490780976538 0.9020604015725653
0 0.3300168265625 0.8782948718749998 0.26494230781250006 0.7522777781250001 0.2615399941174223 0.7540347137894818 0.3266145128674222 0.8800518075394816
0 0.2860638409547097 0.9029591094767188 0.25309375 0.7414658125000001 0.23685182800284793 0.7447817250211408 0.26982191895755764 0.9062750219978597