0 0.6348360656250002 0.4295591531250002 0.6114823650356268 0.42784520764320594 0.5961884284864991 0.6362357421118368 0.6195421290758725 0.637949687593631
0 0.6406272640625 0.47240755625000014 0.6325155580640829 0.47174762235287016 0.6194963513510912 0.6317757367559815 0.6276080573495084 0.6324356706531116
0 0.6579900956790814 0.4747239181063878 0.6510068017892812 0.474121396454154 0.6375647265625001 0.6299165640625001 0.6445480204523004 0.6305190857147338
0 0.6503209880322468 0.47658807819738297 0.6410921323876437 0.4757786274848207 0.6276712136023751 0.6287956304535514 0.6369000692469783 0.6296050811661137
0 0.6157222359375002 0.7224367437500001 0.6042701866074431 0.7214535884408366 0.592699818757067 0.8562282493254509 0.6041518680871241 0.8572114046346144
0 0.6386822375000001 0.7143112515625002 0.6211852421435198 0.7129110953201986 0.6086406354710094 0.8696742607916306 0.6261376308274897 0.8710744170339323
0 0.575105780116975 0.7281693838779904 0.5588915166319566 0.7267371328123554 0.5466560545681779 0.8652526560492706 0.5628703180531964 0.8666849071149055
0 0.6022575437500001 0.7323683671875001 0.5941506433290753 0.7316011576498933 0.5812116690859093 0.8683238788838634 0.589318569506834 0.8690910884214704
0 0.5917552734375 0.7385073125 0.5799265728565007 0.7373328686422157 0.5663519820218499 0.874052703675965 0.5781806826028493 0.8752271475337492
0 0.3600746875 0.8894656406250002 0.2857159234375 0.7210893843750001 0.27490294683955224 0.7258646394707442 0.34926171090205227 0.8942408957207443
0 0.471866101203761 0.8777136411770808 0.4135912421875 0.7335974359375002 0.40377153956887984 0.7375681329505834 0.46204639858514085 0.881684338190164
0 0.46141587532071826 0.8760250728988218 0.40215809843750006 0.7351609437500001 0.3925891883939244 0.7391863286354503 0.4518469652771427 0.8800504577842722
0 0.4521406941281449 0.8781275135510922 0.3889660093749999 0.7339101406249999 0.3760712859824565 0.7395586978603367 0.43924597073560145 0.883776070786429
0 0.49408410312499995 0.8626641703125 0.4542228796875 0.7529849234375 0.4483000022773506 0.755137501491833 0.48816122571485054 0.864816748366833
0 0.4785165359375 0.8640090296875 0.436088303125 0.7550290859375 0.4289615118954727 0.7578036988349531 0.47138974470797274 0.8667836425849531
0 0.35084991171725377 0.883452706831441 0.278880315625 0.740239684375 0.2621079937132824 0.7486683678341646 0.33407758980553626 0.8918813902906055
0 0.3864446354867628 0.88908005258579 0.31808051718749997 0.7339101406249999 0.29166412834365196 0.7455485640096603 0.36002824664291483 0.9007184759704503
0 0.4864227109375 0.8714516796874999 0.445602290625 0.7628912984374999 0.4404074876108125 0.7648446265304757 0.4812279079233125 0.8734050077804756
0 0.2858299228017129 0.9030662835266849 0.25289848125000003 0.7416415046875 0.23703802366168034 0.7448771153280045 0.26996946521339327 0.9063018941671895
0 0.4214821800417126 0.8931571009446563 0.35695320624999993 0.749545209375 0.34806023966321065 0.7535410763017383 0.4125892134549233 0.8971529678713944
0 0.4048693359375001 0.8954089875000001 0.3540614483856833 0.7611967132721948 0.3298183556978479 0.7703742667730105 0.38062624324966465 0.9045865410008156
0 0.4354318243193852 0.8889300577706318 0.3910767453125 0.7770629312499999 0.3760249291619398 0.7830309445110903 0.4203800081688249 0.8948980710317223