0 0.5135069235468219 0.5947749938473784 0.3899014421875001 0.5765299140625 0.3873368264531782 0.5939044920901217 0.5109423078125 0.6121495718750001
0 0.5004460396303818 0.6342054390135873 0.3912355765625001 0.6117521375000001 0.38771501818211834 0.6288757578614128 0.4969254812500001 0.651329059375
0 0.5004430018941207 0.6532396702170057 0.39068219587686365 0.6294398381544319 0.38671996273274295 0.6477129882499264 0.49648076874999997 0.6715128203125003
0 0.49849006653419375 0.6136383051185752 0.3903461531250001 0.5963162390625002 0.38766858659080633 0.6130326355064251 0.4958125000000001 0.6303547015625001
0 0.4830497645204958 0.6883039055319264 0.3876754812500002 0.6699273500000003 0.38397186985450443 0.6891490850930739 0.4793461531250001 0.7075256406250002
0 0.4739763911976995 0.6689203935459874 0.3883437500000001 0.6453931625000001 0.38436976192730066 0.6598573845790129 0.4700024031250001 0.6833846156250002
0 0.3882879639583968 0.10218459428865903 0.38012019218750004 0.08453846093750002 0.29471924697910323 0.12406754164884096 0.30288701875 0.14171367499999996
0 0.38355008159601084 0.1830729759522776 0.37551201875 0.16324358906250003 0.2910677059039891 0.19747403186022247 0.29910576874999995 0.21730341875000003
0 0.3826895969532822 0.12238582755950773 0.37551174846831403 0.10763207353574526 0.2910384983900318 0.14872915222623756 0.298216346875 0.16348290625000003
0 0.3803047651965264 0.15772900290807346 0.369502403125 0.13297435937500002 0.28830340667847365 0.16840775021692653 0.29910576875 0.19316239374999997
0 0.3681644099885772 0.49139229389438166 0.36609615312500005 0.45740170937500013 0.28427514391795494 0.46238034879147694 0.2863434007815321 0.49637093331085846
0 0.3546996203207541 0.5828606828328142 0.2808605765625001 0.5738803421874998 0.27911287967924603 0.5882504281046856 0.35295192343750004 0.59723076875
0 0.3496706734375001 0.54323076875 0.28263542804037745 0.539631967218463 0.28079888897787747 0.5738413687809631 0.3478341343750001 0.5774401703125001