0 0.582296577504222 0.4234577839873033 0.4860889421875 0.31893162343750003 0.4774214087270635 0.32690936694085815 0.5736290440437856 0.4314355274906615
0 0.5865835658318093 0.4367663287639525 0.48969951875 0.33926495781250005 0.4797251351498425 0.3491761892228855 0.5766091822316518 0.4466775601743379
0 0.5930205391739294 0.4626080350271516 0.502646634375 0.373508546875 0.48392417176357067 0.3924988024728485 0.5742980765625001 0.48159829062500015
0 0.588863543046749 0.4958353656683078 0.4921802890625001 0.40502136718750015 0.4829088069391364 0.41489205976726834 0.5795920609233854 0.505706058248076
0 0.6098234985562928 0.5268569476581582 0.4992307687500001 0.4257735046875001 0.47425816489848616 0.453095372138253 0.5848508947047788 0.5541788151089111
0 0.600935577142432 0.5670910400866006 0.49923076875000005 0.4739316234375 0.4833565364335941 0.4912619783730426 0.585061344826026 0.5844213950221432
0 0.5996937364297948 0.3331506872200478 0.5065600968750001 0.29592307656250005 0.4998986183702626 0.3125883346063023 0.5930322579250573 0.34981594526385007
0 0.5957553524573662 0.39037729949914673 0.51498798125 0.31946581250000017 0.5062527067943317 0.3294151900185915 0.5870200780016978 0.40032667701773816
0 0.612040865625 0.7563034187499998 0.5516706734375 0.57619658125 0.5444996486254876 0.5786002442762996 0.6048698408129877 0.7587070817762995
0 0.6906330162809429 0.8526686852973271 0.681836538761563 0.8331971640844099 0.6021434256056202 0.8691994194120831 0.610939903125 0.8886709406250002
0 0.6939264796358797 0.830327594999412 0.6884951921875 0.8168547015625001 0.6035254438016204 0.8511083034380882 0.6089567312499999 0.8645811968750001
0 0.6990702915760126 0.8814008101347726 0.6896342098782895 0.8628329931168925 0.6048091104897769 0.90594072985712 0.6142451921875 0.9245085468750001
0 0.6977901438362826 0.744061676919977 0.689285440057131 0.7239791177051145 0.6169760649708482 0.7546012017226376 0.6254807687499999 0.7746837609375001
0 0.6983116920931485 0.7880668661695073 0.6926826921875 0.7745683765625002 0.6205128266568516 0.804663904142993 0.6261418265625001 0.8181623937500001
0 0.695453697039453 0.8123090008191418 0.6895985578125 0.7961025640625 0.6262362076480468 0.8189944179308585 0.6320913468749999 0.8352008546875002
0 0.7028500818243284 0.7693489434241334 0.6983846945140488 0.7594396518276902 0.6213471126897204 0.794154811528557 0.6258125 0.8040641031250002