0 0.45925852890768615 0.44604212135626825 0.3382250359375001 0.44200866718750004 0.33770364659707913 0.4576542083113372 0.45873713956726514 0.4616876624801054
0 0.4545023377143515 0.3486947762381254 0.34603975468750003 0.3295268421875 0.3433177267406061 0.34492955493743044 0.4517803097674576 0.3640974889880558
0 0.4566450043259347 0.3651136457184371 0.3466408875 0.34718681250000005 0.3425688886933258 0.37217374839583756 0.45257300551926055 0.3901005816142746
0 0.45245501139846744 0.31677898726353915 0.35295277656249996 0.296405965625 0.34963169953903256 0.3126261705489609 0.449133934375 0.33299919218750007
0 0.45164124302309216 0.2978827654038363 0.3571607015625 0.27530476562500006 0.3527465091119695 0.29377652118008324 0.4472270505725617 0.31635452095891947
0 0.4586824991493995 0.4319384534516235 0.350999096875 0.42651664531250005 0.35026824557691416 0.4410322003294045 0.45795164785131365 0.44645400846852795
0 0.45258300011191066 0.3348999797504465 0.3609177781250001 0.31670585937500007 0.3580287381804813 0.33126135765568404 0.4496939601673919 0.3494554780311305
0 0.4603561754474681 0.4615127615930767 0.35280249218750004 0.4604388328124999 0.3526771386000239 0.47299296143513114 0.4602308218599919 0.4740668902157079
0 0.46249294351352715 0.5071605129800772 0.46150253330168817 0.48712529911239805 0.3529527765625 0.49249129062499986 0.353943186774339 0.5125265044926791
0 0.4602548828125001 0.49062156406250007 0.46007059056776534 0.4765114358928755 0.361368628125 0.4778005812500001 0.36155292036973474 0.49191070941962467
0 0.4672573857517167 0.5436185076925228 0.46410171885322404 0.5055026705598842 0.35625927997650725 0.5144311066173612 0.359414946875 0.55254694375
0 0.46949203413551277 0.571149274490431 0.46527847504482445 0.5406962910732408 0.35835733309681167 0.5554901962703097 0.3625708921875 0.5859431796874999
0 0.454395735290713 0.3882539936692304 0.3754952359375 0.3787050640625001 0.3742394395872182 0.38908140604048874 0.4531399389404312 0.39863033564721906
0 0.47069925670219953 0.5950479518924447 0.46693542172153785 0.5717154637468289 0.35775507595683836 0.5893276790418841 0.36151891093750005 0.6126601671875
0 0.4559085878178518 0.39851041427566863 0.3766975 0.39045763281250007 0.3748821887446482 0.40831392009933154 0.4540932765625 0.4163667015625001
0 0.45745838318496396 0.41707239508507443 0.3744432546875001 0.41049041875 0.37348267619003617 0.4226057080399256 0.4564978046875 0.4291876843750001
0 0.47392242121199546 0.6254398686290336 0.46659091940298747 0.5935297112202103 0.36290382475349203 0.6173522863411767 0.37023532656249997 0.6492624437500001
0 0.5639448627714452 0.2802530632903507 0.49421885624999995 0.26275088906250005 0.4904792169768001 0.27764904451201344 0.5602052234982453 0.29515121873986416
0 0.565822819042238 0.2996907603878355 0.4943691375 0.28385208906250003 0.48994704928332017 0.3038016464903943 0.5614007308255581 0.31964031781572977
0 0.5676500446219979 0.34010212408910306 0.49550448913324435 0.3284753203986028 0.4907884422852772 0.3577388934849511 0.5629339977740306 0.36936569717545137
0 0.5625332723009199 0.33099366398759733 0.5030855546875 0.320178209375 0.501399121102599 0.3294477806616486 0.5608468387160188 0.34026323527424596
0 0.5617455202657113 0.3231525121754351 0.5035364062500001 0.31056247031250006 0.5015571218350215 0.3197135433141064 0.5597662358507328 0.3323035851770414