0 0.4922493343750001 0.6512201375000001 0.4881866814903811 0.4561497768288129 0.4797253093615689 0.45632599846375876 0.4837879622461879 0.651396359134946
0 0.5821677352564374 0.46636173647920504 0.572427478125 0.4659104359375002 0.5638464163060626 0.6511124041457952 0.5735866734374999 0.6515637046875
0 0.5332077984375002 0.4691243250000001 0.509805247972892 0.4690251954953658 0.5090177787951158 0.6549313718676685 0.5324203292597239 0.6550305013723028
0 0.5930999156250001 0.47175124375 0.583248069461469 0.47122266632591864 0.5731476913763487 0.65947771952091 0.5829995375398799 0.6600062969449914
0 0.5451952916062905 0.47408021626556324 0.53649220625 0.4739344015625001 0.5333790760933335 0.6597444530150838 0.542082161449624 0.6598902677181469
0 0.5079310212940429 0.6621375011017037 0.5042217853838443 0.47466327105691475 0.4886330466909049 0.47497169909708187 0.4923422826011034 0.6624459291418707
0 0.47969132187499997 0.6498565765625 0.47756105780321584 0.49350197351580977 0.461297934375 0.4937235515625 0.4634281984467841 0.6500781546091903
0 0.5703770813248565 0.504152286243675 0.5468333000000001 0.5033047484375002 0.5411556827376435 0.6610234700063251 0.5646994640624999 0.6618710078125
0 0.6002645445386999 0.5203878205583836 0.5917732759673189 0.519883438830359 0.5830630408036191 0.6665202854594756 0.5915543093750002 0.6670246671875002
0 0.6141587453125001 0.516194371875 0.6039325336209478 0.5154925017481442 0.5928243339090293 0.6773384008961666 0.6030505456005816 0.6780402710230224
0 0.3152972848856875 0.8297103174361278 0.2975141553854752 0.6985403592233326 0.28083917812500003 0.7008010390625001 0.29862230762521225 0.8319709972752953
0 0.29538902812499995 0.8384781203124998 0.27347877490851946 0.7008973687121464 0.26049844999999994 0.7029645343750001 0.2824087032164805 0.8405452859753535
0 0.5624430968750002 0.7210768203125001 0.5512184670612654 0.7206900648571908 0.5462658549333266 0.8644275014827569 0.5574904847470613 0.8648142569380664
0 0.5984449937924292 0.743357980266359 0.5899486875000001 0.7428346796875 0.581960831207571 0.8725254853586412 0.5904571375000002 0.8730487859375001
0 0.5756209525695318 0.7603087864448205 0.5639887015625 0.7595574484375001 0.5573796427429683 0.8618792135551795 0.5690118937500002 0.8626305515624999
0 0.5896843312500001 0.7581831375000001 0.5776505908597502 0.7573348207966072 0.5693429908597503 0.8751817301716072 0.58137673125 0.876030046875