0 0.6017499886177449 0.502626328734472 0.5916870756308219 0.49939731222773104 0.5360354628944239 0.6728301006260561 0.5460983758813469 0.676059117132797
0 0.6122123468750001 0.5105043296875001 0.6030711576082797 0.5093422849084275 0.582967298218074 0.667488672196579 0.5921084874847946 0.6686507169756517
0 0.5998990932564043 0.5277526876073042 0.5915165303179819 0.5256788018198872 0.5575260479990777 0.663066964212583 0.5659086109375002 0.6651408500000001
0 0.3127042628473517 0.829028698588939 0.2935054142471378 0.6993193022084964 0.28076429531249997 0.7012051703125 0.2999631439127139 0.8309145666929425
0 0.322558271875 0.8356192953125001 0.30412778475457164 0.696527828985283 0.2937851296875 0.6978982953125 0.31221561680792836 0.8369897616397172
0 0.29496517896139657 0.8386373859301898 0.2723538077102113 0.7002884830981946 0.260675009375 0.702197234375 0.2832863806261853 0.8405461372069952
0 0.3843822234375 0.8514881281249999 0.35371875383238416 0.6956405276837575 0.34534142968750003 0.6972887906249999 0.3760048992926159 0.8531363910662423
0 0.39844258273330585 0.8448360065252564 0.37297652187499997 0.7026637265625 0.3588571972226755 0.7051927960897557 0.38432325808098133 0.847365076052512
0 0.3727895500000001 0.83819044375 0.3499325988435261 0.7211471318196576 0.33772538636065585 0.723531032743819 0.3605823375171298 0.8405743446741616
0 0.41727122543468703 0.8537453160100075 0.39357487500000005 0.71083091875 0.3728749834369112 0.7142631263780851 0.3965713338715982 0.8571775236380926
0 0.425238446875 0.8526980890625 0.4027675265625 0.7150657609375 0.39499088031992036 0.7163354364592045 0.4174618006324204 0.8539677645842044
0 0.3461235546875 0.8437000640625001 0.3255570634108885 0.7259455161886368 0.31591471253779596 0.7276296067711077 0.3364812038144074 0.845384154644971
0 0.3339274859375 0.8363539109374998 0.3203421030281751 0.7361740243531902 0.30996816562500007 0.7375808328125 0.3235535485343249 0.8377607193968096
0 0.35439208125 0.853250071875 0.33295926485422667 0.724578306248593 0.3256589609375 0.725794315625 0.3470917773332733 0.8544660812514071
0 0.4632007234375 0.8587478624999999 0.431877590625 0.7217205125 0.4242081826002977 0.7234736653278917 0.4555313154127977 0.8605010153278915
0 0.443453521875 0.8614702609375 0.4272812671875001 0.7383573890624999 0.4076917964065065 0.7409306854679744 0.4238640510940064 0.8640435573429743