0 0.507002403125 0.4895854703124999 0.50646875 0.25792735 0.4953070229234514 0.2579530624184844 0.49584067604845145 0.4896111827309843
0 0.47941586562499994 0.48768376093750004 0.473365384375 0.2810299140625 0.4605885877103568 0.28140399743826816 0.4666390689603568 0.48805784431326826
0 0.5817764421875001 0.28261111093750013 0.5715075931295116 0.28213209502578557 0.5618970165670116 0.48815773565078563 0.572165865625 0.48863675156250014
0 0.5178581734375001 0.2826111109375001 0.5074315764836448 0.28253853300129717 0.5059950991846481 0.48890386403134833 0.5164216961385034 0.48897644196755125
0 0.5712764421875001 0.28166239375000013 0.5533609498284358 0.28089092313325603 0.5443419713976436 0.49033433634496254 0.562257463756708 0.49110580696170664
0 0.427009268097459 0.4872614668985274 0.4138150034786695 0.2841095044798986 0.3979326921875 0.285141025 0.4111269568062895 0.48829298741862875
0 0.4975697109374999 0.48832051249999997 0.49454326874999993 0.28641025624999994 0.4852952788193264 0.2865488747996248 0.48832172100682636 0.48845913104962485
0 0.44500336515865263 0.48901443829290364 0.4349230765625 0.28735897499999996 0.41489814943423137 0.2883599746321135 0.424978438030384 0.4900154379250171
0 0.4676602216994499 0.49044103478299217 0.459127403125 0.28545726562499996 0.43508875128826985 0.286457917802193 0.44362156986271967 0.4914416869601852
0 0.4138531683621677 0.48634998432600174 0.3977259609375 0.29558547031249993 0.3762797971282649 0.29739852623646734 0.3924070045529326 0.4881630402499691
0 0.48831490312500014 0.48610256406249996 0.48528846093750005 0.29685042812500007 0.47515942960103336 0.29701240742105045 0.4781858717885334 0.4862645433585504
0 0.6066923078125 0.30128205156250004 0.5937202214100938 0.300486739099232 0.5822668237858323 0.4872994327825836 0.5952389101882385 0.4880947452458516
0 0.6218197109375 0.3123589750000001 0.6085405776967333 0.31136774710876275 0.5955012558106716 0.4860509801220358 0.6087803890514383 0.48704220801327314
0 0.5914084932926221 0.31284356480558273 0.5805759147861074 0.3123423561333321 0.5724444779575417 0.4880863779210327 0.5832770564640565 0.48858758659328333
0 0.5278245187499999 0.32976495781250004 0.5192809567587947 0.32965116901930974 0.5171439380087948 0.49010415964430976 0.5256875 0.4902179484375001
0 0.5426029994093098 0.33666223991678346 0.5285985578125001 0.33641025625 0.5259210396531901 0.4852181022707165 0.53992548125 0.48547008593749996
0 0.5509883793450829 0.33694508304779813 0.5433725968750001 0.33672649531250004 0.5391005644049172 0.4855677372647019 0.546716346875 0.48578632499999996
0 0.5894278843750002 0.5781965812500002 0.5683209134354699 0.5770848881986919 0.5617367790604698 0.7020934350736918 0.5828437500000001 0.7032051281250002
0 0.6184375000000001 0.5842094015624999 0.6027010482016713 0.583125269454227 0.5939798950766713 0.7097150132042273 0.6097163468750001 0.7107991453125001
0 0.5941081734375001 0.5921239312500001 0.5891726863961408 0.59189094218148 0.5839186640582629 0.7031886924506936 0.5888541510996221 0.7034216815192137
0 0.6011754812500001 0.5956025640625 0.5944692698073206 0.5951980100954144 0.5878823800816861 0.7043875839066368 0.5945885915243656 0.7047921378737224
0 0.6328533656250002 0.5880085468750001 0.6210426679798824 0.5870313484598793 0.6105426679798824 0.7139373312723792 0.6223533656250001 0.7149145296875001