0 0.4637092374059077 0.4493934614955578 0.341841346875 0.44501709375000004 0.34123591383930796 0.4618764737672329 0.4631038043702156 0.4662528415127907
0 0.45948892013629905 0.3498899534447252 0.3498269234375 0.3299230765625 0.3467123998839579 0.3470286496404267 0.45637439658275697 0.3669955265226519
0 0.46186756548043223 0.3655115190085193 0.3508677890625001 0.3465854703125001 0.3463669631599553 0.3729824577081624 0.4573667395778874 0.39190850640418157
0 0.458258284378393 0.31648782658061736 0.35798557656249996 0.2950213671875 0.35419274568230347 0.31273818837725703 0.45446545349819656 0.3342046477703744
0 0.4572493946503835 0.2977587568421361 0.36232692343750006 0.2734230765625001 0.35765119398654155 0.2916609802951208 0.452573665199425 0.3159966605747567
0 0.46266554948862176 0.43279672553762083 0.355033653125 0.42928205156250004 0.3545131284656 0.44522237962474265 0.4621450248292217 0.44873705359986343
0 0.4580335938651617 0.3334961546483541 0.3657980765625 0.3185042734375001 0.36331977175983843 0.3337517078516461 0.4555552890625001 0.3487435890625001
0 0.46480351358268635 0.4653888953449277 0.35677163437500004 0.4647649578124999 0.35668965796623653 0.4789587913761918 0.4647215371739229 0.4795827289086196
0 0.46739508860320556 0.5122354720807731 0.4662838117894041 0.49251773367099816 0.3564230765625 0.4987094015625 0.35753435337630146 0.518427139972275
0 0.47138607759553075 0.5497403947530703 0.4680901862276987 0.510272768241304 0.35902884687500003 0.5193803421875 0.362324738242832 0.5588479686992663
0 0.46425421859576976 0.49581811464251685 0.4640617732795431 0.48106394245938155 0.365103365625 0.48235470156250004 0.36529581094122665 0.4971088737456354
0 0.47340834089753486 0.5772290067354274 0.46872830522865183 0.5465228316593034 0.360598811206117 0.563003226486376 0.365278846875 0.5937094015625
0 0.47416533025757757 0.601540943447222 0.47012410412721406 0.5777290949629493 0.35984819730713646 0.5964445624532274 0.36388942343749997 0.6202564109375002
0 0.45949960452232047 0.38967604443832854 0.3803822109375001 0.3802179484375 0.37893246489167876 0.39234513857124764 0.45804985847649915 0.4018032345720761
0 0.46250731040436477 0.4214463406160457 0.378646634375 0.4123076921875001 0.37726105358479867 0.42502245440514236 0.46112172961416337 0.434161102833688
0 0.46193758904579607 0.400666244903703 0.38038221093749996 0.39132905937500007 0.37802045365736403 0.41195776032448894 0.45957583176566014 0.4212949458531918
0 0.47774193161512707 0.6334581561683028 0.4695295475510841 0.5982516949254093 0.36470348156095717 0.6227037950071065 0.372915865625 0.65791025625
0 0.5715891796211074 0.2786749788137398 0.5011514421875 0.2607905984375001 0.4971989919380267 0.2763573470211786 0.5676367293716342 0.2942417273974184
0 0.573369688786763 0.29922963600790436 0.5014206734374999 0.2826196578125 0.49662019596187523 0.30341376262794606 0.5685692113111382 0.3200237408233504
0 0.5750490242812021 0.3398942459135097 0.5024302890625002 0.3280384609375001 0.49745272019651415 0.358526931860625 0.5700714554152161 0.37038271683663454
0 0.5690806825253272 0.3301676819626452 0.5093990390624998 0.320064103125 0.5079696772975998 0.32850731523854504 0.567651320760427 0.3386108940761902
0 0.569258665351356 0.3226206033725837 0.5102067312499999 0.30970940156250004 0.5080997589179721 0.3193460560842437 0.5671516930193283 0.3322572578943273