0 0.6363918265625002 0.4320427343750001 0.6126427085558263 0.42996869170103863 0.5945519522506448 0.637119446946165 0.6183010702573188 0.6391934896201266
0 0.6010985578125002 0.43191880312500014 0.5914321833841762 0.4304844405478197 0.558516802087953 0.6523058998651585 0.5681831765162769 0.653740262442339
0 0.5597969210894157 0.43552729346789265 0.5305408656250001 0.4314059828125001 0.4979772806147961 0.6625659532292427 0.5272333360792117 0.6666872638846353
0 0.6412283656250001 0.4724316234375 0.6334126224492207 0.4717581587948798 0.6196401853517736 0.6315910949968914 0.6274559285275528 0.6322645596395116
0 0.6587924720811751 0.47411403646244954 0.6516942338461152 0.473459775244781 0.6372381036072765 0.6302978295589033 0.6443363418423363 0.630952090776572
0 0.6508788823692075 0.4752710807330267 0.6414498567390414 0.47446105881698786 0.6281049365347802 0.6298020343474212 0.6375339621649463 0.6306120562634601
0 0.6074145364394071 0.47576551069805373 0.5922592827229793 0.4738765870780707 0.5720952391226796 0.6356571871398136 0.5872504928391074 0.6375461107597966
0 0.5828760530275165 0.464177569105907 0.5573019788630977 0.4603955320257193 0.5291814863932502 0.6505458517386536 0.5547555605576691 0.6543278888188413
0 0.518849054078577 0.7071762498496209 0.5065336531250002 0.7061196578125001 0.49258799872593934 0.8686670928210404 0.5049033996795161 0.8697236848581614
0 0.5291604158237366 0.7104596006815205 0.5198846156250001 0.7096068375 0.5053395841762637 0.8678181774434794 0.5146153843750001 0.8686709406249997
0 0.6163413468750002 0.7231837609375 0.6047451702026688 0.7221836063281394 0.5932535721044344 0.8554216082803892 0.6048497487767657 0.8564217628897499
0 0.5064677867472899 0.6942572542529362 0.49646394218750006 0.6931923078125001 0.476049843299352 0.884957324672494 0.4860536878591419 0.88602227111293
0 0.5395873761357244 0.7119166702028569 0.53001201875 0.7109871796875 0.5145275503526496 0.870503943315429 0.524102907738374 0.8714334338307859
0 0.6390913468750001 0.7164188031250001 0.6215 0.7151068375000001 0.6099633684216483 0.8697944939421174 0.6275547152966484 0.8711064595671173
0 0.576534523241701 0.7303940353880011 0.5605634195889142 0.7290641884761643 0.5493294084102021 0.8639816405338386 0.5653005120629889 0.8653114874456753
0 0.6028269234375 0.7321837609374999 0.5946990813962194 0.7314128060321712 0.5817528672641061 0.8678991073334694 0.5898807093053867 0.8686700622387982
0 0.5445490968614596 0.7399448637928885 0.5373990390625001 0.73916239375 0.5239941734510405 0.8616534268321117 0.5311442312500001 0.8624358968750002
0 0.5584855765625001 0.7445299140625 0.5529966173944225 0.7440585858680583 0.5428307517694225 0.8624474749305584 0.5483197109375001 0.8629188031250001
0 0.5922211531250003 0.7391410250000001 0.5804794681886477 0.738068876290597 0.5680857086132581 0.8737996931398199 0.5798273935496108 0.874871841849223
0 0.5519951921875 0.7514059828125 0.5462019234375001 0.750918803125 0.5362155560167292 0.8696711070267644 0.5420088247667292 0.8701582867142645
0 0.3495793901704253 0.8854413473329025 0.28061538437500005 0.7375897437500001 0.2635739700393823 0.7455385530190507 0.3325379758348076 0.8933901566019532
0 0.33016105781250005 0.878850428125 0.26611538437500004 0.7513376062500001 0.262932551772214 0.7529362427987552 0.32697822520971387 0.8804490646737552
0 0.28612350330424924 0.9024132970690179 0.25363701875 0.7413418796875 0.23685071926211707 0.7447275074289162 0.2693372038163663 0.9057989248104341