0 0.500572115625 0.4973547015625 0.4985168258693434 0.2637875248482376 0.48699759687499994 0.2638888890625 0.4890528866306565 0.4974560657767624
0 0.41930528906250003 0.492064103125 0.4043224648056463 0.28758262983831007 0.389177884375 0.2886923078125 0.4041607086318537 0.49317378109918997
0 0.4725705223073005 0.4971168622399757 0.46559616928148434 0.2875970982720401 0.45259375 0.2880299140625 0.4595681030258162 0.4975496780304356
0 0.4909014421875001 0.4976837609375001 0.48681009687500004 0.2900128203125 0.47753515294035465 0.29019554688115956 0.4816264982528547 0.4978664875061597
0 0.436971153125 0.49636324843749985 0.426 0.29265812031249994 0.40599855567899185 0.2937353583299557 0.41696970880399187 0.49744048645495564
0 0.4604337101935708 0.49878386005464936 0.4514759609375 0.2900128203125 0.42651430356286896 0.29108385137147286 0.43547205281893975 0.49985489111362214
0 0.510741491551969 0.29138310595670436 0.4995240390625 0.29136324843750006 0.4991582233623279 0.49801143013476096 0.510375675851797 0.4980312876539653
0 0.40643039684921634 0.4903141267271158 0.38899278906249996 0.2989401703125 0.3679956636662335 0.30085338590446564 0.3854332714529499 0.49222734231908144
0 0.5644610227425317 0.29196156884137825 0.5459615390625001 0.29121794843750004 0.5375413865033865 0.5006910533151065 0.5560408701834182 0.5014346737189846
0 0.5760360578125001 0.29168376093750004 0.5658310102642137 0.29120945495335626 0.5560617790142136 0.5014017627658565 0.5662668265625 0.5018760687500002
0 0.48123076875 0.4940470078125001 0.4778693526655918 0.3040303665205356 0.466540865625 0.30423076875000005 0.46990228170940823 0.4942474100419646
0 0.6015384609375001 0.3119316234375001 0.5882012913481559 0.31113615188894683 0.5768863476572123 0.5008466741250528 0.5902235172465564 0.501642145673606
0 0.5858849572231282 0.3226279035324041 0.5750127371588247 0.3221423984927713 0.5670601634422481 0.5002293892882037 0.5779323835065515 0.5007148943278366
0 0.6169134609375002 0.3238247859375001 0.6024600470519629 0.32277077792578435 0.5895108369122257 0.5003408642629423 0.6039642507977631 0.5013948722746581
0 0.5208713864162849 0.3389953512572897 0.5121051217195485 0.3389602265518 0.5114614814892979 0.49959703614738105 0.5202277461860343 0.49963216085287077
0 0.536610360894834 0.3450189432135379 0.5217716343750001 0.34471367500000005 0.5186646089980051 0.49574250084823557 0.5335033355178391 0.49604776906177345
0 0.5447427890625001 0.3460000000000001 0.5376635396101224 0.3458123533162996 0.5336403402921005 0.49759351463102347 0.5407195897444782 0.49778116131472394
0 0.5857027930556 0.5919536656021441 0.5634230765625002 0.5907478625 0.5565039366319003 0.718593342210356 0.5787836531250001 0.7197991453125001
0 0.6137398911743467 0.6009211316707257 0.5982514202045907 0.5999328756207062 0.5901114361761699 0.7275070061468843 0.6055999071459259 0.7284952621969039
0 0.5899232242195203 0.6089926582678473 0.5847475968750001 0.6087435890625 0.57939648828048 0.7199389651696528 0.5845721156250001 0.7201880343750001
0 0.5960958072537496 0.61069666467797 0.5900312500000002 0.6103547015625 0.5837479427462507 0.7217862415720303 0.5898125000000001 0.7221282046875002
0 0.6292860578125002 0.6045555562500001 0.6169233469541708 0.6035298387366962 0.6062768831898908 0.7318489436309011 0.6186395940482201 0.7328746611442052