0 0.6360112312500001 0.43101140625000023 0.6125333695354079 0.4289848781845886 0.5945728600390143 0.6370621140625436 0.6180507217536065 0.6390886421279552
0 0.6008175329819969 0.4304302226220543 0.5906556781250001 0.4289269531250001 0.5577818158440226 0.6511488619329823 0.5679436707010195 0.6526521314300365
0 0.5597130168593654 0.4358301052090582 0.5299763086510735 0.4317088720019747 0.49797298229886994 0.6626284850426749 0.5277096905071618 0.6667497182497584
0 0.6587520630313383 0.47391638734760244 0.6514333386524986 0.47324798889112624 0.6370774820976942 0.6304394909491624 0.6443962064765338 0.6311078894056386
0 0.6412649093750001 0.4727798468750001 0.6336787921138278 0.47212799283098555 0.6199381612903322 0.6320380794932512 0.6275242785515045 0.6326899335372657
0 0.650944542369243 0.4753306396964909 0.6417458 0.47454045312500004 0.6284311643667311 0.6295391677952494 0.6376299067359742 0.6303293543667403
0 0.6067828155110385 0.47526788870133785 0.591952477045027 0.4734260936717808 0.5718333174915509 0.6354278045252938 0.5866636559575624 0.6372695995548509
0 0.5821785847234393 0.4642564962764344 0.5566706203125003 0.4605363078125002 0.5289654511789639 0.6505004655718454 0.5544734155899029 0.6542206540357796
0 0.5227387386357765 0.7079302276982655 0.511053146875 0.7066584921875001 0.4933334244867201 0.8694796450065299 0.5050190162474965 0.8707513805172953
0 0.6164748100416466 0.7233168456480656 0.6043878762322062 0.7222460632209591 0.592627347876282 0.8549982677805732 0.6047142816857223 0.8560690502076799
0 0.5339806326645377 0.7113590109358052 0.5241004328125001 0.7101536531250001 0.5047122675778934 0.8690765435439959 0.5145924674299309 0.8702819013548009
0 0.510947175945024 0.69976469977648 0.5010442687500001 0.6987149359375 0.4816068781105397 0.8820768202666658 0.4915097853055636 0.8831265841056458
0 0.5437593048045957 0.7115286421907674 0.53423625 0.710391359375 0.5150995466584116 0.8706328333290957 0.5246226014630072 0.871770116144863
0 0.6387245281250001 0.7130058671875001 0.6215143707920112 0.7116390575153486 0.6089705208484678 0.8695846994641359 0.6261806781814567 0.8709515091362874
0 0.5785229207578285 0.7307366729738634 0.5618493481511366 0.7291485493449694 0.5490040531993494 0.8640101899227572 0.5656776258060413 0.8655983135516513
0 0.6032880140625001 0.7325988468750001 0.5947572583521945 0.7317924536733409 0.5819744101974255 0.8670209683308224 0.5905051659077311 0.8678273615324816
0 0.5471232172522733 0.739224265603293 0.5407223171875 0.7384327015625 0.5255921593102267 0.8607811453342069 0.5319930593750001 0.861572709375
0 0.5597156261425963 0.7439860505017132 0.5542057883612659 0.7435078979343313 0.5438687387811697 0.8626235739951179 0.5493785765625001 0.8631017265625
0 0.5930400130742723 0.7391214813847166 0.5812581252311868 0.7380117578838645 0.568469598846289 0.8737870058889096 0.5802514866893744 0.8748967293897614
0 0.554048248798841 0.7517017246226281 0.5484077062500001 0.7511423890625002 0.5366397793261595 0.8698144300648722 0.5422803218750001 0.8703737656250002
0 0.457697284848369 0.8281904584751935 0.4559894094477096 0.8103698352645173 0.3386661292868406 0.8216137486643238 0.3403740046875 0.8394343718749999
0 0.45845919145983194 0.8450717647165054 0.4573352140625001 0.8342902906250002 0.3491990991651682 0.8455635680959949 0.35032307656250006 0.8563450421875001
0 0.45453767973618164 0.8821479101958991 0.4478836959936638 0.862042885926655 0.32332459281998205 0.9032671210432559 0.32997857656249996 0.9233721453125