0 0.5326201921875 0.21240170937500008 0.5238111554580037 0.2123087780304953 0.5215497599804302 0.42666827027737453 0.5303587967099265 0.4267612016218793
0 0.5958918265625 0.22629487187500005 0.5869835937611027 0.22579676673591087 0.5764260018847962 0.41461129378184103 0.5853342346861936 0.41510939892093013
0 0.5859567312500001 0.22736324843750005 0.5715672408947631 0.22662130117451734 0.5617555580545908 0.4169112619861804 0.5761450484098278 0.4176532092491631
0 0.6145216343750001 0.23858119687500015 0.6050542158763121 0.23796788870837418 0.5939375000000001 0.40957265000000004 0.603404918498688 0.410185958166626
0 0.6263918265624999 0.2460641031250001 0.615470635062554 0.24523836387751735 0.6032352494482918 0.40706304373424784 0.614156440948238 0.40788878298173065
0 0.5413341343750002 0.2351111109375001 0.533150913771441 0.2349807480395596 0.5301186384203651 0.4253246152026879 0.5383018590239242 0.4254549781006284
0 0.6031033656250001 0.2527435890625001 0.5946269914655147 0.25221127777667307 0.5846632674663733 0.4108707969100173 0.5931396416258586 0.41140310819584436
0 0.522252403125 0.2383162390625 0.5151915412213433 0.23829393198319374 0.5145879851208817 0.4293376010336897 0.5216488470245383 0.429359908112996
0 0.5054319629413302 0.432518883463351 0.5042235578125001 0.23858119687499996 0.49296268784906117 0.23865136215983082 0.4941710929778913 0.43258904874818177
0 0.5126376976532021 0.4293356103737686 0.51248798125 0.25354273437499997 0.5045561038007002 0.2535494896667352 0.5047058202039023 0.4293423656655039
0 0.4959556555735013 0.4392510337832345 0.491903846875 0.24526068437500004 0.4703512043539103 0.24571084689447087 0.4744030130524116 0.43970119630270527
0 0.4750079898184404 0.4418088007157534 0.468915865625 0.25114102499999996 0.4515289894990482 0.2516965620240075 0.45762111369248853 0.44236433773976086
0 0.5682283656250001 0.27865812031250003 0.5623140187418862 0.27843159753974833 0.5570153141579147 0.41677696811803067 0.5629296610410285 0.41700349089078237
0 0.4589464843521899 0.44374082734132214 0.4500127185830335 0.2513976881080931 0.43654672235486736 0.252023143513627 0.44548048812402374 0.4443662827468561
0 0.5616177890625 0.2807948718750001 0.5514806830331483 0.2804687227679264 0.54704326875 0.4183888890625 0.5571803747793517 0.41871503816957373
0 0.5503485578125001 0.2767863250000001 0.5434954140162 0.2766144106449574 0.5398317312500001 0.42266239375000014 0.5466848750463001 0.42283430810504286
0 0.44620261754338786 0.4472250321311718 0.434509615625 0.26343162343749993 0.4157429869049311 0.26462556301991 0.42743598882331896 0.4484189717135819
0 0.6334519234375 0.48972222187500003 0.6245996939745482 0.4890191759425841 0.6151908433128441 0.6074883985064989 0.624043072775796 0.608191444438915
0 0.6215841343750002 0.48999145312500014 0.6098677902750321 0.48916961975552137 0.6014182801444252 0.609628792919958 0.6131346242443932 0.6104506262894368
0 0.5964888078173406 0.49187408980853514 0.5796439839007225 0.4910153839598001 0.5734608739586233 0.6123065087205919 0.5903056978752413 0.6131652145693269
0 0.6011490390625001 0.5054871796875002 0.595778846875 0.5052179484375002 0.5905830565839649 0.6088552209636562 0.595953248771465 0.6091244522136561
0 0.6065576921875002 0.5062863250000001 0.6011944840312606 0.5059193093716343 0.5942001571147301 0.6081275759056097 0.5995633652709697 0.6084945915339756