0 0.5867656604455196 0.5283474261930049 0.5853199156078995 0.5122878718078697 0.47377781297487986 0.5223293346773648 0.4752235578124999 0.5383888890625
0 0.5869196725916344 0.36903949060932256 0.48149759687500004 0.3548205125 0.47922999613127554 0.37163291459120856 0.5846520718479098 0.3858518927005311
0 0.5881987998767553 0.44374360766937215 0.48269951874999995 0.4397051281250001 0.481037887624432 0.48311277382907997 0.5865371687511871 0.487151253373452
0 0.5910822260794123 0.35275171167325936 0.4849326921875 0.33466666718750004 0.48183466626634264 0.3528504216026395 0.5879842001582549 0.37093546608839884
0 0.5903842978894798 0.42509158059265123 0.4856201921875001 0.42107692343750014 0.48502136767931125 0.436703491696843 0.5897854733812908 0.4407181488519941
0 0.5928981777075587 0.5124160175155953 0.5906949215665015 0.4845416556202816 0.4830683782339428 0.4930487146671864 0.485271634375 0.5209230765625
0 0.5865101689938481 0.5612458354603543 0.5837729119610275 0.5331730389892864 0.4941233195296795 0.5419143832164321 0.4968605765625001 0.5699871796875
0 0.5936047072550339 0.3856292396401804 0.5034879812499999 0.37497008593750003 0.4985382235744854 0.4168173065215785 0.5886549495795194 0.42747646022425895
0 0.5950327491419853 0.3376745953536716 0.511564903125 0.32153846093750005 0.5088030551950514 0.3358247510608795 0.5922709012120367 0.35196088547705107
0 0.6014112822800841 0.3180417949893453 0.508814903125 0.2983290593750001 0.5052455817881901 0.3150951865272901 0.5978419609432741 0.3348079221416353
0 0.6926697516117336 0.8517281494968095 0.6832261968806981 0.8320864732894849 0.6028689452689645 0.8707215722301755 0.6123125 0.8903632484375003
0 0.6936775924606915 0.8304146876341003 0.687383947816885 0.815523357447446 0.6046318366061934 0.8504975588758457 0.61092548125 0.8653888890625
0 0.6982762443222456 0.8812599359043333 0.6880846697177185 0.8616926023369527 0.603654578520473 0.9056677086201195 0.613846153125 0.9252350421875001
0 0.6996476145876066 0.7849657345680857 0.693578732669018 0.7734423603650997 0.6223181368314114 0.8109723523595141 0.62838701875 0.8224957265625001
0 0.6968769432279622 0.8105596229834537 0.6899567312499999 0.7942435890625001 0.6254812302095377 0.8215899488915464 0.6324014421874999 0.8379059828125
0 0.7035540231808692 0.769091275896123 0.6986096602103725 0.759400203600886 0.6217864057795033 0.798595252704763 0.62673076875 0.8082863250000001