0 0.5200073791337902 0.6258225344374582 0.41494951875 0.6156752140624999 0.4133147364912098 0.6326005421250418 0.518372596875 0.6427478625
0 0.5183910100991016 0.6448762565355105 0.411021736913761 0.6325954819942179 0.4089336111896594 0.6508517035837074 0.516302884375 0.6631324781250001
0 0.49985613250874217 0.5828670880785938 0.4104375000000001 0.57657265 0.40751646436625794 0.6180688103589064 0.496935096875 0.6243632484375
0 0.49068109297031787 0.6634402413304156 0.4074423078125 0.6489786328125 0.40503525390468215 0.6628332633570844 0.4882740390625 0.677294871875
0 0.4943290194552956 0.6840383696108173 0.4010697109375 0.6668632484375001 0.39786569148220446 0.6842607757016828 0.4911250000000001 0.701435896875
0 0.42436195906553387 0.5096630888919798 0.42247115312499994 0.304525640625 0.41512842530946614 0.3045933204830202 0.41701923125 0.5097307687499999
0 0.39622464719039324 0.13009983865838676 0.3873173078125 0.11000427343750005 0.3069700637471068 0.14561810977911332 0.315877403125 0.16571367500000003
0 0.3957944114773479 0.14960654060627565 0.38933173125 0.13411965781250004 0.305724819772652 0.1690088437687244 0.3121875 0.18449572656250002
0 0.39487380079317413 0.09373369147358701 0.3854735578124999 0.07450854687500008 0.30043869920682587 0.11608682102641314 0.30983894218749997 0.13531196562500009
0 0.3960194519688442 0.24201514134222551 0.3889951921875 0.22955982968750002 0.2954372792811558 0.2823224664702746 0.3024615390625 0.29477777812500006
0 0.39238373335696625 0.27428588158299066 0.38228605781249997 0.25483760625 0.29689030570553376 0.2991756559170094 0.30698798125 0.31862393125000005
0 0.3830474662595929 0.23381287979149873 0.3740264281500981 0.21785657617344723 0.3009861728280053 0.2591505338819486 0.31000721093750006 0.2751068375000001
0 0.39246533881043677 0.31401383530228044 0.3786422656326026 0.2813739472500602 0.28918706341794687 0.31925844625241 0.303010136595781 0.3518983343046302
0 0.37827406606611935 0.18854047992026807 0.37178857624287776 0.17625338351612682 0.2998318179892585 0.2142342707833588 0.30631730781250005 0.22652136718750002
0 0.37382598880481177 0.17592198461302938 0.3667187528500243 0.16011530122387135 0.3032365140452125 0.188659129110842 0.31034375 0.2044658125
0 0.3780918374470777 0.20210407988671691 0.372896634375 0.19194444375 0.2954201813029223 0.23156258573828312 0.300615384375 0.24172222187500006