0 0.5028424328125001 0.5060111968750001 0.5017460305628134 0.2691296701053286 0.4903474765625 0.26918242812500004 0.4914438788121867 0.5060639548946715
0 0.4207855484375 0.499864 0.40750361249999995 0.292477059375 0.3903606093212997 0.2935749697318897 0.4036425452587998 0.5009619103568898
0 0.4743236910856263 0.5042289437926851 0.46754523593749997 0.292477059375 0.4546597008765881 0.2928895422282705 0.4614381560247144 0.5046414266459556
0 0.4382693701363764 0.5034589364055183 0.4284272093750001 0.29733010625000006 0.4080112631779766 0.29830491906204154 0.4178534239393529 0.5044337492175597
0 0.513776825 0.29635950000000005 0.5025045409535567 0.2962911276297605 0.5012286262883199 0.506646165420388 0.5125009103347631 0.5067145377906275
0 0.4614899853779503 0.5062174750674033 0.45353552343750003 0.297006571875 0.4282764271106331 0.29796695451909894 0.4362308890510832 0.5071778577115023
0 0.49267955105338757 0.5062671537275525 0.48918330056860737 0.2978309125527726 0.4799176035305603 0.2979863327310416 0.4834138540153405 0.5064225739058215
0 0.40757908653057695 0.49755693250031063 0.3902613826133001 0.30451094096157805 0.36932457656250006 0.3063891328125 0.38664228047977683 0.4994351243512326
0 0.5687240078125002 0.2976536453125001 0.5494057194127078 0.29680775782113034 0.5400466743298075 0.5105486322314499 0.5593649627295998 0.5113945197228197
0 0.5802795941830206 0.2978852296100377 0.5691488515625001 0.29733010625000006 0.5585108167544797 0.5106326547649626 0.5696415593750002 0.5111877781250002
0 0.48337439218749995 0.5021287562500001 0.4793467191220806 0.31070592358801463 0.46923671406249995 0.3109186453125 0.4732643871279193 0.5023414779744855
0 0.6054845890625 0.32030120468750006 0.5921116451637807 0.3194641716080287 0.5801785991251107 0.5101136920747094 0.5935515430238301 0.5109507251541807
0 0.589757350312739 0.3305303414693249 0.5787557228235027 0.3299874338581289 0.5699050103932068 0.5093406776963754 0.5809066378824431 0.5098835853075714
0 0.622053809375 0.3309779109375001 0.6061065410322964 0.32970257456365804 0.5916475400910303 0.5105031638882844 0.6075948084337338 0.5117785002621265
0 0.5241629501071319 0.3453888074287258 0.5150504343750001 0.345213521875 0.5119420811428682 0.5068065175712743 0.5210545968750001 0.506981803125
0 0.5392628131321608 0.3519814826858239 0.52474345625 0.35168425156250005 0.5216175863089593 0.5043789651364324 0.5361369431911202 0.5046761962597562
0 0.5479844807662747 0.3532364531955661 0.5400305593749999 0.35297839687500004 0.5351159364212251 0.504458990554434 0.5430698578125 0.5047170468750001
0 0.5878591645121582 0.6018803178175085 0.56605503125 0.6008074109375001 0.5596760933003416 0.7304432774949916 0.5814802265625 0.731516184375
0 0.5929938889818899 0.6195918629549304 0.5866198250000001 0.6192489953125002 0.5805644907056103 0.7318203886075698 0.5869385546875001 0.7321632562500001
0 0.6175127482683487 0.6123390190771902 0.6009078136519568 0.6112560074046972 0.5924910868376377 0.7403028145495246 0.6090960214540296 0.7413858262220177
0 0.5991288250000001 0.6234549703125001 0.5928074609375001 0.6231314312500001 0.5871253825449648 0.7341488950249672 0.5934467466074648 0.7344724340874672
0 0.632424634375 0.6160136281249999 0.6198032708029528 0.6149568895843961 0.6088866129904529 0.7453421286468962 0.6215079765625 0.7463988671875