0 0.5366353956888672 0.3931844669363543 0.439634615625 0.363615384375 0.4371362386861328 0.3718112596261458 0.53413701875 0.4013803421875
0 0.5403477277548616 0.4048113083185605 0.4433365390625001 0.3736324781250001 0.4397244461438821 0.3848713034923088 0.5367356348362436 0.41605013368586913
0 0.5454570346730314 0.4428734114254132 0.4484879812500001 0.4214059828125 0.4466072966803239 0.42990109444403946 0.5435763501033553 0.4513685230569526
0 0.5449893177296705 0.41746223333554344 0.458790865625 0.3968034187500001 0.45325106664532966 0.4199181088519567 0.5394495187500001 0.44057692343750005
0 0.5425525002862939 0.34077637027281404 0.45830769218750006 0.32127777812500014 0.4554856467166335 0.3334705906797196 0.5397304548154274 0.35296918282753353
0 0.5443786502577976 0.367646257986918 0.46587500000000015 0.3413034187500001 0.4622343309922024 0.35215288732558214 0.54073798125 0.3784957265625001
0 0.5597858647310614 0.4466629399056483 0.45436538437500007 0.429858975 0.4490475782082113 0.463220487219944 0.5544680585642727 0.4800244521255924
0 0.6535586183987534 0.38508838184690924 0.5808317312499999 0.34328632500000006 0.5748007300555809 0.35377901307194926 0.6475276172043344 0.3955810699188585
0 0.6627588278030538 0.4227139076755968 0.5774423078125 0.3643589750000001 0.5711930956344462 0.37349549544940336 0.656509615625 0.4318504281250001
0 0.7210900979234132 0.6709605638299598 0.7066875387662783 0.6606721878667261 0.6383907095928653 0.7562800005992664 0.65279326875 0.7665683765625001
0 0.7312838314958373 0.7353474663513119 0.7240098781084151 0.7241258538353789 0.6337500856750776 0.7826330890465669 0.6410240390624999 0.7938547015624999
0 0.7389259762594034 0.7700644322618134 0.7240665223850102 0.7470718005696766 0.6525332471360836 0.7933016283805226 0.6673927010104767 0.8162942600726595
0 0.7399613130167395 0.7934205008797817 0.7322668265625001 0.7802649578125 0.6560987822957606 0.8248145428702184 0.66379326875 0.8379700859374999
0 0.7467127252774693 0.828002407973585 0.730903846875 0.8017820515625 0.6487512184725307 0.8513138310889152 0.6645600968750001 0.8775341875000002
0 0.7581567610728553 0.8531010454911587 0.7429667311304012 0.8307118663171258 0.6576342414945934 0.8886060420060419 0.6728242714370476 0.9109952211800749