0 0.492604759375 0.65231359375 0.4874445359540678 0.45575551900725175 0.47847631718750006 0.45599096093749986 0.48363654060843225 0.6525490356802481
0 0.5819249110629099 0.466837802484325 0.5719646015625001 0.4664000937500001 0.5638267608120904 0.6515812568906751 0.5737870703125002 0.6520189656250002
0 0.533527271875 0.46934642812500005 0.5085152613823342 0.46909769319923755 0.5066686502753611 0.6547871625888024 0.531680660768027 0.6550358975145649
0 0.5931714187500001 0.4705249578125 0.583021237545176 0.469988188209014 0.5729977808267055 0.6595292898854903 0.5831479620315296 0.6600660594889762
0 0.5452904281250002 0.47170349218750013 0.535293193127281 0.4715352845348442 0.5321339260823814 0.6593028121694698 0.5421311610801005 0.6594710198221257
0 0.5078636988945321 0.6619615630871478 0.5040053852470257 0.4734216408396447 0.4880178515625001 0.47374881249999995 0.49187616521000643 0.662288734747503
0 0.5700607930919599 0.5043047227352122 0.5472785531250001 0.5035238671875001 0.5418925334705403 0.6606663663272878 0.5646747734375002 0.6614472218749999
0 0.6004840417970947 0.520543373815209 0.5921773562500001 0.5200233203125 0.5830422613279056 0.6659359246222911 0.5913489468750001 0.666455978125
0 0.613384153125 0.5150145593750002 0.6037235959385386 0.514395433675048 0.5933183842124234 0.6767536477261993 0.602978941398885 0.6773727734261513
0 0.3120345484763639 0.829354331290817 0.29417895727197185 0.699316545827166 0.280787715625 0.7011553078124999 0.29864330682939216 0.8311930932761509
0 0.32273566368612217 0.8357732151927282 0.30451120374753565 0.6956325950515753 0.2946527546875 0.696914628125 0.31287721462608653 0.8370552482661529
0 0.29550986424284104 0.8393598428113442 0.2737506478473346 0.7012051151579435 0.2611663796875 0.7031871234375001 0.28292559608300644 0.8413418510909008
0 0.37482162187500007 0.8390129953124997 0.3605091374175104 0.7203330712037201 0.3463249609375 0.7220436453124999 0.36063744539498965 0.8407235694212796
0 0.34649065312499994 0.8449056624999998 0.32843171875 0.7267577734375 0.319101522158466 0.7281838963186564 0.33716045653346594 0.8463317853811562
0 0.334230459375 0.8375398374999999 0.32043780416579043 0.7339766852829148 0.31015774218750003 0.7353457953125 0.3239503973967096 0.8389089475295851
0 0.3546088875 0.85374465 0.3357123717006692 0.7246795314101566 0.3282256829092146 0.7257756628403843 0.34712219870854544 0.8548407814302277