0 0.5631275832000899 0.4796269772450227 0.55316283125 0.47914687968749997 0.5426556574249101 0.6972304321299775 0.552620409375 0.6977105296875001
0 0.5851951759175896 0.5044125211221344 0.5751980890625 0.5037195296875 0.5619907397074104 0.6942486070028657 0.5719878265625 0.6949415984375001
0 0.5965244392012085 0.5056471019846052 0.5858150750000001 0.5047879062500001 0.5704679727767803 0.6960804144899189 0.5811773369779887 0.6969396102245238
0 0.5734052713669293 0.5060739940331515 0.5637798203125001 0.5055001578125001 0.5524388188824959 0.695732579963903 0.5620642699369253 0.6963064161845545
0 0.6167400304639186 0.5366135666341141 0.6055793085110226 0.5358817966409744 0.5948422723291257 0.6996396393343957 0.6060029942820216 0.7003714093275353
0 0.6033194406897955 0.5515257565803667 0.5946291781250002 0.5507280765625 0.5808840858727048 0.7004729090446334 0.5895743484375002 0.7012705890625001
0 0.29846446093750006 0.8504213843749999 0.27810320171029534 0.7113931760832961 0.26630385781250004 0.7131212390625 0.2866651170397047 0.852149447354204
0 0.34107533158706244 0.8578598003253924 0.3231746328125 0.71830365 0.310398993470679 0.7199423658213892 0.32829969224524147 0.8594985161467816
0 0.31094146486462826 0.8602432926734014 0.2892710924593699 0.7194558577302285 0.27924739844954005 0.7209987310850634 0.3009177708547984 0.8617861660282363
0 0.3277086603737399 0.8593503050394549 0.3098143314400571 0.7297498658813569 0.293547446875 0.7319958843750001 0.3114417758086828 0.8615963235330982
0 0.49798906579024393 0.8814639486809577 0.49522262600745603 0.7376809253207923 0.47603943437500007 0.7380500171875 0.47880587415778797 0.8818330405476654
0 0.5547451426093535 0.7601120683597494 0.5465522546875 0.7597736625 0.5411555042656466 0.8904302988277504 0.5493483921875001 0.8907687046874997
0 0.5436239680266428 0.7676854784077539 0.5243166781250002 0.7672522953125002 0.5215817772858574 0.8891488419047462 0.5408890671875001 0.8895820249999999