0 0.5252503652130982 0.47999291228759366 0.52426564375 0.4638489609375001 0.4134948004119018 0.4706055736499065 0.414479521875 0.4867495250000001
0 0.5204103556908596 0.6294493607027022 0.415338575 0.6152981453125002 0.41300873180914055 0.632597067422298 0.5180805125000001 0.6467482828125001
0 0.5176665312500001 0.516561653125 0.4133782520745455 0.5151022036401902 0.41276137394954554 0.5591826317651901 0.5170496531250002 0.5606420812499999
0 0.518319092208381 0.6483727248863993 0.4107025648679308 0.6324611478607034 0.4080480789095498 0.650414526099304 0.51566460625 0.666326103125
0 0.5151597546875001 0.56491685 0.41028825202820884 0.5603776920510495 0.40960101452820885 0.5762554451760495 0.5144725171875001 0.5807946031250001
0 0.515551206814113 0.5099257627640482 0.5144208937499999 0.48194152968750004 0.40785131506088684 0.4862459887984518 0.408981628125 0.514230221875
0 0.5047240994364774 0.4601376192143866 0.503292996875 0.43275897499999993 0.4147665177510225 0.4373863214106133 0.41619762031249996 0.46476496562499997
0 0.49929696116128064 0.5837257964360268 0.41121514375000007 0.576214465625 0.40766348727621954 0.6178630582514731 0.4957453046875001 0.6253743890625
0 0.49108378039510897 0.6652690418649259 0.40742477187500004 0.6501430515625001 0.4048597336673912 0.6643297956350743 0.4885187421875001 0.6794557859375001
0 0.49482837759978543 0.6855042968712552 0.40072420468750014 0.6672421375000002 0.39733532708771474 0.6847048875037449 0.4914395000000001 0.702967046875
0 0.3768244953388139 0.5929704757228894 0.2953405912192036 0.584117191625185 0.2932093427553898 0.6037327877772958 0.37469324687500005 0.6125860718750001
0 0.3700673468750001 0.5324979015625001 0.2908851724314583 0.5302364391774156 0.2901849864939583 0.5547525423024157 0.3693671609375001 0.5570140046875001
0 0.36842751707811067 0.5595724385977723 0.29176152155715435 0.5540979006803273 0.28943679041654374 0.5866536761450549 0.36610278593750006 0.5921282140625
0 0.36503869032589076 0.6616340552381472 0.29085033125000015 0.6470896109375001 0.2881346237366094 0.6609419025743529 0.3623229828125 0.6754863468750001
0 0.357365961818281 0.6137103874238369 0.29686365156250016 0.602509825 0.29305839911921927 0.6230647360136633 0.3535607093750002 0.6342652984375
0 0.35839841973833236 0.6387950146407315 0.2889604296875001 0.6263264234375001 0.28549719276166785 0.6456133025467687 0.35493518281250014 0.6580818937500001