0 0.5817575701594443 0.46635758832816065 0.57205048125 0.46594017031250007 0.5640837767155559 0.6512065132343395 0.5737908656250001 0.6516239312500002
0 0.5320240390625 0.46835042812500005 0.50760576875 0.46835042812500005 0.50760576875 0.65437606875 0.5320240390625 0.65437606875
0 0.5927379812500002 0.47178632500000006 0.5824714282666641 0.47124513906616616 0.5725417093531155 0.6596166006327706 0.5828082623364517 0.6601577865666044
0 0.54382229035834 0.47291549368205976 0.5347307687499999 0.4728205124999999 0.5327805315778705 0.6594956307421564 0.5418720531862106 0.6595906119242163
0 0.5702022863829271 0.5040444864434797 0.5465264421875 0.5030769234375 0.540059732367073 0.6613144885565203 0.5637355765625001 0.6622820515625001
0 0.6001653975273294 0.5197243603114384 0.591646634375 0.5191794875000001 0.5822865259101706 0.6655192303135617 0.5908052890625001 0.6660641031250001
0 0.6138149031250001 0.5144358968750001 0.6033706524899772 0.5137205693212314 0.5921839301848693 0.6770540393146561 0.6026281808198922 0.6777693668684248
0 0.31257848153232354 0.8291604822517746 0.29374970796964534 0.6992674103761243 0.2805 0.701188034375 0.29932877356267823 0.8310811062506505
0 0.3227871890447807 0.8365220823403954 0.3036303895397975 0.6954808115530936 0.29411298125 0.6967735046875 0.31326978075498324 0.8378147754748019
0 0.2957784190842462 0.8398153362787182 0.27320245513083974 0.7020477051031346 0.26079326875 0.704081196875 0.2833692327034064 0.8418488280505836
0 0.3849326921875001 0.8514914531250002 0.35921153906250003 0.6953418796875002 0.3501066861997459 0.6968416424438628 0.37582783932474595 0.8529912158813628
0 0.40372420726583647 0.8457169240274846 0.37870192343750003 0.705346153125 0.3647903841823424 0.7078260033209745 0.3898126680106788 0.848196774223459
0 0.3740817312499999 0.8379145296875 0.3543894234374999 0.7210683765625001 0.34235378236649927 0.7230967663926502 0.36204609017899925 0.8399429195176502
0 0.346353365625 0.8439871796875 0.326993038499886 0.7263496600514504 0.31782211562499996 0.727858975 0.337182442750114 0.8454964946360496
0 0.3340961531250001 0.8375555562500001 0.3192234428976838 0.734329131162007 0.30908952052944855 0.7357892116667848 0.3239622307567648 0.8390156367547779
0 0.35479326874999995 0.854350428125 0.3350251168245351 0.7245018121504001 0.327064903125 0.725713675 0.3468330550504648 0.8555622909745999