0 0.6350817312500001 0.42990170937500005 0.6114081521064716 0.4281340522662476 0.5958783675926209 0.6361187235863862 0.6195519467361494 0.6378863806951387
0 0.6415216343750002 0.47191880312500006 0.6327145970927481 0.4711703586089488 0.619062758818767 0.6318131932769846 0.6278697961010191 0.6325616377930359
0 0.6582144296039553 0.4736492555753637 0.6514872724303217 0.473049925005244 0.6374660502509062 0.6304304593379564 0.6441932074245397 0.6310297899080761
0 0.6506292486007548 0.47609445699005565 0.6416319242958507 0.47533067572966087 0.6285455672788165 0.6294876368354678 0.6375428915837206 0.6302514180958625
0 0.6152403843750001 0.7223461531250001 0.6036765042172629 0.7213629313038552 0.5922333771472659 0.8559479732764995 0.603797257305003 0.8569311950976444
0 0.6386225968750001 0.7143076921875002 0.6208958587040477 0.7129029574834053 0.6084777690945609 0.8696102862402814 0.6262045072655131 0.8710150209443764
0 0.6016033656250002 0.7315256406249999 0.5931364246003245 0.7307853738638008 0.5811816437589996 0.8675204397236549 0.5896485847836752 0.868260706484854
0 0.4703161251040179 0.8720561439233988 0.41582932656250005 0.7251367515625 0.40295975558417474 0.7299095845421604 0.4574465541256926 0.8768289769030592
0 0.507365384375 0.8537991453125 0.46362500000000006 0.7481282046875001 0.45623912176323494 0.7511854420993399 0.4999795061382349 0.8568563827243398
0 0.5013445908789071 0.8696642317047422 0.44109134687499996 0.7317863250000001 0.4317093694709647 0.7358862898694627 0.4919626134748719 0.8737641965742048
0 0.49010503299875474 0.8693034085809433 0.42967548125 0.7339401703124999 0.42020874173371314 0.73816636076723 0.4806382934824679 0.8735295990356733
0 0.3623322122572322 0.891613128702686 0.3041466343749999 0.7142948718750001 0.29372648531676715 0.71771416104138 0.3519120631989995 0.8950324178690658
0 0.516677884375 0.8599957265624999 0.47351442343749994 0.7518846156250001 0.4676328803024522 0.75423282715627 0.5107963412399521 0.8623439380937701
0 0.5245142785270334 0.8625961493149605 0.48110817343749995 0.7517948718749999 0.47494122963000596 0.7542107556732204 0.5183473347195393 0.865012033113181
0 0.35045893655961835 0.8866125471472863 0.2979447109375 0.7315384609375 0.2817596653308616 0.7370193582135379 0.33427389095298 0.8920934444233242
0 0.38710656316609904 0.8932469441440709 0.33516077946955153 0.7272938104671617 0.308581543682733 0.7356135041204893 0.3605273273792805 0.9015666377973985
0 0.33163221093749995 0.8865683765624999 0.2864145007593644 0.7458910538741506 0.27727403906250003 0.7488290593750001 0.32249174924063556 0.8895063820633495
0 0.29044102732559074 0.9021094115614264 0.253084134375 0.7416410250000001 0.23633440326411986 0.7455403470126932 0.27369129621471056 0.9060087335741196
0 0.4210282241722247 0.8984725721210467 0.3700216343749999 0.74512393125 0.360984516137071 0.7481298436616964 0.4119911059342957 0.9014784845327432
0 0.31852884687500005 0.8896410250000002 0.278466346875 0.7543803421874999 0.2608592822800656 0.7595953315744186 0.30092178228006566 0.8948560143869189
0 0.4479375 0.8853119656250004 0.4151995187499999 0.7660512828125001 0.40121900174095826 0.7698890430274646 0.43395698299095836 0.8891497258399648
0 0.40532451875 0.898 0.3670561003769328 0.7580482851744667 0.34342151243455643 0.7645109305274116 0.3816899308076236 0.904462645352945
0 0.432815793577784 0.8955718883231125 0.3930960772701871 0.7624690682796695 0.37978875773297016 0.7664401558694012 0.4195084740405671 0.8995429759128442