0 0.5811421044773585 0.9203894368823956 0.45419225312500017 0.86636310625 0.4435515455226417 0.8913664006176047 0.5705013968750001 0.9453927312500001
0 0.5518053692067483 0.9598788343175404 0.46280018281250007 0.9187272484375004 0.45971901493447753 0.925391388237478 0.5487242013287257 0.9665429741175181
0 0.5512848138766149 0.948794254491591 0.4625225750000002 0.9076249187500001 0.4575414406177195 0.9183643837414126 0.5463036794943341 0.9595337194830036
0 0.5519391646279537 0.9381531068955175 0.45855928593750017 0.8950479437500004 0.4547425402379951 0.9033162630046775 0.5481224189284487 0.9464214261501948
0 0.5717144682929057 0.9035439362397767 0.4377365031249999 0.8253788421875001 0.43163777545709425 0.8358322950102235 0.5656157406250001 0.9139973890625
0 0.5272745919391124 0.8858052165454172 0.4506550671874998 0.8451120859374998 0.4486396893108873 0.8489067631420824 0.5252592140625 0.88959989375
0 0.5598395654575132 0.8418563948436425 0.4327268718750001 0.7852297781250002 0.41584622672998695 0.8231226348438578 0.5429589203125001 0.8797492515625003
0 0.44096557107676065 0.7447596806633225 0.4077852735965254 0.5073026961056155 0.384306196875 0.5105834703124998 0.4174864943552351 0.748040454870207
0 0.42607546472197466 0.8903678233020236 0.33056886093750004 0.8515288468749999 0.3231681634030254 0.8697274595104764 0.41867476718749996 0.9085664359375001
0 0.41443989242248114 0.8552445400998474 0.333490384375 0.8258732609375 0.328340960702519 0.8400654692751527 0.4092904687500001 0.8694367484375002
0 0.4045895285836011 0.850051103938075 0.32370326875 0.8149442140625001 0.320555521416399 0.822196622624425 0.40144178124999996 0.8573035125
0 0.4016209458847285 0.8336938164809811 0.3183663656250001 0.7968604531250001 0.31221537442777164 0.8107635600815192 0.39546995468750007 0.8475969234375
0 0.403570779267085 0.7995971195860083 0.3173538093750001 0.7654569187500002 0.30956669417041505 0.785122341351492 0.39578366406250004 0.8192625421875
0 0.38736912735663764 0.7815039771330342 0.31602811250000007 0.7567679703125001 0.3135940038933625 0.763788172866966 0.3849350187500001 0.7885241796875001
0 0.4017768911836617 0.7514490609886758 0.30497573255941635 0.7093361411554501 0.2991449889766181 0.7227387438885533 0.39594614760086344 0.764851663721779
0 0.3994318017764508 0.7365875909227457 0.3016361781250002 0.6943772687500002 0.2962166575985495 0.7069335668897547 0.3940122812500001 0.7491438890625002
0 0.38490300324045357 0.759491287471673 0.3121279734375001 0.725306478125 0.3101503951970467 0.7295164859658272 0.38292542500000015 0.7637012953125002
0 0.39912379489639066 0.7169690698344662 0.30049741093749993 0.6835191578125001 0.2955536785411093 0.6980956520405337 0.3941800625 0.7315455640624999
0 0.3825431510047495 0.7777747153304401 0.31033575 0.7473726578125 0.3073240771202507 0.7545256299820601 0.3795314781250002 0.7849276875000001
0 0.4026815231460315 0.6987775324311014 0.28908717393828964 0.664796393395253 0.2838258789172582 0.6823841906516517 0.397420228125 0.7163653296875001
0 0.32110843905597897 0.6150927479157736 0.27888916451021983 0.4120286351960094 0.26710743281249993 0.4144781875 0.3093267073582591 0.6175423002197642
0 0.307341603125 0.618595778125 0.26618736531939413 0.4353375469733692 0.26018435411358054 0.4366856411307844 0.3013385919191863 0.6199438722824152
0 0.2879984015625 0.6179215046875 0.2264401875 0.4255863796875 0.21407478366617153 0.4295440144469963 0.27563299772867156 0.6218791394469962