0 0.6353677890625 0.4292905984375001 0.6121792315528156 0.4275070121856551 0.596137869171925 0.6360621374105749 0.6193264266816094 0.6378457236624199
0 0.6413269234375001 0.4726495718750002 0.6329969355237854 0.47196349197698223 0.6199378933414749 0.6305188786857568 0.6282678812551895 0.6312049585837748
0 0.6581695233579357 0.4747151306338787 0.6506463054210114 0.47407595033783256 0.6373581734375 0.6304786328125 0.6448813913744241 0.6311178131085462
0 0.6494882551501703 0.47671337731352564 0.6407123408285569 0.4760344081401314 0.6288121084095435 0.6298490792752939 0.6375880227311568 0.6305280484486881
0 0.6151665733767852 0.7228291448256605 0.6038821762287931 0.7218776531396748 0.5925955012737505 0.8557341277141834 0.6038798984217426 0.8566856194001691
0 0.6387019234375001 0.713491453125 0.6211798515600417 0.7121031190634541 0.6086779175100611 0.8698891974278287 0.6261999893875194 0.8712775314893746
0 0.6014471156250002 0.732 0.593410488449044 0.7312593135115388 0.5807960878770733 0.8681286043983262 0.5888327150530295 0.8688692908867871
0 0.4759787489340779 0.8731688134081343 0.42592788437499995 0.7276068374999999 0.4163380883571722 0.7309042479579371 0.46638895291625015 0.8764662238660715
0 0.49627644218750006 0.8563162390624999 0.4641274031250001 0.7460769234375001 0.4579578991900995 0.7478761329289131 0.49010693825259943 0.8581154485539131
0 0.3616895096008944 0.8911571306803548 0.3039519234375 0.7139188031250001 0.29319591657277944 0.7174227059302887 0.35093350273617385 0.8946610334856434
0 0.46609271383500916 0.8737907624811456 0.41475240312499995 0.7303632484375 0.4053086039635117 0.7337436847956605 0.45664891467352087 0.8771711988393063
0 0.48313165177303957 0.8584614275796995 0.4465865390625 0.7472051281250002 0.43900618318941353 0.7496950991300194 0.4755512958999531 0.8609513985847187
0 0.4569936315728339 0.8764812041386403 0.4014543265624999 0.7283076921875 0.3883219144169475 0.733230063494416 0.44386121942728146 0.8814035754455561
0 0.5886658656250001 0.7397478625 0.5764501309280228 0.7383746966301891 0.5612828921100524 0.8733030177888879 0.5734986268070299 0.8746761836586987
0 0.4895956641092537 0.8618910574213018 0.4567548078125 0.7526410249999999 0.4504974197912187 0.7545220128244013 0.4833382760879724 0.8637720452457034
0 0.352230691547561 0.8856432049927602 0.297591346875 0.7310470078125 0.2815708422524144 0.736709177321632 0.3362101869249754 0.8913053745018921
0 0.3912147358201157 0.8913446771481365 0.3351418265625 0.7278290593750001 0.308035112592246 0.737124515878947 0.36410802184986163 0.9006401336520833
0 0.33067788437500006 0.8873632484374999 0.2864039469165479 0.7451811674725355 0.27689539561569443 0.7481420258504502 0.3211693330741466 0.8903241068154149
0 0.4233804330170615 0.8943347815219763 0.3708173078125 0.7416666671875001 0.3609711865850656 0.74505665405616 0.41353431178962713 0.8977247683906361
0 0.31730048124999993 0.889222221875 0.2789014421875 0.7543418796875 0.2606887972485308 0.7595268314239861 0.2990878363110307 0.894407173611486
0 0.2905158559906865 0.9033056572749801 0.25250240312500005 0.741901709375 0.23627287625700916 0.7457240468249555 0.2742863291226956 0.9071279947249357
0 0.4057572109375 0.8983290593749998 0.3673188016195382 0.7571998732270125 0.34323263096738965 0.7637600618860667 0.38167104028535137 0.9048892480340541
0 0.4418476089376653 0.8885417054849514 0.4022259609375 0.773525640625 0.3872212511071943 0.7786945823025377 0.42684289910735956 0.8937106471624892