0 0.5464005924822588 0.6892365062334647 0.4249752109375001 0.6695277390625002 0.4180565512677414 0.7121534843915356 0.5394819328125001 0.7318622515625001
0 0.5189721634290168 0.7298456285064286 0.42570447343750006 0.7065007734375002 0.42222347094598345 0.7204081230560717 0.5154911609375 0.7437529781250003
0 0.5174130999976706 0.7650673325892511 0.42662087010072886 0.7429284288579074 0.42354817042895726 0.7555296515015011 0.5143404003258991 0.7776685552328446
0 0.5162502677640888 0.7484982247067974 0.42778136250000004 0.727655290625 0.42412063773267833 0.7431934251010348 0.5125895429967668 0.7640363591828321
0 0.44890945468749993 0.22462438437500004 0.43707913700425005 0.22461039183536688 0.436831684375 0.43382496562500006 0.44866200205824985 0.43383895816463314
0 0.4265289554244183 0.3724708953494368 0.4254980446950329 0.36034051856746047 0.41998679864561456 0.3608088966555237 0.42101770937499994 0.3729392734375
0 0.4293942375000001 0.1739382312500001 0.4238189454081082 0.17368724240534544 0.41564815156250007 0.35518758906250014 0.42122344365439196 0.3554385779071548
0 0.42214355614267013 0.3191712941632873 0.4124253078125001 0.17904 0.40681776203528164 0.17942888902519022 0.41653601036545174 0.31956018318847756
0 0.38592711892351034 0.7154762752827919 0.2932710390625001 0.69604743125 0.28689085451398993 0.7264745059672082 0.3795469343750001 0.7459033500000001
0 0.38106587850431073 0.3844508812605528 0.37133403605079685 0.37490314837975114 0.2822759981714862 0.4656784983691984 0.29200784062500007 0.4752262312500001
0 0.38117334660362207 0.40380471740758617 0.371821596875 0.3943851671875001 0.283544351833878 0.4820270060299139 0.29289610156250007 0.49144655625
0 0.3684261677451655 0.4398291783428343 0.36139045 0.4328440984375 0.2921094525673345 0.5026273435321658 0.2991451703125 0.5096124234375001
0 0.3812166294048661 0.34024866111666824 0.3679870761214155 0.32823096758169373 0.28083966364551005 0.4241662927345239 0.29406921692896065 0.4361839862694984
0 0.3867317671471843 0.14423089578467974 0.37670483125 0.13444274375 0.2700442375403157 0.24370534327782037 0.28007117343750004 0.2534934953125001
0 0.3818039778021756 0.12898420642776 0.3653608359375 0.11347393593750003 0.2674271128228244 0.21729792169724008 0.2838702546875 0.23280819218750004
0 0.3876421529031245 0.18909747518480446 0.36216831562499996 0.164586928125 0.2582772675929979 0.27256100335733613 0.28375110487112243 0.2970715504171406
0 0.36680983545878754 0.11133461279861834 0.36006091093750003 0.10485355156249998 0.2755627192287125 0.19284406688888164 0.28231164375 0.199325128125
0 0.36256303465057305 0.37882308207599313 0.35289590624999995 0.36885832968750004 0.2766913590994269 0.442786824174007 0.2863584875 0.4527515765625
0 0.36797924108984637 0.26352624334109165 0.35902530312500003 0.2550008296875001 0.2694811792226536 0.3490458300964085 0.27843511718749997 0.35757124375000005
0 0.3686307567489498 0.09488446461633718 0.3512494234375 0.07700489687500005 0.26639047810224203 0.15949915147155538 0.2837718114136919 0.1773787192128925
0 0.37637814768676986 0.052161298731901076 0.3616273984374999 0.03209894843750001 0.26089637106323005 0.1061609653305989 0.27564712031249994 0.12622331562499997
0 0.3581700025101317 0.3400075572381128 0.3445895390625 0.3249449015625 0.27046573811486835 0.39177478807438726 0.28404620156250004 0.40683744375
0 0.36992673577653595 0.24734115495419098 0.34792063906249987 0.22460274843750003 0.2576345316519599 0.3119811146458693 0.27964062836599596 0.33471952116256026
0 0.3607285326689573 0.3011403087771736 0.34746639375 0.2877215250000001 0.266400934002302 0.36784066296032353 0.27966307292125936 0.38125944673749707