0 0.5867635480909985 0.3690589266458016 0.4816281328125 0.3572536203125 0.4797333958754898 0.37412772328720645 0.5848688111539883 0.385933029620508
0 0.5910385847546563 0.35253837352217166 0.48369655781250015 0.3368669062500001 0.48105691077721663 0.35494722114701854 0.5883989377193728 0.3706186884191901
0 0.5935055551607823 0.3848890117055358 0.5030645453125 0.3756350812500001 0.498840273449879 0.4169199617626462 0.5892812832981613 0.4261738922181819
0 0.5949469390453106 0.33813245563575134 0.5117253156250001 0.32270594843750006 0.5091670082256647 0.3365072900013907 0.5923886316459752 0.35193379719964196
0 0.6020580621941587 0.31857255981385013 0.5088743828125 0.2985628375 0.5051856480975125 0.3157409805853472 0.5983693274791713 0.33575070289919734
0 0.5843077966958619 0.6954286613234641 0.5829810031249999 0.49026855624999993 0.5756413150499858 0.4903160228417459 0.5769681086208478 0.6954761279152101
0 0.6925765433043467 0.8521144597558887 0.6832799966567095 0.8325065043077876 0.6033853455398628 0.8703862492393986 0.6126818921875001 0.8899942046874998
0 0.6940200385234296 0.8298789343291076 0.6874017108270848 0.8145556197551078 0.6040511410536552 0.8505557541760002 0.61066946875 0.86587906875
0 0.6985005902329892 0.8801248964025776 0.688512872772371 0.8616376196716095 0.604538895039382 0.9070044076440318 0.6145266125000001 0.925491684375
0 0.7034127941050686 0.7150160216788685 0.696160954714516 0.702925386070403 0.6037530324844474 0.7583507112665346 0.611004871875 0.7704413468750001
0 0.7015889655179045 0.6960175743526757 0.6907209432598043 0.677469424758572 0.6068449293043999 0.7266153722808962 0.6177129515625001 0.7451635218750001
0 0.6989479762155346 0.740951845866793 0.6899924921875 0.7248952312500001 0.6168071597219653 0.7657139275707071 0.62576264375 0.7817705421875
0 0.7090852644438101 0.6716614815746823 0.6927997324666391 0.6413431380208309 0.6051628782228604 0.6884173717971815 0.6214484102000315 0.718735715351033
0 0.7001409716155652 0.78580386921609 0.6936819375 0.7734795125 0.6216514393219348 0.8112297542214101 0.6281104734375 0.8235541109375001
0 0.6964360886805541 0.811698556295107 0.6896570890625 0.7955361796875001 0.625859425381946 0.8222948890173931 0.632638425 0.838457265625
0 0.7042355498289179 0.7675075599976802 0.6989567254197311 0.7574658841493445 0.6218254349658132 0.7980131538391644 0.627104259375 0.8080548296875001