0 0.6017504843642539 0.5026282877066839 0.5916870588518993 0.49939910360125717 0.5360355841746778 0.6728312932140218 0.5460990096870324 0.6760604773194486
0 0.6122115390625 0.5105042734375002 0.6030716076599896 0.5093424376289402 0.5829683478190534 0.6674907874725589 0.592108279221564 0.668652623281119
0 0.599898558192843 0.52775310195021 0.5915156046730449 0.5256791511399717 0.5575256996052019 0.6630670741897617 0.565908653125 0.6651410250000002
0 0.3127054666165455 0.8290299303833736 0.29350499438398325 0.6993192010323921 0.2807644234375 0.701205128125 0.29996489567006235 0.8309158574759815
0 0.32255769218749997 0.8356196578124997 0.30412784841535023 0.6965271423277357 0.2937860578125 0.6978974359375 0.31221590158464974 0.8369899514222642
0 0.29496412788585175 0.8386354687762904 0.27235372654470485 0.7002879826875066 0.26067548125 0.7021965812500001 0.2832858825911469 0.8405440673387838
0 0.3843822109375 0.8514871796874999 0.3537195779837757 0.6956421745749304 0.345341346875 0.6972905984375001 0.3760039798287244 0.8531356035500697
0 0.398442028526816 0.844835445300937 0.37297596093749996 0.7026623937500001 0.35885847032836937 0.7051911217059786 0.3843245379176854 0.8473641732569158
0 0.37278846093749995 0.8381923078124999 0.34993225605193057 0.7211467115832024 0.33772633439608474 0.7235302360828058 0.3605825392816541 0.8405758323121033
0 0.4172710407485519 0.8537452637131357 0.39357451874999994 0.7108290593749997 0.3728747489460507 0.7142612282658256 0.3965712709446028 0.8571774326039614
0 0.4252379812499999 0.85269658125 0.40276682656249985 0.715064103125 0.39499070816275944 0.7163337043253082 0.41746186285025944 0.8539661824503082
0 0.346122596875 0.8437008546875001 0.32555681840625167 0.7259468363366328 0.31591604683482455 0.7276306002980035 0.33648182530357296 0.8453846186488707
0 0.333927884375 0.8363547015625002 0.3203416212317557 0.7361744470243894 0.30996875 0.7375811968750001 0.32355501314324436 0.8377614514131109
0 0.3543918265625 0.8532521375 0.33295962417627273 0.7245788010594341 0.32565865312500003 0.725794871875 0.34709085551122737 0.8544682083155658
0 0.4632019234374999 0.8587478624999999 0.43187740312499995 0.7217222218750001 0.4242080425982733 0.7234754633742375 0.45553256291077326 0.8605011039992373
0 0.44345432656250006 0.8614700859375001 0.42728125000000006 0.7383589749999999 0.4076908924756363 0.7409325554812055 0.4238639690381363 0.8640436664187057