0 0.6622370176150353 0.542339504346907 0.5412475968750001 0.5387606843750001 0.5407846183224648 0.5544126331530932 0.6617740390625 0.5579914531250001
0 0.6565139122918733 0.6550046993948428 0.5480096156250001 0.6370854703125002 0.5454548377081269 0.6525551302926574 0.6539591343750001 0.6704743593750002
0 0.6563277066578564 0.6274623705692344 0.5466586531250002 0.614615384375 0.5436891199046439 0.6399649794307658 0.6533581734375001 0.6528119656250002
0 0.6503378561867199 0.6880425527188337 0.550865384375 0.667 0.5474462452590948 0.6831629733745579 0.6469187170708146 0.7042055260933915
0 0.6467998367151442 0.7059576178220114 0.5522187500000001 0.6859658125000001 0.5482578554723561 0.7047047759279889 0.6428389421875 0.7246965812500001
0 0.6495981201288502 0.558943429079823 0.5419999999999999 0.55451709375 0.5414018798711496 0.569056570920177 0.6489999999999999 0.57348290625
0 0.6418184574185726 0.668677018950965 0.550115384375 0.6515085468749999 0.5473786582064275 0.6661263997990351 0.6390817312500001 0.683294871875
0 0.6473589491131757 0.5273596821690589 0.5397771506932199 0.5259326225637391 0.539610662508209 0.5384836738950032 0.6471924609281647 0.539910733500323
0 0.6470480765625 0.5075085468750001 0.6466539797465707 0.487496206637425 0.5377061767788219 0.48964168196626534 0.5381002735947511 0.5096540222038405
0 0.6386322109375 0.5222008546875001 0.6385942552056936 0.5080998321783861 0.5397424616440508 0.5083659116178445 0.5397804173758572 0.5224669341269587
0 0.643290865625 0.48560683749999994 0.640584134375 0.4474529921875 0.5328357195426499 0.4550969399777151 0.53554245079265 0.4932507852902151
0 0.6405233057410256 0.44468477168060155 0.6374302890625 0.41405555624999996 0.5310920801964745 0.42479386113189843 0.534185096875 0.45542307656250003
0 0.6257044362787378 0.6109001084341321 0.5468076921875 0.6017948718749999 0.5456080637212624 0.612189635315868 0.6245048078125002 0.6212948718750001
0 0.6419282785375524 0.41082699487153285 0.63848076875 0.3873418796875 0.5293842214624476 0.40335676450346714 0.53283173125 0.42684187968750004
0 0.6251186103546142 0.5916878711415744 0.54590625 0.583632478125 0.5440904581157702 0.601487989428626 0.6233028184703844 0.6095433824452006
0 0.6265873709319693 0.5788038963148405 0.543502403125 0.570811965625 0.5423424367078171 0.5828711007913405 0.6254274045147864 0.590863031481181
0 0.6362381780866304 0.3829355608362571 0.6297644234375 0.35073931562499994 0.5258983331322853 0.3716238498490491 0.5323720877814158 0.40382009506030625
0 0.5092754244677538 0.7221939464485041 0.4395072109374999 0.7060000000000001 0.43601303646974615 0.7210539160514962 0.50578125 0.7372478625000001
0 0.509666571077159 0.6959633305459724 0.4383028843749999 0.6816923078125001 0.4342661211103409 0.7018785491415278 0.5056298078125 0.7161495718750001
0 0.5085087854065845 0.641986906391699 0.43680048125 0.632277778125 0.4328290217522769 0.6616096210861304 0.5045373259088615 0.6713187493528293
0 0.49825556839331614 0.6704439293190692 0.4387548078125 0.6619273499999999 0.4374127003566837 0.6713039331809307 0.4969134609374999 0.6798205125
0 0.49813207528632875 0.6801621386980726 0.43968423950042457 0.6696487343619597 0.43801610640159583 0.6789224925388871 0.49646394218750006 0.6894358968750001