0 0.5471094058490824 0.6993817631132482 0.4247289179003541 0.6767396915397473 0.4172452542387718 0.7171889237389992 0.5396257421875 0.7398309953125
0 0.5187003903848125 0.7369269521565246 0.42604024999999995 0.7144643078124999 0.4229734768026874 0.7271149837809754 0.5156336171874999 0.7495776281250001
0 0.5169746287881438 0.7514809236389868 0.42781394218750013 0.7288163593750001 0.4239085081517337 0.7441800423492962 0.5130691947523774 0.7668446066132829
0 0.5177629593667737 0.7691417280649105 0.4263924515625 0.7442492906250001 0.42312101343635594 0.7562574743779014 0.5144915212406298 0.7811499118178118
0 0.38503895341477457 0.5052738778055196 0.3831277578125 0.48268183281250004 0.29135950286304546 0.49044505590018395 0.2932706984653199 0.5130371008932035
0 0.38239510061383425 0.5259540144838931 0.38181001718749996 0.509329465625 0.29235971188616566 0.5124775745786069 0.29294479531249995 0.5291021234375
0 0.3791902646153355 0.6866214672477093 0.30007832968750003 0.6671605421875 0.29551026194716457 0.6857305061897909 0.37462219687500004 0.7051914312500002
0 0.38170146875000005 0.5461993500000001 0.3814898390625 0.5291898546875001 0.2915037817454048 0.5303094482344868 0.2917154114329048 0.5473189435469867
0 0.3867877847303192 0.716790882447859 0.29273395411467923 0.6961160454324047 0.28631744282186 0.7253059957970457 0.3803712734375 0.7459808328125
0 0.3756934897998748 0.6051079386224251 0.29488830937500005 0.5887766843750001 0.2891818227001253 0.617011728565075 0.36998700312500005 0.6333429828125001
0 0.3732189255136323 0.6677536182755187 0.29345857187500013 0.6467689703125001 0.2896876369863679 0.6611018817244816 0.36944799062500006 0.6820865296875002
0 0.36599368978277114 0.5501278285994842 0.29711337394781756 0.546200998131393 0.2963596263525465 0.5594224429694089 0.36523994218750006 0.5633492734375001
0 0.364529792589858 0.5895702319984408 0.2960270968750002 0.5759451375000001 0.29410417459764215 0.5856129867515594 0.36260687031250005 0.59923808125
0 0.36998697188964325 0.6428788021822591 0.28998841562500005 0.6231067609375001 0.28533310467285683 0.641942355630241 0.3653316609375 0.6617143968750001
0 0.3828766680449771 0.10905139698536592 0.371423478125 0.10100115000000005 0.2696608850800229 0.24578009988963417 0.28111407499999996 0.25383034687500006
0 0.3602727673254707 0.5772004890465213 0.29234266875000003 0.5658480890625002 0.29061520923702944 0.576184801578479 0.35854530781250005 0.5875372015625002
0 0.38343423848890856 0.1574512977281207 0.35650991875 0.13769176562500002 0.25790768818156895 0.2720470716585241 0.2848320079204775 0.2918066037616448
0 0.37470034013186226 0.0925637874615047 0.35801553437499994 0.08160417500000001 0.2683609269331349 0.21809346379825428 0.2850457326899972 0.229053076259759
0 0.3593954291383689 0.07897975183669388 0.35625957873744835 0.07706276876158258 0.2838708995990794 0.19547803879988873 0.28700675 0.19739502187500002
0 0.36449094033328255 0.23974898819653587 0.35544182968750004 0.2334082953125 0.2716492159167176 0.3529928024284642 0.2806983265625001 0.3593334953125001
0 0.3762404751674859 0.05291085796064514 0.36190902968945915 0.032415079118860435 0.2624890004199039 0.10193342920935074 0.2768204458979306 0.12242920805113547
0 0.3649019234107297 0.21745627490210412 0.33931679910741885 0.2008688916950981 0.26250224067469397 0.31935111407331596 0.2880873649780048 0.335938497280322
0 0.3533968825894004 0.2993888055139782 0.3390213 0.2870646671875 0.2671389002230996 0.3709124257360218 0.2815144828125 0.3832365640625