0 0.5070015453125001 0.4895846234375001 0.5064676296874999 0.25792596562500003 0.49530767675911 0.25795168654257333 0.4958415923841101 0.48961034435507333
0 0.47941582968749996 0.4876857859375 0.47336476875000005 0.2810285390624999 0.4605875731706649 0.2814026638039743 0.46663863410816486 0.48805991067897436
0 0.581775825 0.28261090625000007 0.5715069431134359 0.2821318891129685 0.5618964353009358 0.48815618755046863 0.5721653171875001 0.4886352046875001
0 0.5178578609375001 0.28261090625000007 0.5074315985436608 0.2825382954087596 0.5059944315374769 0.4889025249679908 0.5164206939313162 0.48897513580923135
0 0.5712754546875001 0.28166148281250003 0.5533612789744669 0.2808901020789614 0.5443426448180887 0.49033453067880073 0.5622568205311219 0.49110591141233934
0 0.42700988665071593 0.48726338132947367 0.4138138812459327 0.28411115467198195 0.3979333828125 0.28514269218749994 0.41112938821728323 0.4882949188449917
0 0.49756901249999996 0.48831873124999997 0.49454348125 0.2864085890625 0.48529573431536727 0.28654716232603045 0.4883212655653672 0.4884573045135305
0 0.4450030141127443 0.48901336358956976 0.4349227375 0.2873580078125 0.41489749488563693 0.2883590225587349 0.42497777149838123 0.4900143783358047
0 0.4676590719170208 0.4904414642014105 0.4591269812500001 0.2854591671875001 0.4350882460994191 0.2864597446559599 0.44362033676643975 0.49144204166987027
0 0.4138545760239681 0.4863513514560228 0.39772651406250004 0.29558632031249993 0.37627913820813413 0.29739956986152166 0.3924072001696021 0.48816460100504455
0 0.48831444687500003 0.48610341406249996 0.48528891874999996 0.2968522171875 0.4751596682950431 0.2970141518681926 0.4781851964200431 0.4862653487431926
0 0.6066919562499999 0.30128284687500007 0.5937191822132823 0.3004874389837414 0.5822649585557789 0.487301093849155 0.5952377325924965 0.48809650174041364
0 0.6218196062500001 0.31235942343750006 0.6085408409480213 0.31136828814892664 0.5955023425631637 0.48605196850900273 0.6087811078651425 0.4870431037975762
0 0.5914078378940043 0.31284397120522933 0.5805747102823375 0.31234279081780514 0.5724442456453915 0.48808462582227274 0.5832773732570582 0.488585806209697
0 0.5278243125000002 0.32976547031250003 0.5192789421995816 0.329651728702823 0.5171432734495816 0.49010383026532284 0.5256886437500001 0.49021757187499987
0 0.5426028722418885 0.3366633157198124 0.5285974109375 0.3364114140625 0.5259209715081117 0.4852185686551877 0.5399264328125002 0.48547047031250007
0 0.550989413315736 0.33694661086991035 0.543372771875 0.33672788906250006 0.5390986273092641 0.48556822194258975 0.5467152687500001 0.48578694375
0 0.5894286375000002 0.5781972265625 0.5683202966297648 0.5770853056968437 0.5617353185047648 0.7020923697593437 0.5828436593750002 0.7032042906250002
0 0.6184381328125002 0.5842102265625001 0.6027015039994177 0.5831261425159352 0.5939808571244176 0.7097155737659352 0.6097174859375001 0.7107996578125001
0 0.5941074421875001 0.5921220640625 0.5891732996891667 0.5918891940910374 0.5839204862139152 0.7031879160399294 0.5888546287122487 0.703420786011392
0 0.6011748125000003 0.5956032734375001 0.5944687823507971 0.5951988248843538 0.5878834714213808 0.7043877273813288 0.5945895015705839 0.7047921759344752
0 0.6328538937500001 0.5880079109375002 0.6210425918370267 0.5870306274350628 0.6105422215245266 0.7139365289975629 0.6223535234375002 0.7149138125000002