0 0.5038832039884679 0.5135582798065537 0.5033383209369664 0.49331840772172386 0.3696209825734985 0.4969182482276703 0.37016586562500003 0.5171581203125001
0 0.5056820471011289 0.6623068768533111 0.4980068189395544 0.6336767687357947 0.37686804058842555 0.6661519434449836 0.38454326875 0.6947820515625001
0 0.5039383075757284 0.5674060104860447 0.5014541673532128 0.5447424158501247 0.3813307629024843 0.5579090553640801 0.38381490312499994 0.5805726499999999
0 0.5077019633601954 0.6381036514982494 0.5003567374639484 0.6031841613804197 0.38010910066625303 0.6284779458196704 0.38745432656249995 0.6633974359375
0 0.5037451921874999 0.49426923125 0.50352423668426 0.4742080863329889 0.3854519234375 0.475508546875 0.38567287894073987 0.4955696917920111
0 0.5071603633785605 0.6118354462109533 0.5014203938609862 0.5676014674313036 0.38080329923242584 0.5832532009078503 0.38654326875 0.6274871796875
0 0.5039778957006347 0.5294801355234464 0.5032436753792835 0.5130334982213164 0.38562876092864884 0.51828413144787 0.38636298125000007 0.53473076875
0 0.5066670486590011 0.6935433054331863 0.4953506519569896 0.6598079818673367 0.37977735329798856 0.6985766420591504 0.39109375 0.732311965625
0 0.5090394663063659 0.394826620820949 0.38618028906249996 0.3778247859375 0.38150825237750496 0.41158599977745036 0.5043674296213709 0.42858783466089934
0 0.5086253807791606 0.3765599049971293 0.3872716343750001 0.3574316234375 0.3842205589561204 0.37678827246467306 0.505574305360281 0.3959165540243023
0 0.502537497511764 0.5455883634263415 0.501045111891768 0.5277373829599425 0.392149440942504 0.536841327346101 0.39364182656249996 0.5546923078125
0 0.5097298104615695 0.3343914590778958 0.39891826875 0.3124700859375001 0.3943741991818738 0.33544015041584263 0.5051857408934433 0.3573615235562384
0 0.5071064973631807 0.35640567339709606 0.40583413437500004 0.3406111109375 0.40284851915946485 0.35975442741899055 0.5041208821476455 0.37554898987858654
0 0.5112838240190996 0.30989718578148145 0.4049254812500001 0.2830170937500001 0.3981481754872111 0.30983333413063185 0.5045065182563105 0.33671342616211314
0 0.5044059244659906 0.462597422351381 0.41347836562500007 0.45707265 0.41249742382183474 0.4732171420901771 0.5034249826628253 0.47874191444155817
0 0.5040537334954135 0.43584812529804273 0.41711778906249997 0.4302222218750001 0.4154534814441537 0.4559404299116342 0.5023894258770673 0.46156633333467684
0 0.5036219934390352 0.4235309158434329 0.4174831734375 0.41469658125000003 0.41604650829567136 0.4287047262603153 0.5021853282972066 0.4375390608537481
0 0.6336758483224694 0.35568141918654084 0.5574326921874999 0.3438247859375001 0.5515327141326526 0.3817641350410928 0.627775870267622 0.3936207682901335
0 0.6315037482503782 0.34559957498306043 0.5678052890624999 0.33476923125 0.5659275488690584 0.34581312422564603 0.6296260080569367 0.3566434679587064
0 0.6402583823055172 0.30697542256731186 0.5632548078124999 0.2911025640625001 0.5573934151329836 0.31953778180813475 0.6343969896260008 0.3354106403129465
0 0.6326783808448336 0.3355661977410662 0.5694423078125002 0.3237692312500001 0.5674100185440893 0.33466304812210623 0.6306460915764229 0.34646001461317244
0 0.6414186436783804 0.28473353343795726 0.5652572109375 0.26457692343750006 0.559668644855684 0.2856932321694024 0.6358300775965643 0.3058498421698596