0 0.6366085046875002 0.43183854218750006 0.6129567534475545 0.42973551355982187 0.5946072588168081 0.6361034520049899 0.6182590100567538 0.638206480632668
0 0.6015977231018195 0.4287678502637956 0.5911765453125001 0.4272154359375001 0.5578367139362784 0.6510218672184089 0.5682578917255979 0.6525742815447042
0 0.5596751708132187 0.4349325252302297 0.5300501296875 0.43088105624999995 0.49833908564058704 0.6627576888031717 0.5279641267663058 0.6668091577834014
0 0.6582091437500001 0.4731610890625002 0.650747200862724 0.4725327416004812 0.6374566703125002 0.6303644921875 0.6449186131997762 0.630992839649519
0 0.6409648312500001 0.47351475625000006 0.633143988849554 0.47285344010079056 0.6196476892919609 0.6324630790840644 0.6274685316924071 0.6331243952332739
0 0.6509945425507088 0.4760717798017996 0.64132780799217 0.4752634932836278 0.6283887122609049 0.6300091200504289 0.6380554468194436 0.6308174065686007
0 0.6071064893344518 0.47582808665203247 0.5924871736776509 0.4739980450083935 0.5723972042642315 0.634487072900801 0.5870165199210323 0.63631711454444
0 0.58269539238276 0.4646073646798567 0.5563376125 0.4607903718750002 0.5287761334401772 0.6511128156002794 0.5551339133229373 0.654929808405136
0 0.6166399109375 0.7233355343750001 0.6048938797626667 0.7223030462191249 0.593164025349467 0.8557469359428926 0.6049100565243004 0.8567794240987677
0 0.5351907492686943 0.7112948978518806 0.5257615437500001 0.7100879406250001 0.5054406259619485 0.8688426221370131 0.5148698314806427 0.8700495793638934
0 0.5248080593750002 0.7104347609375001 0.5131671497186961 0.7089814482884165 0.49304613984126344 0.87014901145831 0.5046870494975675 0.8716023241073938
0 0.5137334333646263 0.7004456316431604 0.5037897518998975 0.6992562670818359 0.48193400764490557 0.8819811994643783 0.49187768910963436 0.8831705640257027
0 0.5447836817836862 0.7125789654425128 0.5360730390625001 0.7114714531250002 0.5157930605257893 0.8709745526691648 0.5245037032469754 0.8720820649866775
0 0.6390131109375001 0.7139832859375 0.6218284763339903 0.7126473440844197 0.6095543572299245 0.8705331468212509 0.6267389918334343 0.8718690886743315
0 0.4816820653834508 0.7219569333282442 0.4726280305732783 0.7208076757133729 0.4543049433148276 0.8651598798851289 0.46335897812500015 0.8663091375000003
0 0.5782806917796725 0.7297899888754034 0.5625078146038391 0.7283238090547013 0.5498245463101314 0.8647679410500556 0.5655974234859648 0.8662341208707577
0 0.47347976703915046 0.7198416149999515 0.4582132751944853 0.7173129986941689 0.43160439917957055 0.8779637813963204 0.4468708910242357 0.880492397702103
0 0.5480137415993619 0.7392669610860755 0.5417151750000001 0.7384499531250001 0.5258418537131384 0.8608222873514247 0.5321404203125002 0.8616392953125
0 0.6042307734375001 0.7318908593750001 0.5954682146057575 0.7310027822781812 0.5816017071039592 0.8678220834520763 0.5903642659357018 0.8687101605488954
0 0.5011827155912998 0.7212181276549962 0.48581221520011775 0.7190716615368602 0.46302508807510045 0.8822466324481881 0.47839558846628244 0.8843930985663242
0 0.5600221450244045 0.7433908606410793 0.554528915213646 0.7429099382045512 0.5440523353415143 0.8625763469582699 0.5495455651522727 0.8630572693947979
0 0.5931281515625001 0.73874594375 0.5807680798045866 0.7376029694051401 0.56819350804249 0.8735838074733835 0.5805535798004036 0.8747267818182433
0 0.5546173146055404 0.75112819706778 0.5491083218750001 0.7505556875 0.5366852946219224 0.8700966885244688 0.5421942873524627 0.8706691980922487