0 0.6622379673212683 0.5423387349664074 0.5412479468750001 0.5387598546875 0.540784943616232 0.5544124525335927 0.6617749640625001 0.5579913328125001
0 0.6565148376914383 0.6550061111584053 0.548010684375 0.6370851796875 0.5454560919960617 0.6525522263415947 0.6539602453125 0.6704731578125
0 0.656328286008707 0.6274621895894368 0.5466581375 0.6146173421875001 0.5436889639912932 0.6399683400980634 0.6533591125000001 0.6528131875000001
0 0.6503369745728875 0.6880417829347396 0.5508660656250001 0.6670008078125 0.547447385598198 0.6831625687428929 0.6469182945460855 0.7042035438651325
0 0.6468000410293457 0.7059559749289063 0.5522186109375001 0.6859651796875001 0.5482578683456545 0.7047044391335939 0.6428392984375001 0.7246952343750002
0 0.6495987479786975 0.5589430948790609 0.5419993625000001 0.5545189828125 0.5414015176463026 0.5690592426209392 0.649000903125 0.5734833546875
0 0.6418187754786773 0.6686757999031625 0.5501146484375001 0.6515087859375001 0.5473780948338229 0.6661271266593375 0.6390822218750001 0.6832941406249999
0 0.6473594323483373 0.5273589461209716 0.5397771178481152 0.5259313194417978 0.5396105296427899 0.5384849827760501 0.6471928441430119 0.5399126094552238
0 0.6470472234375 0.5075087093749999 0.6466530810979482 0.48749486989273605 0.5377055576142731 0.48964042681260045 0.5380996999538248 0.5096542662948644
0 0.6386313718749999 0.5221994187499999 0.6385931075232644 0.5080978727348376 0.5397423702355626 0.5083661028549129 0.5397806345872981 0.5224676488700752
0 0.6432901484375 0.48560619687499995 0.6405850531249999 0.44745305625 0.5328367451487376 0.45509251759084207 0.5355418404612377 0.49324565821584204
0 0.6405220948077095 0.44468496488155107 0.6374291078125001 0.4140568203125 0.5310916567547904 0.4247953210559491 0.53418464375 0.45542346562500013
0 0.625704243407798 0.6109016664780891 0.5468084203125 0.601796359375 0.5456089409672019 0.612189628834411 0.6245047640625 0.6212949359375001
0 0.6419291443324415 0.410827823227891 0.6384810890625 0.38733983281249995 0.5293840416050585 0.403355364272109 0.5328320968749999 0.4268433546875
0 0.625118054744953 0.591688092772072 0.5459067234375 0.5836332984375 0.5440909762184782 0.6014894656544827 0.6233023075259312 0.6095442599890547
0 0.6265865166506164 0.5788048206035122 0.5435021953125001 0.5708123156250001 0.5423420994674103 0.5828718359175222 0.6254264208055267 0.5908643408960343
0 0.6362383164967087 0.3829357095606089 0.6297646734375 0.35073755625 0.525898496313364 0.37162051031695437 0.5323721393725728 0.40381866362756325
0 0.5092759543354349 0.7221952453116103 0.4395063156250002 0.7059979656250002 0.43601150503956543 0.7210518312508901 0.5057811437500002 0.7372491109375001
0 0.509667546460987 0.6959635533767893 0.43830405000000017 0.6816915171875001 0.43426736603901317 0.701875874748211 0.5056308625 0.7161479109375002
0 0.5085089028792286 0.6419887693969584 0.43680121875 0.6322773125000001 0.43282889021516563 0.6616082854792081 0.5045365743443941 0.6713197423761663
0 0.49825693767590495 0.670443405792983 0.4387548984375 0.6619258375 0.43741240607409504 0.671304222332017 0.49691444531249995 0.6798217906249999
0 0.4981318231254798 0.6801639257510863 0.4396840792657189 0.6696497562970175 0.4380158498902391 0.6789233602334315 0.49646359375000004 0.6894375296875002