0 0.60610933125 0.508867628125 0.5961413813733238 0.5078691529835898 0.5803195908653108 0.6658208216855279 0.590287540741987 0.6668192968269382
0 0.5941284229206559 0.5230542902178306 0.5859796921875 0.5213048671875 0.5559978505168441 0.6609588847821696 0.56414658125 0.6627083078125
0 0.3128213545756546 0.8285558596311947 0.29378156227976937 0.6981581086528964 0.2803156296875 0.7001243125000001 0.2993554219833852 0.8305220634782984
0 0.32283668899582885 0.835945394667528 0.30317214200899045 0.6950860904797961 0.2933303581667488 0.6964600445960405 0.31299490515358724 0.8373193487837725
0 0.294888773055451 0.8387288981826961 0.27295829272756356 0.7011294465846137 0.26110990156249997 0.7030178328125001 0.2830403818903875 0.8406172844105825
0 0.38395219062499997 0.8515618546875 0.353806540625 0.6963495078124999 0.3457764656089714 0.6979091249162984 0.37592211560897143 0.8531214717912985
0 0.39802956699897585 0.8445911081713383 0.3727167697033592 0.7036593757582092 0.3585550510032791 0.7062029669613731 0.3838678482988957 0.8471346993745021
0 0.3740217170296156 0.837601236145205 0.3498273046875 0.7212039875000001 0.3370483941937369 0.7238602206444064 0.3612428065358525 0.8402574692896113
0 0.41687312109916075 0.853949289535921 0.3938453265602796 0.7098369634348739 0.37315354169134674 0.7131433160800349 0.3961813362302279 0.8572556421810822
0 0.4275704876657628 0.8526206681462524 0.40214588906250004 0.7146479359375 0.39465210964998365 0.7160288343986274 0.42007670825324644 0.8540015666073799
0 0.34578127613942533 0.8434483012407457 0.3255247275843636 0.7264146360530991 0.31659099463303864 0.7279609141690269 0.33684754318810034 0.8449945793566733
0 0.333607596875 0.8366469656250002 0.3184516193557531 0.7347885562957284 0.3088159883981243 0.7362222857947381 0.3239719659173712 0.8380806951240098
0 0.35392712031250007 0.8536365124999999 0.3328472071790728 0.7246903949263607 0.3252284546875 0.7259358968749999 0.3463083678209272 0.8548820144486393
0 0.46183428906249996 0.8590610562500002 0.4310857140625 0.72129008125 0.4225225776782164 0.723201254785263 0.4532711526782164 0.8609722297852631
0 0.4712148832735757 0.8657898250864033 0.4395265046875 0.7262181234375 0.4313085517217658 0.7280839286236819 0.4629969303078415 0.8676556302725851
0 0.4437901291125086 0.8619354528843226 0.42638299999999996 0.7386453671875002 0.4067003850190224 0.7414243239731105 0.424107514131531 0.8647144096699332