0 0.4601057687500001 0.6524957265625002 0.44396281223557477 0.4539867492024582 0.4342355765625001 0.4547777781250001 0.45037853307692544 0.653286755485042
0 0.46966424184268796 0.6469725466251209 0.45609374999999996 0.46523076875 0.4472474157391385 0.4658913164145398 0.4608179075818265 0.6476330942896606
0 0.4066923078125 0.6322264953125 0.3978092225736084 0.49992649539273115 0.39175000000000004 0.5003333328124999 0.4006330852388917 0.6326333327322688
0 0.4385192312500001 0.6483119656250002 0.4312792589990063 0.4920616824827563 0.4155480765625 0.4927905984375001 0.4227880488134937 0.6490408815797439
0 0.5908341343750001 0.4823717953125001 0.5807937098147622 0.481831298700786 0.5704771237397089 0.6734752460648312 0.5805175482999468 0.6740157426765452
0 0.5764112598310851 0.48418113398489415 0.5667812500000001 0.48381623906250004 0.5595887401689151 0.6736351050776059 0.5692187500000001 0.6740000000000002
0 0.41969951875 0.6566752140625001 0.41001442343749994 0.5006666671875001 0.39785977883133194 0.5014212341253912 0.40754487414383195 0.6574297810003912
0 0.6152139421875 0.5176324781250001 0.6056210447392596 0.5169967824936194 0.5947923779042622 0.680405629937893 0.6043852753525026 0.6810413255692738
0 0.5994731513405467 0.5328994038556404 0.5913533656250001 0.5323418796875001 0.5810893486594536 0.6818270914568599 0.5892091343750001 0.6823846156250001
0 0.2985466028238977 0.8272237297557311 0.27843804934808813 0.6901730061478648 0.2654326921875 0.692081196875 0.28554124566330963 0.8291319204828662
0 0.5117231493740133 0.8408865909518293 0.5092435367419975 0.7006371350396394 0.49862980781250005 0.7008247859375 0.5011094204445159 0.8410742418496898
0 0.5653902872607812 0.7124066276267 0.5449927890625001 0.7114871796875001 0.538626812384158 0.8527132266345097 0.5590243105824391 0.8536326745737096
0 0.5277862927019182 0.7209112719550836 0.5106225968750001 0.7208461531250002 0.5101200936349821 0.8532934460608214 0.5272837894619002 0.853358564890905
0 0.5437019234375001 0.7160470078125002 0.5295236035096478 0.7157693725662478 0.5267259597393343 0.8586398796618088 0.5409042796671868 0.858917514908061
0 0.5946593908474457 0.7429439549966838 0.5859423078125001 0.7424273500000002 0.5782180138400547 0.8727654465658166 0.5869350968750001 0.8732820515625003
0 0.5849882633890792 0.7478118340243213 0.5644447109375001 0.7465854703125 0.557127120985921 0.8691667987881786 0.5776706734375001 0.8703931624999999