0 0.4959506756120696 0.5042664333919938 0.4927682316689664 0.2671590462176826 0.481375 0.26731196562500004 0.4845574439431032 0.5044193527993113
0 0.4145163055235944 0.4964170192793615 0.3979524232086946 0.28963792809524536 0.3829759609375 0.29083760625000005 0.39953984325239983 0.4976166974341162
0 0.4669405377868074 0.5026649972909757 0.4593798078125001 0.28995299218750004 0.44649118597210846 0.29041111108600204 0.4540519159464157 0.5031231161894778
0 0.40100523020073925 0.4932156888596378 0.3832685527115792 0.30158996036080016 0.3628173078125 0.30348290625 0.38055398530166007 0.4951086347488376
0 0.43110096093750006 0.500213675 0.41901618691683096 0.296504543612749 0.40050721093749997 0.2976025640625 0.41259198495816907 0.501311695449751
0 0.485060152233382 0.5022205219821955 0.48071153906250014 0.2946581203125 0.47247306400268085 0.2948307235434557 0.4768216771735627 0.5023931252131513
0 0.45387913560506304 0.503372197801929 0.4449589353942109 0.2938629974672708 0.4193581734375001 0.29495299218750004 0.42827837364835225 0.5044621925221582
0 0.5046995187500001 0.29570085468750007 0.4940333390106352 0.29567577196616435 0.4935419410575944 0.5046379025319045 0.5042081207969594 0.5046629852532403
0 0.5591562500000001 0.295991453125 0.5407552472680841 0.2953297169224044 0.5330753219815285 0.5088866080589318 0.5514763247134445 0.5095483442615274
0 0.4764134609375 0.4990384609375 0.471947115625 0.3078931625 0.4612324542850999 0.30814352375838133 0.46569879959759986 0.4992888221958813
0 0.5708572968457124 0.2970573039334844 0.5601298078125 0.29656410312500003 0.5503108187305635 0.5101345107190505 0.561038307763776 0.5106277115275348
0 0.5969206734375 0.3187564109375 0.5827210634632738 0.3179687174039235 0.5721313840358843 0.5088669680703722 0.5863309940101104 0.5096546616039487
0 0.5804865453718511 0.3280644897206043 0.5692872186751358 0.3276308251413709 0.562278952111024 0.5086183223630681 0.5734782788077393 0.5090519869423016
0 0.61248076875 0.3302863250000001 0.5981559084026717 0.32932470799231234 0.5860908988804447 0.5090527859208179 0.6004157592277731 0.5100144029285058
0 0.5155594223536469 0.3439049075533672 0.5066754812500001 0.3438333328125001 0.5053777304967022 0.5049116841950073 0.5142616716003492 0.5049832589358745
0 0.5313012527688887 0.3501665180918899 0.5167283656250001 0.34988461562500006 0.5137900941061115 0.5017779272206102 0.5283629812500001 0.5020598296875001
0 0.5387385318988963 0.3511792918053308 0.5318052890625001 0.3510384609375 0.5287230071636039 0.5027822456946692 0.5356562500000001 0.5029230765625
0 0.5804511785547822 0.5998444952247681 0.5590408656250002 0.5988974359375001 0.553320455820218 0.7282196079002322 0.5747307687500001 0.7291666671875002
0 0.5854278843750002 0.6164786328125 0.5799152717017305 0.6162655843221123 0.5755378685767305 0.7295305405721122 0.58105048125 0.7297435890624999
0 0.6105908962144369 0.6098037954915306 0.5937751117851443 0.6086410826781459 0.584831106212274 0.7379941507069917 0.6016468906415665 0.7391568635203766
0 0.5919399276815656 0.6184977318084546 0.58611298125 0.618205128125 0.5804057322031178 0.7318600010751692 0.5862326786346834 0.7321526047586239
0 0.6253599051620597 0.6150960751868653 0.6133052890624999 0.614170940625 0.6033564417129403 0.7438056341881348 0.6154110578125002 0.7447307687500001