0 0.3123671674969871 0.8293614804832121 0.29318463932452776 0.7005647747133944 0.28069567384399885 0.702424837288312 0.2998782020164582 0.8312215430581297
0 0.32274586443196307 0.8360351551296734 0.3027261704555987 0.696755850681904 0.2928892365562774 0.6981697894369183 0.3129089305326418 0.8374490938846877
0 0.29537259687500006 0.838991453125 0.27357640236244646 0.7006437310986917 0.25994951875000005 0.7027905984375 0.2817457132625536 0.8411383204638083
0 0.39790689003099655 0.8456773137750128 0.37223317343750006 0.705 0.3586016744516666 0.7074877589165978 0.3842753910451632 0.8481650726916106
0 0.3841009609375 0.8511324781250001 0.3542263445889918 0.6989664682244285 0.3461105765625 0.7005598296875 0.3759851929110082 0.8527258395880717
0 0.37259615312500005 0.8378162390625 0.35081767330292113 0.7204536200944618 0.3385775567320162 0.7227249662360467 0.3603560365540951 0.840087585204085
0 0.41719802024965374 0.8568750812372083 0.39277644218749996 0.7118974359375 0.37586798560339796 0.7147456763784696 0.40028956366555174 0.8597233216781779
0 0.42575648481851786 0.853556597088901 0.40263461562499997 0.7150299140625 0.3944946563379129 0.7163885770273868 0.41761652553143075 0.8549152600537878
0 0.345841346875 0.8431367515625 0.3257019234375 0.7272991453125 0.31688016319699386 0.7288328887201824 0.3370195866344939 0.8446704949701825
0 0.3331298078125 0.8367863249999997 0.31874315629026007 0.7352246658232566 0.3090456556641944 0.736598359038539 0.32343230718643434 0.8381600182152822
0 0.35436057656250003 0.854222221875 0.3326811434609368 0.7242609829567478 0.326382984912683 0.7253116078049442 0.3480624180142462 0.8552728467231964
0 0.4614375 0.8590384609375002 0.42974759687499997 0.7219188031250001 0.4237908039958146 0.7232954853038251 0.45548070712081473 0.8604151431163254
0 0.4709738854289789 0.8669959778471016 0.43925480781250004 0.7262991453125001 0.4323343991974394 0.7278593011031066 0.46405347681391823 0.8685561336377081
0 0.4763499491291797 0.8544534981158144 0.453689903125 0.7450854703124998 0.4495368242167913 0.7459459499335481 0.472196870220971 0.8553139777368628
0 0.44445868647332193 0.860008527350421 0.42600424820471927 0.7392500551295382 0.40777152266889727 0.7420363996541174 0.4262259609375 0.8627948718750001
0 0.4858977232844327 0.8684107388112183 0.4624927890625001 0.7488418796875 0.4559758515064485 0.7501175336993027 0.4793807857283811 0.8696863928230207