0 0.5811428759354131 0.9203908813351489 0.4541923078125002 0.8663632484375 0.44355183500208695 0.891365529602351 0.570502403125 0.9453931624999999
0 0.5518046926422857 0.9598772810393363 0.46280048124999995 0.9187264953124998 0.45971853516754113 0.9253923748522898 0.5487227465598269 0.9665431605791263
0 0.5512857159035122 0.9487951976695633 0.4625216343750001 0.9076239312500002 0.45753959847715897 0.9183650592033491 0.5463036800056711 0.959536325622912
0 0.5519389588512565 0.9381534899459941 0.4585600968749999 0.8950470078125001 0.4547420940479629 0.9033177072842584 0.5481209560242195 0.9464241894177523
0 0.5717135902850566 0.903542813533661 0.43773557656249995 0.8253803421875 0.4316373706524434 0.835833255216339 0.5656153843750001 0.9139957265625
0 0.5272757091404549 0.8858020662952267 0.4506562500000001 0.8451111109375 0.4486401564845453 0.8489073352672735 0.525259615625 0.8895982906250002
0 0.5598387102271849 0.8418573975696475 0.43272596093750015 0.7852307687500002 0.41584638508531563 0.8231212336803531 0.5429591343750003 0.8797478625000004
0 0.4409647513852118 0.7447603275250423 0.4077850645788203 0.5073046409121666 0.38430528906249994 0.5105854703125 0.41748497586889144 0.7480411569253758
0 0.4260762929665923 0.8903700134832698 0.33056971093750004 0.8515299140625002 0.32316889922090797 0.8697282771417303 0.4186754812500002 0.9085683765624999
0 0.41444042241317175 0.855243372979843 0.333490384375 0.8258717953125 0.3283408275868283 0.8400643192076572 0.40929086562499994 0.8694358968750002
0 0.4045898761312384 0.8500515260709424 0.3237043265625001 0.81494444375 0.3205567582437616 0.8221963364290573 0.4014423078124999 0.8573034187499999
0 0.40162225753085545 0.8336958826238814 0.3183653843750001 0.7968589749999999 0.3122142799691448 0.8107613830011186 0.39547115312500014 0.8475982906249999
0 0.40357005153298076 0.799596688824247 0.31735336562500005 0.765457265625 0.30956696721701943 0.7851212611757532 0.3957836531250001 0.8192606843750001
0 0.38736956077288875 0.7815041278517609 0.31602884687500005 0.7567692312500002 0.3135943829771114 0.7637907440232391 0.38493509687500016 0.7885256406250001
0 0.40177643071052804 0.7514498955735027 0.3049760601152335 0.7093352512965883 0.29914579063518076 0.7227361064155025 0.39594616123047527 0.7648507506924169
0 0.3994320427019573 0.7365885545784425 0.3016370187500001 0.6943760687500001 0.2962169947980428 0.7069328126090575 0.39401201875 0.7491452984374999
0 0.3849033400955976 0.7594898732254265 0.31212740312500004 0.7253076921874999 0.31014954427940244 0.7295186736495735 0.38292548125000003 0.7637008546875
0 0.3991246718445902 0.7169696431588236 0.3004975968750001 0.68351709375 0.29555321409291 0.6980944584036765 0.39418028906250013 0.7315470078125001
0 0.3825424875227091 0.7777760794663491 0.3103365390625001 0.7473717953125 0.3073253015397911 0.7545230658461509 0.3795312500000001 0.78492735
0 0.402681496393891 0.6987767803810747 0.28908760144498497 0.6647962580649561 0.283826778488594 0.6823827261213816 0.3974206734375 0.7163632484375002
0 0.32110776968577776 0.6150927748756115 0.2788903430193849 0.4120290915058524 0.26710817343749993 0.41447863281249997 0.3093256001038928 0.6175423161822591
0 0.30734134687500003 0.6185940171875 0.26618642215653754 0.435336472723708 0.26018367370256323 0.4366845354266653 0.30133859842102567 0.6199420798904572
0 0.287997596875 0.6179230765625 0.226439903125 0.4255854703125001 0.2140751076793082 0.4295428258508546 0.2756328014293082 0.6218804321008545