0 0.6360709875000001 0.43188675156249995 0.6127246739954335 0.4298685309098265 0.5947581705559699 0.6377009209524871 0.6181044840605365 0.6397191416051606
0 0.6014943941780623 0.4306336882121967 0.59116826875 0.4290912609375 0.5579158660175685 0.6517069310779497 0.5682419914456307 0.6532493583526465
0 0.5595432059100476 0.43586091425484774 0.529942909375 0.43173868437500007 0.4978039782858065 0.6625171509545342 0.5274042748208541 0.666639380834382
0 0.6414360765625001 0.4723877312500001 0.6335845697541916 0.4716869786951811 0.619274016661497 0.632028035271122 0.6271255234698054 0.6327287878259409
0 0.6583518412655545 0.4739782813914667 0.6506167673431202 0.4733122441158068 0.6370672375000002 0.6306707265625 0.6448023114224344 0.63133676383816
0 0.650578741778217 0.4761465676549842 0.6411598980901103 0.4753760735543936 0.6284826602158867 0.6303479569766393 0.6379015039039934 0.6311184510772299
0 0.60698414375 0.4756442687500001 0.5926452684106692 0.4738635904414113 0.5726050823184654 0.6352367754614688 0.5869439576577962 0.6370174537700576
0 0.5821873020635138 0.4641598667680447 0.5565725265625001 0.46046731250000017 0.5290858283412857 0.6511390137376816 0.5547006038422995 0.6548315680057263
0 0.6166295718750001 0.7230214281250001 0.6051117186746305 0.7219774001003121 0.593025419356707 0.8553150289644094 0.6045432725570766 0.8563590569890975
0 0.5240138179476098 0.7100330469800247 0.512558196875 0.7086684187500001 0.49340984878369276 0.8694127263014435 0.5048654698563025 0.870777354531468
0 0.5347471581921035 0.7111222553437748 0.52537053125 0.7099516578125 0.5054795130950124 0.8692811043173219 0.5148561400371159 0.8704517018485968
0 0.5130271580051813 0.6998480986118898 0.5033549718750001 0.6987233203125002 0.48203949433309745 0.8820192341391266 0.4917116804632786 0.8831440124385163
0 0.5448819914318741 0.7118296856807513 0.5353162671875001 0.7106148375 0.5149629416107651 0.8708770850860216 0.524528665855139 0.872091933266773
0 0.6389032984375 0.7139169140625002 0.6218472904858074 0.7125142011832507 0.6088696748791421 0.8703129340926632 0.6259256828308347 0.8717156469719127
0 0.48005832855131897 0.7209231261603327 0.4713182765625 0.7199206203125 0.45457043086283927 0.8659317806785023 0.4633104828516582 0.866934286526335
0 0.5785409065465518 0.7304848160212851 0.5620029781250002 0.7288794234375 0.5489089605025332 0.8637672560948102 0.5654468889240848 0.8653726486785953
0 0.6040686734375 0.7317688078125001 0.5951538003582255 0.7308603625199069 0.5812247675897255 0.8675505520785635 0.5901396406690002 0.8684589973711565
0 0.5477280031250003 0.7397699359375001 0.5416313992136862 0.7389899324351372 0.5260912164011862 0.8604539246226374 0.5321878203125002 0.8612339281250001
0 0.5007171684125393 0.7215320835535569 0.48478172643228695 0.7193724185683286 0.4628278687204155 0.881362555095573 0.47876331070066785 0.8835222200808015
0 0.5596447848102664 0.7439647049760783 0.5545686343750001 0.7435147171875001 0.5440448542522338 0.8622296965864219 0.5491210046875 0.862679684375
0 0.5936974375000001 0.738898128125 0.5811805683923945 0.7376737464121539 0.567825534165857 0.8742024233658283 0.5803424032734626 0.8754268050786745
0 0.5541192530625328 0.7502094747831141 0.5484472312500002 0.7496333937500002 0.5362869832057295 0.8693616753427588 0.5419590050182622 0.8699377563758727
0 0.285730135301643 0.9019675429767163 0.2537767691370059 0.7416706685152749 0.23790410312499993 0.7448347046874999 0.26985746928963705 0.9051315791489414