0 0.6625040800915978 0.6556970070592921 0.5562673968750002 0.6373220468749999 0.5538421292834024 0.6513439757532079 0.6600788125 0.6697189359375001
0 0.6622710403774363 0.629001441205802 0.5552258093750001 0.6162953375 0.5523391924350639 0.6406142462941982 0.6593844234375001 0.6533203500000002
0 0.6665832957148312 0.5488467872199373 0.5482819015625 0.544096559375 0.547679740222669 0.5590930034050627 0.6659811343750002 0.56384323125
0 0.6557877119848153 0.6850241767538428 0.5602601437500001 0.6669420593750001 0.5574337395776848 0.6818739123086575 0.6529613078125001 0.6999560296875001
0 0.6530504482526107 0.7028198589427417 0.5616489250000001 0.6842204015625001 0.5580878329973894 0.7017203332447585 0.6494893562499999 0.7203197906250001
0 0.6479405771634855 0.6667182732054232 0.5584452601461314 0.6523161500517525 0.5561748892326461 0.6664243174713296 0.6456702062500003 0.6808264406250002
0 0.6541324767506203 0.5629445332221913 0.5490838433887986 0.5585952873085553 0.5484334682006783 0.574303993148864 0.6534821015624999 0.5786532390625
0 0.6525307860585046 0.532402897082778 0.5467844659694784 0.5301917581951362 0.54651346720113 0.5431521030480375 0.6522597872901562 0.5453632419356793
0 0.6508781375 0.5147637171875001 0.6506542686140533 0.4957126611193294 0.543993433448013 0.49696603217956437 0.5442173023339596 0.5160170882477351
0 0.6433178346618285 0.5151736546721768 0.5467256414058009 0.5146279017544659 0.5466476458064726 0.5284322548947894 0.6432398390625 0.5289780078125002
0 0.6474061828125002 0.4934743328125 0.6448022156250002 0.4556059953124999 0.5390623032518755 0.46287706345032714 0.5416662704393755 0.5007454009503273
0 0.632054044570953 0.6124678926671218 0.5550522109375 0.6039536671875 0.5539125679290469 0.6142604885828783 0.6309144015625 0.6227747140625001
0 0.6316652449217182 0.5931275068913547 0.5527954421875001 0.5857497015625002 0.5511766113282822 0.6030552368586456 0.6300464140625002 0.6104330421875002
0 0.6445381603030644 0.45421937627725983 0.6418510578124998 0.42443556875000005 0.5370460188198173 0.43389110532111125 0.5397331213103819 0.4636749128483711
0 0.6457560320674125 0.42294114430758983 0.6427190453125001 0.39882026562499995 0.5356459827183869 0.4123015105325883 0.5386829694732993 0.4364223892151782
0 0.6322483294889135 0.5825762051447361 0.5496706843750001 0.574642196875 0.5486457930604733 0.5853093285912792 0.6312234381743868 0.5932433368610153
0 0.6391850263445805 0.3958053055199603 0.6335183671874999 0.3636377984375002 0.532512527130635 0.381431084905414 0.5381791862877157 0.4135985919878741
0 0.5202346807274402 0.7176186155733999 0.4507200031250001 0.7008816578125001 0.44717244427256003 0.7156159609891003 0.5166871218750002 0.7323529187500001
0 0.519594237251648 0.6921090047800854 0.4488104281250001 0.6780495640625002 0.44486172993585227 0.6979297217824149 0.5156455390625 0.7119891625000002
0 0.5175652462044714 0.6402804143366174 0.4469008531250001 0.6314597515625 0.44341876629552884 0.6593555637883827 0.514083159375 0.6681762265625
0 0.5085320148225243 0.6678393917888055 0.4496784156250001 0.6598455984375 0.44845924923997604 0.6688216035236947 0.5073128484375001 0.6768153968750001
0 0.5075166910227209 0.6777857162744587 0.4500256109375 0.6675591453125 0.44860658397727915 0.6755365399755415 0.5060976640625 0.6857631109375002