0 0.5839771855052683 0.28638015451475296 0.46167548125 0.2600341875 0.4531030893685667 0.29982844276708637 0.5754047936238351 0.32617440978183926
0 0.5871531920903725 0.385333206380039 0.45932211562500014 0.32821367500000004 0.4528065646307334 0.34279520039488814 0.5806376410961057 0.3999147317749271
0 0.5936662401701802 0.42488223851754225 0.4795480765625001 0.3764059828125001 0.4616650265656168 0.4185045482991986 0.5757831901732968 0.46698080400424075
0 0.5769915829042159 0.27419629026281106 0.48473317343749994 0.24943162343749997 0.48119849344444976 0.2625997373650145 0.5734569029111658 0.28736440419032555
0 0.5765907588060109 0.24344484215785434 0.4856243816969254 0.21895808873947775 0.4821009307034145 0.23204743408162348 0.5730673078124999 0.25653418750000007
0 0.5760255045588812 0.25582966858901174 0.487520455271777 0.23301125524799296 0.48361033508789586 0.2481773132214813 0.5721153843750001 0.27099572656250015
0 0.584160708711335 0.34976676186161854 0.48605528906250006 0.3137991453125001 0.4771012238942367 0.3382222904963312 0.5752066435430716 0.37418990704544963
0 0.7091547559056879 0.5060703901733759 0.7063477022755673 0.484469600099889 0.6144814073073794 0.4964077568015132 0.6172884609375 0.5180085468750001
0 0.7045234631728337 0.3146132111176672 0.62542548125 0.2940213671875001 0.6202660826549982 0.3138397971534676 0.6993640645778317 0.3344316410836347
0 0.7081114119111037 0.48546145099792143 0.7071115517957622 0.4690776946204564 0.6172669664471585 0.47456068737253493 0.6182668265625 0.49094444374999996
0 0.7086803588762396 0.45473907868721863 0.6192154328070547 0.4533237827547292 0.6189543265625 0.46982905937500014 0.7084192526316849 0.47124435530748954
0 0.7135124748172434 0.2763968339276495 0.6195360578125001 0.2531495718750001 0.6123305853105482 0.2822774961452253 0.7063070023152914 0.3055247581978747
0 0.7106058986712387 0.38604744581825906 0.6303173078125 0.36776068437500004 0.6240695723787534 0.3951915597429644 0.7043581632374921 0.4134783211862234
0 0.7097721705615752 0.3407642842620686 0.6307596156249999 0.3191452984375001 0.6272577010271504 0.33194401257659434 0.7062702559637255 0.35356299840116284
0 0.7035769234375 0.44181623906249995 0.63469951875 0.43623931562499996 0.6335721604947672 0.45016267527726583 0.7024495651822671 0.4557395987147658
0 0.7048033500830382 0.4153110990196148 0.6371826921875001 0.4030641031250001 0.635344009341748 0.4132162208166276 0.7029646672372859 0.4254632167112423
0 0.726498737701055 0.7537375118094805 0.714896017790686 0.7458024989595788 0.616697761339631 0.8893897730875985 0.6283004812499999 0.8973247859375
0 0.714953468219261 0.35902750478668777 0.6345673078125001 0.33770940156250007 0.6292888159070774 0.3576135033746005 0.7096749763138382 0.3789316065987882
0 0.7086060986447633 0.42575651992739694 0.6416706734375001 0.41908974375 0.6406773333019198 0.4290630265753526 0.707612758509183 0.43572980275274953
0 0.7274603787565328 0.7786062687222781 0.7108109809575697 0.7683021811687334 0.6250260834510367 0.9069138608839552 0.6416754812499998 0.9172179484375
0 0.7341279401143158 0.7222261264861951 0.707371593448431 0.7046309307433347 0.6158710564591152 0.8437723261321397 0.6426274031249999 0.861367521875
0 0.7162214811468621 0.8043335700254062 0.712790865625 0.8021923078125003 0.6392785188531379 0.9199698487245941 0.642709134375 0.9221111109375002
0 0.7366462073301344 0.899043601233642 0.7224959697871223 0.8786896687722583 0.6239411093319879 0.9472058972261165 0.6380913468749999 0.9675598296875002