0 0.6310298224342803 0.4889070653991068 0.63025 0.46907692343749996 0.4966120041282198 0.47433225178839333 0.49739182656250014 0.4941623937500001
0 0.6228997641404285 0.3200286503190061 0.6169471156249999 0.29431196562500006 0.4961050436720713 0.322283315305994 0.5020576921874998 0.34800000000000014
0 0.6195966015126405 0.42945645557011725 0.6171201921874999 0.40580341874999987 0.4968334493569184 0.4183971171364619 0.499309858682059 0.44205015395657926
0 0.619354709147326 0.35785929363615265 0.6134927890624999 0.323739315625 0.493948176790174 0.34427745792634734 0.4998100968750001 0.37839743593749997
0 0.620126549412964 0.29191084472778933 0.6100360578124999 0.25622649531249997 0.49421239277453594 0.2889780443347106 0.504302884375 0.32466239374999994
0 0.615671023827374 0.4670575599618778 0.6147019234375001 0.45178632500000004 0.49728811054762606 0.4592373119131222 0.4982572109375001 0.474508546875
0 0.6150480765624999 0.5098247859375 0.614528846875 0.49139743593749996 0.49730327336284913 0.4947005152137781 0.49782250305034914 0.5131278652137782
0 0.620604060860394 0.4024683909405155 0.6143557687500001 0.35911965781249994 0.4930965016919783 0.3765979845592886 0.49934479380237223 0.4199467176873042
0 0.6174356638216347 0.5749361894850865 0.49583690454944057 0.5653842672019596 0.49327624072780585 0.5979822652168731 0.614875 0.6075341875000001
0 0.6158591844422363 0.6087856650180069 0.4953197109375001 0.594025640625 0.4929533155577638 0.6133510865444931 0.6134927890625 0.6281111109375
0 0.6093913730162683 0.45075810130133076 0.6079639421875 0.4321367515625001 0.4983826660462318 0.4405367705736693 0.499810096875 0.45915812031250003
0 0.605972646919278 0.649073747751318 0.4953197109375 0.6327136750000001 0.4916090827682221 0.6578108678736823 0.6022620187500001 0.674170940625
0 0.5970104523206913 0.624434807691097 0.49600961562500007 0.6130641031249999 0.4936602211168088 0.6339327141839031 0.5946610578125 0.6453034187500002
0 0.6002655246754169 0.6763863563899302 0.4953197109375001 0.655435896875 0.4900613971995834 0.6817760357975698 0.5950072109375002 0.7027264953125
0 0.5875769234375 0.5132307687500001 0.49618069640442836 0.5111697687472843 0.49583454171692837 0.5265201968722844 0.58723076875 0.528581196875
0 0.5841891709276897 0.5308139276248813 0.49929326874999996 0.528311965625 0.4985343868848102 0.5540621411251186 0.5834302890624999 0.556564103125
0 0.584107388315224 0.5574995096713573 0.4980841343750001 0.5531837609374999 0.497407035122276 0.5666799778286427 0.5834302890624999 0.5709957265625001
0 0.44723699605452083 0.6070166125252492 0.37282692343750007 0.5995512828125001 0.3690779086329794 0.6369192859122511 0.4434879812500002 0.6443846156250002
0 0.43475998030536384 0.6433635009534099 0.37040865312500004 0.6354786328124999 0.36911742281963633 0.6460168412340901 0.4334687500000001 0.653901709375
0 0.4424306620435492 0.669134860039087 0.36661128785587377 0.6534447082783905 0.36093062581232455 0.6808953185518036 0.43674999999999997 0.6965854703125001
0 0.4327082314841819 0.6544316936390294 0.36971634687500005 0.6446923078125001 0.36823167320331823 0.6542948016734706 0.43122355781250016 0.6640341875
0 0.44026520668641933 0.7035035330045054 0.3633245187500001 0.68583760625 0.3584271011260808 0.7071674060579947 0.43536778906249995 0.7248333328125001