0 0.5870700382996613 0.5281779208295341 0.5856152291065274 0.5112732067424685 0.474016343931866 0.5208773374754345 0.4754711531249999 0.5377820515625
0 0.5865608846987163 0.36941953078999556 0.4819134609374999 0.3534017093750001 0.4790804549326822 0.3719102675754736 0.5837278786938984 0.38792808899046904
0 0.587224656737009 0.4408541163136522 0.48207932656250013 0.4403076921875001 0.4818581838202206 0.48286094988571315 0.5870035139947295 0.4834073740118653
0 0.5913948501840087 0.35241586239459577 0.4848870187500001 0.3337307687500001 0.481674151247227 0.35204459456826837 0.5881819826812357 0.37072968821286406
0 0.5900180045831999 0.42510512444133575 0.4850528843750001 0.4200470078125 0.4842940937880111 0.43579329264944844 0.5892592139962108 0.4408514092782842
0 0.5929849329373474 0.5119446528039627 0.5908093480679331 0.48430487806618316 0.4836922041930857 0.49273629401222035 0.48586778906249994 0.5203760687499999
0 0.5856989316651935 0.5620212496080126 0.5832919981226229 0.5334008712902285 0.4941603742699295 0.540896715432216 0.4965673078125 0.56951709375
0 0.5935140382195835 0.3859956041445171 0.5038846156250001 0.37483333281250014 0.49874894978639456 0.41607106571302876 0.5883783723809779 0.42723333704504574
0 0.5949367197260443 0.33813547193027815 0.5118149031249999 0.3219871796875 0.509029702669698 0.3363237372604093 0.5921515192707425 0.35247202950318746
0 0.6022101107897436 0.31824667341984914 0.5085456734374999 0.2979316234375 0.5045884083542833 0.31617696409849805 0.598252845706527 0.33649201408084717
0 0.6921918821224715 0.8521242372267048 0.6833387510479544 0.8329858507107384 0.6037790798629828 0.8697889634840337 0.6126322109375 0.8889273500000001
0 0.6938470591326146 0.8297038530043668 0.6871598811145649 0.8144726778470863 0.6040123407319502 0.8509782264052195 0.61069951875 0.8662094015624999
0 0.6981838677516992 0.8807360397646604 0.6888600074868728 0.86280088507406 0.6043634656432864 0.906727684848112 0.6136873259081127 0.9246628395387123
0 0.7002914429229901 0.7652171675333148 0.6913021802900905 0.750323980154128 0.6198400639296006 0.7934572407458134 0.6288293265625 0.8083504281250002
0 0.6968355351366331 0.8100157882487821 0.6893217710801596 0.7930026915427518 0.6250487359435264 0.8213886126689698 0.6325624999999999 0.838401709375
0 0.7112151756735211 0.3397037508890405 0.6372163468750002 0.32625213750000004 0.6346442577008753 0.3404014875404697 0.7086430864993962 0.35385310092951017