0 0.583292926601854 0.2848053852965526 0.4615175595462932 0.2585064679587257 0.4524967621164658 0.3002766634401596 0.5742721291720265 0.3265755807779864
0 0.5762596381711869 0.24331061265949824 0.485271634375 0.21927350468750012 0.4821970930788132 0.23091160921550197 0.5731850968750001 0.2549487171875001
0 0.5773274330810697 0.27377297108140375 0.4845384609375 0.24936752187500005 0.48104328138122215 0.26265611639097985 0.5738322535247918 0.2870615655973836
0 0.5756929390569794 0.2553316943834239 0.48680513796792385 0.2326948110277553 0.4828748344023458 0.2481278561191516 0.5717626354914013 0.27076473947482016
0 0.7034248427161953 0.31734449367247014 0.6246923078125 0.3005213671875001 0.6201382157714785 0.32183459995042896 0.698870750675174 0.33865772643539893
0 0.7138061442748855 0.2771491170352617 0.6203750000000001 0.2528504281250001 0.6124964649169429 0.2831442662303559 0.7059276091918283 0.3074429551406174
0 0.7149451624571956 0.5157410300255243 0.7054492415212227 0.5065679949915551 0.6184079259390272 0.596673118091031 0.627903846875 0.6058461531250001
0 0.7157608986476479 0.5324018350640441 0.706432406942831 0.5236883649716799 0.619296508295183 0.6169745642826359 0.6286249999999999 0.6256880343750001
0 0.7058746350861725 0.4973245736384643 0.6982813860043393 0.4900548366176395 0.6304043477931667 0.5609524848541753 0.6379975968749999 0.5682222218749999
0 0.7197859930883748 0.575048870903833 0.7068231664235026 0.5631740057792212 0.6176645764601278 0.6605012036253883 0.6306274031250001 0.6723760687500002
0 0.7281479466408155 0.7520998992189432 0.7178979723164965 0.7426862161172514 0.613408678800681 0.8564581122108084 0.6236586531249999 0.8658717953125002
0 0.7070771777307316 0.4832122673076614 0.700845600996325 0.4769342790345343 0.6342708263905934 0.543016883601873 0.6405024031250001 0.5492948718750001
0 0.7091360186931959 0.4704775456256252 0.7035765408478365 0.4647527509193221 0.6353708112171408 0.5309888802936971 0.6409302890625 0.5367136750000001
0 0.7303912727518453 0.779571611640586 0.713785645752604 0.7648363174270634 0.6183775464382586 0.8723544495364776 0.6349831734375 0.8870897437500002
0 0.7378530173677734 0.7216710798002004 0.7114311664837519 0.6985240633261284 0.6116694959909784 0.812399991338428 0.638091346875 0.8355470078125
0 0.7250915113300886 0.8062402075032603 0.7167169559262105 0.798280846044241 0.6315413102211218 0.8878996135409809 0.639915865625 0.8958589750000001
0 0.7222799301184665 0.5550213133693651 0.7128127146764742 0.5457104690816225 0.6377611501830078 0.6220224885247576 0.6472283656250001 0.6313333328125001
0 0.7303356557943896 0.6498228390994911 0.720672502898933 0.6408868270879859 0.6310844439795434 0.7377648426759948 0.640747596875 0.7467008546875
0 0.7318562233501515 0.8374312543026085 0.7140843980586066 0.8201228320365374 0.6306969247084551 0.905742860546429 0.64846875 0.9230512828125
0 0.737001427144587 0.8901057897091448 0.7216805907932404 0.8708506625012704 0.6237729136486534 0.9487534196671257 0.63909375 0.968008546875
0 0.7278392684050617 0.6041774124694903 0.7142364163075074 0.5903009763581388 0.6416711869649457 0.6614355295136486 0.6552740390625 0.6753119656250001
0 0.7404107462993554 0.683679175282876 0.7193354200471266 0.6633638579971574 0.6308958268727711 0.7551120327142813 0.6519711531250001 0.77542735
0 0.7322538098501272 0.6318025194118616 0.719400958612791 0.6190249853622511 0.6398731097001636 0.6990216112628895 0.6527259609374998 0.7117991453124999