0 0.5464002856293689 0.6892359685123836 0.4249759609375001 0.6695256406250001 0.41805644405813147 0.7121529205501165 0.5394807687500002 0.7318632484375001
0 0.5189714068623404 0.7298447161438405 0.42570432656250007 0.7064999999999999 0.4222233040751596 0.7204074213561595 0.5154903843749999 0.7437521375000001
0 0.5174141623536381 0.7650663603953601 0.42662070319764167 0.7429303450660957 0.42354775151599355 0.7555344162526214 0.51434121067199 0.777670431581886
0 0.5162499118049406 0.7484962238815206 0.42778125000000006 0.727653846875 0.4241198253264097 0.7431953247530173 0.5125884871313502 0.7640377017595379
0 0.448908653125 0.22462393125000016 0.4370781731623129 0.2246099956859701 0.43683173125000013 0.43382478593750007 0.4486622112126872 0.4338387215015301
0 0.42652988012433024 0.3724715610285057 0.42549859007075685 0.3603387299102841 0.41998553650892656 0.3608073391942783 0.42101682656249995 0.37294017031249993
0 0.42939423125 0.17394017031250003 0.42382083397750503 0.17368923389105134 0.41564903906249995 0.3551880343750001 0.4212224363349949 0.3554389707964488
0 0.4221448627717206 0.31917098584997233 0.41242548124999995 0.17903846093749995 0.4068181545611226 0.1794273766973506 0.4165375360828432 0.319559901609823
0 0.38592801367165286 0.7154760912032863 0.29327163437500015 0.6960470078125001 0.2868916972658474 0.7264726259842138 0.37954807656250006 0.7459017093750001
0 0.38106429772842115 0.3844505605021846 0.371333037336225 0.37490356213589093 0.2822759505453039 0.4656794969462063 0.2920072109375 0.47522649531249994
0 0.3811736887503544 0.4038041317141781 0.37182211562499995 0.394384615625 0.28354506124964557 0.48202492766082194 0.292896634375 0.4914444437500001
0 0.3684254980443059 0.4398320314991867 0.3613894234375 0.4328461531250002 0.2921081566431941 0.5026252325633136 0.29914423124999995 0.5096111109375001
0 0.3812174743311428 0.3402485859911023 0.3679891116390341 0.32823160719636185 0.28083883664076303 0.4241671552310077 0.29406719933287173 0.4361841340257482
0 0.3867306070230737 0.1442320493099678 0.37670432656249997 0.13444444375000003 0.2700458351644263 0.2437038475650323 0.280072115625 0.25349145312500004
0 0.38180324599295223 0.12898414353174142 0.3653605765625 0.11347435937500001 0.2674275227570476 0.2172979080307586 0.2838701921875 0.23280769218750003
0 0.3876439174545311 0.1890985942723647 0.36216826874999997 0.16458547031249998 0.2582745354728157 0.272558662791163 0.28375018417734676 0.2970717867510277
0 0.3668090890223864 0.11133581885114045 0.360060096875 0.10485470156250001 0.2755635078526137 0.1928436686488596 0.2823125000000001 0.19932478593750005
0 0.3625636040353118 0.37882368493166074 0.352896634375 0.36885897500000003 0.2766912037771882 0.44278742756833933 0.2863581734375 0.4527521375000001
0 0.36797923631672946 0.2635239947769543 0.3590264421875 0.25500000000000006 0.2694823027457707 0.34904865522304585 0.2784350968750001 0.3575726500000001
0 0.36862990226344194 0.09488303183173792 0.35125 0.0770042734375 0.2663891756581151 0.1594972967523856 0.28376907792155703 0.17737605514662352
0 0.37637900465718843 0.05216275968655961 0.361627403125 0.032098290625000025 0.26089503284281157 0.10615775281344046 0.27564663437500003 0.12622222187500004
0 0.3581706667956957 0.3400090376403033 0.3445889421875 0.3249444437500001 0.2704639488293043 0.3917730123596968 0.2840456734375 0.40683760625000004
0 0.3699260116926403 0.2473404357589243 0.34792067343749994 0.22460256406250007 0.25763482726643916 0.3119797210440918 0.2796401655215795 0.33471759274051605
0 0.3607288868385631 0.30114149967426374 0.347466346875 0.2877222218750001 0.2664012454409753 0.36784047887077037 0.27966378540453835 0.38125975667003403