0 0.5844014287366142 0.29181362509616837 0.4611939156250001 0.25820225625000004 0.4505172881157181 0.29733903553019425 0.5737248012273322 0.3309504043763626
0 0.5900107256657374 0.38114869184411543 0.4610106375 0.3208359875000001 0.4539277240642825 0.33598530749176714 0.58292781223002 0.3962980118358825
0 0.605795071609202 0.4559937897133121 0.4663090484375 0.39489678281249996 0.4465075573634545 0.4401040913680987 0.5859935805351565 0.5012010982689109
0 0.5767377264627107 0.2441585302387253 0.48548605015199964 0.217819739268162 0.4819904526283281 0.2299303609781373 0.5732421289390393 0.2562691519487006
0 0.5774009304504446 0.27404048405913917 0.4846886640625 0.24886238437500005 0.48125250094517363 0.2615152245131571 0.5739647673331183 0.2866933241972962
0 0.5757715834202849 0.2559928376117173 0.48732766529700144 0.23198107192673828 0.4831621482156291 0.2473241606657936 0.5716060663389125 0.27133592635077264
0 0.5846355901104194 0.3488442301009759 0.48620590624999993 0.3102100890625 0.47710064469953045 0.33340791336475617 0.5755303285599499 0.372042054403232
0 0.6007091045675622 0.4095930851182755 0.48265130468749995 0.35517555937499995 0.4650449743467151 0.3933721623187031 0.5831027742267774 0.44778968806197883
0 0.7125886881261985 0.49246723588557123 0.6177552593750001 0.4598488500000001 0.6112900510249999 0.4786455457522754 0.7061234797761983 0.5112639316378467
0 0.7048916403301935 0.3151300059739497 0.6256651375000001 0.2929475046875001 0.6200423518593056 0.31302971438619515 0.699268854689499 0.3352122156726448
0 0.711998267108277 0.4754901184117715 0.6201499015625 0.4400759828125002 0.6141661859519323 0.45559505420648644 0.7060145514977092 0.4910091898057577
0 0.7191581890329053 0.5163164012184417 0.6140487328125002 0.4811015687500001 0.6086861189120509 0.49710793287231503 0.7137955751324562 0.5323227653407567
0 0.7119935920407139 0.4573108333264166 0.61982 0.42252089374999996 0.61414703639417 0.43755102715730415 0.7063206284348839 0.4723409667337208
0 0.7135731799123259 0.27619837978206313 0.6198157999999999 0.2533786156250001 0.612740212790818 0.28244940327679713 0.7064975927031439 0.3052691674338601
0 0.7120185178505694 0.386287406913375 0.63016473125 0.3605166875000001 0.6215927665220952 0.38774323714848885 0.7034465531226645 0.4135139565618637
0 0.7097737701444635 0.3399596143537897 0.6308368515625001 0.3163768625000001 0.6266400976722459 0.3304243673118824 0.7055770162542093 0.354007119165672
0 0.7060182587526013 0.44415277089340677 0.6349980546874999 0.416395175 0.6310808868081745 0.4264175869990532 0.7021010908732759 0.45417518289245995
0 0.7062080694493089 0.4127543551519276 0.637385803125 0.3938782859375 0.6348683711267618 0.40305685873610314 0.7036906374510707 0.4219329279505306
0 0.7153592048869539 0.35866425182742223 0.6345857406250001 0.33461932031249997 0.6288073282570568 0.354030578963964 0.7095807925190106 0.3780755104788863
0 0.7103648857029615 0.4254710840511535 0.6416819156250001 0.4039454703125001 0.638792141033351 0.4131660344376419 0.7074751111113124 0.43469164817629524
0 0.6910023303841647 0.7861043498196506 0.6846448671875 0.57644923125 0.6745379914908354 0.5767557064303493 0.6808954546875 0.7864108249999999
0 0.700481817669721 0.7672361925716236 0.6941296203125001 0.5746613671875 0.6880057935403718 0.5748633653259401 0.6943579908975926 0.7674381907100636
0 0.7383664950351558 0.8043579736236326 0.7158331353445422 0.589177040638179 0.7034214208830584 0.5904767730190061 0.7259547805736719 0.8056577060044597