0 0.5465506472702689 0.7000182928982741 0.4243127318190297 0.6748466473849393 0.41608660329876085 0.7147941669866652 0.5383245187500001 0.7399658125000002
0 0.5471276637772602 0.6571406220457388 0.4190503636619362 0.6007370247065911 0.41260058425967594 0.6153827276608523 0.540677884375 0.671786325
0 0.5368542713115285 0.5804324077326204 0.42253125000000014 0.5369871796875 0.4061289021259715 0.5801487891423797 0.5204519234375 0.6235940171875001
0 0.5186400380482741 0.7373099762168337 0.4262307687500001 0.7137991453125 0.422857557264226 0.7270575456581664 0.5152668265625 0.7505683765625001
0 0.5175133825951983 0.7705253523640779 0.4269326921875001 0.7434658125 0.4230882546744045 0.7563349080542718 0.5136689450821028 0.7833944479183499
0 0.5163656388435014 0.7520368354428644 0.42788461562500013 0.7290042734375 0.42394301022304814 0.7441461963815067 0.5124240334415495 0.767178758386871
0 0.522312704381109 0.6603574120848876 0.42381971093750004 0.6284658125000001 0.4154517174938911 0.6543092551026125 0.5139447109375 0.6862008546875
0 0.38497218744904715 0.503694457791957 0.3827115390625 0.481991453125 0.2909788328694828 0.49154659986302657 0.2932394812560299 0.5132496045299836
0 0.3792695360346833 0.6859041731241738 0.3001586531250001 0.6674017093750001 0.295463635840317 0.6874761690633264 0.37457451875000014 0.7059786328125002
0 0.38241654931792435 0.5254745011022522 0.3817331734375001 0.5090555562500001 0.2921002772445757 0.5127861832727479 0.292783653125 0.5292051281250001
0 0.38104567343750007 0.5301709406249999 0.2915181720612999 0.5296293131280801 0.2914183155441082 0.5461349457466949 0.3809458169203084 0.5466765732436146
0 0.38729383642695075 0.7175108328642196 0.29340144218750003 0.6956538468749999 0.2865715479480494 0.7249934421357804 0.3804639421875001 0.746850428125
0 0.3748602139256454 0.6043315674922629 0.2949615390625 0.589508546875 0.28978401732435466 0.6174162950077372 0.36968269218750005 0.6322393156250001
0 0.3727034802751512 0.668026811248472 0.2936610578125 0.646688034375 0.2901979619123489 0.6595159246890281 0.3692403843750001 0.6808547015625
0 0.36615376280526385 0.5498070361232308 0.29719319830878715 0.5455900187050114 0.29633991675352345 0.5595436669567808 0.36530048125000014 0.5637606843750002
0 0.3644047421357909 0.5867009823390374 0.29673317343750016 0.576205128125 0.2951457391142093 0.5864400426609627 0.3628173078125001 0.596935896875
0 0.38336174319694877 0.11114720576579531 0.37169951874999996 0.10267521406250006 0.2696598911780513 0.24313911923420486 0.28132211562500004 0.2516111109375001
0 0.37030849772140867 0.6421665772989739 0.289896634375 0.6226837609375 0.28502082884109137 0.6428077820760263 0.3654326921875 0.6622905984375003
0 0.3592515662465872 0.5709256723799858 0.29231838630870854 0.5647432980793163 0.29139614662462143 0.5747278819493304 0.3583293265625001 0.5809102562499999
0 0.37505515308730375 0.09366926749995878 0.35832451875000004 0.08278205156250004 0.26962134238822305 0.21909425633472068 0.2863519767255268 0.2299814722721794
0 0.38426076782261337 0.1596824100415528 0.357372596875 0.13863247812499999 0.25610702123988666 0.2679842555834472 0.2829951921875 0.28903418750000004
0 0.35975931106377557 0.07940136014098438 0.3563462935782058 0.07731012889228146 0.28379611688943024 0.19571646093879713 0.287209134375 0.19780769218750005
0 0.37561130171233514 0.05367671953497495 0.361908653125 0.032440170312500016 0.26172283266266483 0.09708396327752512 0.27542548125 0.11832051250000006