0 0.5256119362771742 0.47917869794731194 0.5245288468750001 0.4622179484375001 0.4130923918478261 0.46933412236518823 0.41417548125000003 0.4862948718750001
0 0.5202057850169111 0.6279358822521186 0.4156610578125002 0.616064103125 0.4135418118580893 0.6347265114978816 0.5180865390625001 0.6465982906250001
0 0.5179206734374999 0.5596923078125 0.51769951875 0.5171367515624998 0.4127159082963699 0.5176823352561095 0.41293706298386984 0.5602378915061096
0 0.5183252195038864 0.6479551962409137 0.4118170849376332 0.6292739223417404 0.4086048466837468 0.6475879573508267 0.51511298125 0.66626923125
0 0.5156259448720757 0.5641990249634721 0.41067931381683903 0.5596769359220721 0.4100004845697634 0.5754309031461001 0.5149471156250001 0.5799529921875001
0 0.5159205014004724 0.5073196523553606 0.5141322109375 0.4796239312500001 0.407252608060016 0.48652506134821943 0.4090408985229885 0.5142207824535799
0 0.504981079573009 0.4592137619311293 0.5034326921875001 0.43048290624999985 0.41493959386449103 0.4352520505688705 0.41648798125 0.46398290624999994
0 0.4996414680951977 0.5836476534497377 0.41120192343750006 0.5761367515625 0.4076758397173024 0.6176557653002623 0.4961153843750001 0.6251666671874999
0 0.49057105597816386 0.6635443790716422 0.4074014421875002 0.6498290593750001 0.4050154830843364 0.664297500615858 0.4881850968750001 0.6780128203125001
0 0.49481456721331873 0.6835458463313696 0.4010889421875 0.666542734375 0.39772870153668133 0.6850652646061304 0.49145432656250004 0.7020683765625
0 0.3959398909891589 0.1305465815643451 0.3873677890624999 0.11107264999999997 0.307485590260841 0.14623546999815487 0.3160576921874999 0.16570940156249997
0 0.3957706331727165 0.1492471079182751 0.38930048124999994 0.13379059843750007 0.3057894637022835 0.168748618644225 0.31225961562500004 0.18420512812500003
0 0.3951632012905538 0.09388059355402407 0.38632316693683605 0.07533786740662726 0.30094121564628223 0.11604274416510323 0.30978125 0.13458547031250004
0 0.3798489727328028 0.20694699857990684 0.37117067343749993 0.19164957187500004 0.2989563163296971 0.2326171029825932 0.307634615625 0.2479145296875
0 0.37454169538029525 0.17905614350195392 0.3674375 0.16159829062500003 0.3028429202447046 0.1878840268105461 0.30994711562499994 0.20534187968750003
0 0.36524286772451664 0.6595641232209318 0.29125000000000006 0.6467350421875 0.2887907854004834 0.6609187814665682 0.362783653125 0.6737478625