0 0.6261928626665386 0.6577384459811124 0.48687019218749994 0.6372435890625 0.48391290608346127 0.6573470227688876 0.6232355765625 0.6778418796875
0 0.6150079579904449 0.8021839762883664 0.4873822109375001 0.7599700859375 0.4818045420095552 0.7768331174616336 0.6094302890625001 0.8190470078125
0 0.6171650665273472 0.7675717231204183 0.4884038468750001 0.7317692312500002 0.48015704909765305 0.7614282768795819 0.6089182687500001 0.7972307687500001
0 0.6102963226277303 0.6762938124704421 0.4880625 0.6548162390625001 0.4848094461222699 0.6733301187795581 0.60704326875 0.6948076921875
0 0.6095787200793863 0.5876377844171689 0.48583759542557453 0.5808311809936939 0.48449445190868834 0.6052489528265252 0.6082355765625 0.6120555562500002
0 0.6089048231104968 0.6350860594376595 0.48671341327329365 0.6192157548518219 0.4844850315053099 0.6363728994052065 0.606676441342513 0.6522432039910441
0 0.6061236617487037 0.4956596260573929 0.6043149031249999 0.4660299140625 0.4841116142471925 0.4733677759827496 0.48592037287089634 0.5029974879776425
0 0.606773626479483 0.5382542128801393 0.483138279978706 0.5362755961237671 0.4823838847492231 0.5834145457436277 0.6060192312500001 0.5853931625000001
0 0.6067281078315748 0.8417043352296822 0.4887451921875002 0.7999572656250001 0.4812190077934256 0.8212272897703181 0.5992019234375001 0.8629743593750003
0 0.6026105765625 0.5351025640625 0.60141826875 0.4997222218750001 0.4831858991523056 0.5037066202512127 0.4843782069648056 0.5390869624387127
0 0.599972159512038 0.6128297676199512 0.4877235578125002 0.6023589750000001 0.4860999561129623 0.619764249567549 0.5983485578125001 0.6302350421875001
0 0.6005537453818596 0.4643101878953527 0.596134615625 0.4236623937500001 0.4817085710107893 0.43610251625470936 0.48612770076764883 0.476750310400062
0 0.6028491570532253 0.8635476066517864 0.4899375000000001 0.8226794875 0.4804945929467747 0.8487686324107135 0.5934062499999999 0.8896367515625002
0 0.5969355549821771 0.8149317931164491 0.48908653906250016 0.7787521375000002 0.4828288684553231 0.7974058146960512 0.590677884375 0.8335854703125001
0 0.5805371693357404 0.7393729724276138 0.48959855781250006 0.7160128203125 0.48610465722675966 0.7296142072598863 0.57704326875 0.7529743593750002
0 0.5826724277044945 0.7135089679093707 0.4889158656250001 0.690867521875 0.48311603479550563 0.7148841945906295 0.576872596875 0.7375256406250001
0 0.581686082582722 0.6963198065485445 0.48721153906250014 0.6769316234375002 0.4841023799172783 0.6920819028264559 0.5785769234375001 0.7114700859375003
0 0.4469615193371098 0.7624254917138842 0.3644735578125001 0.7390042734375 0.35423559628789036 0.775061687973616 0.4367235578125001 0.7984829062500001
0 0.44327664288507157 0.8304400358106218 0.360814903125 0.7978931625000001 0.35127143367742825 0.8220727845018783 0.4337331734374999 0.8546196578125
0 0.43141358396798496 0.7968667355977265 0.3639182687500001 0.7756367515625 0.3608075691570153 0.7855264269022737 0.42830288437500014 0.8067564109375003
0 0.4392106341397751 0.8647410876190911 0.3594855765625001 0.83098290625 0.3520129236727251 0.8486307076934091 0.43173798125000007 0.8823888890625
0 0.42955644870074516 0.8074581382596756 0.3631418265625001 0.7858803421875001 0.3593377809867552 0.7975888711153247 0.4257524031250002 0.8191666671875002