0 0.6360721156250001 0.43188461562500013 0.6127244523347762 0.4298660759559996 0.5947560033682862 0.637700136767354 0.61810366665851 0.6397186764363545
0 0.6014954735034939 0.4306323910889702 0.5911682687500001 0.4290897437500001 0.5579141995811359 0.651708078166583 0.5682414043346296 0.6532507255055532
0 0.5595442621257203 0.4358618812694166 0.5299423078125 0.43173931562500006 0.4978027060060285 0.6625167261942637 0.5274046603192488 0.6666392918386803
0 0.6414350968750002 0.4723888890625002 0.6335843843567761 0.4716882420964262 0.6192744944132178 0.6320298086114473 0.6271252069314419 0.6327304555775213
0 0.6583506252473161 0.47397979612449104 0.6506155086271567 0.4733138147606408 0.6370673078125001 0.6306709406250002 0.6448024244326596 0.6313369219888504
0 0.6505791245578827 0.4761482711826095 0.6411610116531796 0.4753778302208489 0.6284837787840121 0.6303483164839386 0.6379018916887151 0.6311187574456992
0 0.6069831734375 0.47564529843750003 0.5926444749381771 0.47386467943212895 0.572604616808119 0.6352386077286113 0.5869433153074419 0.6370192267339824
0 0.5821885984574388 0.4641586798048367 0.5565721156250001 0.4604658125000001 0.5290845401330502 0.651140144278094 0.5547010229654888 0.6548330115829306
0 0.6166298078125003 0.7230213671875002 0.6051124219950312 0.7219773221698531 0.5930252852466639 0.8553166083178843 0.604542671064133 0.8563606533355312
0 0.5240143886201906 0.710031401873304 0.5125576921875001 0.7086666671875 0.49340947160027093 0.8694124537319619 0.5048661680329614 0.8707771884177659
0 0.5347470140063777 0.7111236627353403 0.5253701921875 0.7099529921875 0.5054783411382076 0.8692824835469274 0.5148551629570852 0.8704531540947679
0 0.5130279692599793 0.6998470770345918 0.50335576875 0.6987222218750001 0.48203874666671254 0.882019164692114 0.4917109471766918 0.8831440198517055
0 0.5448825962364158 0.7118301711825018 0.5353173078125002 0.7106153843749998 0.5149639401573454 0.8708787580116496 0.5245292285812609 0.8720935448191515
0 0.638903846875 0.713918803125 0.6218469488273648 0.7125159658089304 0.608868969165562 0.8703133621427158 0.6259258672131973 0.8717161994587853
0 0.48005713184469323 0.7209212280691473 0.4713173078125001 0.7199188031250002 0.4545702116746922 0.8659314040177366 0.46331003570688534 0.8669338289618835
0 0.5785416228409149 0.7304858795551296 0.562002403125 0.7288803421875001 0.5489082545663999 0.8637678909732767 0.5654474742823148 0.8653734283409061
0 0.6040697109375002 0.73176923125 0.5951525865022191 0.7308605247226115 0.5812232587280467 0.8675488232198866 0.5901403831633277 0.8684575297472751
0 0.547728365625 0.73976923125 0.5416305673689721 0.7389890523455506 0.5260897017439721 0.8604548632830505 0.5321875 0.8612350421875
0 0.5007182758957411 0.7215329103879221 0.48478309172841894 0.7193732107531332 0.4628285025282352 0.8813635248631877 0.47876368669555747 0.8835232244979767
0 0.5596439744485202 0.743962633819762 0.5545697109375001 0.7435128203125 0.5440459286764799 0.862229673992738 0.5491201921875 0.8626794875000001
0 0.5936971156250002 0.7388974359375001 0.5811795565834281 0.7376729796640575 0.5678245557173751 0.8742005270063936 0.580342114758947 0.8754249832798363
0 0.5541190449717647 0.7502085590137856 0.548447115625 0.749632478125 0.5362865825133359 0.8693616445859007 0.5419585118601005 0.8699377254746862
0 0.28573014058159635 0.9019656932912413 0.25377681086158715 0.741669232682215 0.23790384687500002 0.7448333328125001 0.2698571765950092 0.9051297934215263