0 0.4803979921875 0.4643622484375 0.35407446562500006 0.4643622484375 0.35407446562500006 0.484139303125 0.4803979921875 0.484139303125
0 0.4795500024984343 0.35803377224353194 0.3650928578125 0.33800123125 0.36217953802469743 0.3546466615314892 0.4766366827106318 0.3746792025250212
0 0.4809386743233068 0.3757531355566022 0.3654032328125 0.35703299218750006 0.3606242895233672 0.3865272814126762 0.47615973103417397 0.40524742478177844
0 0.48007546070188295 0.4494547365810736 0.3678862531250001 0.4464337734375001 0.36742136371999806 0.4636983249991494 0.4796105712968809 0.4667192881427229
0 0.4787095516257082 0.31966814628748785 0.3740937953125001 0.29855859375000005 0.37008911411792644 0.3184051893241885 0.4747048704311346 0.3395147418616763
0 0.48056253918352104 0.4988383969205076 0.4805339705566702 0.48284184249995193 0.36881429159260626 0.4830413653307007 0.36884286021945706 0.49903791975125633
0 0.4826304921869159 0.5342910517002339 0.480816462720105 0.5118249187524457 0.367313733033189 0.5209897045522119 0.36912776249999996 0.5434558375
0 0.4785071518803405 0.2979762810096672 0.37921502187499995 0.2737254828125001 0.3739468728878232 0.2952953185708694 0.47323900289316373 0.31954611676803657
0 0.48678515103429465 0.5729523219673965 0.48175858027864554 0.5322640425303667 0.3676705276818508 0.5463583143129701 0.37269709843749993 0.5870465937499999
0 0.4877071617144167 0.6264678856545639 0.48171226818187474 0.5996341016780966 0.3666774330299581 0.6253338535235329 0.3726723265625 0.6521676375000001
0 0.4793317636913632 0.5147503757007462 0.47863193988922 0.4985806342745819 0.3763425558853567 0.5030077023238357 0.3770423796874999 0.5191774437500001
0 0.4871969807485854 0.602325499917687 0.4817076134073509 0.570677670970968 0.36938037328376544 0.590161013240781 0.374869740625 0.6218088421875
0 0.47792438230008083 0.3398105694249022 0.3818532265625 0.3236584531250001 0.37905042551241924 0.34032923057509795 0.47512158125 0.35648134687500005
0 0.4896654510860515 0.6589231739127424 0.4803983635776464 0.6252218848122895 0.370986071866595 0.6553077749620471 0.3802531593749999 0.6890090640625
0 0.47752424051437636 0.40048300444831836 0.3953546375 0.39233829062500003 0.3941934860481236 0.4040528033641818 0.47636308906249997 0.41219751718750003
0 0.4806519591049721 0.4359929564520327 0.392561240625 0.4284710562500001 0.39141442422605316 0.44190168917976785 0.4795051427060252 0.44942358938180044
0 0.47937516352582865 0.4130911578040789 0.39566501250000014 0.4044744875000001 0.393248927108765 0.4279465324842273 0.4769590781345935 0.43656320278830607
0 0.598129364886222 0.34301302408712486 0.5244715578124999 0.33054494375 0.5188719768830967 0.36362564588211216 0.5925297839568189 0.37609372621923703
0 0.5996885189884081 0.30006540548665434 0.5258682546875 0.28255180781250006 0.5202080103727293 0.306409883069117 0.5940282746736375 0.32392348074327126
0 0.5996365107299286 0.2759166095976198 0.5269545750000001 0.25855523906250005 0.5228660048950716 0.27567169821488036 0.5955479406250002 0.2930330687500001
0 0.5935219505828631 0.3332374068376778 0.532386178125 0.3228219109375001 0.5308918817329278 0.3315929733128181 0.592027654190791 0.34200846921299577
0 0.5948464171555099 0.3245813136662482 0.5336276843750001 0.3115131843750001 0.5314633412582215 0.3216522287598867 0.5926820740387314 0.33472035805113476