0 0.5203588275791524 0.6282274190044467 0.41529180468750015 0.6160571750000001 0.4133170614833478 0.6331053450580535 0.5183840843749999 0.6452755890625002
0 0.5178038265625 0.5569328765624999 0.5177465484375 0.5135228890624999 0.4131207077853928 0.5136609395970481 0.41317798591039273 0.5570709270970481
0 0.5182983249237252 0.6468877703024898 0.41079156620609236 0.6323671549237397 0.4083628787823672 0.6503485080587501 0.5158696375 0.6648691234375002
0 0.5153627899627792 0.5617465280752321 0.4103426390687478 0.5600119326597934 0.41007581316846853 0.5761667639595613 0.5150959640624999 0.577901359375
0 0.4996667455149428 0.5828187581347632 0.41123000312500013 0.5761826328125002 0.4080910029225574 0.618014716865237 0.4965277453125001 0.6246508421875001
0 0.4907809763018185 0.6631990798253224 0.40774846093750006 0.6487130421875 0.4051782174481815 0.6634454201746777 0.48821073281249994 0.6779314578125001
0 0.49540824797059224 0.6843513509005655 0.4013595796875 0.6659003374999999 0.3978309660919078 0.6838864178494344 0.49187963437500004 0.7023374312499999
0 0.39593630778341715 0.1296545116104917 0.38683074687499996 0.10977978593750001 0.3064462515915828 0.14660776182700835 0.3155518125 0.16648248750000005
0 0.3955626168884764 0.14852728154627318 0.3893160703125 0.13397673906250002 0.3058255131589915 0.16981922771852198 0.3120720597349678 0.18436977020229514
0 0.3944545712894554 0.09260422318753067 0.38520349062500003 0.0747435125 0.30056069370680627 0.11858484421710795 0.3098117743712617 0.13644555490463864
0 0.3954497026423839 0.24693709012864215 0.3886388124999999 0.23385320156249997 0.295475408295116 0.28234992393385794 0.3022862984375 0.2954338125000001
0 0.3925912144998226 0.2797975117877575 0.381678353125 0.26042766250000005 0.29559428706267743 0.3089269288372426 0.30650714843750004 0.328296778125
0 0.3832577006033603 0.2370857780445991 0.3741280640318905 0.21994475165598634 0.3007943806160302 0.2590036657988873 0.3099240171875 0.2761446921875
0 0.37868503638591405 0.18930631755265012 0.37182971875000004 0.176127046875 0.29965183080158597 0.21367103244734992 0.30650714843750004 0.22685030312500004
0 0.3740060186251616 0.17597120149789547 0.367069395005805 0.16073827885328476 0.30318839044314333 0.18982780391788934 0.3101250140625 0.20506072656250005
0 0.3786934602968274 0.20431806345598097 0.37303567499999996 0.1925585296875 0.2950205803281726 0.23009340685651902 0.300678365625 0.24185294062499998