0 0.5296341920632107 0.3994140793843417 0.5254375 0.3830854703125 0.41002446106178925 0.41274831436565834 0.414221153125 0.42907692343750004
0 0.5222491432724319 0.421309285040934 0.5187139421875 0.40632905937499997 0.41387104891506815 0.431071057146566 0.41740625 0.4460512828125
0 0.5020097391453435 0.31790980004335345 0.4998125 0.30755555625 0.42342535772965634 0.3237654140191465 0.4256225968749999 0.33411965781249997
0 0.5080734369862547 0.37730140571517634 0.5040552890625 0.3498632484374999 0.4125563708262452 0.36326269740982353 0.41657451874999996 0.39070085468750004
0 0.5127826208043139 0.644047720930457 0.40345270219010454 0.6260713068747977 0.40058594701079053 0.6435064921943408 0.509915865625 0.6614829062500001
0 0.5100868750482018 0.6188266188346503 0.40293750000000006 0.6074529921875002 0.40113908588929836 0.62439560460285 0.5082884609375001 0.6357692312500001
0 0.503139089840721 0.33933615797224836 0.49904086562499994 0.3184487171875 0.40777196797177895 0.3363561482777516 0.4118701921875 0.3572435890625
0 0.49346867588777854 0.6883906114583997 0.3993605765625 0.6689957265625002 0.3959736319247215 0.6854299010416006 0.4900817312500001 0.7048247859375001
0 0.48413329737895355 0.6628792635492161 0.39919711562500015 0.6455940171875001 0.3963642994960467 0.6595138989507842 0.4813004812500001 0.6767991453125001
0 0.40096828625810954 0.10242988128020418 0.3919543265625 0.08299145312500003 0.3076277576338146 0.12209524729617156 0.31664171732942414 0.1415336754513757
0 0.3880874506101054 0.5163801026258651 0.38703605781250006 0.49756410312500005 0.30731918323517515 0.5020184903487219 0.3083705760327805 0.5208344898495869
0 0.3819238061791766 0.5800439493788783 0.3024241348090878 0.5749463088247722 0.30011090519241124 0.6110220172583939 0.3796105765625001 0.6161196578125001
0 0.3761393389948684 0.5493494650282049 0.3757740390625 0.518884615625 0.30102093603940927 0.5197809700798424 0.30138623597177766 0.5502458194830473
0 0.3797499999449457 0.5525325977576651 0.2989435945193034 0.5484329996211219 0.2976671523868578 0.5735927096759569 0.37847355781250014 0.5776923078125
0 0.36508984600088124 0.6530322048578755 0.29198076875000006 0.6406794875 0.28942938368661897 0.6557797607671245 0.36253846093750014 0.6681324781250001
0 0.362675928034105 0.6147682898640631 0.2962067312500001 0.605141025 0.29103080321589514 0.640877008573437 0.3575000000000001 0.6505042734375001