0 0.3943536298658695 0.8182107999723749 0.270575 0.32662656249999994 0.21209412944301506 0.3413517743337371 0.3358727593088845 0.8329360118061121
0 0.42897712455174314 0.7953877029970663 0.3086622544700347 0.3432174364757655 0.28342419241829164 0.34993285847869926 0.4037390625 0.802103125
0 0.4605546875 0.7919218749999999 0.335646875 0.33546562500000005 0.30922003920063945 0.3426972452286524 0.4341278517006394 0.7991534952286523
0 0.4985326433715578 0.7860250344654329 0.3719640625 0.319209375 0.335431416400178 0.3291145379451169 0.4619999972717358 0.7959301974105498
0 0.541381889158351 0.7774004806490643 0.41501328631882906 0.305224431992146 0.37707122915411534 0.31537887495129313 0.5034398319936372 0.7875549236082113
0 0.5821498584455329 0.7720838425653731 0.4572361667067428 0.2963209443535736 0.41736895821756564 0.3067882595024026 0.5422826499563558 0.7825511577142021
0 0.6181997172010227 0.7656676701408409 0.49535478684725065 0.27996668581431916 0.45779596332573647 0.2894661746120776 0.5806408936795086 0.7751671589385993
0 0.6554109375 0.7624015625 0.5342984375000001 0.2673015625 0.49640247840643764 0.27657175911829746 0.6175149784064378 0.7716717591182974
0 0.6974094268817554 0.7541162014741196 0.5804203124999999 0.25155156250000005 0.5387534908948185 0.2612509408101079 0.655742605276574 0.7638155797842276
0 0.7363156250000001 0.7481828125000001 0.6252109375 0.240584375 0.5806847744501189 0.2503303967876086 0.691789461950119 0.7579288342876087
0 0.779490625 0.7405437499999998 0.6718765624999998 0.22472812500000003 0.6251226089901202 0.23448235234651418 0.7327366714901202 0.750297977346514
0 0.8215781249999999 0.7331171875000001 0.7189765624999999 0.21216249999999998 0.6707102076582918 0.2216685156703911 0.7733117701582917 0.7426232031703911