0 0.7396929695529518 0.7344487454065668 0.2436000000000001 0.6302046875000001 0.23119902970640682 0.6892203695621917 0.7272919992593586 0.7934644274687583
0 0.7343589209886248 0.6933251793305598 0.27520721615743043 0.6032436531747273 0.2701795451688058 0.6288700363441675 0.7293312500000002 0.7189515625000001
0 0.7450843749999999 0.6634234375000001 0.2800703125000001 0.5755921875000001 0.27498538943442696 0.6025138211124345 0.7399994519344267 0.6903450711124346
0 0.7564335933174507 0.626703975520532 0.28137968750000003 0.535825 0.27426743037544604 0.5730030767426678 0.7493213361928968 0.6638820522631999
0 0.7674669412290747 0.5844104173120371 0.28768096848160774 0.49100168808375877 0.28017481410895184 0.5295564099714332 0.7599607868564189 0.6229651391997115
0 0.7805594122447587 0.5454366143197469 0.2981888170514059 0.4491493387089708 0.2901202625483095 0.4895703955238034 0.7724908577416623 0.5858576711345794
0 0.7905956285777653 0.510224265065238 0.30019877043366267 0.4077179036873135 0.2922720069106995 0.4456400372472077 0.782668865054802 0.548146398625132
0 0.803971875 0.47534687500000006 0.30588750000000003 0.3671640625000001 0.29760670790047283 0.40528964883006474 0.7956910829004729 0.5134724613300647
0 0.8149366480870468 0.43396760037284327 0.31195000000000006 0.31880625000000007 0.30240235361178003 0.3605072081633359 0.8053890016988268 0.475668558536179
0 0.8266593749999999 0.39639843750000003 0.3217265625 0.27374062499999996 0.31096729653204846 0.3180321895966971 0.8159001090320483 0.4406900020966972
0 0.8387203124999999 0.3542421875000001 0.32793281250000006 0.22484687500000003 0.3162044697192739 0.27114446316116425 0.8269919697192739 0.4005397756611644
0 0.8504953125 0.313159375 0.3372859375 0.17700468750000006 0.3246713640445879 0.2245529392555164 0.8378807390445878 0.3607076267555164