0 0.20725491043463942 0.7128075367771962 0.18835116699270726 0.2809637428971409 0.1537317157402734 0.2824791918484769 0.17263545918220555 0.7143229857285323
0 0.23258217812499998 0.72255929375 0.2284310609754611 0.3252440393406667 0.21087450937500002 0.3254274687500001 0.21502562652453888 0.7227427231593334
0 0.39936418455399875 0.25182258450280964 0.36474828630532186 0.24749768449055262 0.30411620072882994 0.7327884655427597 0.3387320989775068 0.7371133655550167
0 0.4327776479648008 0.22554325462468094 0.40294833912256295 0.22110515594387925 0.32608069564397757 0.7377472683007765 0.3559100044862154 0.7421853669815782
0 0.4919128982727061 0.24947711443399084 0.42946705037288846 0.23874046454348835 0.34384476076404713 0.73673160035183 0.4062906086638648 0.7474682502423324
0 0.5136921705605003 0.2684052318880312 0.4873474155225323 0.2636422293518028 0.4006360741966164 0.7432533630577672 0.42698082923458436 0.7480163655939956
0 0.561015832940987 0.26024065758285037 0.5166842890234488 0.2516001766224135 0.41953597307978613 0.7500371102249603 0.46386751699732437 0.7586775911853972
0 0.6027290449023334 0.25232591674408 0.5633923545302231 0.2443167526244209 0.4606539362194285 0.7489123995649256 0.49999062659153876 0.7569215636845847
0 0.7080835234375 0.3281853281250001 0.6609232887464375 0.32032908065099014 0.5882861353651009 0.7563623410704308 0.6354463700561637 0.7642185885444407
0 0.618151746875 0.3295642578125001 0.58502169998992 0.32231716317733017 0.49302252655242 0.7428907975523302 0.5261525734375001 0.7501378921875002
0 0.6463774682042633 0.3293111211873766 0.609703564168284 0.3222134722703612 0.5277255178390207 0.7457981042079845 0.564399421875 0.752895753125
0 0.64709530625 0.9542195265625001 0.2532561500000001 0.8949255375 0.24996229857759372 0.9168037697715038 0.6438014548275935 0.9760977588340038