0 0.11742519986607594 0.805820222069927 0.054727915485050814 0.2265622242583229 0.012073875000000003 0.23117897968750004 0.07477115938102513 0.810436977499104
0 0.1550146476422106 0.8022558813403643 0.09289841755552072 0.2252693721341712 0.055155924999999995 0.22933258906249993 0.11727215508668987 0.8063190982686932
0 0.1901174046875 0.8000128125 0.1399485513854219 0.26705291169673495 0.10043906250000001 0.27077203906249997 0.15060791580207814 0.803731939865765
0 0.22696780442488423 0.796854524087997 0.1802578130863812 0.2649811972004127 0.141282659375 0.268404059375 0.18799265071350305 0.8002773862625843
0 0.2709167296875001 0.7964609125 0.23362473750000007 0.2636681375 0.1830135264907358 0.2672105896016776 0.2203055186782358 0.8000033646016776
0 0.3209446023990179 0.7985589118261232 0.2904049710428982 0.26049577351624487 0.234512609375 0.26366813750000007 0.26505224073111966 0.8017312758098782
0 0.4017144238030987 0.7945835241472256 0.3851207500000001 0.2663352296875 0.2913288679812634 0.2692814803652981 0.30792254178436196 0.7975297748250235
0 0.4814210631427973 0.7889821024563962 0.47779839687500003 0.2648521171875 0.38633225433257123 0.2654843101902796 0.38995492060036846 0.7896142954591758
0 0.5292968750000001 0.78935695 0.5257431382867394 0.2562446353897482 0.47779839687500003 0.2565642359375 0.4813521335882608 0.7896765505477517
0 0.5745800109375 0.2541962546875 0.5275255452405662 0.254041150360189 0.5257454260879499 0.7940812450201704 0.5727998917848838 0.7942363493474814
0 0.6243785625000001 0.24029356250000009 0.5781857358168944 0.239091984120149 0.5637048996079668 0.7957853870992706 0.6098977262910725 0.7969869654791217
0 0.67580110625 0.23170057031250005 0.6261836829242886 0.22993251294919853 0.6062935526797697 0.7881140701940377 0.6559109760054812 0.7898821275573391
0 0.7805738078125001 0.24827633437500007 0.677061897043076 0.24313550155544802 0.650071528680099 0.7865930890102819 0.7535834394495231 0.7917339218298338
0 0.8862345000000001 0.22933258906250012 0.7919395490723666 0.22090700958761422 0.7412900897178603 0.7877509042514906 0.8355850406454938 0.7961764837263765
0 0.98745559375 0.22341268750000012 0.8950845237794889 0.21324299571078278 0.8327226511105659 0.7796744100729037 0.925093721081077 0.7898441018621211