0 0.8134765625 0.7635359375000003 0.8129323519562537 0.7520185538444532 0.33877141445625375 0.774423241344453 0.33931562500000007 0.7859406250000001
0 0.82363475361254 0.7523214864898733 0.8219852854885576 0.7149082366986229 0.33670625 0.736303125 0.3383557181239824 0.7737163747912503
0 0.8241409977343543 0.7166654989800313 0.8227592318322445 0.6791764048378712 0.33481562500000006 0.6971609375 0.3361973909021099 0.73465003164216
0 0.8267678530122387 0.6784810612307055 0.8255093625757881 0.641889069953278 0.332896875 0.65883125 0.3341553654364506 0.6954232412774275
0 0.8201352668901423 0.640758691988143 0.8190498849439904 0.6026188267318335 0.33195836805384804 0.6164804472436904 0.33304374999999997 0.6546203124999999
0 0.8230543449518318 0.6008637980740457 0.8217156250000001 0.5586718750000002 0.32995555051969755 0.574275075215969 0.33129427047152943 0.6164669982900145
0 0.82485512161691 0.5587285759147218 0.8241343750000001 0.5204937499999999 0.32665894088308994 0.5298714240852781 0.3273796875 0.5681062499999999
0 0.8337637807469009 0.5191545600258222 0.8331226162199286 0.48266100488366004 0.3235359375000001 0.49161406250000006 0.32417710202697236 0.5281076176421622
0 0.8354447714249954 0.4825717681574086 0.8352474857479006 0.4501998091328259 0.3224589643229051 0.4533249159754174 0.32265625 0.4856968750000001
0 0.8331687499999999 0.4483546875 0.8331620260247636 0.41652923566615463 0.32178263649929295 0.4166372781966894 0.3217893604745293 0.4484627300305347
0 0.8400271582664136 0.38095411146519015 0.31880781250000007 0.37829062500000005 0.31863815584884125 0.41149084203793135 0.8398575016152549 0.4141543285031215
0 0.8383483340850295 0.3392567542952774 0.3072703125 0.3355546875 0.3070544647068839 0.36651901777027157 0.8381324862919135 0.370221084565549
0 0.8328971062050196 0.3106896532643669 0.3549234375 0.30791093750000004 0.35477633129498065 0.3332150342356332 0.8327500000000002 0.3359937500000001
0 0.8475041373668828 0.27867911359814157 0.3531171875000001 0.266328125 0.3523709780697716 0.29619749142691665 0.8467579279366543 0.30854848002505825
0 0.8533715194151144 0.2414642577807558 0.3057155463963887 0.2231545234874953 0.30455468750000003 0.2578765625000001 0.8522106605187257 0.27618629679326057
0 0.8582080186840214 0.1976734447004414 0.29973750000000005 0.17817031250000004 0.2984029188159787 0.21638593029955872 0.8568734375 0.23588906250000008