0 0.7248606221389182 0.08579175413448901 0.21868038260878236 0.05479475153617954 0.21515332246180105 0.11239155123879274 0.7213335619919368 0.14338855383710222
0 0.7042860438242133 0.14206062981086792 0.20381250000000004 0.09821718750000001 0.20132731659369946 0.12658559291820476 0.7018008604179128 0.17042903522907263
0 0.7530296875 0.17001562500000006 0.17531718750000003 0.1251265625 0.1733618381941723 0.15029148404058673 0.7510743381941722 0.1951805465405868
0 0.7485515625 0.20876250000000002 0.17767343750000003 0.1604515625 0.17479132532135658 0.19450875289469358 0.7456694503213566 0.2428196903946936
0 0.66805625 0.2573421875000001 0.21406874999999997 0.21753750000000008 0.21051560501648164 0.2580624609912163 0.6645031050164816 0.29786714849121637
0 0.6620640625 0.30093125000000004 0.21153281250000006 0.25896875 0.20784351029178047 0.2985790195382051 0.6583747602917804 0.34054151953820516
0 0.6561421875000001 0.34370937500000004 0.2077750000000001 0.30192500000000005 0.2043028572531682 0.3391828237198838 0.6526700447531683 0.38096719871988377
0 0.6508376560526576 0.3832774361567551 0.20552343750000007 0.34011250000000004 0.20183520160403345 0.37816245517393354 0.6471494201566911 0.4213273913306885
0 0.6732562499999999 0.4219968749999999 0.17530781250000002 0.374221875 0.17235527955644203 0.40499548391495505 0.670303717056442 0.452770483914955
0 0.6693057653009669 0.4575975408992596 0.17326875000000005 0.409978125 0.1704051721990333 0.4398071466007405 0.6664421875000002 0.48742656249999994
0 0.7298905898924638 0.4988406196524341 0.1465554283925227 0.44353085162618877 0.1398862615345691 0.5138685092404529 0.7232214230345102 0.5691782772666982
0 0.6576156250000001 0.563425 0.16902832802714124 0.510861365186793 0.165980631454905 0.5391901867287959 0.6545679284277639 0.5917538215420028
0 0.6660057033086522 0.5938899193060388 0.18477612675173288 0.5440630509611666 0.17986105627099258 0.5915329675897418 0.6610906328279118 0.6413598359346141
0 0.6506405980383471 0.652877540459796 0.15746159719392136 0.5996993098609702 0.1529491241555745 0.6415483319011744 0.6461281250000002 0.6947265625000001
0 0.6984589733717154 0.7199238485116327 0.1342218750000001 0.6695421875 0.1304769641282849 0.7114824014883675 0.6947140625000002 0.7618640625000002
0 0.6945546875000002 0.7636953125000001 0.1416984375000001 0.7085812500000002 0.1374409237818897 0.75128891773032 0.6902971737818897 0.80640298023032
0 0.67661875 0.8193093750000001 0.1342015625000001 0.7569281250000002 0.12984100346792815 0.7948440398959694 0.6722581909679282 0.8572252898959694
0 0.6715936726564472 0.8685671012369521 0.1348375000000001 0.7994531249999999 0.13017141329149262 0.8356911043394455 0.6669275859479397 0.9048050805763976
0 0.7087496655203186 0.9697838941057146 0.11567968750000006 0.8565796875 0.11047845947968157 0.8838286058942855 0.7035484375000001 0.9970328124999999