0 0.9071576118679191 0.9131040585526975 0.22632373242315187 0.9044695892423424 0.2260179392462339 0.928581592825369 0.9068518186910011 0.9372160621357241
0 0.9058046679194188 0.8842389224453868 0.228699267476969 0.8769172585738977 0.2284231779664742 0.9024499382820546 0.9055285784089241 0.9097716021535437
0 0.9006362195009372 0.8450838281080442 0.2729654340905696 0.8393830425472195 0.2727292145896326 0.8653914019391754 0.9004000000000001 0.8710921875000001
0 0.9002984375 0.8199406249999998 0.8994947069235961 0.7892434242931772 0.23805559214616506 0.8065615780249633 0.2388593227225691 0.8372587787317858
0 0.9009078125000002 0.7891328125000003 0.900065999116252 0.7555596621669802 0.2175863116162518 0.77267216216698 0.21842812500000003 0.8062453125000001
0 0.8977374999999999 0.7466140625000001 0.8967742608000963 0.7139893699369894 0.2630630169276921 0.7326996002430255 0.2640262561275956 0.7653242928060362
0 0.8955578125000001 0.7083234375 0.8947353690041868 0.6865549712696633 0.266405021685499 0.7102941820117662 0.26722746518131224 0.732062648242103
0 0.8991213499511608 0.6859368530463713 0.8978577425681065 0.654230928076338 0.24601656363868768 0.6802093950995354 0.2472801710217419 0.7119153200695687
0 0.8968375000000002 0.6243687500000001 0.8952985669709521 0.5661889792463046 0.16152200447095208 0.5855983542463045 0.1630609375 0.6437781250000001
0 0.8950717758219348 0.5633390660385953 0.8935641863526527 0.5051443074721285 0.15682989372669728 0.5242300960995238 0.15833748319597937 0.5824248546659906
0 0.8924417608337165 0.5042171895936273 0.890921130150271 0.4521643792278803 0.2264106193165544 0.47157687713425317 0.22793125000000006 0.5236296875000002
0 0.8941597144053401 0.44682853651317417 0.8907895095064232 0.35554191954618536 0.22274073260108307 0.3802055705330111 0.22611093750000003 0.4714921874999999
0 0.890986662543445 0.34936560469455225 0.8893984375000002 0.31485781249999995 0.13135396245655523 0.3497468953054476 0.13294218749999998 0.38425468749999997
0 0.8959734831277247 0.30398301565949143 0.8922405353880878 0.23175929123145086 0.14895498438883126 0.2701766691703571 0.15268793212846815 0.3424003935983976
0 0.8832161453818896 0.22404525564292116 0.8814663854267761 0.19050041620433528 0.1984346150448866 0.22612859806141414 0.200184375 0.2596734375
0 0.8813706366767722 0.1885625083952661 0.8794180625951761 0.15218792249942767 0.1989649114748728 0.1887143915683149 0.20091748555646896 0.22508897746415335
0 0.8892290199394746 0.10965612307007859 0.886959375 0.07616875 0.28338504256052555 0.11707668942992142 0.28565468750000006 0.15056406250000004