0 0.2259338165698324 0.11686278205070937 0.1749073234375 0.10437261562500003 -0.03058066813233231 0.9438595554492905 0.020445825000000094 0.9563497218749999
0 0.2730737222430097 0.12587571008502169 0.22693645937500007 0.11412807812500006 0.016582235569490456 0.9402663289774784 0.06271949843750009 0.9520139609375
0 0.32009133415070046 0.12039525706811324 0.27571377500000005 0.10870837656250006 0.0589897017867997 0.9316555585568868 0.10336726093750008 0.9433424390624999
0 0.37321751397647474 0.04516341486027208 0.3303976322725989 0.03422488145679432 0.09956923079612427 0.9378236072215221 0.14238911250000014 0.948762140625
0 0.41001939685228567 0.043112061091105804 0.3786642534787771 0.03518807101773337 0.14924286600149156 0.9430060302391274 0.1805980093750001 0.9509300203124997
0 0.45628914279931576 0.10512441596318398 0.3950946798979954 0.08976580565055518 0.1822239203125001 0.9379227374999999 0.24341838321382045 0.9532813478126287
0 0.5027965524821878 0.10958761190491559 0.448403257845065 0.09636552647149153 0.24652209286287724 0.9268685317540764 0.3009153875000001 0.9400906171875004
0 0.5659519459664211 0.10790048942365063 0.5170928005220493 0.09504112327756775 0.2992076467431283 0.9228954901039172 0.34806679218750003 0.93575485625
0 0.6401326906374166 0.008118026259448862 0.5952292714171195 -0.0030044834985079706 0.361696151092203 0.939807510554543 0.4065995703125001 0.9509300203124997
0 0.6793621910674708 0.018010831756496714 0.632362696569559 0.0065485424084285706 0.4041607046875001 0.9422584984375002 0.4511601991854118 0.9537207877855683
0 0.7447986311597584 0.008218405809515916 0.7040839942291536 -0.002544562255336813 0.4528711458818952 0.9477546350601476 0.4935857828125001 0.9585176031250005
0 0.7642386790445058 0.11585132813263917 0.7169810496312606 0.10324216115366935 0.4918536471492551 0.9469923767710304 0.5391112765625004 0.9596015437500002
0 0.8091658562467439 0.11670215644081457 0.767551703125 0.1054565562500001 0.5397707968782564 0.9483559435591857 0.5813849500000001 0.9596015437500002
0 0.865495011017807 0.008601190918270163 0.8349272172858985 0.0005112662191059769 0.5849612781430916 0.9450079768633358 0.6155290718750001 0.9530979015625001
0 0.8928451365817033 0.014653477839241934 0.8675452 0.007901925000000132 0.6162437024807964 0.9495981690357581 0.6415436390624999 0.9563497218749999
0 0.9391142834455894 0.01594263470555659 0.9028709337124781 0.006029383998072113 0.6456084156250002 0.9465942593750002 0.6818517653581116 0.9565075100824846
0 0.9797868155159979 0.013032208957654534 0.949069156705266 0.004487508070793256 0.6896826396267683 0.9369656178631389 0.7204002984375001 0.9455103187500002
0 1.0142984086147757 0.0256757828753305 0.9784346199054836 0.015427364795589016 0.7175757802699316 0.928288865453309 0.7534395689792238 0.9385372835330505
0 1.0639933613319257 0.11253664355533803 0.9997479843749998 0.0944220437500001 0.7667168371055743 0.9208920767571624 0.8309622140625003 0.9390066765625005
0 1.0425709261253555 0.3745257535783244 0.997618040625 0.36018253593750005 0.8205480200804459 0.9151353058396585 0.8655009055808014 0.9294785234804829