0 0.22810298134505164 0.2415542888875441 0.13705625000000002 0.2260140625 0.036051609627215056 0.8177777940757164 0.12709834097226666 0.8333180204632604
0 0.32075716923694286 0.2581887698617447 0.23056737274516884 0.243208556517507 0.1327875000000001 0.8319015625 0.22297729649177414 0.8468817758442377
0 0.4025703125000001 0.3148187500000001 0.31584347904364113 0.3005009589913817 0.22722812500000003 0.83726875 0.31395495845635896 0.8515865410086183
0 0.45520498233851614 0.3116970246529709 0.4077812500000001 0.30418593750000006 0.3211831114228418 0.8509519197416692 0.36860684376135777 0.85846300689464
0 0.5194787566694636 0.3168903362040497 0.45778281249999997 0.30677968750000006 0.36606494057939154 0.8664490886423242 0.4277608847488551 0.8765597373463738
0 0.5857826151892715 0.32736092801864414 0.5226781250000001 0.3170593750000001 0.43130669972945784 0.876775681767467 0.4944111899187293 0.8870772347861111
0 0.6267173305095557 0.3299407547714363 0.591638430780751 0.32438472850570643 0.5027336002711955 0.8857002237342704 0.5378125000000001 0.8912562500000002
0 0.6631796875000002 0.33811250000000015 0.6307394153929808 0.33292240041185656 0.5411359375000001 0.8929812500000001 0.5735762096070195 0.8981713495881436
0 0.689934375 0.37351875 0.6583640625 0.36851718750000007 0.5749955461477588 0.8947467635378112 0.6065658586477589 0.8997483260378113
0 0.7326703125 0.37541718750000014 0.6951871226073436 0.368975363614076 0.6038706633474615 0.900320560778245 0.641353853240118 0.9067623846641691
0 0.7966234424971321 0.3813152109409654 0.735483475289574 0.37007935014102367 0.6367206793954252 0.907497373540384 0.6978606466029833 0.9187332343403256
0 0.8299375000000001 0.38555000000000017 0.8013296875851943 0.3801640298187981 0.6997143656473559 0.9198981855357478 0.7283221780621617 0.92528415571695
0 0.8672015625000002 0.38749687500000013 0.8151322123702839 0.3781100721693299 0.7201052846721148 0.9052320815824038 0.772174634801831 0.9146188844130739