0 0.695712583973479 0.08335130693342199 0.6872265625 0.018790625000000005 0.008793083880980528 0.10796565995122831 0.017279105354459506 0.1725263418846503
0 0.7041295665284848 0.15056060504972107 0.6949012248183656 0.08777805712853909 0.020781279804978053 0.18686624982183825 0.03000962151509735 0.24964879774302026
0 0.7070815395657377 0.22907965975180025 0.6961481556517217 0.1583118339120454 0.02723942784328589 0.2616559148949217 0.03817281175730196 0.3324237407346765
0 0.67847648870135 0.2870295794292919 0.6721035124500252 0.24931620731645202 0.0493890625 0.35454531249999993 0.055762038751324815 0.39225868461283986
0 0.6961026949532316 0.379737776098284 0.6810917619509868 0.29227130085800973 0.05008593750000001 0.4005640625 0.06509687050224491 0.4880305377402743
0 0.7029983378243893 0.47009627365445744 0.6886200963423663 0.3882842703146043 0.06548593750000001 0.4977984375 0.07986417898202301 0.5796104408398531
0 0.7658578125 0.5013703125000003 0.7586443135898028 0.46212005031391906 0.0731784803071616 0.5880964582655379 0.08039197921735879 0.627346720451619
0 0.7707599687526601 0.539274693963002 0.7634018183171938 0.5007658165334394 0.07791250000000001 0.631746875 0.08527065043546629 0.6702557524295626
0 0.7762290691519148 0.5754882107802739 0.7708406250000002 0.5467109375 0.08263769075572758 0.6755745390039338 0.08802613490764219 0.7043518122842078
0 0.7794361834111552 0.6095432078197018 0.7738285853158418 0.5798175532772814 0.08691718750000003 0.7094000000000003 0.09252478559531341 0.7391256545424207
0 0.7888115213035725 0.6733415806903951 0.7790987816867805 0.6196664585994439 0.09131718749999998 0.7441234374999999 0.10102992711679193 0.797798559590951
0 0.7567505096875419 0.718528688533149 0.7475114692547159 0.6720744639906769 0.10934852200944611 0.7989953916436576 0.11858756244227205 0.8454496161861298
0 0.7630738936976913 0.7718592285834578 0.7533799208174118 0.7224322059267967 0.1134562149191141 0.8479385123356865 0.1231501877993936 0.8973655349923476
0 0.8084926373937538 0.8001569901268784 0.8033134799498146 0.7737096498171182 0.11728125 0.9080546875 0.12246040744393913 0.9345020278097602
0 0.8125302977037396 0.83163533326568 0.8074674982784522 0.8059496220154998 0.121428125 0.941171875 0.12649092442528742 0.9668575862501803
0 0.8256224866827108 0.8765342227356067 0.8179932460794707 0.8381779349737231 0.12238082870524694 0.9765384179197099 0.13001006930848708 1.0148947056815936