0 0.9652531249999999 0.6812656250000002 0.9579971015804457 0.6589158489602079 0.5585377265804456 0.7886033489602078 0.5657937500000001 0.8109531250000002
0 0.9422060766939275 0.6483086409988831 0.934217435692338 0.6245031786279078 0.5096566714984105 0.7669773501290249 0.5176453125 0.7907828125
0 0.9089677553827318 0.6149687508137818 0.9020852970161904 0.5949809995123603 0.5240409791334585 0.7251544361985787 0.5309234374999999 0.7451421875000002
0 0.9116531249999997 0.5913062500000001 0.9027138716349098 0.5652293592508396 0.49278437499999994 0.7057546875000001 0.50172362836509 0.7318315782491606
0 0.9010999999999999 0.5605015625 0.8931276973104645 0.5375395193477269 0.485734375 0.678984375 0.4937066776895356 0.7019464181522731
0 0.8930124999999999 0.5340484375000003 0.8844382254805951 0.5095325936697512 0.4785210379805953 0.651499781169751 0.4870953125 0.6760156250000001
0 0.8897890625 0.508659375 0.880818653575153 0.4825075363437613 0.470037403575153 0.6234106613437614 0.4790078125 0.6495625
0 0.8804265625 0.4817453125 0.8723280766558457 0.45783790892429155 0.4597203124999999 0.59760625 0.4678187983441541 0.6215136535757086
0 0.8759265624999998 0.45589531250000004 0.8681388054612504 0.43274214820806184 0.4510703125 0.5730265625000001 0.45885806953874936 0.5961797267919382
0 0.8683156249999999 0.4309984375 0.859671430771294 0.404635341329951 0.48275358886257075 0.5282229128620554 0.4913977830912767 0.5545860090321043
0 0.8572 0.40206718750000003 0.8487691956472541 0.37655688088990225 0.47725169672334183 0.49933828822152365 0.48568250107608774 0.5248485948316215
0 0.8559765090700855 0.37429768902185245 0.8439203124999999 0.3363625 0.43019380401711677 0.46784907595066977 0.4422500005872023 0.5057842649725222
0 0.8405155869223708 0.33568877768133787 0.828931312787712 0.2992355883145638 0.41961120897576454 0.42931134776804275 0.4311954831104233 0.4657645371348168
0 0.8402625 0.28728593750000014 0.8281123091875712 0.24507180312203078 0.39983749999999996 0.3683390624999999 0.4119876908124289 0.4105531968779693
0 0.8185546875 0.24968281250000005 0.8068858481321186 0.20731172731597275 0.3849950708246407 0.32349887923360676 0.3966639101925221 0.36586996441763403
0 0.8116723940093451 0.20251767380881117 0.8024656680228244 0.16729883270416204 0.3722202023016165 0.27977136120298574 0.38142692828813735 0.31499020230763486
0 0.7977237208233339 0.16760730592631456 0.7877057003158592 0.12905813125317853 0.35851249999999996 0.2405953125 0.36853052050747465 0.279144487173136
0 0.8182104172910524 0.11998325259094382 0.8098484374999998 0.08389062500000002 0.34171355651019863 0.19234863084786685 0.3500755363012511 0.22844125843881063
0 0.800147202553634 0.085133625895879 0.7930406249999999 0.05489375000000003 0.3315147037492781 0.16335549645933772 0.33862128130291214 0.1935953723552167
0 0.7926240289795561 0.05423731731856034 0.7849124609209495 0.020376427953552635 0.3212031249999999 0.12598281249999999 0.32891469305860666 0.15984370186500768
0 0.7835942368277796 0.02292858801672797 0.7758967021895893 -0.013121419070389462 0.3108667441358358 0.08617354642752624 0.3185642787740261 0.12222355351464367
0 0.6887453124999999 6.661338147750939e-17 0.6815800089216195 -0.035750971894753535 0.2986265625 0.0410015625 0.30579186607838044 0.0767525343947536