0 0.2204545210293102 0.18344155333196027 0.17167761605593834 0.18265219490591367 0.16249109086559363 0.7503160741516481 0.21126799583896552 0.7511054325776947
0 0.2845183974859301 0.2772802723334181 0.24008750937500006 0.27669270781250005 0.23396407058929092 0.7397394266934232 0.278394958700221 0.7403269912143413
0 0.32782885937500006 0.2783203125 0.28328888630707194 0.27820188438852933 0.2820638421875 0.7389322921874999 0.32660381525542814 0.7390507202989707
0 0.35284706875000005 0.2604166671875 0.33271046093750006 0.2604166671875 0.3327104609375001 0.7364908859375 0.3528470687500001 0.7364908859375
0 0.3754258237853195 0.7364888641536809 0.375268119791644 0.26041287844102246 0.35513124461049794 0.26041954894264724 0.3552889486041735 0.7364955346553056
0 0.3980182439361217 0.7330071628875854 0.3931178856804631 0.31392259905694136 0.37357511986934144 0.31415111273185603 0.37847547812500004 0.7332356765625001
0 0.4205874666826127 0.7329331815148771 0.41386245703173463 0.3122101179544596 0.394938076286622 0.31251261300208255 0.4016630859375 0.7332356765625
0 0.4541635025184093 0.7293239771144623 0.4431414871906171 0.26791777988691845 0.41565927998470775 0.26857427152245605 0.4266812953125 0.7299804687499999
0 0.48526363677165785 0.7284839190847963 0.47424210348588536 0.26546474171507656 0.44555957296422755 0.26614748981778036 0.45658110625 0.7291666671874999
0 0.5304802578125 0.7259114578125 0.5176545337084041 0.2966522220061492 0.47617363428854176 0.2978916189187154 0.4889993583926377 0.7271508547250661
0 0.5750248734375 0.72509765625 0.5585230136809836 0.29716552017742626 0.5183095976582217 0.2987162243559634 0.5348114574147382 0.7266483604285371
0 0.6379202560392755 0.7246598085089915 0.6200056577105371 0.24846642665507876 0.5614480810457281 0.25066938768945995 0.5793626793744664 0.7268627695433726
0 0.7007757811540138 0.7231074581221815 0.6821920763967299 0.24972509530482556 0.6261081413154984 0.2519267981417739 0.6446918460727823 0.7253091609591299
0 0.754739328043806 0.7231281803539468 0.7314503246196268 0.24799861449559404 0.6874222428535124 0.2501566998278732 0.7107112462776916 0.7252862656862259
0 0.807635675486827 0.7207573182048964 0.7822891879709509 0.2392607390344311 0.7371737106624526 0.2416356653201852 0.7625201981783287 0.7231322444906506
0 0.8447864921875002 0.7177734375 0.8227896232151659 0.25409481504590264 0.7923096022513172 0.25554078429043503 0.8143064712236514 0.7192194067445323
0 0.8948571528753145 0.7216316604738211 0.8678383293340006 0.24581862895901066 0.835463476458686 0.24765702004768952 0.8624822999999999 0.7234700515625001
0 0.9449286412781568 0.7172211363549319 0.9147362848978935 0.248815383977908 0.8682917561197367 0.2518090913729761 0.8984841125 0.72021484375