0 0.824265625 0.1954421875 0.1961921875 0.03870312500000002 0.1854873620076094 0.08159872765070109 0.8135607995076093 0.23833779015070106
0 0.8070375000000001 0.247740625 0.18909225414842232 0.08483058753665311 0.1771403268882058 0.13016626325200842 0.7950855727397834 0.2930763007153553
0 0.6975078124999998 0.28203281249999995 0.20724113091699495 0.14852252094746948 0.19676685867095087 0.1869853737833838 0.6870335402539557 0.3204956653359143
0 0.6830421875 0.3212484375 0.1901015728463935 0.18175046733457642 0.18048157933378542 0.21574440652555776 0.6734221939873919 0.3552423766909813
0 0.6625609375 0.35583906249999997 0.17133012612977455 0.21311833655205287 0.1636602326299176 0.23951736151519726 0.654891044000143 0.38223808746314447
0 0.6503375 0.38367031250000005 0.1623295945025331 0.23449782794902818 0.15376396950253307 0.26251970294902816 0.641771875 0.4116921875000001
0 0.697740625 0.43420000000000003 0.13885178346502486 0.25977841331940266 0.11842263060137825 0.3252383474639787 0.6773114721363535 0.4996599341445761
0 0.6713640625000001 0.5052296875000002 0.11827408468437364 0.32237391051615977 0.09846537331260759 0.3822899816071731 0.651555351128234 0.5651457585910133
0 0.6511156250000001 0.5714609375 0.10167031250000003 0.3802656250000001 0.08603284050094913 0.4252036288500083 0.6354781530009491 0.6163989413500083
0 0.6379687500000001 0.6185078125000002 0.08477500000000002 0.4233812500000001 0.06936371419721951 0.46707303074134277 0.6225574641972196 0.6621995932413428
0 0.625303725739464 0.667616845481381 0.06726562500000004 0.4644515625 0.05698221176053606 0.49269721701861896 0.6150203125 0.6958624999999999
0 0.6138314165355581 0.6993689574311682 0.059950167526323095 0.4908903061602528 0.05024687599076518 0.516669786229085 0.6041281250000001 0.7251484375000004
0 0.6038896910436116 0.7288519201712604 0.05003906250000003 0.51675 0.044731866020500145 0.5306084040333159 0.5985824945641116 0.7427103242045764
0 0.5989409284577156 0.7421331731419397 0.05067343750000004 0.5308718750000001 0.04684500904228439 0.5408074518580606 0.5951125 0.7520687500000002
0 0.5941567773551848 0.7641314964457393 0.04208437500000006 0.546815625 0.02781822264481555 0.5830575660542607 0.5798906250000003 0.8003734375
0 0.5820719093986723 0.8056853021256647 0.03713593750000006 0.583253125 0.0219749656013279 0.6203959478743355 0.5669109375000001 0.8428281250000002
0 0.5676576389070013 0.8507798578635162 0.0224703125 0.6271671875000001 0.006423611092998982 0.6662904546364838 0.5516109375000002 0.889903125
0 0.5527243897988807 0.8965507769468453 0.0061011498687018936 0.6647500136878717 -0.010791989930178759 0.7045867367410262 0.53583125 0.9363875
0 0.5348344634644274 0.9436455952467648 0.002171875000000112 0.7138093750000002 -0.00241649135024371 0.7244432563539482 0.5302460971141836 0.9542794766007129