0 0.06773986595966058 0.9458452587349251 0.05621585625000001 0.21818635156250005 0.008921815290339426 0.21893535220257476 0.020445825 0.9465942593749999
0 0.09281063520580855 0.9462628256416398 0.08141227881033654 0.21893912304247037 0.06026364985452799 0.2192705567758307 0.07166200625000001 0.9465942593750002
0 0.12289561692491009 0.949523394986049 0.1146944716102237 0.08129553935556272 0.08053292031031362 0.08161822405701384 0.08873406562500001 0.9498460796874999
0 0.15295753125000006 0.08269380781250002 0.1139356796875 0.08269380781250002 0.11393567968750007 0.9498460796874999 0.15295753125000014 0.9498460796874999
0 0.2057996234375 0.9574336625 0.19927081996687773 0.018374118863209575 0.14645388906249998 0.018741328124999998 0.15298269253312227 0.9578008717617903
0 0.25865491637927746 0.017754850696145873 0.20175204559084983 0.017654551934022267 0.20010893593750012 0.9498460796875003 0.25701180672592777 0.9499463784496239
0 0.31067257830818285 0.9475782435202722 0.3090352582573925 0.01539671090449116 0.25212666276170964 0.01549666738421881 0.25376398281249996 0.9476782
0 0.3708295390625 0.9498460796874999 0.36594452854568604 0.023865144769285137 0.3057932318649118 0.02418247281115409 0.3106782423817257 0.9501634077293689
0 0.43098822812500004 0.9520139609375 0.42445130228731587 0.030307438240492583 0.368383272524928 0.030705083850452404 0.37492019836261203 0.9524116065474597
0 0.49439873906250026 0.10762443593750004 0.4350584910277709 0.10705385658940376 0.42685080139650433 0.9606535182954378 0.4861910494312337 0.9612240976435341
0 0.5529375197578512 0.10558303908558193 0.48708214062499994 0.10545655625000008 0.48544582056824453 0.9574336425050877 0.5513011997010958 0.9575601253406696
0 0.5984570109375001 0.09678503281250007 0.5423630984375001 0.09678503281250007 0.5423630984375001 0.9498460796874999 0.5984570109375003 0.9498460796874999
0 0.6447954609375003 0.09895291406250008 0.596022323094645 0.09890643388691742 0.5952051906250002 0.9563497218750001 0.6439783284678555 0.9563962020505826
0 0.706580059375 0.09786897343750009 0.6456181716413336 0.09769534781787603 0.6431695895662733 0.9574197703409414 0.7041314772999397 0.9575933959605655
0 0.7505027585483667 0.09815193949607827 0.7000764436313097 0.09786433695598115 0.6951755975829432 0.9571460599599032 0.7456019125000002 0.9574336625000004
0 0.7805670167599197 0.9573694667131966 0.7789411173119475 0.09239118851534514 0.7447889677395279 0.09245538430214867 0.7464148671875 0.9574336625000001
0 0.8520990500000003 0.9455103187500002 0.8504731406250002 0.1704929765625 0.7756793114351862 0.17064988658431787 0.7773052208101862 0.9456672287718181
0 0.9333945765625001 0.17049297656250012 0.8464125867226533 0.17022191082062404 0.8439695458075933 0.9541666416499867 0.9309515356474402 0.9544377073918628
0 0.9797508455581097 0.12519772831998874 0.935065432147846 0.12493418395729128 0.9301427546875003 0.9596015437500002 0.974828168097764 0.9598650881126976