0 0.20249062300122594 0.2321554903482183 0.16431306207893648 0.22037391285682606 0.019908891189712175 0.6883077727821127 0.05808645211200163 0.7000893502735049
0 0.24254261033690233 0.24367519063066392 0.203414281659895 0.23139215937770946 0.05674044397872573 0.6986304176640251 0.09586877265573308 0.7109134489169796
0 0.2458498474134822 0.3019572924841818 0.22279834405190352 0.2949255902957757 0.09596412163842138 0.710716735311594 0.1190156250000001 0.7177484375000001
0 0.2686171875000001 0.308609375 0.2443134824258085 0.3013350755565015 0.11957910742580849 0.7180772630565014 0.14388281250000007 0.7253515625
0 0.3027406250000001 0.29902500000000004 0.2816480022475836 0.29540340002592114 0.20478125000000005 0.743084375 0.2258738727524166 0.746705974974079
0 0.34077812500000015 0.27439687500000015 0.3126929230261247 0.26932562773062696 0.2259769693019643 0.7495694307509713 0.2540621712758397 0.7546406780203444
0 0.37145045577672414 0.28227688441650467 0.342709375 0.27675625000000004 0.25002580648244077 0.7592779546566925 0.278766887259165 0.764798589073197
0 0.4116432990714759 0.23122860834613396 0.382234375 0.22566718750000003 0.27829329420590126 0.7753100643029268 0.30770221827737715 0.7808714851490607
0 0.4427734375000001 0.24013750000000006 0.4111347510065236 0.23427472700968957 0.3086703125000001 0.7872281250000002 0.3403089989934766 0.7930908979903106
0 0.4789390625000002 0.24765781250000013 0.44780083094773176 0.24166475440967566 0.34106250000000016 0.7962468750000001 0.37220073155226857 0.8022399330903246
0 0.5118203125000003 0.2575046875000001 0.48016033479427245 0.25137905523557524 0.3733421875000001 0.8034625000000002 0.40500216520572785 0.8095881322644249
0 0.5540671875000002 0.33164687500000006 0.5192164782809601 0.32376233798394416 0.4093968750000001 0.8091796875000001 0.4442475842190402 0.8170642245160561
0 0.6090109375 0.34932968750000004 0.5755097523693067 0.34015603112265236 0.4445660023693067 0.8183482186226524 0.47806718750000005 0.8275218750000001
0 0.6064671875000002 0.45372031250000006 0.5800903771867435 0.446744688721542 0.4835685021867434 0.8117212512215419 0.5099453125000001 0.818696875
0 0.6383062500000002 0.46175312500000015 0.6089334124040595 0.4538166301879694 0.5077936830625159 0.828133115589465 0.5371665206584566 0.8360696104014957
0 0.7021023949418794 0.4091766222924459 0.6648576099152895 0.39867873189621 0.5392114649734101 0.844450547103764 0.57645625 0.8549484375
0 0.743746875 0.4198312500000002 0.7053070265454541 0.4088946725289526 0.5777812500000001 0.8571218750000001 0.616221098454546 0.8680584524710477
0 0.7778847252872958 0.39634771111195366 0.7546877128119683 0.38967175796665804 0.6183023400953742 0.8635716076964922 0.6414993525707017 0.8702475608417878
0 0.8042156234929596 0.40268348702888757 0.7797276181394212 0.3956189427200515 0.6426113054562783 0.8709086220334854 0.6670993108098167 0.8779731663423215
0 0.8349671875000002 0.42371718750000004 0.8020132839937366 0.41435032620887025 0.670375 0.8774718750000001 0.7033289035062636 0.88683873629113
0 0.8727231193194303 0.43249700485307424 0.83860375700764 0.42265077819447994 0.7044322001882097 0.8875850233414055 0.7385515625 0.89743125
0 0.9120229368861971 0.42756200762766666 0.8931734375 0.4220562500000001 0.7504173412073791 0.9107956990309443 0.7692668405935763 0.9163014566586108