0 0.67174375 0.21695156250000008 0.17468750000000005 0.1936890625 0.1727990694476455 0.23403967867361763 0.6698553194476455 0.2573021786736177
0 0.6694569161038239 0.2581726608204028 0.17497133826453004 0.2321317015762717 0.1730800471607063 0.268044978255869 0.6675656250000002 0.2940859375000001
0 0.7490984375 0.30138125000000004 0.15657343750000002 0.26410156250000005 0.153899606813983 0.3065995455432388 0.746424606813983 0.3438792330432388
0 0.7446140625 0.3553703125000001 0.15227500000000002 0.3163250000000001 0.14941250346228815 0.3597506612892456 0.7417515659622882 0.3987959737892456
0 0.6588828124999999 0.40081875 0.16529687500000007 0.3623328125 0.16329585590813583 0.3879960793598294 0.6568817934081357 0.4264820168598294
0 0.657090625 0.42919999999999997 0.16224149723930434 0.3870436539083031 0.16014600485096736 0.4116414351852239 0.6549951326116631 0.45379778127692083
0 0.7469623829885654 0.4634656164442136 0.14315197476983724 0.40911886172452344 0.13971302928127183 0.44732668278030996 0.7435234375000002 0.5016734375000002
0 0.7443327404847955 0.5053299676667582 0.14179218750000006 0.45003593750000015 0.1381250720152046 0.489996594833242 0.7406656249999999 0.545290625
0 0.7333103425712293 0.5514845575708189 0.14096250000000005 0.491909375 0.1374062702165224 0.5272684783888388 0.7297541127877516 0.5868436609596579
0 0.677393565979262 0.5857832512475606 0.13678593750000007 0.5316468750000001 0.13386580902073808 0.5608073737524395 0.6744734375 0.6149437500000001
0 0.6765043497781517 0.6196278081854898 0.1397046875000001 0.560521875 0.13659565022184852 0.5887581293145102 0.6733953125000001 0.6478640625000001
0 0.6517200576457907 0.6518448772715932 0.13970937500000002 0.5944499999999999 0.1369408798542093 0.6191473102284067 0.6489515625 0.6765421875000001
0 0.6495550157898405 0.6792910076524038 0.1392796875000001 0.6211875 0.13643092171015966 0.6462058673475962 0.64670625 0.704309375
0 0.6475769568026633 0.7103395996485387 0.13240625000000006 0.6526062499999999 0.1292574181973368 0.6807041503514613 0.644428125 0.7384375000000001
0 0.6469257757132951 0.7424091963746516 0.13278281250000007 0.6830015625 0.129507036786705 0.7113517411253485 0.6436500000000002 0.7707593750000001
0 0.7730970833113192 0.8110202873062822 0.09632187500000008 0.7354140625000001 0.09139306146077777 0.7795334298970833 0.768168269772097 0.8551396547033653
0 0.7703638990688504 0.8655886549672424 0.09620468750000012 0.781828125 0.09099860093114984 0.8237300950327576 0.7651578125 0.9074906250000001
0 0.7398026313538054 0.907523925983355 0.09646093750000007 0.824709375 0.09346611864619478 0.847974511516645 0.7368078125000002 0.9307890625
0 0.7401689765499826 0.9352625336364007 0.09603125000000012 0.851446875 0.09305712793417975 0.874303513689321 0.7371948544841621 0.9581191723257216