0 0.12538041308101483 0.7863305014758687 0.11887251293448384 0.3263002693431131 0.09496241235346903 0.32663851786724457 0.10147031250000002 0.7866687500000002
0 0.15035244363535735 0.7982308041086216 0.14489901814456582 0.3270633014852346 0.11796875 0.327375 0.12342217549079153 0.798542502623387
0 0.1948376573738477 0.7856451224674024 0.1887585080369409 0.34729154728826617 0.15178960066309316 0.3478042373208638 0.15786875 0.7861578125000002
0 0.22753544243688886 0.7860164556510266 0.22432423440288757 0.3499457997533274 0.1919265625 0.350184375 0.19513777053400133 0.7862550308976993
0 0.2717768510226834 0.27569420154198065 0.22630627504254552 0.27568751501365363 0.22622907795492594 0.8006529180391091 0.27169965393506385 0.8006596045674362
0 0.30052187500000016 0.3411671875000001 0.27533446988499943 0.3407082317246096 0.26713781703802286 0.7905389712292933 0.2923252221530236 0.7909979270046836
0 0.33244218750000015 0.3123734375000001 0.30449673262776333 0.31172682145417047 0.2935468750000001 0.7849578125000001 0.32149232987223686 0.7856044285458297
0 0.3762234375000001 0.33472031250000006 0.33639421385458423 0.3334270506206503 0.3217889409152967 0.7832328413810707 0.36161816456071255 0.7845261032604205
0 0.41119285423464963 0.33601843767265904 0.37703281250000004 0.33479062499999995 0.36157536625140285 0.7648456494522546 0.39573540798605245 0.7660734621249138
0 0.4403468750000002 0.339240625 0.41116352620192886 0.3381109726632995 0.3941543747097137 0.7775240421802398 0.42333772350778504 0.7786536945169404
0 0.4696203125000002 0.3407125000000001 0.4412753496280978 0.3393558444310721 0.42056128712809776 0.7721402194310721 0.4489062500000002 0.7734968750000001
0 0.5096593750000001 0.33114531250000007 0.47236674463654704 0.32915655692808904 0.44786476885780113 0.7886112726290346 0.48515739922125417 0.7906000282009457
0 0.548374077934978 0.34593011554079117 0.51285 0.34340625 0.48100416745019076 0.7916448027753108 0.5165282453851688 0.7941686683161019
0 0.5771734375000002 0.3435875000000001 0.5497682679819111 0.3415002022656778 0.5162281330930585 0.7818653055158047 0.5436333026111476 0.783952603250127
0 0.6094313002434738 0.3482584673198394 0.5786291222023487 0.34590221595346593 0.5445040719588752 0.7920031236336266 0.5753062500000002 0.7943593750000001
0 0.639584375 0.3490484375000001 0.6130277827731397 0.34682238678456534 0.5756855952731398 0.7923114492845654 0.6022421875 0.7945375
0 0.6680453125 0.35044843750000004 0.6431922541139823 0.3478531036092126 0.5977332123377929 0.7831713582069822 0.6225862707238106 0.7857666920977697
0 0.725875 0.3522406250000001 0.6736610219651273 0.34607831613529416 0.6224816503415168 0.7797272364448636 0.6746956283763896 0.7858895453095694
0 0.7854203125000001 0.3530937500000001 0.729857762793477 0.34602651218940184 0.6741169686357622 0.784260052516089 0.7296795183422854 0.7913272903266872
0 0.7974828125000001 0.35523750000000015 0.7853957806312866 0.35383585943036455 0.7353406250000001 0.7854859375000001 0.7474276568687136 0.7868875780696357
0 0.8374812500000003 0.35546875000000017 0.8039007518578323 0.35119422856791044 0.7488906132387292 0.7833520471792199 0.7824711113808972 0.7876265686113098
0 0.8887328125000001 0.3577750000000001 0.8512196284154003 0.35256747776514075 0.7891347760641902 0.7998052215669256 0.8266479601487902 0.8050127438017849
0 0.9202484375000001 0.3616218750000001 0.8940135822428423 0.3576987736904564 0.8280390070443826 0.7988888665319255 0.8542738623015402 0.8028119678414691