0 0.7409303534991335 0.8994253875313396 0.7401452513089387 0.8691943349606601 0.3312758353098052 0.8798126974293208 0.3320609375 0.9100437500000002
0 0.7449255594613059 0.8740669919196519 0.7446391847038304 0.8457434628759168 0.33849643774252447 0.849849908456265 0.33878281250000003 0.8781734374999999
0 0.7595953125000001 0.816128125 0.32337063625455154 0.8042722644178646 0.32220312500000015 0.8472296874999999 0.7584278012454486 0.8590855480821353
0 0.7720031250000001 0.7770078125000002 0.33149864196751644 0.7611365661780549 0.32998750000000016 0.8030781250000001 0.7704919830324839 0.8189493713219453
0 0.7765671875000001 0.7323734375000001 0.338063810352443 0.7084351665343654 0.33568437500000015 0.7520218750000001 0.7741877521475573 0.7759601459656347
0 0.779559375 0.6841593750000001 0.34415960271496915 0.6482668541974675 0.34037500000000004 0.6941765625 0.775774772285031 0.7300690833025326
0 0.7952343750000002 0.6390062500000001 0.3671126545017897 0.5992149332238597 0.3635140625000001 0.6379328125 0.7916357829982106 0.6777241292761402
0 0.7961078125000002 0.6028093750000001 0.3705538128608266 0.5576257663820765 0.36644687500000017 0.59630625 0.7920008746391737 0.6414898586179236
0 0.8063358115111547 0.5616182692081899 0.3444685961664655 0.5017475229115127 0.3381078125000001 0.5508171875000001 0.7999750278446894 0.6106879337966773
0 0.8176168256673725 0.49312999130828983 0.39658750000000004 0.47535937500000003 0.3956118194545694 0.4984756313516616 0.8166411451219417 0.5162462476599514
0 0.8349002406427932 0.47058110944635345 0.4036703125000001 0.4476921875000001 0.40259418964761257 0.46796646609623754 0.8338241177904056 0.4908553880425909
0 0.837095856245243 0.4472507344368436 0.4070421875 0.41606718750000005 0.4052806650202963 0.44036042157334265 0.8353343337655392 0.47154396851018615
0 0.845930843728578 0.4207447440909421 0.4243078125000001 0.38689062500000004 0.4222005272679336 0.4131349938113803 0.8438235584965115 0.44698911290232235
0 0.8431081812075025 0.39288861864580255 0.41977656249999995 0.3563515625 0.417443842471733 0.3833793050093296 0.8407754611792354 0.4199163611551321
0 0.8437800739613175 0.3672273649986722 0.40832968750000004 0.3212859375 0.4056264978779942 0.34690780059109994 0.8410768843393116 0.39284922808977213
0 0.8480038293942103 0.34412356994864 0.43400156250000005 0.29441875000000006 0.4309855342744462 0.31953990572868907 0.8449878011686565 0.369244725677329
0 0.8696105405113173 0.3056262080126146 0.43379687499999997 0.2018546875000001 0.4238781880102499 0.2435106188452189 0.859691853521567 0.3472821393578335
0 0.882114982128285 0.26530857871325497 0.44433124999999996 0.14835937500000002 0.43351429164262945 0.18885121461591364 0.8712980237709145 0.3058004183291686