0 0.7817296875 0.09407187500000005 0.29338169668200176 -0.007910716459520817 0.2885166355162874 0.015385836525468733 0.7768646263342857 0.11736842798498962
0 0.7678030436036954 0.12360310363967128 0.2915639240445883 0.027515042176553976 0.28841249999999996 0.04313437500000004 0.7646516195591071 0.13922243646311733
0 0.848014944213497 0.15347895645620688 0.28781723995973124 0.044128026022455004 0.28105484041862916 0.07877135903430485 0.8412525446723949 0.18812228946805673
0 0.84138020453779 0.18536060274792462 0.2799390967303806 0.08245483195171979 0.2726603198450492 0.12216693484317535 0.8341014276524585 0.2250727056393802
0 0.8337974061999878 0.2787491677555666 0.263060974509704 0.19978953878260822 0.25335900468030015 0.2699173713576215 0.8240954363705839 0.34887700033057983
0 0.8531385064817731 0.36796529192142086 0.25138281250000005 0.2715328125 0.23989517589884893 0.3432176927043823 0.841650869880622 0.43965017212580315
0 0.8397828433493324 0.4443801929269787 0.23850629731442624 0.3497843251407103 0.22722474322647085 0.42149288952787983 0.828501289261377 0.5160887573141484
0 0.7569874038917728 0.5040384222705547 0.22699435265340048 0.42831096191899765 0.22017500000000007 0.4760375 0.7501680512383724 0.5517649603515571
0 0.7471171875 0.5508531249999999 0.22238903973390106 0.4812810775904883 0.21677500000000008 0.5236234375000002 0.7415031477660989 0.5931954849095118
0 0.7782843750000001 0.603925 0.2143275689123469 0.5312963319325701 0.2083265625000001 0.5778937500000001 0.7722833685876533 0.65052241806743
0 0.780817547095964 0.658936326405233 0.2009219562134529 0.5867443949189151 0.19481671449646382 0.6357859246309293 0.7747123053789748 0.7079778561172472
0 0.7371734375 0.726859375 0.1993468750000001 0.69440625 0.19715021051640638 0.7308102791397835 0.7349767730164063 0.7632634041397834
0 0.738690625 0.7979359375 0.1903015625000001 0.7646140625000001 0.18808980163904598 0.8010137388391263 0.736478864139046 0.8343356138391261
0 0.7381500000000001 0.87194375 0.1729000000000001 0.8416578124999999 0.17091470984955096 0.8787108262144139 0.736164709849551 0.908996763714414
0 0.7478906250000001 0.9546718750000001 0.1546906250000001 0.9302953125 0.15305491923593653 0.9700999674525808 0.7462549192359365 0.9944765299525807