0 0.13774321562500005 0.863715278125 0.1352972548855056 0.2645778923948095 0.09054998504382657 0.2647605718066424 0.092995945783321 0.863897957536833
0 0.18574563437499997 0.8637152781250002 0.18566267773515116 0.2680060580361573 0.14172841250321158 0.2680121761872534 0.14181136914306042 0.8637213962760963
0 0.23701524815970765 0.8624579452788023 0.23455642124485093 0.2700071233944661 0.1923497515625 0.2701822921875 0.19480857847735672 0.8626331140718362
0 0.28093686875000023 0.25390625000000006 0.23781758328527453 0.2538485152972258 0.23699667671317495 0.8669443332601459 0.2801159621779007 0.8670020679629202
0 0.3346724843250627 0.2518575320190567 0.2875986600790468 0.250984470972329 0.2761057112463196 0.8706628490743608 0.3231795354923355 0.8715359101210884
0 0.382663680811618 0.2752121881356695 0.34443696885907377 0.2745208744904424 0.3338208875000001 0.8615451390625 0.37204759945254434 0.8622364527077272
0 0.42007115558985986 0.27721451369810046 0.38263770466580077 0.2766406300728983 0.37367946626344106 0.8609712554372978 0.41111291718750015 0.8615451390625
0 0.4469238427478507 0.30650280351959575 0.42346954375 0.30598958281250005 0.4112199491776679 0.8657987443091129 0.4346742481755186 0.8663119650162084
0 0.4688907086587667 0.30522666768190326 0.4461156974017766 0.3048633267717546 0.43714812656250013 0.8669704859375 0.45992313781949024 0.8673338268476487
0 0.5063041515625002 0.2799479171875 0.4755646231541474 0.2793470139609776 0.464141516330624 0.8637021999790038 0.49488104473897676 0.8643031032055262
0 0.5429161640625001 0.2799479171875 0.5128319569971309 0.27919179786872333 0.49816814843749996 0.8626302078125002 0.5282523555028692 0.8633863271312769
0 0.5892955686897482 0.18973450635352304 0.5553054812499999 0.18880208281250005 0.5357748875602517 0.9007602842714771 0.569764975 0.9016927078125001
0 0.5974273843750001 0.3320312500000001 0.5860171879088536 0.3317504702148062 0.5721859832213536 0.893816442089806 0.5835961796875001 0.894097221875
0 0.6088177890625002 0.27886284687500007 0.5982466026024448 0.2786191774013007 0.5844097796875002 0.87890625 0.5949809661475556 0.8791499194736992
0 0.62346259375 0.28103298593750003 0.6121476127571394 0.2806930025296473 0.5941426121165737 0.8799170685248618 0.6054575931094344 0.8802570519327146
0 0.6495489093468116 0.2001792480473533 0.632616678125 0.19965277812500007 0.6114119640906883 0.8816349878901468 0.6283441953125 0.8821614578125001
0 0.6755838910315021 0.20242485330062623 0.657030740625 0.20182291718750003 0.6350126542809981 0.8804744529493738 0.6535658046875001 0.8810763890625
0 0.6999410218750002 0.3569878468750002 0.671602993780344 0.3560543463021765 0.6543794046875001 0.8789062500000002 0.6827174327821564 0.8798397505728237
0 0.7332986343750003 0.35698784687500007 0.7049178692970226 0.35610301126858435 0.6885506171875002 0.8810763890625001 0.7169313822654779 0.8819612246689159
0 0.7739786484375001 0.3548177078125001 0.7442229846398936 0.35375526907044963 0.7254006777770888 0.880910588937723 0.7551563415746954 0.8819730276797735
0 0.798418661411365 0.3180639891305463 0.7734283263986412 0.3172189374106929 0.7545841975282811 0.8744878979128246 0.7795745325410048 0.8753329496326779
0 0.8513360268842606 0.32870628642648175 0.8165359499999998 0.327690971875 0.800100935140615 0.8910038682240875 0.8349010120248759 0.8920191827755692
0 0.8952050937499999 0.3309461796875001 0.8604812624999999 0.32986111093750015 0.8427957354355087 0.8958245647322045 0.8775195666855087 0.8969096334822046