0 0.1174454488387326 0.8878262727179042 0.10667250446883551 0.29544372410652453 0.06017453531760293 0.29628932638862016 0.07094747968750001 0.8886718749999998
0 0.15800977901984353 0.8774511743486594 0.1523035503729861 0.30016371181408064 0.11178334531250003 0.30056423593750003 0.11748957395935748 0.8778516984720788
0 0.20194369309633298 0.8805108112683391 0.1945675152423311 0.29682849348065976 0.14981293308349813 0.2973940712748207 0.15718911093750002 0.8810763890625001
0 0.2304131375000001 0.8821614578124999 0.22632849353705237 0.29818489224331274 0.1964187625 0.29839409687499996 0.2005034064629477 0.8823706624441872
0 0.28661366920823317 0.20189327494123926 0.22571563750000007 0.20182291718749998 0.22490086516676705 0.9070476969337609 0.28579889687500015 0.9071180546875002
0 0.34844830972834673 0.20304261219484038 0.2900060015625 0.20290798593749998 0.28837142744994565 0.9124893550777348 0.3468137356157924 0.912623981335075
0 0.4078389421875003 0.2029079859375001 0.35511812143418936 0.2026057626042133 0.3510501198716893 0.9122411797917133 0.4037709406250002 0.912543403125
0 0.4688589640625002 0.20616319531250005 0.41513587844959465 0.2056674129300792 0.4086265226131888 0.9110226116697488 0.4623496082260944 0.9115183940521698
0 0.5333050898003756 0.2632818915274878 0.4723959088050892 0.26180110543503743 0.45682250337971375 0.9023820607825497 0.5177316843750001 0.903862846875
0 0.5933965109375003 0.2701822921875 0.5389157306843643 0.2688945371413477 0.5241685849098536 0.8927989129794922 0.5786493651629896 0.8940866680256445
0 0.6536187075275837 0.2696372663593601 0.5974645125 0.2680121531250001 0.5793919714937148 0.8924910945635757 0.6355461665212986 0.8941162077979357
0 0.7170637562500002 0.2712673609375001 0.6608037019237287 0.26927264359602354 0.6388364941112287 0.8888472967210234 0.6950965484375001 0.8908420140625001
0 0.74960776875 0.3135850703125001 0.7253119117069924 0.3126947474901921 0.7040461531250001 0.893012153125 0.7283420101680077 0.893902475947308
0 0.7821941657277474 0.31255589542283063 0.7544893703125 0.31141492968750006 0.7306672457663039 0.8898609482418502 0.7583720411815513 0.8910019139771809
0 0.8204319856612194 0.3082516686213559 0.7911027680317788 0.30704112957135676 0.7666537683080594 0.8993971000125012 0.7959829859375 0.9006076390625001
0 0.8456126046875001 0.30598958281250016 0.8212886468169396 0.30500280124265694 0.7976101859375001 0.888671875 0.8219341438080606 0.8896586565698433
0 0.879794257247825 0.30568939144976043 0.8563414239928901 0.3048737484154807 0.8358494000000002 0.894097221875 0.8593022332549352 0.8949128649092797
0 0.9359561401062573 0.30851587667169617 0.8816401156250002 0.30598958281250016 0.854666077488913 0.8859389463534215 0.90898210197017 0.8884652402126175
0 0.9994226109375 0.3103298609375001 0.9432604914071909 0.3075541733355701 0.9146021237399078 0.8874157792866052 0.9707642432702167 0.8901914668885352