0 0.061699680325710125 0.16075823991544513 0.0315149962472774 0.15947771430741595 0.003844034375000105 0.8117405328125 0.03402871845343283 0.8130210584205292
0 0.09317347695289308 0.16758042938237092 0.06303513744740172 0.16634821723544524 0.0366965468750001 0.8105565921875 0.06683488638049147 0.8117888043344255
0 0.1228756452340903 0.16861543314392927 0.09361548424805931 0.16752434393534327 0.06954900000000011 0.812924553125 0.09880916098603111 0.814015642333586
0 0.15922734218750026 0.2529001515625 0.11663914306948256 0.25174739143195213 0.10151352187500011 0.8105565921875 0.14410172099301782 0.8117093523180479
0 0.1995738750000002 0.2520123125 0.15962905829518312 0.2513521668604471 0.1503482656250001 0.8129245531250001 0.19029308232981718 0.8135846987645531
0 0.23469919687500002 0.24698023125000002 0.21782903437500006 0.24698023125000002 0.2178290343750001 0.7987167093750001 0.23469919687500007 0.7987167093750001
0 0.27998947926907247 0.800691502680781 0.2755427953124999 0.3085473859375 0.2320283160434275 0.30894055356921896 0.23647500000000005 0.8010846703124999
0 0.315498521875 0.8105565921875 0.3083952484375 0.16410136874999998 0.2746329805497926 0.1644723497738693 0.28173625398729263 0.8109275732113692
0 0.346575171875 0.81410849375 0.3431285625 0.16347064531249994 0.31560429111274074 0.16361644902193861 0.31905090048774076 0.8142542974594388
0 0.380315496875 0.8176604734374999 0.37437457733867663 0.1591226489713819 0.34420967582762596 0.15939477799121998 0.3501505953639493 0.8179326024573381
0 0.420277 0.8184185625 0.4193880390211359 0.16050261249111922 0.382979292304439 0.1605518071566689 0.38386825328330315 0.8184677571655495
0 0.4389172484375 0.8176604734374997 0.4388316875 0.1582623125 0.42107353467398784 0.15826461672875597 0.4211590956114878 0.8176627776662558
0 0.47790729877963833 0.15707729726350714 0.4468339633742609 0.1569972756635974 0.4451325906250001 0.8176604734375003 0.4762059260303776 0.8177404950374099
0 0.5152769750000001 0.8164764546874999 0.5130504375 0.1595643953125 0.4766548222048762 0.1596877545980142 0.4788813597048763 0.8165998139730141
0 0.5365867359375 0.8164764546875001 0.5364879374999999 0.1582623125 0.51606605046011 0.15826537784059513 0.51616484889761 0.8164795200280952
0 0.5836456171875 0.8176604734375001 0.5814098125 0.24940814531250002 0.5414594223198399 0.2495653312406721 0.5436952270073399 0.8178176593656721
0 0.6369198390624999 0.820028434375 0.6333593858170994 0.24792665546187626 0.595188428125 0.24816421093749996 0.5987488813704005 0.8202659898506237
0 0.6786513687500001 0.8212124546875001 0.6688674598878757 0.1487277918702335 0.6387195753291153 0.1491664102822476 0.6485034841912397 0.8216510730995141
0 0.72393450625 0.8223963953125002 0.7123918140625001 0.15226152656250003 0.6812057306055166 0.15279868912285016 0.6927484227930165 0.8229335578728503
0 0.762125432514156 0.8156666453281878 0.7425265591315221 0.14924232237956453 0.7149904531798661 0.15005213173887705 0.7345893265625 0.8164764546875002
0 0.7958678986739363 0.8182388661101989 0.7807207301650101 0.1516974541772225 0.7540704752410737 0.15230308181702365 0.7692176437499999 0.81884449375
0 0.8366984125 0.8188444937500001 0.8242642017008146 0.14851945702383645 0.7878726625411582 0.14919450277690569 0.8003068733403434 0.8195195395030694
0 0.8784299421874999 0.8176604734374999 0.8659647812972443 0.1456669661724594 0.8295731234299513 0.1463420141684217 0.842038284320207 0.8183355214334622
0 0.9228250874999999 0.81884449375 0.9036329821345902 0.14896796085099784 0.8645972302844894 0.15008634345694302 0.8837893356498991 0.8199628763559452
0 0.9592291468750002 0.8200284343750001 0.9432292524023549 0.14797013500368336 0.9086206712419621 0.14879407192542404 0.9246205657146074 0.8208523712967407