0 0.950459375 0.8969515625 0.9500439001074689 0.8659009824406227 0.312926712607469 0.8744259824406229 0.3133421875 0.9054765625
0 0.9485546874999999 0.8605968749999999 0.9480041242315439 0.8331691343173586 0.31469466837764004 0.8458816988699246 0.31524523164609625 0.8733094395525658
0 0.9460428961124651 0.832283179752827 0.9455328125 0.8029624999999999 0.3099461829075845 0.8140196216898831 0.31045626652004976 0.8433403014427101
0 0.9469240537772162 0.8020085498373021 0.9462718750000001 0.7718046875 0.3112493837227838 0.785516450162698 0.31190156249999995 0.8157203125000002
0 0.9486828125000002 0.7725671875000001 0.9479806485248925 0.7380018859271995 0.3108009610248922 0.7509456359271994 0.311503125 0.7855109375
0 0.949216214228351 0.73519897571866 0.9480453125 0.7010812500000001 0.30710190319735725 0.7230780780393664 0.30827280492570824 0.7571958037580263
0 0.9500872705770901 0.6987064659454736 0.9487859375000001 0.6614218749999999 0.28789241692291 0.6844888465545262 0.28919374999999997 0.7217734375
0 0.9496890624999998 0.6560390625 0.9482463907981543 0.6189694746984206 0.28757028977954197 0.6446816223523686 0.28901296148138755 0.681751210153948
0 0.9415015624999998 0.6129015625 0.9400915722519537 0.5827523720392571 0.3097071972519537 0.6122336220392571 0.3111171875 0.6423828125000001
0 0.9457859375 0.5815578125000002 0.9441121984148845 0.5487498610375684 0.30554713117116794 0.5813270645444396 0.3072208702562834 0.6141350160068714
0 0.9463390625000001 0.5468531250000002 0.9439723148005834 0.49789535154219255 0.28762231480058353 0.5296250390421924 0.2899890625 0.5785828125
0 0.9448723296040926 0.4962505693652335 0.9424093750000001 0.4492546875 0.2847199890335809 0.48372279485191605 0.2871829436376735 0.5307186767171495
0 0.9422234375000003 0.445709375 0.9393536283372311 0.3960569009183946 0.279781753337231 0.4341787759183946 0.2826515625 0.48383125000000005
0 0.94411875 0.39137343750000014 0.941058645827819 0.3395955005451682 0.2768039583278189 0.37885331304516795 0.27986406249999995 0.4306312499999999
0 0.9372993421795173 0.33748068162356704 0.9343234374999998 0.294971875 0.27678972032048266 0.3410036933764329 0.27976562499999996 0.3835125
0 0.9349220663580047 0.2948997240284217 0.932 0.2506375 0.2756560586419955 0.29396746347157837 0.278578125 0.33822968750000004
0 0.9340859375000001 0.24519375000000002 0.9319840356215483 0.21506173153684513 0.26573716062154823 0.2615367315368452 0.2678390625 0.29166875000000003
0 0.920769346778641 0.2129891601851309 0.91358125 0.1181015625 0.30400096572135904 0.16427958981486923 0.31118906249999995 0.2591671875000001
0 0.917827633403148 0.11330041139497711 0.9088593749999999 0.012676562499999988 0.2962520540968518 0.06727615110502294 0.3052203125 0.16790000000000008