0 0.20445668750000018 0.3540483125 0.1688356733474924 0.3534738624284313 0.1598277717849923 0.9120438843034313 0.1954487859375001 0.9126183343749998
0 0.2755336396316856 0.3610347726033004 0.24005821696715413 0.3582521298500768 0.19722458906250012 0.9043305125 0.2327000117270316 0.9071131552532237
0 0.34195301718750015 0.36798579687500005 0.2948940765625001 0.36324983593750004 0.24182314457712453 0.8905898774141836 0.28888208520212455 0.8953258383516836
0 0.37053356975183016 0.2644233390398812 0.348538634737951 0.2623048067706269 0.28597737748612095 0.911825613043246 0.3079723125000001 0.9139441453125002
0 0.4075816875000001 0.25118372812500006 0.3766278504204227 0.24795666266536737 0.3064792654741917 0.920818089540693 0.3374331025537691 0.9240451550003257
0 0.4523194168624551 0.25217052265314865 0.42174332662353836 0.24838844918088707 0.33891965976108346 0.9179745718402386 0.3694957500000002 0.9217566453125
0 0.4838103859271913 0.36398523497392066 0.4422871913788645 0.35906699858669483 0.3759016773266734 0.9195399808002742 0.4174248718750001 0.9244582171875001
0 0.5301887187500001 0.3668017765625001 0.49116691956869485 0.36236221664299484 0.42812574769369477 0.9164666760179946 0.46714754687500004 0.9209062359375
0 0.5870404146004666 0.2659147086795805 0.5521730577261577 0.26230152067813306 0.4846665400006911 0.9137411479360523 0.5195338968750001 0.9173543359374998
0 0.6225308546875 0.2637952109375 0.5896130907469248 0.2603356908692092 0.5211482985594248 0.9117867080567089 0.5540660625 0.9152462281249999
0 0.6413353612244806 0.3237619822292494 0.6171456466730956 0.32136471878056133 0.5591732229486148 0.9063385490513118 0.5833629375000001 0.9087358124999998
0 0.6653978015569737 0.3201564789810265 0.642072618731014 0.3179184447379332 0.5849991249865404 0.9127483407569066 0.6083243078125002 0.914986375
0 0.7308551624999999 0.2247237203125001 0.67295309200902 0.21952928704133612 0.6104218045090202 0.916562212041336 0.6683238750000001 0.9217566453125
0 0.7912325984375003 0.21525185781250009 0.7329369753208799 0.21039434860336953 0.6734474112583797 0.9243366298533695 0.7317430343750002 0.9291941390625003
0 0.8731056899578193 0.12074055619357134 0.827821854710959 0.116844332664867 0.75571571319064 0.9548975420962957 0.8009995484375002 0.9587937656250001
0 0.9451633552097058 0.12213236922797732 0.9066602406250002 0.1181651734375001 0.820199298815718 0.9573008565251081 0.8587024134004236 0.9612680523155852