0 0.8614956910613264 0.7855680193527258 0.8565933282374896 0.7579527304265314 0.42482419967616314 0.8346018985738057 0.42972656249999996 0.8622171875000001
0 0.8482843750000001 0.752575 0.845091015815569 0.7347976225479751 0.4244921875000001 0.8103500000000002 0.4276855466844312 0.8281273774520251
0 0.863693819553351 0.7370367374270981 0.8605607047042987 0.7185047796181487 0.3377609375 0.8068921874999999 0.3408940523490523 0.8254241453089491
0 0.8654359374999998 0.7178890625000002 0.8613177431722455 0.6933984332998935 0.33127868067224553 0.7825265582998934 0.3353968749999999 0.8070171875
0 0.8629984374999999 0.6940109375000001 0.8574496342023131 0.6605420426433188 0.3320480717023132 0.7476482926433189 0.337596875 0.7811171875
0 0.852053125 0.6661328124999999 0.8488941243861288 0.6449788731697028 0.23449375000000003 0.7367296875 0.23765275061387117 0.7578836268302971
0 0.8527437499999999 0.6340874999999999 0.849720924003204 0.6162936635032381 0.40171250000000003 0.6924015625 0.40473532599679596 0.7101953989967619
0 0.8493578125000001 0.6147046875 0.8461814350244952 0.5960410553497564 0.3994609375 0.67206875 0.402637314975505 0.6907323821502436
0 0.83178125 0.5960640624999999 0.8275282610229766 0.5707014761351797 0.33391107352297655 0.6534749136351798 0.33816406250000003 0.6788375
0 0.8398937500000001 0.5698546875000001 0.8355734444832947 0.5434699733023032 0.33245000698329474 0.6258527858023031 0.3367703125 0.6522375
0 0.8340015624999999 0.5479359374999999 0.8299248541889993 0.5215114878905774 0.331153125 0.5984609375 0.3352298333110007 0.6248853871094224
0 0.8338828125 0.523046875 0.8254283582777825 0.4647584191258586 0.3354125 0.5358328125 0.34386695422221725 0.5941212683741416
0 0.8286374999999999 0.46819531249999996 0.8204779760594029 0.40734848808938173 0.32721093749999997 0.4734953124999999 0.335370461440597 0.5343421369106182
0 0.82670625 0.4087250000000001 0.8241821341673573 0.3873783980775857 0.29534062499999997 0.44991093750000005 0.29786474083264264 0.4712575394224145
0 0.8149968750000001 0.3888890625000001 0.811969050714076 0.36320213197775564 0.29204687499999993 0.4244875 0.29507469928592406 0.4501744305222445
0 0.7951031249999999 0.3712609374999999 0.7899639908119045 0.3226121661235103 0.2841326478074109 0.3760469204799359 0.2892717819955063 0.4246956918564255
0 0.7946796875 0.3179359375 0.7895147131795274 0.26886739009798777 0.2779999451142313 0.32270963286817755 0.2831649194347038 0.3717781802701898
0 0.7961562499999999 0.2556187500000001 0.7926013014710267 0.22342661276393033 0.3264796875 0.2749 0.33003463602897315 0.30709213723606976
0 0.7888499999999998 0.22932812500000016 0.7862810999024388 0.19995169415271657 0.32466718749999995 0.24031875 0.327236087597561 0.26969518084728356
0 0.790928125 0.1910265625000001 0.7881282584349282 0.14744105244727135 0.25518859739866145 0.18167628191529847 0.2579884639637333 0.22526179196802723
0 0.7877968750000001 0.14136093750000003 0.7855731889829906 0.09263368188447867 0.251809375 0.1169921875 0.25403306101700945 0.16571944311552136