0 0.8826698604612332 0.8474246407359287 0.8572342766738021 0.7674794224728538 0.382873791212569 0.9184032192369254 0.408309375 0.9983484375000001
0 0.848269147850084 0.7795439831558264 0.8321313002769767 0.7227791413666601 0.38805902742689247 0.8490257832108336 0.40419687499999996 0.9057906249999998
0 0.8329531250000002 0.7247890625000002 0.8178560569286674 0.6709661342722193 0.3769169944286671 0.794647384272219 0.39201406250000004 0.8484703125000002
0 0.8145578125 0.6724203125000001 0.8005717497813564 0.6201080952833342 0.3699217497813564 0.735245595283334 0.38390781249999995 0.7875578124999999
0 0.794821875 0.6194265625000002 0.7822378960917256 0.5713785785078345 0.3591410210917255 0.6821895160078345 0.371725 0.7302375000000001
0 0.7877891044234049 0.573599033122392 0.7752273781426373 0.5222855860382433 0.3492445237192324 0.6265678029158513 0.36180625 0.6778812500000001
0 0.7766968750000001 0.5170734375000002 0.7674045459766006 0.48002402163913177 0.2927967334766006 0.5990599591391317 0.3020890625 0.636109375
0 0.7632531250000001 0.4709140625 0.7541898658388794 0.43563766561779077 0.28361174083887936 0.5565392281177908 0.292675 0.591815625
0 0.7423421875 0.4408640625000002 0.7360983994000094 0.4157324005939804 0.33106941314707017 0.5163590592675802 0.33731320124706077 0.5414907211735999
0 0.7358296875 0.41592343750000005 0.7284337409659123 0.38672737836116616 0.3253031249999999 0.4888484374999999 0.3326990715340877 0.5180444966388338
0 0.736921875 0.38119843750000015 0.7284795164706047 0.34763949330170707 0.2631357664706047 0.4647051183017069 0.271578125 0.4982640625
0 0.7245395751848998 0.35385710216962496 0.7165042462139872 0.3201552144514773 0.2593109375 0.4291609375 0.2673462664709125 0.46286282521814764
0 0.7182078125 0.3216328125000001 0.7106806920887582 0.2901156156699228 0.29231875 0.39003124999999994 0.29984587041124183 0.4215484468300773
0 0.7088265625 0.2945796875 0.7028172957488261 0.2676816103131235 0.2813171875 0.36184843749999995 0.28732645425117387 0.3887465146868765
0 0.7015765625000001 0.266165625 0.6948460476591938 0.23603866574267376 0.2765335476591936 0.3294917907426738 0.28326406249999997 0.35961875000000004
0 0.6939062500000002 0.24147187500000014 0.6877537709363326 0.2119202909346197 0.27034062500000006 0.29882343750000007 0.2764931040636676 0.3283750215653805
0 0.68836875 0.21541562500000005 0.6831822707246522 0.1895975078592696 0.21639999999999998 0.2833671875 0.2215864792753477 0.30918530464073046
0 0.677225 0.19146093749999998 0.6747769922435612 0.1793001554272926 0.34963125 0.244753125 0.35207925775643867 0.2569139070727074
0 0.676771875 0.17794062500000007 0.6718499255687244 0.15266914794000372 0.21230312499999998 0.24217187499999998 0.21722507443127573 0.2674433520599963
0 0.6712156134054238 0.15466058075239317 0.6664043495966594 0.12862470581370594 0.20560156249999997 0.213778125 0.21041282630876448 0.23981399993868724
0 0.6656381212333664 0.13134170559545594 0.6610796875 0.10411875 0.19625479255271636 0.181952821829801 0.2008132262860828 0.20917577742525695
0 0.6614500000000001 0.10585468749999997 0.6567043591544868 0.07819038198326422 0.18852812500000002 0.15850312500000002 0.19327376584551317 0.18616743051673573