0 0.2290249525409782 0.8597460066950025 0.16442772939445935 0.27304685879595947 0.12950783032767807 0.27689163770922104 0.1941050534741969 0.8635907856082641
0 0.25831882662091543 0.8568447210237279 0.20504190667180572 0.2709265466988656 0.16549428281249998 0.2745225703125 0.2187712027616097 0.8604407446373621
0 0.2884249722774442 0.8515614664957623 0.23848236905568995 0.26957219351160083 0.20608382500000003 0.27235242968750006 0.25602642822175425 0.8543417026716614
0 0.31771627900572347 0.8485288420046041 0.2726080932787323 0.2688132478459588 0.24106863749999996 0.2712673609374999 0.2861768232269911 0.8509829550961452
0 0.3388284056673502 0.8461839592285161 0.29778015428650007 0.2034826239604762 0.27279905 0.205078125 0.31384730138085015 0.8477794602680397
0 0.3626190860055912 0.8407338203222643 0.323225728300556 0.20481111431642915 0.30139923125 0.2061631953125 0.34079258895503517 0.8420859013183353
0 0.39502911601662827 0.8350790338365295 0.36959196214418544 0.31088895420623636 0.3363927203125 0.3125 0.36182987418494283 0.8366900796302932
0 0.4275667888891306 0.8323872568173141 0.4102975 0.3092447921875 0.3754215870545405 0.31039606981577184 0.3926908759436711 0.8335385344455858
0 0.4503139286412397 0.8263545858548358 0.43795991093750003 0.3287760421875 0.412699992096612 0.3294032024389356 0.4250540098003516 0.8269817461062715
0 0.4779353704923232 0.8222416704829614 0.4647921488206387 0.3281530758151869 0.44109904943811296 0.3287833345595385 0.45424227110979754 0.822871929227313
0 0.5144963593201134 0.8188428055530885 0.5087431359375001 0.3190104171875 0.46902274287065226 0.31946761103783455 0.4747759662532657 0.8192999994034231
0 0.557559153125 0.31901041718750006 0.5186843875 0.31901041718750006 0.5186843875000001 0.8333333328125001 0.5575591531250002 0.8333333328125001
0 0.6014935703125001 0.31901041718750006 0.5599999546875 0.31901041718750006 0.5599999546875001 0.825737846875 0.6014935703125002 0.825737846875
0 0.6462415859375 0.3146701390625001 0.6047994433088106 0.3136546522408084 0.5924150130721395 0.8190647799549108 0.6338571557008289 0.8200802667766025
0 0.6739039968750002 0.31141492968750006 0.6454476827545049 0.3106662650016343 0.63232648666526 0.809395381789581 0.6607828007857554 0.8101440464754468
0 0.7080752093750001 0.3049045140625001 0.6765745907469943 0.30361804312742546 0.6560156268138957 0.807026293237579 0.6875162454419015 0.8083127641726537
0 0.7496174546875001 0.24522569531250013 0.7237636007264523 0.24388875857538955 0.6942475226755808 0.8146744586372832 0.7201013766366285 0.8160113953743936
0 0.78867026875 0.24631076406250013 0.761936846870684 0.2445544319180239 0.7244843087376058 0.8146257054591374 0.7512177306169219 0.8163820376036135
0 0.8195870796875001 0.24414062500000014 0.7947807018171512 0.24229832241301077 0.7523440619980537 0.8137024610896736 0.7771504398684026 0.815544763676663
0 0.8553854937500001 0.24739583281250005 0.8256647956711328 0.244938879606618 0.7787785838126395 0.8121010637996247 0.8084992818915067 0.8145580170055068
0 0.8854887046875 0.2463107640625001 0.8609457572125457 0.24419014654945728 0.8122041059410414 0.8083012036549734 0.8367470534159956 0.8104218211680161
0 0.9155919156250001 0.2615017359375001 0.8910278164603476 0.2591394424893111 0.8383499788294078 0.8069052707939527 0.8629140779940603 0.8092675642421415
0 0.9408135250000003 0.2701822921875001 0.9218313719632627 0.2682070885884652 0.8659622968750001 0.8051215281250002 0.8849444499117377 0.8070967317240351
0 0.9546447296875 0.32552083281250016 0.9396707764472486 0.32400149076803153 0.89118390625 0.8018663203124999 0.9061578594902514 0.8033856623569685
0 0.9806799390625001 0.32552083281250016 0.9631046037475187 0.3236166385849611 0.9113198381059295 0.8015797618819438 0.9288951734209109 0.8034839561094829