0 0.7159518981341269 0.10396353358482383 0.06842500000000001 0.09717187499999999 0.0678970998917821 0.14750266170397938 0.715423998025909 0.15429432028880322
0 0.7140725091808161 0.1544197046724927 0.07049590526101657 0.15000393017244834 0.07017187500000002 0.19722968750000003 0.7137484789197995 0.20164546200004435
0 0.714890625 0.2023890625 0.07138558347482646 0.20207292609551222 0.07136120582133723 0.25169436386158134 0.7148662473465108 0.25201050026606914
0 0.7139504119981526 0.2999205347829447 0.7135948084825644 0.25110909771461465 0.072278125 0.25578124999999996 0.07263372851558816 0.3045926870683301
0 0.714246875 0.3519875000000001 0.7139413657228759 0.3015237255470965 0.07154917822287599 0.3054127880470964 0.07185468749999999 0.35587656249999994
0 0.7212729156324462 0.40152281366386944 0.7208060765502907 0.3543380355328773 0.07006505118200582 0.3607763691446297 0.07053189026416129 0.4079611472756218
0 0.7201243105192797 0.4503682207677322 0.719670227283933 0.40416888807092155 0.0742032871021288 0.4105130428324316 0.07465737033747546 0.45671237552924226
0 0.6319061231553943 0.49257982105979076 0.6314703125000001 0.459215625 0.06944994464872842 0.46655686182822304 0.06988575530412268 0.4999210578880137
0 0.6294359375 0.5292312500000002 0.6288506658265511 0.4926197722495874 0.0744099793376968 0.5014830700006828 0.07499525101114576 0.5380945477510956
0 0.6290612191841372 0.569933542135389 0.6284087232821688 0.5325144635456793 0.07510725823053407 0.5421626684749847 0.07575975413250248 0.5795817470646945
0 0.6297709854193763 0.6106109317727618 0.6291329240543961 0.5740058961647422 0.07908579491127117 0.5835937524854602 0.0797238562762513 0.6201987880934798
0 0.7091041363621469 0.6629186057387814 0.707875 0.6086609375 0.08065109367085216 0.6228698730385511 0.08188023003299899 0.6771275412773325
0 0.7097107987240132 0.7256943469403219 0.7089968749999997 0.672940625 0.08297018043859501 0.6814127345057273 0.08368410416260844 0.7341664564460492
0 0.7099249999999998 0.7883437499999999 0.7092212085006454 0.7362882114828558 0.08623906249999999 0.7447109375 0.08694285399935438 0.796766476017144
0 0.620134375 0.8045578125 0.6199393798394583 0.7908868714464938 0.10670927110003829 0.7982073175706336 0.10690426626058 0.8118782586241398
0 0.6392591766282407 0.8432826107632916 0.638978125 0.8271812500000001 0.09435592715523156 0.83668771083462 0.09463697878347228 0.8527890715979115
0 0.6418642845685765 0.8668336939690009 0.6415405637343276 0.8497477699798207 0.0925953125 0.8601484375 0.09291903333424885 0.8772343614891802