0 0.3051637679948881 0.10233733871642219 0.2624953125 0.09237656250000006 0.1105455215956124 0.7432759251392544 0.15321397709050044 0.7532367013556767
0 0.34649077941525136 0.1149081330506172 0.3028310291652343 0.10505438428102523 0.1559203125000001 0.7559828125 0.1995800627500172 0.7658365612695921
0 0.41345460442767357 0.18316512546322455 0.34296255151998034 0.16659007909825613 0.2026938845923068 0.7631390161350315 0.2731859375000001 0.7797140625
0 0.47134457666585855 0.1565485036265682 0.4248046875 0.14543750000000005 0.2723596791440519 0.7839733182954349 0.31889956830991045 0.795084321922003
0 0.5197401125623321 0.1711298667202456 0.47482955138855665 0.1602882909720103 0.3215411742808869 0.7952759714706987 0.3664517354546623 0.806117547218934
0 0.5866820528109085 0.23927847344626865 0.5180609375000002 0.2226484375000001 0.37585075410635704 0.8094554308565136 0.44447186941726546 0.8260854668027822
0 0.6651375 0.26105781250000015 0.5965363554959933 0.24453394589120087 0.4549628405072152 0.8322962045452051 0.5235639850112221 0.8488200711540044
0 0.7546857692059058 0.2787632618488611 0.674271875 0.25871250000000007 0.526468414960508 0.8514805897350911 0.6068823091664138 0.871531351583952
0 0.8353244026493695 0.30201647286588085 0.7572675166643011 0.28230925160975107 0.6098156250000001 0.866340625 0.6878725109850684 0.8860478462561299
0 0.9129465765813372 0.32772779668415924 0.8462412505950173 0.3099812029963493 0.6933785675542746 0.8845565430730395 0.7600838935405945 0.9023031367608496
0 0.9941437499999999 0.3481515625000001 0.924361032559581 0.32889232995760204 0.7654973863016021 0.9045090848812551 0.835280103742021 0.9237683174236532