0 0.0538475077292187 0.8916232860284516 0.039942416321153286 0.18927991032130068 0.0008500460919345775 0.19005386648034883 0.014755137499999998 0.8923972421874998
0 0.09443306298985395 0.8919116117707595 0.08458524970753759 0.18286912799937496 0.0391437953125 0.18350025937499997 0.04899160859481636 0.8925427431463845
0 0.13434202954934268 0.892716375898466 0.12201357143937053 0.1968434565213174 0.07884447314002786 0.19760826343535148 0.09117293125 0.8934811828125001
0 0.17165550156250006 0.8902293625000001 0.1651176066079019 0.20048145971182443 0.12694296250000003 0.20084330468749995 0.1334808574545982 0.8905912074756757
0 0.2155550859375 0.8891454218749999 0.21392080005912223 0.026242704250494797 0.16840368125 0.026328910937499995 0.1700379671283778 0.8892316285620051
0 0.2586417140625 0.8902293625000001 0.25782247865428115 0.0371316278370319 0.2114851138639465 0.03717612591552556 0.21230434927216538 0.8902738605784937
0 0.31076473866351495 0.037744547832468764 0.2610805796875 0.037168314062500034 0.2511877242738488 0.8901523401900386 0.3008718832498637 0.8907285739600074
0 0.35228862308541653 0.03880794970058017 0.308231984375 0.03825225468750003 0.2974590362333233 0.8923536465520051 0.34151567494373986 0.8929093415650853
0 0.36839067343750015 0.21493452968750004 0.3497398178016402 0.2148204339067294 0.3456279265625001 0.886977540625 0.3642787821983601 0.8870916364057706
0 0.3992829734375002 0.21493452968750004 0.37248872252565857 0.21473783454519105 0.3675777187500001 0.8837257203125002 0.3943719696618417 0.8839224154548093
0 0.42936231718750023 0.22143817187500003 0.3976848781879046 0.22108821655462713 0.39034046562500013 0.8858935999999998 0.4220179046245957 0.8862435553203728
0 0.480583453452495 0.15829628112546573 0.43586595937499995 0.15748569218750003 0.42276180169923555 0.8803984606829379 0.46747929577673053 0.8812090496209036
0 0.5244780828125001 0.15965357187500007 0.4781578235609971 0.1591295870058379 0.47001008125000004 0.8793899578125 0.5163303405015031 0.8799139426816621
0 0.5766159062787184 0.05638617319570951 0.5254388716723322 0.05541251131186988 0.5098448875000001 0.875054196875 0.5610219221063864 0.8760278587588395
0 0.6220327125000001 0.14014264687500008 0.5732316198662558 0.1391794674699297 0.5585984261162558 0.8805946596574298 0.6073995187500001 0.8815578390625001
0 0.6643113079305941 0.13878061361329358 0.6187808921875 0.13797476562500008 0.6057168367907725 0.8760939669441539 0.6512472525338666 0.8768998149324474
0 0.7106499340547499 0.17567174486668002 0.6693682510674378 0.1747982296799571 0.6545509234375003 0.8750541968750001 0.6958326064248124 0.875927712061723
0 0.7447974687026162 0.17639979964191824 0.708299209423263 0.17587922228124134 0.6984505078125001 0.8663826750000002 0.7349487670918534 0.8669032523606772
0 0.7854367187500001 0.1759126781250001 0.745679169083563 0.17539532830592994 0.7367169158016984 0.8641309127067153 0.7764744654681355 0.8646482625257855
0 0.8295634692194674 0.17879058356537578 0.79112740625 0.1780805578125001 0.778453232044347 0.8641758943287987 0.8168892950138146 0.8648859200816744
0 0.8724742829862715 0.18398931000001179 0.8318771655025703 0.18344735818813854 0.8228326609375001 0.860962971875 0.8634297784212013 0.8615049236868734
0 0.9180126039760994 0.1835528530611315 0.880552484375 0.18241632031250013 0.8598716697215723 0.8640559750417293 0.8973317893226718 0.8651925077903607
0 0.956395256081555 0.18358381295000636 0.9195743359374999 0.1824163203125001 0.8980998706244396 0.8596878910501206 0.9349207907684945 0.8608553836876268
0 0.9960546403650479 0.19118208771752107 0.9569702781249999 0.1900039015625001 0.936583887759952 0.8662884279074792 0.97566825 0.8674666140625001