0 0.14182429114007505 0.19093354242290844 0.11504203125000001 0.18939394062499998 0.08243704948492503 0.7565763747645916 0.10921930937500009 0.7581159765625001
0 0.16803395318234454 0.1941167199403456 0.14205284422191 0.19273909984523607 0.11209508166456553 0.7577249736548904 0.13807619062500007 0.75910259375
0 0.1987775660455881 0.19613325514732222 0.16615421956106735 0.19455622992919966 0.13874928320297936 0.7614721700943774 0.17137262968750008 0.7630491953125
0 0.2313815765109036 0.197936438994963 0.19810517397415522 0.19648913924484812 0.1735923578125001 0.7600892765625 0.20686876034924845 0.7615365763126148
0 0.2610361753071614 0.26784143009827044 0.22707452300888242 0.2666675173431591 0.2098484687500001 0.7650224953125001 0.2438101210482791 0.7661964080676114
0 0.29277492342484857 0.2695036749496745 0.2586935242055439 0.2686427416622583 0.24610458125000015 0.7669958625000001 0.28018598046930476 0.7678567957874163
0 0.3341856899547608 0.20337163557148755 0.2949205834160784 0.20239524035585368 0.28083148252381773 0.7689793844718662 0.3200965890625001 0.7699557796875001
0 0.3719139267052218 0.20521345515879313 0.33478167889962474 0.20458914220404428 0.3252760406250001 0.7699557796875001 0.36240828843059714 0.7705800926422489
0 0.4140960495813507 0.20704230861589762 0.37412259047688423 0.2065681510630944 0.36743371433303373 0.7704683049471968 0.40740717343750016 0.7709424625000001
0 0.4540263166201184 0.7731100389211908 0.4532795633254141 0.20948578108661042 0.41458824670529565 0.2095370437279196 0.41533499999999995 0.7731613015625
0 0.5102613542976819 0.776315260018102 0.5035548508919813 0.2139058187955131 0.45624191718749996 0.21447000625000007 0.46294842059320074 0.776879447472589
0 0.542288125 0.77967171875 0.533186072039968 0.23078926108919934 0.5048589170308521 0.2312590069546417 0.513960969990884 0.7801414646154423
0 0.5701896515625 0.780808965625 0.5617728185516742 0.23083971671954667 0.534417281341237 0.23125837101536395 0.5428341143520629 0.7812276199208174
0 0.6049659265624999 0.7827822656250001 0.6000615224920287 0.21033087322197966 0.5675074166464763 0.2106097763591513 0.5724118207169475 0.7830611687621717
0 0.6440135667343241 0.7851065692212461 0.6330828656249998 0.2154566734375 0.5999545707656757 0.21609235421625378 0.6108852718749999 0.78574225
0 0.676027036374842 0.7861467676400914 0.6643345593357035 0.2207914651044272 0.6360425375 0.22137659062499998 0.6477350145391384 0.7867318931606643
0 0.7055950875 0.78574225 0.6900370480307155 0.22164952486968814 0.6619414825972234 0.2224244185998371 0.6774995220665079 0.7865171437301489
0 0.7411112546875 0.7877155515625 0.7237659890625001 0.2718592187500001 0.6934635330310976 0.27287811512777427 0.7108087986560976 0.7887344479402743
0 0.774456379375882 0.7898719990226272 0.7528807033865077 0.2720072427101178 0.724812487856744 0.2731766420880215 0.7463881638461183 0.7910413984005309
0 0.8285160769959197 0.797030667194931 0.8059398162805651 0.22002703781077493 0.7666298455346453 0.22156510811584398 0.78920610625 0.7985687375000001
0 0.8661602573007213 0.7937342545662162 0.8520283038650336 0.22840226052743656 0.816509665314312 0.22929014189872046 0.8306416187499999 0.7946221359375001