0 0.18172276039146182 0.08586871814099926 0.13535156784920535 0.08571773185182106 0.13291743372350953 0.8332935735436603 0.179288626265766 0.8334445598328385
0 0.20936910000000006 0.23111979218749998 0.19879229531250006 0.23111979218749998 0.1987922953125001 0.8235677078125001 0.2093691000000001 0.8235677078125001
0 0.36890971128776295 0.16194856020912402 0.2257389498607239 0.16048301164159012 0.21910488906232314 0.8085703946879098 0.36227565048936217 0.8100359432554438
0 0.4022085651708639 0.17038059110140927 0.3688528532558205 0.1701288067407289 0.36392048839881513 0.8235551783612689 0.3972762003138586 0.8238069627219492
0 0.4493811875000001 0.21809895781250005 0.40954435921922067 0.21777011144650302 0.40465125110030725 0.810526875844521 0.4444880793810867 0.8108557222105179
0 0.49250200312500014 0.19422742968750006 0.4510648260900522 0.19396589620727894 0.44699526888684915 0.838743620804558 0.4884324459217971 0.8390051542847792
0 0.5657937083436086 0.10477241343780137 0.5115755911769673 0.10378985138459573 0.498435232826626 0.8288794132357624 0.5526533499932673 0.829861975288968
0 0.6211403532711811 0.11231338737160763 0.570803390380599 0.11155735707606078 0.5600936711407436 0.8246170626467579 0.6104306340313257 0.8253730929423048
0 0.6642155508744325 0.12386968776985771 0.6276190163923383 0.12348440646049878 0.6202372500000002 0.8246527781250002 0.6568337844820944 0.8250380594343592
0 0.6763756703125001 0.2766927078125001 0.6633736561763943 0.27653022295536955 0.6568492640625001 0.7986111109375 0.6698512781986059 0.7987735957946306
0 0.6959020781250002 0.2875434031250001 0.6763960017780116 0.28725473344062247 0.6690532687500002 0.7834201390625001 0.6885593450969887 0.7837088087468776
0 0.7366425525151252 0.24104552877540683 0.705075178065319 0.240428884360175 0.6943064423596679 0.7917039854951939 0.7258738168094742 0.7923206299104258
0 0.7691749229121948 0.29029343962269233 0.7366417432471699 0.28969978436370153 0.7276324890625001 0.7834201390625002 0.7601656687275249 0.7840137943214909
0 0.8074498500343458 0.2937175708394709 0.77563490625 0.2929687500000001 0.7641168771161545 0.7823320664091857 0.7959318209005002 0.7830808872486565