0 0.09037685192382627 0.8865958025187458 0.07081151060452057 0.07246023001773752 0.0058126296875 0.07402228593750002 0.02537797100680571 0.8881578584385081
0 0.1440150234375001 0.8934811828125 0.12610012482724806 0.07373885360287005 0.063532453125 0.07510622656249999 0.08144735173525204 0.8948485557721299
0 0.20663187214636053 0.8954772044469627 0.18872030107028903 0.04874839022627875 0.12125227656249997 0.0501755984375 0.13916384763857148 0.8969044126581839
0 0.262706490625 0.896733003125 0.24801748752797498 0.05129922121903614 0.18791460781249997 0.05234347968750001 0.202603610909525 0.8977772615934638
0 0.31076942261021506 0.8971688746633102 0.29840527101644015 0.026732551765241065 0.2505121625 0.027412851562500007 0.26287631409377493 0.8978491744605692
0 0.3578291889784463 0.8940478888994727 0.3472207521514533 0.02687621620136606 0.303354253125 0.027412851562500007 0.313962689951993 0.8945845242606068
0 0.40094454915652805 0.9019554011350353 0.3976928178300439 0.030491633755945203 0.3448150608610158 0.03068893887091002 0.3480667921874999 0.9021527062500001
0 0.4505072001128302 0.8933934053360371 0.44887324374999993 0.030664671874999994 0.40252264406511484 0.030752457124683625 0.4041566004279451 0.8934811905857207
0 0.49927916014695095 0.8922529504502041 0.4968185878446885 0.03269297785007651 0.44641267144773755 0.03283726958737242 0.44887324374999993 0.8923972421874999
0 0.5366724109375001 0.8956490640625002 0.5317540328124999 3.4694469519536144e-19 0.49111344821868447 0.00022317419877244428 0.4960318263436846 0.8958722382612725
0 0.561874025 0.901068765625 0.5610599643610514 0.08592371019882197 0.5326076408613433 0.08595212467118314 0.5334217015002919 0.9010971800973613
0 0.6204068031250001 0.0035661640625000725 0.563499934375 0.003566164062500069 0.563499934375 0.896733003125 0.6204068031250001 0.896733003125
0 0.6699970734375001 0.007901925000000084 0.6139757190313858 0.007234188780261492 0.6033347421874999 0.899984825 0.6593560965936143 0.9006525612197385
0 0.7309687171875002 0.09028139062500008 0.6643031079971984 0.09001365731313934 0.6610512876846982 0.8997170916881393 0.7277168968750001 0.899984825
0 0.7846237640625001 0.004650104687500099 0.7244831489870955 0.00360752102141076 0.7089657442986146 0.8987167508059988 0.769106359374019 0.8997593344720881
0 0.8415801058894635 0.047842598790328726 0.7741503438108563 0.0468662990767817 0.7618610171875001 0.8956490640625002 0.8292907792661073 0.8966253637760474
0 0.9000634109375 0.046923776562500116 0.8358607389548702 0.04618956549942294 0.8260844828125002 0.9010687656249999 0.89028715479513 0.9018029766880771
0 0.9618684062557994 0.0455877807390771 0.9017899155016744 0.04467055196259797 0.8886820375000001 0.9032366453125003 0.9487605282541252 0.9041538740889793
0 0.9992542799441176 0.04915437351876283 0.9488554220107748 0.04905720345862139 0.9472148156250002 0.8999848250000001 0.9976136735583431 0.9000819950601416