0 0.2672464499464851 0.0652555725561398 0.22368463906249997 0.04475589687500001 -0.042626912446485046 0.6106679446313603 0.0009348984375000758 0.6311676203125001
0 0.32380321086408703 0.10061997741628267 0.27164899843749996 0.07402228593750002 -0.05215421242658702 0.7089533835212173 4.4408920985006264e-17 0.7355510749999999
0 0.3334466352105823 0.14100006749411761 0.3131097171875 0.13038718281250003 -0.014524288335582192 0.7582151590683824 0.005812629687500115 0.7688280437499999
0 0.37206468407084636 0.13978813587577021 0.34237610625000003 0.123883540625 -0.0027391106333462647 0.7680986125617297 0.026949467187500086 0.7840032078124999
0 0.3920133336536972 0.14881983136816165 0.37001658437499996 0.13689082500000002 0.02202477728380283 0.7785778436318382 0.04402152656250009 0.79050685
0 0.4011043481589936 0.21445763285636293 0.3708295390625 0.19759148437500001 0.04870379402850653 0.7758085827686372 0.07897860312500012 0.79267473125
0 0.44052480957212864 0.22120519654075094 0.4122902578125 0.20517906718750006 0.08976590292787145 0.7733967815842491 0.11800045468750006 0.7894229109374999
0 0.48565407692840984 0.21447569004314787 0.4586287078125001 0.19867542500000013 0.1268057125302789 0.7662379882962328 0.1538310816461886 0.7820382533393806
0 0.5873721006097712 0.17058063174255816 0.5488667406250001 0.14664628906250005 0.1689201728277289 0.757900985444942 0.2074255328125001 0.7818353281250001
0 0.6584030867067885 0.17860227575283455 0.6130902046875 0.14773022812500006 0.2117029226682115 0.7368720554971656 0.25701580468750007 0.767744103125
0 0.7283526162695895 0.18614336854189134 0.6895079999999999 0.1585696328125 0.2758910102929105 0.7412543080206085 0.31473562656250004 0.7688280437499999
0 0.8069132471144721 0.2163845053241517 0.7586091953124999 0.17699661718750015 0.31520889038552785 0.7207686321758485 0.36351294218749997 0.7601565203125001
0 0.8690420599720958 0.28247565999843904 0.8277103921875 0.24420091875000013 0.39941202440290413 0.7067066150015612 0.4407436921875001 0.7449813562500001
0 1.0157448975574404 0.2702103323711461 0.9837978015624997 0.235529396875 0.47545892588005945 0.7037967785663539 0.507406021875 0.7384777140625001
0 1.0237643222903878 0.3601891934085032 0.9976180406249998 0.3276643250000001 0.524346369897112 0.7081207269039969 0.5504926515624999 0.7406455953125001