0 0.049724570652311485 0.16852415980708524 0.01800015510627439 0.168325052607887 0.013110067266463025 0.9474790928008018 0.04483448281250012 0.9476782
0 0.07979155781250022 0.1672411546875 0.04320921253840494 0.1670878767380414 0.039956750000000124 0.9433424390624999 0.0765390952740954 0.9434957170119587
0 0.1139410623726635 0.1696329433162384 0.07816564843750001 0.16940903593750004 0.07328113183773441 0.9498460372298494 0.10905654577289789 0.9500699446085876
0 0.1391372921875003 0.06426682343750002 0.11149764897083722 0.06411477161902832 0.10661311843224093 0.9520139281347149 0.13425276164890398 0.9521659799531866
0 0.16759072656250001 0.05993106093750002 0.1342595609375 0.05993106093750002 0.13425956093750008 0.960685484375 0.16759072656250007 0.960685484375
0 0.21555508593750008 0.06101500156250004 0.16680020162159997 0.06070772284119678 0.1611095141216 0.9636300259661968 0.2098643984375001 0.9639373046875
0 0.26514535625000024 0.07727410625000004 0.21151305990621155 0.07658567213648883 0.2000967656133164 0.9659693715316985 0.25372906195710504 0.9666578056452098
0 0.2976635671875 0.970440946875 0.29685057735540904 0.10325285414681559 0.2521441747577561 0.1032947664505546 0.252957164589847 0.9704828591787391
0 0.3342485657340901 0.10874289068797852 0.2976635671875 0.10870837656250006 0.2968485673322558 0.972608826197072 0.33343356587884593 0.9726433403225505
0 0.37164249531250027 0.046923776562500054 0.33588426252055253 0.04682856233865881 0.33343359843750014 0.9671891265625001 0.3691918312294479 0.9672843407863413
0 0.4065995703125 0.9726088281250002 0.4033434452499045 0.056552111293050954 0.36757771875 0.056679240625 0.37083384381259554 0.9727359574569492
0 0.4407436921875001 0.059931060937500044 0.4090384359375001 0.059931060937500044 0.4090384359375002 0.9682730656249999 0.4407436921875002 0.9682730656249999
0 0.484657661107503 0.974597759845838 0.48056247308279854 0.09986565947723583 0.44233919010029565 0.10004460744389769 0.4464343781250001 0.9747767078124999
0 0.523665128125 0.9758606484374998 0.5212262609375 0.10003685312499999 0.48138874519892977 0.10014778686588063 0.4838276123864298 0.9759715821783805
0 0.569190621875 0.9823642906250003 0.561874025 0.19325572343750003 0.5164026917517239 0.19367733261598377 0.5237192886267239 0.982785899803484
0 0.61227725 0.9867000515625 0.6049367746942231 0.19719110759251565 0.561874025 0.197591484375 0.5692145003057768 0.9871004283449842
0 0.6391047734375 0.9791124703125 0.6341975689982828 0.04892455229266596 0.6025217875 0.0490916578125 0.6074289919392173 0.979279575832334
0 0.6724359390625 0.9888679328124999 0.661010264728543 0.05305078620710442 0.6268844656072263 0.053467438400923016 0.6383101399411835 0.9892845850063186
0 0.7179614328125 0.9910358140625002 0.7114545226151716 0.1961083018911314 0.6626804765625 0.19650754375 0.6691873867598284 0.9914350559213687
0 0.7667588550951193 0.989408163400481 0.7569832859375001 0.19975936562500002 0.7114379331283774 0.2003232007722807 0.7212135022859967 0.9899719985477615
0 0.799256959375 0.9899518734375 0.7919274123455792 0.19075990693544237 0.7561703296874999 0.19108784218749997 0.7634998767169207 0.9902798086895576
0 0.8334080328319249 0.9863701408643722 0.8260844828125 0.1921717828125 0.7862430674646079 0.1925391728923041 0.7935666174840329 0.9867375309441764
0 0.8699840656249999 0.9942876343750001 0.8585699382013822 0.09202802691367486 0.8252715265624998 0.09244927187499999 0.8366856539861175 0.9947088793363251
0 0.9041281875000001 0.9986233953125001 0.8903079468750003 0.09244927187500002 0.8569514771709408 0.09295799798600601 0.8707717177959406 0.999132121423506
0 0.96572580625 0.9996639781249999 0.9439297112791625 0.09866102849055314 0.8808207286990928 0.10018769316838379 0.9026168236699303 1.0011906428028305
0 0.999747984375 0.09028139062500012 0.9504666359374999 0.09028139062500011 0.9504666359374999 0.9909274187499999 0.999747984375 0.9909274187499999