0 0.7178796875000002 0.9627140625000001 0.2398885626675608 0.9028201646241018 0.2350113763922983 0.9417431907821333 0.7130025012247376 1.0016370886580317
0 0.7247390625000001 0.9216625 0.24746563973668625 0.8635035442336371 0.242829501290118 0.9015493728707117 0.7201029240534319 0.9597083286370747
0 0.7326078125000001 0.8815156249999999 0.2541251000421719 0.8240342209851812 0.2495497359938077 0.8621201487363361 0.7280324484516358 0.919601552751155
0 0.7446593750000001 0.84336875 0.26184151683645285 0.7855073571147696 0.25708378702720225 0.8252076961781519 0.7399016451907495 0.8830690890633823
0 0.7568515625000002 0.8036000000000001 0.270618975101231 0.7405745525883127 0.2653884259672425 0.780927513866363 0.7516210133660117 0.8439529612780504
0 0.7649343749999999 0.7610203125 0.279911954088834 0.6973324901063488 0.2746205566819798 0.7376297758953402 0.7596429775931457 0.8013175982889914
0 0.7728734375000001 0.7200640625 0.28618005575136995 0.6537379397161056 0.28057500000000013 0.6948671875 0.7672683817486303 0.7611933102838944
0 0.7853515625 0.6770531250000003 0.2921123916752779 0.6158640754011804 0.28679756699475545 0.6587063770170272 0.7800367378194777 0.7198954266158469
0 0.7980578125000001 0.6438625 0.277594358343754 0.5794653206644454 0.273876391488606 0.6095142434873801 0.794339845644852 0.6739114228229348
0 0.8033390625000001 0.6083890625 0.28209878722428305 0.5488645408228183 0.27849324880754256 0.5804372739402929 0.7997335240832595 0.6399617956174747
0 0.8101453125000001 0.5804 0.326094299642378 0.5208551486639895 0.322813658148862 0.5475240848042131 0.8068646710064842 0.6070689361402236
0 0.8142504273538933 0.5546871224860235 0.33138492013952003 0.49603430463119924 0.3286438677856268 0.5186003071451759 0.8115093750000002 0.5772531250000001
0 0.8312916074732295 0.5194969472538242 0.2802403964752855 0.4562921816593975 0.2763413584551499 0.49028597314831346 0.8273925694530938 0.5534907387427401
0 0.8426484375 0.4827890625000002 0.3104359375000001 0.4158093750000001 0.3061928027119117 0.4495248110925546 0.8384053027119116 0.5165044985925548
0 0.844204565882662 0.447984531171943 0.31947645133558544 0.3781792827533002 0.3151763288531028 0.4105034304881858 0.8399044434001794 0.48030867890682866
0 0.8497218749999998 0.38948593750000005 0.3642549909550829 0.3208657934913326 0.3562873470080955 0.3772344784599144 0.8417542310530125 0.4458546224685819
0 0.8692343749999999 0.3283062500000001 0.37329252167594235 0.2529713066704035 0.36397343750000005 0.31432031250000003 0.8599152908240576 0.3896552558295966
0 0.8789109375 0.2924015625 0.3403176702255141 0.2109083984471222 0.3352053615510557 0.24469595675699035 0.8737986288255417 0.32618912080986817
0 0.9001248361747647 0.24717113169849983 0.3588113518737179 0.16271053611846087 0.35115517003153224 0.21177950657709915 0.892468654332579 0.2962401021571381
0 0.9081080737249236 0.20180907379464214 0.3660492755336847 0.11581015879829981 0.35885625000000004 0.16114843750000007 0.9009150481912389 0.2471473524963424
0 0.9297583580900779 0.16713013981688726 0.325136839368431 0.0665961144455225 0.321411293778353 0.08900191212863537 0.9260328124999999 0.18953593750000014
0 0.9355332850428916 0.13897294600179014 0.32837462662255346 0.035149181533962515 0.32415000000000005 0.059854687500000045 0.931308658420338 0.16367845196782765