0 0.3683082272090977 0.047881319627449424 0.3355773801101227 0.03635487642722194 0.10730781250000013 0.68455625 0.1400386595989751 0.6960826932002274
0 0.3194794595760595 0.13920068512841538 0.2959874621168184 0.12901573523067095 0.0976296875 0.5865359375000001 0.1211216849592411 0.5967208873977444
0 0.3920750000000002 0.11229062500000012 0.3544388034578942 0.09883584105330263 0.1418968750000001 0.693365625 0.17953307154210604 0.7068204089466976
0 0.43256601442900094 0.1255588888616624 0.39194218749999993 0.11281093750000004 0.20136428663214656 0.7201244925729322 0.24198811356114755 0.7328724439345946
0 0.47344131217474067 0.13962819507833196 0.43054621038178037 0.12690135205756256 0.2483640625000001 0.7409359375 0.2912591642929604 0.7536627805207694
0 0.5305074230210287 0.11597588866831102 0.4814054929431427 0.1016841070815494 0.2905109375000001 0.7575359374999999 0.33961286757788606 0.7718277190867615
0 0.5798135634662085 0.13884911830541058 0.5312980348195178 0.12471710305957573 0.3422171875000002 0.7738359375000001 0.390732716146691 0.787967952745835
0 0.6212915173125899 0.08331039266941498 0.6050037614089789 0.07849700450933687 0.3919343750000001 0.7994906250000001 0.4082221309036111 0.8043040131600782
0 0.6420285272290374 0.09206018355885416 0.6255491563752009 0.08724055361636317 0.41447343750000004 0.8089546875 0.4309528083538363 0.8137743174424911
0 0.6254676526196816 0.21270858997082726 0.6052796874999999 0.20683906250000006 0.43065901939244233 0.8074386805190092 0.45084698451212396 0.8133082079898365
0 0.6447774786674113 0.22797694403181296 0.6206789529151546 0.22142887550152252 0.4590265625000002 0.8163500000000002 0.48312508825225686 0.8228980685302906
0 0.660590841627978 0.27055377048155876 0.6331258865493823 0.26386074248346036 0.4961187500000001 0.8260718750000002 0.5235837050785956 0.8327649029980986
0 0.6825802548844032 0.287364089926842 0.6570335844895102 0.28128354830873636 0.5257015625000001 0.8330593750000002 0.5512482328948931 0.8391399166181056
0 0.7434613595931551 0.2086116810244722 0.7277882325906203 0.20482254988876764 0.5668062500000001 0.8706984375 0.5824793770025348 0.8744875686357044
0 0.7617070930831302 0.2151977564700444 0.7441791027502149 0.21092346782726273 0.5822281250000001 0.8750515625000002 0.5997561153329153 0.879325851142782
0 0.7793741083304417 0.22611517279330098 0.7536305852857781 0.22016404851396162 0.6041796875000001 0.8666625 0.6299232105446637 0.8726136242793393
0 0.7978985759458705 0.2991387138330532 0.7610629400956361 0.2909573084918606 0.6312843750000001 0.8752671875000001 0.6681200108502345 0.8834485928411928
0 0.8230322735838257 0.3375090432076144 0.7925796854014343 0.330823538892203 0.670475 0.8870125000000002 0.7009275881823915 0.8936980043154115
0 0.8934199578682869 0.3427660404006967 0.8611424062814947 0.33598178294339276 0.7365609375000002 0.9287046875000001 0.7688384890867923 0.9354889449573041