0 0.796976652483463 0.8845050661100746 0.163220364596113 0.7258779335576641 0.14707187500000005 0.7903953125000002 0.7808281628873501 0.9490224450524106
0 0.8122546875 0.82288125 0.18561129706935908 0.6586377799526858 0.16833281250000004 0.7245609375 0.794976202930641 0.8888044075473139
0 0.8320406367626374 0.7624879338461252 0.21856502444547257 0.5971724665750199 0.2012468750000001 0.6614390625000001 0.814722487317165 0.8267545297711052
0 0.8502759916106456 0.7009164614108044 0.2390890625000001 0.530240625 0.22096371317413582 0.5951471567416625 0.8321506422847815 0.765822993152467
0 0.8585924636579808 0.669435503920306 0.2913 0.5079171875 0.2833272551701854 0.5359194485243932 0.8506197188281662 0.6974377649446992
0 0.8674805456560849 0.6406728287730663 0.3026531250000001 0.4782078125000001 0.29483234327500824 0.5053976166226106 0.859659763931093 0.6678626328956769
0 0.8690453125 0.6037281250000002 0.3217980765155702 0.440673841543662 0.3113437500000001 0.47576093750000015 0.8585909859844298 0.6388152209563382
0 0.8915328125 0.5561546875000001 0.331196875 0.38484218750000004 0.31698808500617115 0.43131687943393776 0.8773240225061713 0.6026293794339377
0 0.9055671875 0.5102484375000003 0.3470484375 0.32928437500000013 0.33182469239719337 0.3762702072568226 0.8903434423971934 0.5572342697568227
0 0.9199880905443717 0.4632929101925967 0.3614734375 0.27839375000000005 0.34563212410051614 0.326244728056709 0.9041467771448879 0.5111438882493056
0 0.9420956497291654 0.40324922627864995 0.380515625 0.20497187500000003 0.357575383222751 0.26994541565647 0.9191554079519164 0.46822276693511994
0 0.9588169726078671 0.3351880987154784 0.39569843749999994 0.13304375 0.3729633167108907 0.19637754090544557 0.936081851818758 0.39852188962092394
0 0.9865360404158533 0.2644239627001328 0.3657453125 0.02689843750000004 0.3399426717076931 0.09433556934556112 0.9607333996235464 0.33186109454569385
0 1.0073047441093927 0.19710524381382122 0.3879019689719402 -0.04275162584809324 0.36264532959808216 0.022470740060643403 0.9820481047355347 0.26232760972255786