0 0.2298111084762736 0.288474438039867 0.11018144424028967 0.28458307449708314 0.08852081832799877 0.9504816410378168 0.2081504825639827 0.9543730045806006
0 0.2882639458922104 0.3242483782770319 0.2289192879432534 0.32332455567475465 0.2190881125000001 0.9548611109375 0.27843277044895715 0.9557849335397774
0 0.3183473484375002 0.3146701390625 0.2923326088255874 0.31430335550372296 0.2833625359375001 0.9505208328125001 0.30937727554941286 0.9508876163712772
0 0.3476644721420991 0.3150576201131148 0.3200086486809194 0.3146307921827186 0.31021134531250005 0.9494357640625001 0.33786716877367984 0.9498625919928962
0 0.38752751486275283 0.3586507889009801 0.3444166094243068 0.3579971551232373 0.3354329546875001 0.9505208328125002 0.37854386012594615 0.9511744665902431
0 0.4322513906250002 0.36132812500000006 0.3891238073743025 0.36073586002290786 0.38098780424930245 0.9531837772104076 0.4241153875000001 0.9537760421874999
0 0.4835349660254392 0.3737049575854046 0.43717085131894623 0.3729874921138052 0.4281833890625001 0.9537760421875001 0.47454750376899313 0.9544935076590996
0 0.5242167871625332 0.37689001319692006 0.48271649595724214 0.3764790273757398 0.476992730669709 0.9544501251163199 0.518493021875 0.9548611109375
0 0.5673486308124162 0.3779692017097842 0.5306970265625 0.37760416718750006 0.5249369904368212 0.9559455339781534 0.5615885946867374 0.9563105685004377
0 0.5966043069478395 0.4114172807968549 0.56568869305681 0.4112249076529599 0.5624274375 0.9353298609374999 0.5933430513910296 0.9355222340813951
0 0.6372960258552199 0.4137486735652007 0.60151109898602 0.4134097425441749 0.5965910010959693 0.932882237720075 0.6323759279651691 0.9332211687411007
0 0.6673818765625 0.4166666671875 0.6389065004482756 0.41653238264347614 0.6364650656250002 0.9342447921874999 0.6649404417392246 0.9343790767315238
0 0.7023666890625002 0.41558159687500007 0.6730849825390897 0.4153990119519702 0.6698226765625002 0.9385850703124999 0.6991043830859107 0.93876765523553
0 0.7227066968750001 0.45898437500000017 0.70504586994608 0.45886507466291454 0.7017908001549393 0.9407348298310501 0.7194516270838595 0.9408541301681357
0 0.7406093961604748 0.45794785041861913 0.7235166707660211 0.4578902487975519 0.7218859777305463 0.9417826765039328 0.738978703125 0.941840278125
0 0.8122076347582862 0.3508298277732467 0.755258166916514 0.35044856428216026 0.7511827078125 0.9592013890625 0.8081321756542723 0.9595826525535864
0 0.8732887241353339 0.3527204209191458 0.8163368062920036 0.35264402840822096 0.8155202890625002 0.961371528125 0.8724722069058306 0.9614479206359249