0 0.1033064544830763 0.792898304526021 0.08990831638760863 0.28173648384030625 0.05890472968749999 0.2825491234375 0.07230286778296766 0.7937109441232146
0 0.13213930603023677 0.7918898366932718 0.1187674227716046 0.2838037421660636 0.08992803236636782 0.28456274141029164 0.10329991562499999 0.7926488359374999
0 0.1632335046875 0.793635453125 0.15063701108141825 0.27392100520932205 0.12031805627935521 0.27465585589865527 0.13291454988543697 0.7943703038143332
0 0.20295778305233808 0.7929445606749297 0.19353784271957575 0.29167927769701085 0.15435443749999997 0.29241562499999996 0.16377437783276233 0.7936809079779188
0 0.23797230882261533 0.7932424921113803 0.23220909151915614 0.2939599998739668 0.1950500578125 0.29438892656250004 0.2008132751159592 0.7936714187999135
0 0.26315400937500005 0.7992029687499999 0.25941438122308036 0.2961752663017777 0.234265840625 0.2963622265625 0.2380054687769197 0.7993899290107223
0 0.2882800359375 0.7995554203124999 0.28430614642934915 0.29813833775973697 0.25942310625 0.29833554375000004 0.26339699575815084 0.799752626302763
0 0.33563489375000005 0.7867288671875 0.3274490279962567 0.32430800346560656 0.289759871875 0.324975184375 0.2979457376287434 0.7873960480968936
0 0.38041226096365766 0.7877419377608248 0.368191390625 0.33089510156249996 0.3274457472912927 0.331985066917607 0.3396666176299504 0.7888319031159317
0 0.41629301184719625 0.7979867229981227 0.4081196357596838 0.309519653318006 0.36893133281249996 0.3101753796875 0.3771047089000124 0.7986424493676166
0 0.4527912481739297 0.7992377228367072 0.4480894233116513 0.31372801905372805 0.4074071734375 0.3141219984375 0.41210899829977843 0.7996317022204791
0 0.49027829843750015 0.8005420375000002 0.4885771875000001 0.3185172046875 0.4488378500230549 0.3186574485443084 0.45053896096055485 0.8006822813568085
0 0.5272742531250001 0.8025153375 0.5260120828125001 0.32068734375 0.48805788690868407 0.32078676648991133 0.489320057221184 0.8026147602399114
0 0.5709349524446881 0.2700507146971232 0.5309739187500001 0.26972260312500007 0.5265290538053122 0.8110671118653772 0.5664900875000002 0.8113952234375003
0 0.6116316004307507 0.2741400650274784 0.5738892187500001 0.27366920468750006 0.567193172467725 0.8103989164088612 0.6049355541484757 0.8108697767488395
0 0.6578480203125002 0.2729442890625001 0.6190476348987384 0.27185486508290846 0.6039014895862382 0.8112924822704086 0.6427018750000001 0.8123819062500003
0 0.6716123584792008 0.35209546008160725 0.6582402296875001 0.35161480781250015 0.6419083290207996 0.805981286793393 0.6552804578125002 0.8064619390625001
0 0.7160166777692124 0.2821355975998134 0.6811777156249998 0.2805757890625001 0.6574375503557873 0.8108220977126868 0.6922765125 0.8123819062500001
0 0.7625689546875002 0.28550904062500015 0.7278065221350941 0.28331629138640213 0.6944342991730329 0.8123779959451362 0.729196731725439 0.8145707451837341
0 0.7832014398523797 0.3583157753314824 0.7610890687500002 0.3565480921875001 0.725545457477307 0.8011716241005141 0.7476578285796867 0.8029393072444965
0 0.806224246875 0.3604946937500001 0.7855976523529172 0.3585437141671058 0.7440243594965805 0.7980744310510436 0.7646509540186633 0.8000254106339378