0 0.8733781249999998 0.7137171875000001 0.8713887561890556 0.680931178245263 0.3587903186890557 0.7120343032452628 0.36077968749999995 0.7448203125
0 0.8695375000000001 0.6837796875000002 0.8678211704406348 0.6501091697958366 0.35797031249999994 0.6760984375 0.3596866420593653 0.7097689552041635
0 0.86776875 0.652503125 0.8655346098470348 0.5910620621377911 0.30047523484703476 0.6116089371377911 0.302709375 0.6730499999999999
0 0.8567218749999999 0.5983265624999999 0.855922144894391 0.5484349437362885 0.31066875 0.5571750000000001 0.31146848010560885 0.6070666187637115
0 0.8514993070438004 0.5182095189828563 0.3082734375 0.5065703125 0.30729881539366355 0.5520579444937341 0.8505246849374639 0.5636971509765905
0 0.8512567751598956 0.4940577768089539 0.3102859375000001 0.47778437500000004 0.3095242388394685 0.5031052493488077 0.8504950764993641 0.5193786511577616
0 0.8411578333529874 0.47404351338498535 0.31047876735947133 0.4517007016689008 0.30950781250000003 0.47476250000000003 0.8401868784935163 0.4971053117160846
0 0.8560071370512441 0.4388053217038605 0.3038437500000001 0.40019375 0.301211420829572 0.43783727825948426 0.8533748078808159 0.47644884996334474
0 0.838472739075964 0.4078881850495568 0.2923859375000001 0.3660140625 0.2898978169176104 0.39846202147906806 0.8359846184935742 0.44033614402862487
0 0.8382444996033254 0.3737559899357603 0.2952765625 0.32467968750000004 0.2919541475965316 0.36143805511946175 0.834922084699857 0.4105143575552221
0 0.8349706480007246 0.34406683199287935 0.295059375 0.28535312500000004 0.2911590022226847 0.3212196260136915 0.8310702752234091 0.37993333300657073
0 0.8368175476228691 0.31009327451241153 0.2973134491609081 0.24692149007813108 0.29310698532243895 0.2828458272044174 0.8326110837843999 0.3460176116386978
0 0.8405233096521745 0.2828893875796088 0.3517625 0.22045312500000006 0.34842349432375935 0.24659138264589525 0.8371843039759337 0.30902764522550397
0 0.844478061250151 0.2579418358283617 0.355115625 0.18805625000000004 0.3510650294276574 0.2164198859923198 0.8404274656778083 0.2863054718206815