0 0.12319048563419084 0.8898279559183828 0.09346175030681934 0.10256704008871662 0.045647437500000006 0.104372615625 0.0753761728273715 0.8916335314546663
0 0.1449117742251315 0.8909911965895987 0.1318206953125 0.09461715156250002 0.09197883534718812 0.09527208618284436 0.1050699142598196 0.8916461312099431
0 0.18877862532033346 0.8916738051585718 0.17084254687500003 0.0035661640625000005 0.12687333197936174 0.004454159223283197 0.14480941042469517 0.8925618003193548
0 0.22449759375 0.8934811828125001 0.21149030937499994 0.07727410625 0.17005738705994045 0.07793439187911877 0.1830646714349405 0.8941414684416189
0 0.2684776233157782 0.8894533970062763 0.2545769375 0.0870295703125 0.20978395324672175 0.0878055358062235 0.22368463906249994 0.8902293624999998
0 0.2969594835443866 0.892067675991786 0.28868388781397725 0.09319673768549101 0.25620284843749996 0.0935332125 0.26447844416790933 0.8924041508062951
0 0.3496980386759799 0.22939710279694497 0.3001024328125001 0.22902575468750003 0.2951517069954971 0.8902227289369053 0.3447473128589769 0.8905940770463502
0 0.4034900758347083 0.1758265249608027 0.34969270312499995 0.17482873750000003 0.3364872435200567 0.8868230850724144 0.39028461622976507 0.8878208725332171
0 0.4507753121242297 0.17713443819206923 0.40822548125 0.17591267812500005 0.3875615286856015 0.8955692706975983 0.4301113595598312 0.8967910307646674
0 0.5115753262791636 0.09940238332179685 0.4458900850403963 0.09763567689203098 0.4244845859375001 0.8934811828125001 0.49016982717626745 0.895247889242266
0 0.5684225434617075 0.10405718862605033 0.51065784375 0.10220473437500006 0.48528427436581084 0.8934235270986942 0.5430489740775183 0.8952759813497444
0 0.6114642953125002 0.1238835406250001 0.5733839755883215 0.12214735579964446 0.5383337207492768 0.8909162628838196 0.5764140404734555 0.8926524477091753
0 0.6447954609375002 0.22902575468750008 0.5937007945447941 0.2273924005316867 0.5724424421875001 0.8923972421874999 0.6235371085802062 0.8940305963433135
0 0.6895080000000002 0.22794181406250008 0.6464483524216414 0.22619337289242097 0.6188078727341415 0.906907905704921 0.6618675203125002 0.9086563468750001
0 0.7472278218750001 0.2528724421875001 0.6896457958889801 0.25054589576629277 0.6634934312500002 0.8978169437500002 0.7210754572360202 0.9001434901712075
0 0.7854588695711346 0.25246239441761276 0.7529185093749999 0.2507045609375001 0.7177957435176252 0.9008841513331836 0.7503361037137599 0.9026419848132964
0 0.8540051750431349 0.15985502787714306 0.7870626296874998 0.15531781093750008 0.736588569809098 0.9000170588775429 0.8035311151647331 0.9045542758171858
0 0.8838043046875003 0.23119363437500012 0.8523686254265399 0.22877452068582516 0.8006628172975621 0.9006764687193914 0.8320984965585223 0.9030955824085665
0 0.9073800078125002 0.23552939687500013 0.8769300647605862 0.2331411660628684 0.824702116659451 0.8990475086656362 0.8551520597113651 0.9014357394777679
0 0.946401859375 0.12496748125000012 0.9068554497262387 0.1220891033414074 0.850481708811585 0.8966152852540545 0.8900281184603462 0.8994936631626473
0 0.9894884890625002 0.23878121718750012 0.9434326690820425 0.23459089257192645 0.8826801984311425 0.9023207484563349 0.9287360184116003 0.9065110730719086