0 0.12425355038331125 0.12457221386580045 0.09099531250000001 0.12456406250000003 0.09084176211668887 0.7510621611341997 0.12410000000000013 0.7510703125000001
0 0.16319845504231914 0.12651719785861745 0.12837817212983146 0.12647968755077083 0.1277032129837305 0.7530346206030142 0.16252349589621817 0.7530721309108608
0 0.199587678694304 0.13186299669216955 0.16802968750000002 0.13186093750000003 0.1679888838056961 0.7571948158078304 0.19954687500000007 0.7571968749999999
0 0.23691339217021104 0.13599725294974163 0.20196718749999998 0.13581250000000006 0.19866785782978907 0.7598839970502584 0.2336140625000001 0.7600687500000001
0 0.26279759325570534 0.1384801761965227 0.2385279082292809 0.13841738341405846 0.23691312747357562 0.7625372072175358 0.2611828125000001 0.7626000000000001
0 0.2919269860335337 0.14347688155555788 0.2651140625 0.14346875000000003 0.26492609280884855 0.7632784431883965 0.2917390163423822 0.7632865747439544
0 0.32118962870624795 0.14466571583028015 0.2968630295720921 0.1444830958236605 0.29219841775058036 0.7658506228477191 0.3165250168847362 0.7660332428543387
0 0.35043897177358796 0.14694794546109965 0.32453750000000003 0.14658281250000005 0.3157725862259744 0.7683403389423487 0.3416740579995623 0.7687054719034483
0 0.3852304061666064 0.15090486988112609 0.3551875 0.15036250000000004 0.343956873624767 0.7724483976955916 0.3739997797913735 0.7729907675767177
0 0.4160503809159778 0.15374166738848394 0.3877578125 0.15315625000000005 0.37492152297012316 0.7735197835668308 0.4032140913861009 0.7741052009553148
0 0.44922780662351414 0.15886325731352252 0.4200937500000001 0.15810937500000005 0.4041343684104831 0.7748654900662377 0.43326842503399715 0.7756193723797603
0 0.4864812500000001 0.22569687500000007 0.449868768474726 0.22464572582555214 0.4340765809747259 0.7747019758255522 0.4706890625 0.7757531250000002
0 0.5297178497691288 0.16232691397280594 0.49247968750000004 0.16081718750000004 0.46737720762151164 0.779982470688935 0.5046153698906404 0.7814921971617409
0 0.5654079928068004 0.16538535996762155 0.5320700870637481 0.1639873346898154 0.5059281250000002 0.7873796875000001 0.5392660307430523 0.7887777127778063
0 0.5909125000000002 0.25398750000000003 0.5683222507692206 0.2529061073176691 0.5424370838315684 0.7936461937416348 0.565027333062348 0.7947275864239657
0 0.6184797519162852 0.25651752083453777 0.5950984375000001 0.2552921875000001 0.5669321394246202 0.7927500797165111 0.5903134538409053 0.7939754130510488
0 0.6392743741366155 0.1706644839476063 0.624834375 0.1699265625000001 0.5929363450549915 0.7941224391205453 0.6073763441916069 0.7948603605681515
0 0.656393879289974 0.17045977337421384 0.643392193298673 0.1698123835438541 0.6122013720467596 0.7962251640826455 0.6252030580380606 0.7968725539130053
0 0.6894546875 0.2080828125000001 0.6604190387844435 0.20627954053599035 0.6238956012844434 0.7943670405359902 0.65293125 0.7961703124999999
0 0.7236359375000002 0.20878750000000007 0.6976797400796872 0.2070300837523411 0.6579203125000002 0.7942578124999999 0.683876509920313 0.796015228747659
0 0.7683887391699794 0.17930073628975368 0.7296140624999999 0.1765046875000001 0.6846542231437514 0.7999928185230637 0.7234288998137307 0.8027888673128173
0 0.8098539133641566 0.18049298689734777 0.77274375 0.17767812500000008 0.7251322288808926 0.8053719128945034 0.7622423922450491 0.808186774791851
0 0.8614781250000002 0.1747218750000001 0.826880886569038 0.1717202430018818 0.7709487834320925 0.8164016394512682 0.8055460218630547 0.8194032714493865
0 0.9085453125000003 0.17827656250000012 0.8724651265591297 0.17487022049109693 0.8116943518235731 0.81855803765648 0.8477745377644437 0.8219643796653833
0 0.9434265625 0.18119062500000013 0.9104358128306996 0.17760315598548312 0.8410602944039158 0.8155878611729962 0.8740510440732162 0.8191753301875131