0 0.11341267027043125 0.8098083848430753 0.07566398634684934 0.2855734876638053 0.0483067828125 0.28754340312500004 0.08605546673608191 0.8117783003042698
0 0.14259919062499998 0.806206596875 0.10659341262635028 0.2878130641898059 0.0792312625 0.2897135421875 0.11523704049864972 0.8081070748726941
0 0.18734720781250003 0.8062065968749998 0.1554565300477834 0.25111664149355384 0.1069005328125 0.25390625 0.1387912105772166 0.808996205381446
0 0.2890472453125001 0.8040364578125001 0.26779967577811997 0.2961480957526229 0.16223907500000004 0.30056423593750003 0.18348664453438013 0.8084525979973772
0 0.3273206452559206 0.809372171704149 0.3077170871613021 0.23854929525680454 0.2712885531250001 0.23980034687500001 0.2908921112196186 0.8106232233223443
0 0.36555926534625605 0.8040041965112449 0.3475902110863652 0.24083422873333488 0.3119786578125 0.24197048593749998 0.32994771207239093 0.8051404537154099
0 0.42493907616320736 0.8028818940186955 0.41431737539846303 0.2787480685961039 0.35511016875000007 0.2799479171875 0.3657318695147444 0.8040817426100917
0 0.48678440430444014 0.8021936696397948 0.48004682623815703 0.28102500801832464 0.418582872922827 0.2818196033465165 0.4253204509891101 0.8029882649679866
0 0.5316352935755858 0.8178502401832837 0.524156955268735 0.29368267042646323 0.4818583495014256 0.29428614782965856 0.48933668780827644 0.8184537175864792
0 0.594149370865839 0.27763567514421383 0.5276362093750002 0.27669270781250005 0.5201687944154725 0.8034144302071958 0.5866819559063112 0.8043573975389094
0 0.6592550373480217 0.278087815244095 0.5968966827146185 0.27650617738934224 0.5836148069253072 0.8001632953433047 0.6459731615587103 0.8017449331980574
0 0.691820778259246 0.2581629002734366 0.6635411578125 0.2571614578125001 0.6446222504276368 0.7914103447737859 0.6729018708743829 0.7924117872347224
0 0.7211678781250002 0.3070746531250001 0.6920600296111252 0.3060538626113887 0.6749414438449407 0.794190453429634 0.7040492923588156 0.7952112439432454
0 0.7764926984375001 0.29839409687500007 0.7287073142813347 0.2966729979173139 0.7107111035818152 0.7963280803815842 0.7584964877379806 0.7980491793392702
0 0.8139498681514079 0.3007923085024137 0.7765749286984767 0.29941611735795054 0.7585934921875 0.7877604171875001 0.7959684316404312 0.7891366083319633
0 0.8497327770481762 0.2859980599641538 0.8285670706118893 0.2852599044535328 0.810604132819793 0.8003251753487135 0.83176983925608 0.8010633308593345
0 0.8830743375000003 0.2897135421875001 0.8611571208507229 0.2886668009802749 0.8365015629410217 0.8049178099075144 0.8584187795902991 0.8059645511147396
0 0.9140125927947471 0.21643236451305628 0.8969102300333966 0.21580169607923977 0.8749215778636495 0.8120863456286834 0.8920239406249999 0.8127170140625
0 0.9302631546875002 0.2159288203125001 0.9132720812801732 0.21534548031461487 0.892837540625 0.8105468750000002 0.909828614032327 0.8111302149978854