0 0.94318125 0.8833328125 0.9356721680318902 0.8540682404905697 0.3738059844124473 0.9982391248810141 0.381315066380557 1.0275036968904443
0 0.93244375 0.8522609375 0.924946446746586 0.8230510069667998 0.3008814737091411 0.983229558140601 0.3083787769625551 1.012439488673801
0 0.9251031249999999 0.8201515625000004 0.9177450272806864 0.7918172630327905 0.29262158978068653 0.9541547630327903 0.29997968750000004 0.9824890625000002
0 0.9134921874999999 0.7902765625000001 0.90234057223057 0.7491640252769539 0.3626324802923758 0.8955577388646209 0.3737840955618058 0.9366702760876671
0 0.9014796875 0.7428828125000002 0.8905916371501623 0.704448290681523 0.3500535700922627 0.8575764008197624 0.3609416204421003 0.8960109226382393
0 0.8681625000000001 0.6825046875 0.8632312500000001 0.6663718750000001 0.3355934538816888 0.8276527354890486 0.3405247038816889 0.8437855479890486
0 0.8649765625000001 0.66398125 0.8521049533955786 0.6224179126680829 0.381749558516037 0.7680806811483255 0.39462116762045846 0.8096440184802425
0 0.8606945852238933 0.6160747426374108 0.8503765841264945 0.5839184265977526 0.2347984375 0.7814390625000001 0.2451164385973989 0.8135953785396582
0 0.8533239612087451 0.5811950481501962 0.845240625 0.554884375 0.223289862578698 0.7459641352644849 0.23137319878744309 0.7722748084146811
0 0.8477126619217982 0.5504044981224279 0.838771875 0.5215796875 0.2099060880782017 0.7166392518775722 0.21884687500000002 0.7454640625
0 0.8384125463305139 0.5179764759216907 0.8278140624999999 0.48314218750000004 0.19847807866948597 0.6746203990783092 0.2090765625 0.7094546874999998
0 0.82683125 0.48252031250000005 0.8216390625000001 0.4655390625000001 0.19105855681246944 0.6583453764859819 0.19625074431246942 0.675326626485982
0 0.819821875 0.4595953125 0.8108165233198965 0.429854465205301 0.17850246081989657 0.621315402705301 0.1875078125 0.65105625
0 0.8087317405274848 0.427709950413594 0.7981812500000001 0.39286250000000006 0.16946285778463127 0.5832146595639042 0.18001334831211596 0.6180621099774981
0 0.797921875 0.39201250000000004 0.7919515624999999 0.37248281250000004 0.16249316077229875 0.564911050999205 0.16846347327229885 0.5844407384992051
0 0.7911256665527504 0.3653039638013561 0.779325 0.3271343750000001 0.23642218767449713 0.49498043412694814 0.24822285422724755 0.5331500229283042
0 0.7773407958012288 0.3116844537367883 0.7659377574808703 0.2752565415825877 0.21993446167964148 0.4461720878457994 0.23133750000000003 0.48260000000000003
0 0.7641239671971309 0.26396650952086465 0.7549437499999999 0.23524218750000006 0.11436509530286894 0.4399694279791354 0.12354531249999998 0.46869375
0 0.7524256580281043 0.2212719725696425 0.7428374999999999 0.191590625 0.10505560172192448 0.39761744415996 0.11464375975002897 0.42729879172960245
0 0.7340609375 0.18313281250000002 0.7254483446161871 0.15696956996410155 0.09214521961618719 0.36544456996410163 0.10075781250000002 0.3916078125000001
0 0.7262015625000001 0.149325 0.7179007354188867 0.1239954241776485 0.08433823541888649 0.33162198667764853 0.09263906250000001 0.35695156250000004
0 0.7176277715858007 0.11944135558365598 0.7064718749999999 0.08479218750000003 0.06841910341419918 0.2902242694163441 0.07957499999999998 0.3248734375000001
0 0.7044215779229378 0.07983494250997333 0.6931375 0.045231250000000035 0.05414717207706223 0.25360255749002675 0.06543125000000001 0.28820625000000005
0 0.6934029860303151 0.03956541286252553 0.681290625 0.002429687500000011 0.04451420146968489 0.21012364963747449 0.0566265625 0.247259375
0 0.6819104962747483 0.0003819712669698383 0.6713470463008362 -0.03201184746045129 0.032989675026087885 0.1761530562725789 0.043553125000000005 0.20854687500000005