0 0.14753789998902672 0.9777447570462655 0.112143411390298 0.024014170499027758 0.07528936921377129 0.025381883765262125 0.11068385781250001 0.9791124703124998
0 0.19298495073076616 0.9789264907447015 0.1640264579815906 0.029087943519954605 0.11230976875000002 0.030664671875 0.14126826149917557 0.9805032190997469
0 0.2359073821723947 0.9814186045106515 0.21377820623284358 0.02959085272871435 0.16759072656250001 0.030664671875000004 0.1897199025020512 0.9824924236569371
0 0.2790517899395898 0.9800655529709997 0.2529510281249999 0.035000432812499996 0.20896525068541014 0.03621522984150023 0.2350660125 0.9812803499999999
0 0.3326206421874999 0.9715248875 0.31371008183896565 0.1811182539876432 0.2535858085458605 0.1825567334364664 0.27249636889439477 0.9729633669488231
0 0.3847930280995446 0.9729291554532425 0.3727567473201492 0.035245686246419786 0.3074190296875 0.0360843734375 0.3194553104668954 0.9737678426443228
0 0.42377836644254313 0.967675593204607 0.4098513921875001 0.055595300000000014 0.3634244598161722 0.05630421422245768 0.37735143407121524 0.9683845074270648
0 0.47655045317202205 0.9578613505351801 0.46431939375000014 0.0935332125 0.4106597534151125 0.09429254708673726 0.4228908128371344 0.9586206851219172
0 0.5058174319972166 0.9560627279836329 0.49602464843750005 0.1780805578125 0.4691468075683856 0.17841888031946163 0.4789395911281022 0.9564010504905947
0 0.5367249449291611 0.9613669771682531 0.52610399375 0.1661572140625 0.4943899191563224 0.16658079241072876 0.5050108703354834 0.9617905555164817
0 0.5814150894822738 0.9581803467465271 0.5748621967160845 0.08882992584883097 0.5261039937499998 0.08919744999999998 0.5326568865161893 0.9585478708976961
0 0.6204106399668812 0.9562767573052158 0.6187708242224903 0.060937595671371504 0.57650721875 0.061015001562500004 0.5781470344943909 0.9563541631963443
0 0.6667452515625001 0.06860258437500008 0.6155290718750001 0.06860258437500007 0.6155290718750002 0.9520139609375 0.6667452515625002 0.9520139609375
0 0.733538721271102 0.2076387674000097 0.6683711625 0.20626300781250007 0.6527481852352226 0.9462987657496459 0.7179157440063245 0.9476745253371556
0 0.7716242823325012 0.025743539136755512 0.7342205390625 0.025244970312500094 0.7219404032829544 0.9465280984841259 0.7593441465529556 0.9470266673083814
0 0.8090180790924949 0.06512587064679506 0.7748683015624999 0.06426682343750009 0.7529128521575049 0.937063690290705 0.7870626296875 0.9379227374999999
0 0.8325881250000003 0.0620989421875001 0.8047759309215801 0.061638813953794135 0.7901427356090801 0.9461341311412943 0.8179549296875004 0.9465942593750002
0 0.8708293325805592 0.0749715905123642 0.8350269906250001 0.07402228593750011 0.8121809359978001 0.935644869201151 0.8479832779533591 0.936594173776015
0 0.9057540968750004 0.07077046406250014 0.8732691416592884 0.06973110855295328 0.8456286635342882 0.9336315601154533 0.8781136187500003 0.9346709156250002
0 0.9287777333672059 0.06277331223798936 0.9012110517360139 0.06206580238871745 0.8789265734375 0.9303351546875002 0.906493255068692 0.931042664536772
0 0.9817302777425244 0.10953827782383081 0.9301427546875001 0.10762443593750008 0.8996261450492014 0.9301982935382286 0.9512136681042257 0.9321121354245593