0 0.27888301110494285 0.9157910754149542 0.12117826565998091 0.3510679990611644 0.08187962955503798 0.3620425486462101 0.23958437499999996 0.926765625
0 0.32450615664283655 0.9011507657544421 0.19042968749999994 0.40476718749999996 0.14502399851660525 0.4170315627222818 0.27910046765944185 0.9134151409767238
0 0.36916369524974296 0.8858935833297148 0.2330736108186061 0.39505245402367795 0.19025991556886312 0.40692293319396294 0.32635 0.8977640625
0 0.39740450536459065 0.8811772802756088 0.2561295581872905 0.32152085721232065 0.22758437499999995 0.3287265625 0.3688593221773001 0.8883829855632882
0 0.42701449835810584 0.8752196762059066 0.296941452538388 0.3082977113658788 0.27018164168028214 0.31443741015997223 0.40025468750000004 0.8813593750000001
0 0.44129218750000004 0.85766875 0.32694506767846143 0.3374149060149868 0.3172504272476095 0.3395457008640591 0.43159754706914805 0.8597995448490725
0 0.46964531249999997 0.8504171875000001 0.3539007571502978 0.33181046661891034 0.32785463644304713 0.33762353563337194 0.44359919179274937 0.8562302565144618
0 0.4844659817629161 0.8442730596451102 0.3707359375 0.32649531249999997 0.35863401823708396 0.32915350285488976 0.47236406249999996 0.8469312500000001
0 0.512984375 0.8385281249999998 0.39612548585283125 0.32103209154490625 0.36698430260430187 0.3276126372548334 0.4838431917514706 0.845108670709927
0 0.53931875 0.8351281250000001 0.41839531249999995 0.28196875000000005 0.3916413470219953 0.28781730218689316 0.5125647845219954 0.8409766771868931
0 0.5678974739227793 0.8286475042634572 0.44502031249999996 0.27463125 0.41814002607722056 0.2805931207365429 0.5410171874999999 0.8346093750000001
0 0.59465 0.8217312500000002 0.4686474960520692 0.26671139338572447 0.4433596391219975 0.2724523290562125 0.5693621430699284 0.8274721856704883
0 0.6099843749999998 0.8172375000000003 0.49394531249999984 0.3119734375000001 0.4799704335065014 0.31518291147076466 0.5960094960065014 0.8204469739707647
0 0.6254687499999999 0.8123093750000001 0.5064800397436057 0.3085046813858868 0.49228546108692744 0.3118571602897153 0.6112741713433218 0.8156618539038286
0 0.695240625 0.7924109375000001 0.5686124277447439 0.2718476998577975 0.5001700507434539 0.2884964644820387 0.6267982479987101 0.8090597021242413
0 0.7711546874999999 0.7677671875 0.6413821285274042 0.2515889120563444 0.5705712541338365 0.2693914985081709 0.7003438131064322 0.7855697739518265
0 0.8184855126998161 0.7558416622900769 0.6672640624999999 0.19677968750000002 0.6357222998001839 0.20531146270992312 0.7869437499999999 0.7643734375
0 0.8434229300243284 0.7548634638347137 0.6600887470901657 0.10025671715124114 0.6472140625 0.1038625 0.8305482454341628 0.7584692466834725
0 0.8608500000000001 0.7479687499999998 0.6775174110465989 0.09737690993795237 0.6621117615253086 0.10171812271888352 0.8454443504787097 0.7523099627809311
0 0.8911677672744167 0.7328271996171871 0.7496514857518424 0.2535628716651342 0.7193009059774257 0.26252473454794695 0.8608171875 0.7417890624999999
0 0.911807326839674 0.7202981223463794 0.7731249806896944 0.2463915679242466 0.7509707788500204 0.25287469557786724 0.889653125 0.7267812499999999