0 0.8350272255366695 0.23509479822076074 0.8322254341848401 0.1716968828289894 0.2335125 0.19815624999999998 0.23631429135182952 0.2615541653917713
0 0.7829656249999999 0.295234375 0.7807442346345245 0.2464707543976313 0.24073564926664534 0.27107044273069925 0.24295703963212079 0.3198340633330679
0 0.746342842555946 0.3534236992178964 0.7444855499483541 0.3070482474015507 0.24515620948389366 0.32704591117571774 0.24701350209148557 0.37342136299206347
0 0.7587683057027508 0.3991669304759696 0.7565645553226037 0.3503901180023846 0.24793687461985287 0.3733700625264151 0.25014062499999995 0.422146875
0 0.7600671875 0.44919375000000006 0.7574484640825172 0.39922656110684057 0.25195781250000004 0.42571875 0.2545765359174828 0.47568593889315947
0 0.7551445438098056 0.5019484162231731 0.752180386114242 0.45444827864987564 0.25651932875610706 0.4853790845931668 0.2594834864516707 0.5328792221664643
0 0.758057598694943 0.5568206521177029 0.7547104668032054 0.5032136064649114 0.262422259747207 0.5339512368957294 0.2657693916389447 0.5875582825485209
0 0.6944567909414288 0.5943352262977996 0.692246750624995 0.5626312167703145 0.26503370968356615 0.592411615472515 0.26724375 0.6241156250000001
0 0.7011105327795101 0.624587171565123 0.6984576994688879 0.5928810497624756 0.2653824976816792 0.6291162073909174 0.2680353309923013 0.6608223291935649
0 0.777204271688003 0.663298167566134 0.77413726331666 0.6267818259945628 0.26798281249999995 0.66929375 0.27104982087134294 0.7058100915715713
0 0.9559451705875144 0.7586497167477828 0.9486606937992184 0.6749778379518416 0.26342343321346606 0.734634618593591 0.2707079100017621 0.8183064973895322
0 0.7800529417603832 0.8052887157014565 0.2760835071745436 0.7991450143101997 0.2757246531397962 0.8285819047892602 0.7796940877256358 0.8347256061805168
0 0.7440171874999999 0.8582093749999998 0.7423951996874333 0.8167086544949399 0.28333110888952673 0.8346504239726624 0.28495309670209334 0.8761511444777224