0 0.10877153900374785 0.9282184846295035 0.08176136142878673 0.24786701407398276 0.05766578207360144 0.24882361651451795 0.08467595964856259 0.9291750870700387
0 0.1375263913957427 0.9253572313948238 0.10939951308289386 0.24879721665940954 0.08388691449268762 0.24985786130343554 0.11201379280553643 0.9264178760388498
0 0.17635739710871512 0.9181481689137803 0.14920123538710317 0.2910382953721359 0.12321571327838805 0.29216356395835585 0.150371875 0.9192734375000002
0 0.2311365173451701 0.914199499209651 0.18015846245053788 0.25449820428540487 0.1495384848933981 0.25686434621780707 0.20051653978803033 0.9165656411420533
0 0.26572735357428684 0.9128420511072062 0.21192324971989587 0.2322740640852435 0.17844120864560903 0.2349210754780374 0.2322453125 0.9154890625000001
0 0.3070734938447974 0.9073527347712036 0.2537310916151506 0.2756767839334829 0.2211982227703532 0.27842404916227953 0.274540625 0.9101000000000001
0 0.3343620766483454 0.903921068119959 0.276716517871178 0.27779827928507983 0.25501850372283263 0.27979596116512095 0.3126640625 0.90591875
0 0.3668183262783587 0.9053578801239253 0.3033296875 0.2561125 0.27173193795384454 0.25920239200163736 0.33522057673220323 0.9084477721255626
0 0.4545748966721693 0.8977665940070221 0.3910797701228645 0.16650763469819824 0.3330751859506952 0.17154416569117617 0.3965703125000001 0.9028031250000002
0 0.5154844837533702 0.893227188771007 0.4488216659158811 0.15872526229081135 0.39083458031183327 0.16398812462675344 0.45749739814932244 0.8984900511069492
0 0.5682203125 0.8877859375000001 0.5102975102646861 0.22533199404036322 0.45842525465047845 0.22986753410787353 0.5163480568857924 0.8923214775675105
0 0.6647034931924347 0.8824975121228084 0.59642103493333 0.21655646349579216 0.5056219680486548 0.22586657211171413 0.5739044263077595 0.8918076207387303
0 0.7052687499999999 0.8791749999999998 0.6254212935241945 0.12431521037986681 0.5910772286978019 0.12794805221239788 0.6709246851736073 0.882807841832531
0 0.7870047321251854 0.8778252309011974 0.7111580524687698 0.13752653674409016 0.6392109471756586 0.1448978168644559 0.7150576268320742 0.8851965110215632
0 0.8290379589474643 0.8647151077247581 0.7560906244709215 0.18460803987419205 0.7226958861496151 0.18818991287807063 0.7956432206261579 0.8682969807286367
0 0.8672004345996089 0.8606625823812692 0.7907074839304389 0.1834334847050123 0.7545207472718727 0.1875207725542789 0.8310136979410429 0.8647498702305357
0 0.9435015625000001 0.8642468750000001 0.8680902558022143 0.2638472090767603 0.8347981916810678 0.268028753805273 0.9102094983788536 0.8684284197285127