0 0.0781656484375 0.9021527062500001 0.030094515355697397 0.11889199794666286 -0.005541288057761005 0.12107907745953164 0.0425298450240416 0.9043397857628689
0 0.11068385781250001 0.9021527062499999 0.06994455111816894 0.07976189660213294 0.03177562418096923 0.08165269548077544 0.0725149308753003 0.9040435051286424
0 0.14083695488697948 0.8983522639844403 0.10410448172737281 0.09187043275251679 0.0675972296875 0.0935332125 0.10432970284710666 0.9000150437319234
0 0.17259736870226083 0.9000075601089865 0.14057751900582638 0.08664863718029511 0.1033672609375 0.08811350937499998 0.13538711063393444 0.9014724323036913
0 0.21230326562499996 0.9021527062499997 0.18535072040445905 0.11263370512563083 0.14157615781249996 0.11412807812499999 0.16852870303304085 0.9036470792493689
0 0.2505121625 0.89781694375 0.22590573822740692 0.11806670413764946 0.17897209999999997 0.11954777968750001 0.20357852427259307 0.8992980192998505
0 0.2912462791517134 0.8990264708113045 0.2713673343818096 0.12153887012498925 0.222058728125 0.1227996015625 0.24193767289490378 0.9002872022488153
0 0.3375818905520845 0.8990812343385917 0.32266565477034637 0.09249954922763484 0.2667712671875 0.09353321249999999 0.2816875029692381 0.9001148976109569
0 0.4041607046875001 0.8956490640624999 0.40008334990812644 0.06713063151212398 0.32123926875 0.06751864375 0.32531662352937357 0.8960370763003759
0 0.47244894687500005 0.08377774843750005 0.4017218390625 0.08377774843750005 0.40172183906250003 0.896733003125 0.47244894687500016 0.896733003125
0 0.5171698475683726 0.12407250213591978 0.472448946875 0.12388354062500007 0.46919724267377755 0.8934537031374628 0.5139181433671501 0.8936426646483826
0 0.5562812947287326 0.01180897780425209 0.5171614859375 0.011153745312500064 0.5023114013738349 0.8977588449937792 0.5414312101650675 0.8984140774855313
0 0.5929223121616345 0.0173118290282477 0.5553703828125001 0.01657344843750007 0.5380639663203487 0.8967283950104269 0.5756158956694832 0.8974667756011746
0 0.6578424309216813 0.11502420593515476 0.5943922343750001 0.11304413750000006 0.569805564194078 0.9009103686416843 0.6332557607407592 0.9028904370768391
0 0.6921388064594877 0.12069163441542038 0.65373796875 0.1195477796875001 0.6306547942579372 0.8944829317247951 0.6690556319674248 0.8956267864527152
0 0.7586666918640009 0.04674360860392261 0.6911339093750001 0.04367195625000008 0.6527684929780201 0.8871669296732028 0.720301275467021 0.8902385820271255
0 0.8216713870349146 0.04729161103347151 0.7569832859374999 0.04367195625000008 0.7098262657740053 0.8864313546651672 0.7745143668714201 0.8900510094486387
0 0.8921235364584547 0.0396814970397531 0.8203937953124998 0.03500043281250009 0.7649879320677889 0.8840057092992755 0.8367176732137438 0.8886867735265286
0 0.9707905171875 0.041504075000000126 0.8977811473847659 0.035319588459859295 0.8254281301972659 0.8894645775223593 0.8984375 0.8956490640625001
0 1.0068917007433265 0.142468776217436 0.9585110851754101 0.13859641478241586 0.8984375 0.8891454218750002 0.9468181155679165 0.8930177833100205