0 0.055402900000000053 0.8295287031250002 0.053776990625 0.10220473437500002 0.022875152596932322 0.10227381444153613 0.024501061971932376 0.8295977831915362
0 0.08792832996017541 0.0979043667986626 0.05377820185319436 0.09786625284297165 0.052958028143019045 0.832742409481809 0.0871081562500001 0.8327805234374999
0 0.1269646124992338 0.04280161541346253 0.08553919422445369 0.0425840450076783 0.0814174687500001 0.827360821875 0.12284288702478019 0.8275783922807843
0 0.15703197519602125 0.8337491728067764 0.15459315590856484 0.042487758328755405 0.11718754633754358 0.042603049584479094 0.11962636562499998 0.8338644640625
0 0.19768275777285807 0.040601591654159344 0.1537704859375 0.04042013593750002 0.1505187751125671 0.8273339477658374 0.19443104694792515 0.8275154034824966
0 0.23018828125000007 0.8241090015625001 0.2260925544524615 0.08141726142208419 0.18220625997512893 0.08165928144549456 0.1863019867726675 0.8243510215859106
0 0.2586485982667099 0.8240002623999582 0.2561988702318828 0.09125934630493736 0.22367377665267293 0.09136808546747928 0.22612350468750003 0.8241090015625
0 0.30416720937499997 0.17157691562500005 0.25620284843749996 0.17157691562500005 0.2562028484375 0.8284447625 0.304167209375 0.8284447625
0 0.34644088125000005 0.17266085625000005 0.29766356718750003 0.17266085625000005 0.2976635671875001 0.8208571796875 0.34644088125000005 0.8208571796875
0 0.3846497796875 0.17699661718750004 0.34156315 0.17699661718750004 0.34156315000000004 0.8143535375000001 0.3846497796875 0.8143535375000001
0 0.4220457203125 0.19542360312500004 0.3846497796875 0.19542360312500004 0.3846497796875 0.815437478125 0.4220457203125001 0.815437478125
0 0.453750975 0.2040951265625001 0.4187939 0.2040951265625001 0.4187939000000001 0.817605359375 0.45375097500000006 0.817605359375
0 0.4871445683895021 0.8128251668180987 0.4773266781250002 0.2008433046875 0.44805043449150295 0.20131297701790177 0.45786832475600486 0.8132948391485005
0 0.5163639179121874 0.8162958735256296 0.5114707984375 0.198675425 0.4813675815033108 0.19891391878268327 0.4862607009779982 0.8165343673083129
0 0.5529315171875 0.8143535375000001 0.5472408296875001 0.20626300781249998 0.5098684481298658 0.20661274939568916 0.5155591356298658 0.8147032790831894
0 0.5814748134072026 0.814055954361233 0.574068353125 0.123883540625 0.5407293947421087 0.12424131161989702 0.5481358550243113 0.8144137253561301
0 0.6074144176225913 0.8131415741935255 0.6041469772263728 0.1280680891592104 0.5724424421874998 0.12821930312500002 0.5757098825837184 0.813292788159315
0 0.6399266137661447 0.811845741630646 0.6317881765625001 0.1303871828125 0.6033258581088553 0.1307270989943539 0.6114642953124999 0.8121856578125
0 0.6716460135942409 0.8085022198101102 0.6626804765625 0.1325550640625 0.6301392364057591 0.13298668018988996 0.6391047734375 0.8089338359375002
0 0.6984505078125 0.817605359375 0.6903177434083473 0.08565661458412274 0.6643063859375 0.0859456296875 0.6724391503416527 0.8178943744783773
0 0.7228494956884369 0.8162031664461527 0.7130795579521714 0.09214218429212995 0.6894935247637346 0.09246043659597733 0.6992634625 0.8165214187500002
0 0.7472803730841625 0.8097519864731145 0.7399112250000001 0.0870295703125 0.7138441066033376 0.08729536040188574 0.7212132546875001 0.8100177765625002
0 0.7904040745864431 0.8060151875224925 0.7789095839198987 0.20720695127464767 0.7382767918843076 0.20798692259190163 0.7497712825508519 0.8067951588397465
0 0.8554637333508911 0.8045957239042743 0.8430888253218287 0.21060017973587 0.7909468263459376 0.21168647145659572 0.803321734375 0.805682015625
0 0.9018452119476601 0.8007114750956656 0.87242293125 0.102204734375 0.8316192771148397 0.1039234530293344 0.8610415578124998 0.80243019375
0 0.9547314467079848 0.7981098378847601 0.9122577390625001 0.104372615625 0.8771006282920155 0.10652509180273975 0.9195743359375002 0.8002623140624998
0 0.9969298186901444 0.7936184974142316 0.9545314125000001 0.104372615625 0.9170107375598556 0.10668066977326848 0.95940914375 0.7959265515625