0 0.20273461562499998 0.7430695156249999 0.17430727746092894 0.11287029160778284 0.13606581521831118 0.11459530639299582 0.1644931533823822 0.7447945304102128
0 0.23825080468749998 0.7454374765625 0.21422231249999996 0.1126893953125 0.1778617688903261 0.11407018027882074 0.2018902610778261 0.7468182615288208
0 0.2711032578125 0.74425345625 0.25030915519568375 0.12042487338945851 0.21841952995162214 0.12148785151831584 0.23921363256843842 0.7453164343788574
0 0.3013343912538895 0.7482040463939538 0.2845348125 0.1205018953125 0.24979231952900438 0.1214317300211546 0.26659189828289387 0.7491338811026085
0 0.3297441970948653 0.749585100279469 0.31578481250000007 0.11659564531250002 0.2852952336520506 0.1172680352771894 0.2992546182469159 0.7502574902441583
0 0.3945335038220941 0.7508157537406663 0.38474418865553506 0.20493592495807356 0.35101464999999993 0.2055408 0.360803965166559 0.7514206287825929
0 0.36166953125000006 0.7478054375 0.34921882460868947 0.20703914228157738 0.31871450000000007 0.20774147968749998 0.33116520664131066 0.7485077749059226
0 0.4371413859375 0.7489893765625 0.42914288316063304 0.11734028227324364 0.38512075 0.11789772968750001 0.393119252776867 0.7495468239767564
0 0.4788844084271681 0.7510277808898944 0.4735424146105429 0.11756661195799259 0.43092604375 0.11792599687500002 0.4362680375666252 0.751387165806902
0 0.5419140875 0.10253419375000003 0.48153664999999995 0.10253419375000003 0.48153665000000007 0.7596452390625 0.5419140875000001 0.7596452390625
0 0.5694391890625 0.7478054375 0.5676633265625 0.23395640624999997 0.5428022563141148 0.23404232612077713 0.5445781188141148 0.7478913573707772
0 0.5943024116297225 0.7489479499210582 0.5934125656250001 0.23395640625000005 0.5676613576618561 0.23400090136803525 0.5685512036665786 0.7489924450390933
0 0.6582511450621242 0.177208041937438 0.6434496782361447 0.1771161162618712 0.6398466684762156 0.7572568561198973 0.654648135302195 0.7573487817954642
0 0.6981852671875001 0.15826231250000009 0.6564537375 0.15826231250000009 0.6564537375000001 0.7489893765625 0.6981852671875002 0.7489893765625
0 0.7514766307547242 0.7521887175575173 0.7464366328365859 0.15551089826154982 0.7046880802068618 0.1558635385165326 0.709728078125 0.7525413578125001
0 0.8729307286247113 0.7544764756200018 0.8090966520406561 0.1598353126319126 0.7719763437284448 0.16382013701191087 0.8358104203125002 0.7584612999999999