0 0.7339 0.15027343750000008 0.25609198330587385 0.030506928643316417 0.23762894907049245 0.10416513121077856 0.7154369657646187 0.2239316400674622
0 0.6989543167328696 0.23034978301206116 0.22839999999999994 0.10832812500000003 0.22227849576713038 0.13193459198793897 0.6928328125 0.2539562500000001
0 0.691446875 0.25411406250000007 0.21970624999999994 0.14658125000000002 0.20961200404700558 0.1908641603420808 0.6813526290470057 0.29839697284208083
0 0.6786937499999999 0.31252031250000006 0.21011830783524102 0.19106713475315446 0.190477682835241 0.26684213475315444 0.6590531249999999 0.38829531250000004
0 0.6544747930262534 0.38858789879426997 0.18942187500000002 0.26277812500000003 0.16854864447374665 0.3399355387057302 0.6336015625 0.46574531250000006
0 0.62595625 0.46716718749999997 0.15623906250000003 0.33041875000000004 0.14308093771400618 0.3756155908578786 0.6127981252140062 0.5123640283578786
0 0.6154067070596442 0.5159898242818272 0.15378124999999998 0.3762984375 0.1414261054403557 0.41712736321817284 0.6030515624999999 0.5568187499999999
0 0.5997015625000002 0.5594656250000002 0.13808437500000006 0.4169453125000001 0.12498928809176872 0.45935973808334163 0.5866064755917687 0.6018800505833417
0 0.586547346578929 0.6065425644354623 0.13339105821274239 0.45836428045142996 0.12337808663381342 0.4889857785159678 0.576534375 0.6371640625000001
0 0.5750603715900764 0.6438963443728455 0.11646562500000002 0.49114375 0.10412244090992362 0.5282005306271544 0.5627171875000001 0.680953125
0 0.5937914775007845 0.7051665449651935 0.10999375000000003 0.5263859375000001 0.09678664749921537 0.5621256425348067 0.5805843749999999 0.7409062500000001
0 0.5520318248687933 0.7346451043641682 0.09795000000000016 0.5672843750000001 0.08364942513120707 0.6060845831358319 0.5377312500000002 0.7734453125000001
0 0.5356686440970961 0.7749113714299634 0.0886781250000001 0.6034828125 0.07405010590290399 0.6416245660700369 0.5210406250000001 0.8130531250000003
0 0.5590943372656074 0.837821277372381 0.07830937500000004 0.643059375 0.04665566273439272 0.7211990351276192 0.5274406250000002 0.9159609375000002
0 0.5325131696131343 0.9226861346714076 0.06094843750000005 0.723309375 0.02704943958917223 0.8034870842529189 0.4986141717023065 1.0028638439243267