0 0.7416334679724284 0.13265101619785766 0.7404161185604676 0.1106505414008904 0.1566984039579429 0.1429493178218588 0.15791575336990354 0.16494979261882606
0 0.7392375622360913 0.15387072769104554 0.7380434290469038 0.13349429654154324 0.16254425115196727 0.1672206475218671 0.16373838434115487 0.1875970786713694
0 0.6715359375000001 0.20551406249999998 0.669828125 0.1698046875 0.1872290874807652 0.19288514378811292 0.1889368999807652 0.22859451878811288
0 0.6753847962875037 0.2379555654164967 0.6737180159326901 0.20628918338129526 0.1868675946451863 0.23191486796479857 0.188534375 0.26358125
0 0.6742762684333117 0.26647642231934454 0.6733396680771868 0.24691510519535148 0.18973281250000001 0.2700703125 0.1906694128561249 0.289631629623993
0 0.6725091964504284 0.2917361621799156 0.6716031250000001 0.2715140625 0.19332563194511815 0.29294376508770076 0.1942317033955464 0.3131658647676164
0 0.5995369024716485 0.3190183141660681 0.598201748130915 0.29945214369502354 0.2247660560946359 0.3249346102791175 0.22610121043536946 0.34450078075016205
0 0.8303505225075444 0.34981017321638597 0.8272605976018559 0.3035938960763461 0.14758976259431145 0.34903528535996026 0.1506796875 0.3952515625000001
0 0.6991813301839104 0.4180817011218559 0.6970119583649169 0.3750031011745508 0.16751965636625252 0.40166751644651677 0.1696890281852459 0.44474611639382183
0 0.6118115469900753 0.4710021217753059 0.6103625 0.4312984375000001 0.17927636444046707 0.4470315886822512 0.1807254114305424 0.48673527295755703
0 0.7012261284757667 0.5386228082489828 0.7001343090236375 0.4761261481959651 0.177210629643279 0.4852616483113647 0.17830244909540818 0.5477583083643824
0 0.6815062499999999 0.5902312500000001 0.6806688617685208 0.5422355970038866 0.1957171014757348 0.550696631942553 0.19655448970721384 0.5986922849386664
0 0.6827268195093119 0.6447341921729725 0.6826925287639913 0.5942796670913508 0.19732977175467944 0.5946095374183783 0.1973640625 0.6450640624999999
0 0.7388662095125649 0.6488511934925033 0.20741299182558093 0.6389803633014816 0.20634365731301627 0.6965541698089783 0.7377968750000001 0.7064250000000001
0 0.7354265625 0.7571281250000002 0.21037656250000009 0.7066796875000001 0.2067814693373097 0.744096181619775 0.7318314693373097 0.794544619119775
0 0.7362640625000001 0.805134375 0.20892190072207337 0.7495610851698654 0.20526557893221123 0.7842563973012 0.732607740710138 0.8398296871313345
0 0.7097093750000001 0.8381546874999998 0.21178281250000003 0.7872140624999999 0.20838265375485499 0.8204494096502242 0.7063092162548551 0.8713900346502239