0 0.7676156250000001 0.8233625000000002 0.7658005763584262 0.774610401606383 0.19848356659198538 0.7957317071880337 0.20029861523355916 0.8444838055816508
0 0.7533140624999999 0.7526203124999999 0.7515270964009618 0.7082218736456709 0.2888145964009619 0.726845311145671 0.2906015625 0.77124375
0 0.7500109375 0.7051328125 0.7480474429222883 0.6606464208118116 0.287521170533644 0.6809726555189741 0.28948466511135573 0.7254590472071626
0 0.7448852301298792 0.6547014952864527 0.743968804140577 0.6345976800741988 0.2683379778785946 0.656279159231155 0.26925440386789684 0.676382974443409
0 0.7437361498866837 0.6321387268348654 0.7426889714154302 0.6120289203476899 0.26726074760962615 0.6367859064933914 0.26830792608087967 0.6568957129805669
0 0.7392765625 0.6091515624999999 0.7381195857181699 0.5896490199764415 0.31973677321816996 0.6144693324764414 0.32089375 0.633971875
0 0.7380625 0.5859953124999999 0.7368055528586217 0.5671120816082559 0.3169571153586218 0.5950589566082559 0.31821406249999995 0.6139421875
0 0.733503125 0.56118125 0.7314580733593308 0.533769406098227 0.27119869835933075 0.568106906098227 0.27324374999999995 0.59551875
0 0.7311250000000001 0.531365625 0.7290309074330238 0.5027526511001332 0.2671137199330237 0.5365589011001333 0.26920781250000003 0.565171875
0 0.7272856957577163 0.49910942300117034 0.7240062499999999 0.4577375 0.29602524174228356 0.49166245199882963 0.2993046875 0.533034375
0 0.7243921835810457 0.453390448955212 0.7208625 0.413296875 0.2943843789189542 0.45084236354478807 0.29791406249999997 0.4909359375000001
0 0.7224074681441153 0.40641276161615536 0.7168410491068729 0.3480836906677884 0.24234461696414958 0.3933655017791102 0.247911036001392 0.45169457272747726
0 0.7174244733016084 0.34371693408493725 0.7123246343530054 0.2878211987067064 0.24053318558477188 0.3308667081675787 0.24563302453337482 0.3867624435458096
0 0.7136714520670662 0.2778395536806436 0.7095471303784227 0.23396820624586095 0.23605458177173705 0.27848098512808306 0.24017890346038046 0.32235233256286566
0 0.7090200217573804 0.2261849502029567 0.7046322608549652 0.18121603998574548 0.22472110424325287 0.2280425118624824 0.22910886514566808 0.27301142207969364
0 0.7024592422480235 0.17465218254505915 0.6994296875 0.14428906249999998 0.2375329452519764 0.19037594245494077 0.24056249999999996 0.22073906249999994
0 0.7041921874999999 0.12631874999999998 0.7009743900680004 0.09405904203094796 0.2267259525680005 0.14136372953094803 0.22994374999999997 0.17362343750000003
0 0.6990578125 0.09053749999999999 0.694166322698075 0.04426844201925314 0.22736007269807498 0.09361844201925315 0.23225156249999998 0.1398875