0 0.7607296875000001 0.863378125 0.08420933258596372 0.8005671333231918 0.08282812500000011 0.81544375 0.7593484799140364 0.8782547416768083
0 0.7499778126893043 0.7859228850515577 0.13806304274441503 0.7168800857464084 0.13175937500000007 0.7727484375 0.7436741449448893 0.8417912368051492
0 0.7648156250000004 0.7366703125 0.13960781250000015 0.660121875 0.13320637267546387 0.7124055050812633 0.7584141851754641 0.7889539425812634
0 0.7982546875000001 0.6895265625000001 0.14709835926900355 0.6081433622788139 0.1405828125000001 0.6602750000000001 0.7917391407309966 0.7416582002211862
0 0.7799484375 0.6222 0.22079531250000003 0.5448765624999999 0.2137747396608332 0.5956448077983324 0.7729278646608331 0.6729682452983324
0 0.7853707952266251 0.5848445107075003 0.2650515625000001 0.5114328125000001 0.2606050398928473 0.5429483786529021 0.7809242726194723 0.6163600768604024
0 0.7888796874999999 0.5531953125000001 0.26855717243737354 0.47985770944875233 0.26453030036334313 0.5084279397019935 0.7848528154259695 0.5817655427532411
0 0.8059714261721679 0.49442625277022934 0.19789375000000003 0.40565468750000006 0.18889874245216134 0.467269724592009 0.7969764186243292 0.5560412898622383
0 0.8001828124999999 0.4313765625 0.27299375000000003 0.35696249999999996 0.26513773454524203 0.41261871985198517 0.792326797045242 0.4870327823519852
0 0.8162987943500009 0.411100437355649 0.25821250000000007 0.332375 0.2558898941491112 0.3488400021149126 0.813976188499112 0.4275654394705617
0 0.817537347652473 0.34799026463966565 0.2988609375 0.26300937500000005 0.28705104098251516 0.3350904600055174 0.8057274511349881 0.42007134964518295
0 0.8299545446674411 0.2788305658293767 0.3054551863368981 0.18893608460017614 0.2930883108769545 0.2610919962267861 0.8175876692074976 0.3509864774559867