0 0.0774491161989116 0.9303296079008627 0.054519797060809574 0.15837585466580276 0.0115033171875 0.159653571875 0.03443263632560203 0.93160732511006
0 0.10824499218749999 0.9303351546874999 0.09359593135575765 0.15990310375055852 0.049712214062499996 0.16073751249999998 0.06436127489424234 0.9311695634369415
0 0.15946117343750005 0.9335869750000001 0.14065216481421022 0.15396717516222908 0.08466928906250001 0.15531781093750002 0.10347829768578987 0.9349376107752709
0 0.20101090156306872 0.9302875180006922 0.1795688097783545 0.15837239920356352 0.1334466046875 0.15965357187499998 0.15488869647221423 0.9315686906721286
0 0.24969920625000003 0.9270833328124999 0.227715138674297 0.16279773571163217 0.18385184744922997 0.16405942841138005 0.20583591502493306 0.9283450255122478
0 0.29368138017767353 0.9254887584892583 0.27083604375000003 0.16724115468749998 0.21791136200982653 0.16883572901074168 0.24075669843749997 0.9270833328124999
0 0.37246162388921855 0.9229083351111924 0.34445782731843844 0.1937114216123522 0.26396908311671996 0.19680248025115987 0.29197287968749996 0.9259993937500001
0 0.4131032125 0.9303351546874999 0.3935573337086967 0.16478819048954343 0.33993724062499997 0.1661572140625 0.35948311941630323 0.9317041782604566
0 0.44484697749954166 0.9208584241895184 0.423587707020479 0.16860728893935067 0.3950957638959373 0.1694124959998322 0.416355034375 0.9216636312499998
0 0.4765502797691143 0.9217843087199544 0.4537255434850335 0.16965494764225747 0.42198373090341923 0.170618210797303 0.4448084671875 0.922747571875
0 0.517974440625 0.9270833328125001 0.4902093590306197 0.16708226192644654 0.45050673961800874 0.168532715760961 0.4782718212123891 0.9285337866470146
0 0.5610610687500002 0.934670915625 0.524246118333832 0.16673830835037115 0.482432295910926 0.16874287722090386 0.5192472463270942 0.9366754844955327
0 0.5968311000000001 0.9314190953125001 0.5651258453125001 0.25504032187500003 0.527811893349839 0.2567894133557406 0.559517148037339 0.9331681867932407
0 0.6317881765625001 0.9292512140625002 0.5914600975959116 0.2499837126784336 0.5527035601788566 0.25228468644538377 0.5930316391454451 0.9315521878294504
0 0.6724359390625 0.9292512140624998 0.6269104453125001 0.281054890625 0.5906585430844925 0.2836010108182688 0.6361840368344924 0.9317973342557686
0 0.7082209646474661 0.9620026686453862 0.6618675203125 0.24094909843749995 0.6317731822275339 0.24288373447961392 0.6781266265625 0.9639373046875
0 0.743452354140578 0.920224583266212 0.6844978481962104 0.10905427062350292 0.6594286546875001 0.11087625781250002 0.7183831606318677 0.922046570455209
0 0.7236521203125 0.9205796906250001 0.6622129257852972 0.1057594345285835 0.6309599762959986 0.10811597393571706 0.6923991708232015 0.9229362300321338
0 0.770803525 0.9292512140625002 0.713027479874051 0.10790913115561016 0.6851693817151656 0.10986876620883237 0.7429454268411146 0.9312108491157224
0 0.8114512875000003 0.922747571875 0.7436821713506733 0.10407487256226103 0.6976590901452323 0.10788462893789164 0.7654282062945593 0.9265573282506306
0 0.8439694984375 0.9314190953124998 0.783810809375 0.10112079374999998 0.7462976525874256 0.10383878357448792 0.8064563416499257 0.9341370851369877
0 0.8707970218750001 0.9325030343749999 0.8154628056799321 0.09923484454717738 0.7870626296874998 0.10112079375000001 0.8423968458825678 0.9343889835778226
0 0.8976245453124999 0.9281672734374998 0.8356359002946954 0.10273953577990716 0.8092016693317694 0.10472471520231133 0.871190314349574 0.9301524528599041
0 0.9288875476339882 0.9280248744368789 0.8756506526684908 0.17014988492960553 0.8399047218750001 0.17266085625 0.8931416168404974 0.9305358457572733
0 0.9634739203124999 0.9281672734374998 0.90331523125 0.165073275 0.8717208825164201 0.1675640226739267 0.93187957157892 0.9306580211114266
0 0.9949382383663465 0.9271483646143566 0.9293298 0.17374479687499997 0.9051820788211533 0.17584764632314354 0.9707905171874998 0.9292512140625
0 1.017649714298034 0.9274907511509113 0.9624311271468974 0.17168280863422827 0.9342075312500002 0.173744796875 0.989426118401137 0.9295527393916829