0 0.1194475723354248 0.3146028515895951 0.059925437500000046 0.3145123125 0.05902638842210713 0.9055644279712359 0.11854852325753189 0.9056549670608309
0 0.2113196298616203 0.9102101658065942 0.20911625213842636 0.32632340869134435 0.12033157343749998 0.32665844999999993 0.12253495116069393 0.9105452071152499
0 0.27839262251552066 0.2784763532456188 0.21623407797079905 0.278040701787352 0.2117804742052785 0.9134787860417333 0.2739390187500001 0.9139144374999999
0 0.340207919238189 0.2821224302053153 0.27982482928063257 0.2816433289413525 0.2748213569174437 0.9122513956110373 0.33520444687500006 0.9127304968750002
0 0.4071548529458878 0.2870131977776096 0.3460287985196429 0.2863865324755087 0.3396196955737552 0.9115418971978994 0.4007457500000002 0.9121685625000001
0 0.4700870025840952 0.2905995840672688 0.41145285912119134 0.289943803853205 0.40442856747459627 0.9179946588484362 0.4630627109375001 0.9186504390625
0 0.5341007943818796 0.2918259568385567 0.47305457878285634 0.29111037458133165 0.4656760969009769 0.9205675630552749 0.5267223125000001 0.9212831453125
0 0.6060153444128986 0.33138775293024697 0.54137075 0.33013731250000006 0.5298279290246015 0.926871840819753 0.5944725234375001 0.92812228125
0 0.6770534705790322 0.3442497313821077 0.6140064203125 0.34205027343750005 0.5935580747334679 0.9281982717428925 0.6566051250000001 0.9303977296875001
0 0.7658380031250002 0.3160026265625001 0.6887029861017037 0.3130557690326724 0.6647296095392036 0.9405672080951725 0.7418646265625001 0.9435140656250003
0 0.8460582500000001 0.31711647968750006 0.7695449637846624 0.31449562903389616 0.7479264090971623 0.9456291352838961 0.8244396953125002 0.9482499859375
0 0.8919886085440272 0.34850624164485694 0.8457494562500003 0.3467861953125001 0.823384674200114 0.9480075367227986 0.8696238264941408 0.9497275830551553
0 0.9753835250000001 0.34797017500000005 0.8982400673535643 0.34448102896403543 0.8707149642285641 0.9530487430265355 0.9478584218749999 0.9565378890625003