0 0.12357041292117607 0.2856957145913096 0.08238593750000003 0.28456406250000005 0.06721439747310658 0.8367054159577789 0.10839887289428263 0.8378370680490883
0 0.16440230541746914 0.288146786809286 0.12284593819752643 0.28725794992424847 0.1110937500000001 0.8367156250000001 0.15265011721994282 0.8376044618850376
0 0.21769749736093263 0.2673748622285154 0.1741577180587513 0.26628648745282135 0.1598961581978188 0.8368116252243061 0.2034359375000001 0.8379
0 0.26389595296016766 0.2634505529725989 0.21690152556290898 0.26242969335094524 0.20432343750000004 0.8414515625 0.2513178648972587 0.8424724221216536
0 0.3135702428992261 0.23882484018156158 0.2701350429597553 0.2375449627468281 0.2522703125000001 0.8438203125000001 0.29570551243947085 0.8451001899347336
0 0.3597414773944193 0.24119600597393648 0.3188640625 0.2399890625 0.301037767300181 0.8437396777104592 0.3419151821946003 0.8449466211843957
0 0.38368125000000014 0.2956359375 0.35706327037192603 0.2949445604183099 0.3428375000000001 0.8426359375000002 0.3694554796280742 0.8433273145816903
0 0.40663464173479824 0.29494599604879135 0.38267323477729975 0.29440908942301725 0.3703625000000001 0.8438203125000001 0.3943239069574985 0.8443572191257742
0 0.44139375000000014 0.2684046875 0.4085648692591445 0.2675417757050006 0.3934711192591444 0.8417730257050007 0.42630000000000007 0.8426359375000002
0 0.47248109586322223 0.2679368378184784 0.44139375000000003 0.2672203125 0.428065779136778 0.8454709746815213 0.45915312500000016 0.8461874999999998
0 0.5044359375000003 0.25893281250000016 0.47203249587951585 0.2582314791124642 0.4591531250000001 0.8532921874999999 0.4915565666204845 0.853993520887536
0 0.5384406250000001 0.2611265625000001 0.5044850814781173 0.2603461455561574 0.4908853923432067 0.852061689340694 0.5248409358650895 0.8528421062845368
0 0.5666006747196161 0.32217353565811496 0.5363819890001296 0.3216676536090981 0.5274906892805138 0.8527863054509833 0.5577093750000002 0.8532921875000001
0 0.5994406250000001 0.3240515625000001 0.5678702895532151 0.32349781686153667 0.5585984375000002 0.8521078125000002 0.5901687729467853 0.8526615581384636
0 0.6269656250000001 0.251828125 0.6011839379608486 0.2514086967022672 0.5914183129608486 0.8516883842022672 0.6172000000000001 0.8521078125000001
0 0.6562791705505083 0.25256421863754447 0.6287421875 0.25182812500000007 0.6127473919494918 0.8501873438624559 0.6402843750000001 0.8509234375000002
0 0.7326576602646389 0.24494394603759026 0.7131445191995676 0.24466147543136546 0.7042140625000001 0.8615796874999999 0.7237272035650715 0.8618621581062248
0 0.7504009666768646 0.25089725587670236 0.7328199833886027 0.2505838949687321 0.7219718750000002 0.8592125000000002 0.7395528582882622 0.8595258609079703
0 0.7885752554428812 0.24886891172912856 0.7514444928538575 0.2482649081437515 0.74150625 0.8592125000000002 0.7786370125890237 0.8598165035853771
0 0.8516888870823458 0.24460566487962865 0.8170596485098383 0.2434547969100232 0.7965551364274924 0.8604288195303946 0.831184375 0.8615796874999999
0 0.8997314332758359 0.3066512719804245 0.8478819452596102 0.30498836748040203 0.8302968750000004 0.8532921875000001 0.882146363016226 0.8549550920000227
0 0.9603298024022549 0.310001969774561 0.9031046875 0.3086593750000001 0.8902748850977451 0.855501155225439 0.9475 0.85684375