0 0.10092839531250004 0.9476782 0.049415463639397604 0.3153501524437575 0.01612860316886163 0.31806188376052835 0.06764153484196407 0.950389931316771
0 0.12531705312500002 0.9541818421875 0.0793183656030922 0.31020023108945527 0.04727334843750001 0.3124891609375 0.09327203595940783 0.9564707720355446
0 0.1635259500000001 0.9563497218749999 0.11620021998392745 0.220896997442335 0.074100871875 0.223606053125 0.12142660189107266 0.9590587775576649
0 0.19929598125000006 0.9563497218749999 0.15590834112462018 0.22067000753997182 0.12207368315146036 0.22266544921832726 0.1654613232768402 0.9583451635533555
0 0.23018828125000002 0.9574336625000001 0.1919562375775315 0.22533072620217737 0.16271299374999998 0.22685787343750002 0.20094503742246847 0.9589608097353228
0 0.2594546703125 0.9541818421874998 0.22367515672523658 0.22558083794451544 0.19615427319135498 0.22693230990324148 0.23193378677861842 0.9555333141462258
0 0.2927858359375 0.9541818421875001 0.26006443000971496 0.21249665792851546 0.2220729396833526 0.2141727531278721 0.2547943456111376 0.9558579373868568
0 0.3164216248847036 0.9525780528445157 0.3000863169254897 0.209866033069606 0.26677126718750005 0.21059876875000003 0.28310657514671395 0.9533107885249098
0 0.3440078679644257 0.953276641769035 0.31798744843750004 0.15856963281249997 0.2903411179730744 0.1594748332309648 0.3163615375 0.9541818421874998
0 0.36839067343750004 0.9585176031250002 0.357772843014976 0.15591843770797753 0.32123926875 0.15640175156249997 0.331857099172524 0.9590009169795227
0 0.3976570625 0.9509300203124997 0.37733318125000004 0.330916146875 0.35053445331504735 0.33179460167663427 0.3708583345650473 0.9518084751141341
0 0.42367163124999996 0.9465942593749999 0.411422350390689 0.33031937224568875 0.3813979578125001 0.33091614687500004 0.3936472386718111 0.9471910340043111
0 0.46106757343750016 0.23227757500000007 0.41554720775005627 0.23217474282158546 0.4139113279743058 0.9563239999987856 0.45943169366174963 0.9564268321772003
0 0.5017153359375001 0.9552657828125 0.5008974530008172 0.22789611366651127 0.4602546171875 0.22794181406249994 0.46107250012418277 0.9553114832084886
0 0.5366724109375001 0.9498460796875001 0.5334205906250001 0.3298322062500001 0.5025177706867352 0.32999428394195823 0.5057695909992351 0.9500081573794583
0 0.5700035765625 0.9552657828125002 0.5683774379754906 0.33516450157180677 0.5350465015625 0.3352519078125 0.5366726401495094 0.9553531890531934
0 0.6098383843749999 0.3276643250000001 0.5724424421875 0.3276643250000001 0.5724424421875001 0.9520139609375 0.609838384375 0.9520139609375
0 0.6343009259055141 0.22616954175760018 0.6073995187500001 0.22577393281250005 0.5967533492512612 0.9497134288208258 0.6236547564067754 0.9501090377659258
0 0.6537379687500001 0.22577393281250005 0.6350428399225574 0.22554338750166708 0.6260974890625001 0.9509300203125001 0.6447926178899428 0.9511605656233331
0 0.6986391946436422 0.22677697624233967 0.6521120578125 0.22577393281250008 0.6364772209813578 0.9510109175076605 0.6830043578125 0.9520139609375
0 0.7390982703125004 0.22794181406250008 0.694415617094456 0.2267862281401448 0.6756877593750001 0.9509300203125001 0.7203704125930445 0.9520856062348553
0 0.7847610637055895 0.2301108537319681 0.7334075828125 0.22794181406250008 0.7029045235182971 0.9501223692156515 0.7542580044113866 0.9522914088851195
0 0.8277103921875002 0.33525190781250014 0.7731950350796558 0.33337704109232386 0.7520581991421559 0.9479712129673237 0.8065735562500003 0.9498460796874999
0 0.8838196107330571 0.22650884326786475 0.8423435874999999 0.22468999218750008 0.8103599170163618 0.9540270304852291 0.8518359402494189 0.9558458815655937
0 0.9269559066590631 0.23097419160636176 0.8878690812500001 0.22902575468750008 0.8516678552086303 0.9552442882080667 0.8907546806176934 0.9571927251269285
0 0.9619380206653358 0.22953342610179633 0.9279525673902711 0.22769084131812387 0.8886820375 0.9520139609375002 0.9226674907750647 0.9538565457211726
0 0.9911143984375002 0.23661333593750014 0.9643177211319953 0.2350129218786517 0.9214413038868636 0.9529180855965164 0.9482379811923686 0.9545184996553647