0 0.774565346462348 0.838077367657285 0.13818010594889119 0.7841553122607523 0.1346585094865432 0.8257170071034674 0.77104375 0.8796390625000001
0 0.7743053611648981 0.7918375411868409 0.13999871050396653 0.7438072343049708 0.13664959933906848 0.7880368806181298 0.77095625 0.8360671875
0 0.7777984375000002 0.6863140624999999 0.1572593750000001 0.6465296875 0.15079130861169976 0.7474157226025662 0.7713303711116999 0.7872000976025662
0 0.7907620784026238 0.5712561670833799 0.15320144009533726 0.5378443177343086 0.14762529919271375 0.6442475256509288 0.7851859375000003 0.6776593750000002
0 0.791809890136192 0.5286287152346415 0.16161093750000005 0.49560624999999997 0.1597057348638081 0.5319650347653584 0.7899046875000001 0.5649875
0 0.7926265625000001 0.4904437500000002 0.16006303957886311 0.45729272762618445 0.1581577814691162 0.49364746710859375 0.7907213043902532 0.5267984894824094
0 0.794903125 0.44699687500000007 0.16392913970138756 0.4214234138384339 0.16245556124626423 0.45778101379743763 0.7934295465448766 0.4833544749590038
0 0.7976793422537389 0.40801179007562266 0.16826557246457396 0.3830579434647327 0.16685810521083505 0.41855865338911025 0.7962718750000001 0.4435125000000002
0 0.7893468750000001 0.37201875000000006 0.17136562500000005 0.3547468750000001 0.17047365844677864 0.38666110582427093 0.7884549084467787 0.40393298082427087
0 0.7962846231676324 0.33816597814573346 0.17360490584729318 0.3210962274583126 0.1727655951796606 0.35171306181257916 0.7954453124999998 0.3687828125
0 0.7981698244372403 0.2952095669309196 0.1706887896198592 0.28012143870195394 0.16972990268261895 0.31999937177103444 0.7972109375 0.3350875000000001
0 0.7991218750000001 0.25338906250000004 0.17647187500000003 0.24310312500000003 0.1758409560322736 0.2812952387723101 0.7984909560322737 0.29158117627231017
0 0.8047046874999999 0.1977953125 0.21604617039931523 0.19094602649164338 0.21544913200858748 0.24225819732363982 0.804107649109272 0.2491074833319964
0 0.8047437499999999 0.14610000000000004 0.21711286267518873 0.14266703037581724 0.21682238295012138 0.19238924678832683 0.8044532702749325 0.19582221641250963
0 0.8090265625 0.0904515625000001 0.22322565565598138 0.08989735457594535 0.22317630230321012 0.14206412728771006 0.8089772091472287 0.14261833521176479