0 0.18487266925192164 0.004300648438640825 0.1293463905688734 0.0010645627870882663 0.07897860312500009 0.8652987343750003 0.13450488180804834 0.8685348200265528
0 0.22429435468750009 3.608224830031759e-17 0.1773619136581705 -0.0027092188229212817 0.12775591875000009 0.8566272109374999 0.17468835977932967 0.8593364297604212
0 0.2667712671875002 0.003566164062500042 0.21592392898163398 0.0011673968049267305 0.17572027812500007 0.8533753906249999 0.22656761633086636 0.8557741578825733
0 0.3137023650614259 0.0018118001632127345 0.26589488589733795 -0.00043796361514688296 0.2261235046875001 0.8447038671874999 0.27393098385158804 0.8469536309658595
0 0.35593898875766006 0.015215313622324287 0.30427233274134285 0.01305395950864462 0.26921013281250017 0.8512075093750001 0.32087678882881737 0.8533688634886797
0 0.3872687252091175 0.027484725895940042 0.3475884110775131 0.026148552051780027 0.3204263140625001 0.8327805234375003 0.36010662819410444 0.8341166972816604
0 0.4199464637655863 0.051231515805029694 0.38603134099432396 0.05005423769955164 0.3586352109375001 0.8392841656250001 0.39255033370876247 0.8404614437304782
0 0.4561898406250002 0.0057340437500000615 0.4173043159774926 0.004541314946464647 0.39196637656250005 0.83061264375 0.4308519012100076 0.8318053725535354
0 0.4943987390625 0.0035661640625000548 0.4545639312499999 0.0024822234375000544 0.4322094417132293 0.8240095044579006 0.47204424952572943 0.8250934450829005
0 0.5274697578125 6.938893903907228e-17 0.4953214069189225 -0.0010099892897766972 0.4694684843517226 0.8218985650163168 0.5016168352453002 0.8229085543060937
0 0.5578092484375003 0.0046501046875000755 0.5269482987474109 0.003666488737585488 0.5009056797209567 0.8207536411402723 0.5317666294110461 0.8217372570901867
0 0.5808286919975503 0.1235992021315108 0.5529315171875 0.12279960156250007 0.5331638939399499 0.8124699978684893 0.5610610687500002 0.8132695984375001
0 0.607499548926948 0.13327814081613856 0.58138495 0.13255506406250003 0.5624776738899369 0.8154091731606015 0.5885922728168849 0.8161322499142398
0 0.6263322216617669 0.14155507593137753 0.5979290568717956 0.1411632262496529 0.5887015484375001 0.8100177765625001 0.6171047132274714 0.8104096262442246
0 0.6497904775452932 0.1556758043070796 0.6260803383507054 0.15529115561012155 0.6153946342429124 0.8139688888030421 0.6391047734375002 0.8143535375000001
0 0.66679913698106 0.158952353783651 0.6464213703125 0.15856963281250008 0.6341731567689401 0.8107189962163492 0.6545509234375001 0.8111017171875001
0 0.6871705938454562 0.05807103222220091 0.6636189579759472 0.05768536130130357 0.6512991031250002 0.8100177765625001 0.6748507389945092 0.8104034474833973
0 0.705911196116121 0.06466050705176803 0.6862561781250001 0.06426682343750008 0.6714072642303905 0.8056125619180439 0.6910622822215114 0.8060062455323118
0 0.722853332252517 0.07761574482679198 0.7049541500000001 0.07727410625000007 0.6910523693600061 0.8056183923266861 0.708951551612523 0.805960030903478
0 0.736783573145782 0.08632592382956857 0.7147096125000001 0.0859456296875001 0.7023911143542181 0.8009659605454316 0.724465075 0.8013462546874999
0 0.7611140536983706 0.1555143804565935 0.7351209131771953 0.15528229881578057 0.72934280625 0.80243019375 0.7553359467711753 0.802662275390813
0 0.7855099133820365 0.16193250038144374 0.7562500014587005 0.16177930715844407 0.752918509375 0.7980944328125001 0.782178421298336 0.7982476260354998
0 0.8132921919820741 0.17514965519325623 0.7895014953125 0.1748287375000001 0.7811569486429258 0.7934377541817439 0.8049476453125001 0.7937586718750002
0 0.8326378733647213 0.1588569609494682 0.8147397080914145 0.15855660446305064 0.8041215409766933 0.7912904341385826 0.8220197062500001 0.7915907906250002
0 0.8505723781518915 0.1674007110206893 0.832739262337857 0.16723500505648828 0.8268974375000001 0.7959265515625 0.8447305533140346 0.796092257526701
0 0.8692291542999733 0.17493012138429836 0.850473140625 0.1748287375000001 0.8471632753875268 0.7871536458032018 0.8659192890625 0.7872550296874999
0 0.8830081519164592 0.2518074629313101 0.867562039159648 0.2517834783009223 0.8667322453125001 0.7861710890625001 0.8821783580693113 0.786195073692888
0 0.894376190398073 0.7839848451795045 0.8935509913695728 0.27236109065193775 0.8797395296874999 0.27238336718749995 0.8805647287160001 0.7840071217150667
0 0.9090059187499999 0.7840032078125001 0.9065403307397496 0.2788315907993078 0.8951856796875001 0.278887009375 0.8976512676977505 0.7840586263881923
0 0.9236426330575563 0.7807287008206436 0.9228296827491546 0.2853706332155162 0.9090059231290984 0.2853933198948727 0.9098188734375002 0.7807513875000001
0 0.931768665625 0.7796674468750001 0.9293242014353842 0.2853424379446725 0.9195743359374999 0.28539065156250004 0.9220188001271158 0.7797156604928277
0 0.9488407265624998 0.7796674468749999 0.9455638987109861 0.2018536217860541 0.9301182454607574 0.20194121530589998 0.9333950733122711 0.7797550403948458
0 0.9602221 0.2084308875000001 0.947214815625 0.2084308875000001 0.947214815625 0.7774995671875001 0.9602221 0.7774995671875001
0 0.9781071156250001 0.2940621750000001 0.95940914375 0.2940621750000001 0.95940914375 0.7753316859375002 0.9781071156250001 0.7753316859375002
0 0.996000689111203 0.7752085077949148 0.9918292639412905 0.3068965421790087 0.972416428125 0.30706945937499996 0.9765878532949126 0.775381424990906