0 0.7283279166339087 0.12796138450164746 0.7179921874999999 0.06824687500000001 0.15698302086609112 0.16534955299835258 0.16731875 0.22506406250000005
0 0.7724361448418271 0.18506846535429372 0.7620648073941771 0.12762422159654052 0.17186616255235004 0.23418231874224685 0.1822375 0.2916265625
0 0.7766598375065559 0.24294273918436549 0.7666984375 0.1878984375 0.18391516249344425 0.29336507331563444 0.19387656250000002 0.34840937499999997
0 0.7325953125 0.28767812499999995 0.7259214077167754 0.2521278095548335 0.19332656249999997 0.3521125 0.20000046728322457 0.38766281544516645
0 0.7390658603094751 0.32233909181013687 0.73275 0.28855312499999997 0.19817945219052505 0.3884843456898632 0.20449531250000005 0.4222703125000001
0 0.77063125 0.3738375000000001 0.7592890625 0.31633125000000006 0.19967131573035668 0.4267068945984363 0.2110135032303567 0.48421314459843634
0 0.8695906174053769 0.4365841555942091 0.8557765625 0.3622640624999999 0.18978594509462315 0.48605334440579073 0.20359999999999995 0.5603734374999999
0 0.880928125 0.5220859375 0.8667580980145442 0.4452574204173564 0.1995674730145442 0.5683121079173564 0.2137375 0.645140625
0 0.7881593750000001 0.5618859375000002 0.7839476847625126 0.540876307709384 0.21893125000000002 0.6541421875000001 0.22314294023748754 0.6751518172906162
0 0.7904128983894726 0.5858229722555954 0.7862906250000001 0.5649203125000002 0.22393919795211564 0.6758232478372536 0.2280614713415882 0.6967259075928489
0 0.8215978245149028 0.621769529039436 0.8129506770939845 0.5800558609275853 0.22950910257908172 0.7010019568881494 0.23815624999999999 0.742715625
0 0.8328418658990719 0.679304548164085 0.8225791562159417 0.6278922254043786 0.23963124999999996 0.7442578124999999 0.24989395968313013 0.7956701352597063
0 0.8459484374999999 0.7464421875000002 0.8362247650788064 0.6931533252312827 0.2483328125 0.8004265625000002 0.2580564849211935 0.8537154247687179
0 0.858296875 0.818959375 0.849566367874948 0.763845168293774 0.25350699287494816 0.858265480793774 0.26223750000000007 0.9133796875
0 0.8691437499999999 0.8848046875 0.8608967139813887 0.8295306388517659 0.26326865454251835 0.9186983450802574 0.2715156905611296 0.9739723937284914