0 0.8902971326988476 0.715481008957985 0.8789048917499251 0.6816881014522738 0.4020468215510774 0.8424461549942889 0.4134390625 0.8762390625000002
0 0.8860363862456963 0.6847407596050975 0.8766056231448418 0.6554716810374267 0.39536767439914566 0.810530921432329 0.40479843749999994 0.8397999999999998
0 0.8771108718680457 0.6518185419942277 0.867507861635129 0.6216650918815171 0.4004126147670834 0.7704215498872895 0.4100156250000001 0.8005750000000003
0 0.876149644730566 0.6183300673718609 0.8642321462541183 0.5804691379924259 0.3250903140235522 0.7501750081205651 0.33700781249999995 0.7880359375000001
0 0.8684285712276626 0.5825603343488532 0.8564928639697043 0.5430182742004204 0.31286116774204153 0.7071126273515672 0.324796875 0.7466546875000001
0 0.8599564647444693 0.5426402121937887 0.8440052032576739 0.4881271220087939 0.29914561351320457 0.6475603473150051 0.31509687500000005 0.7020734375
0 0.8455002067124753 0.4859160867120834 0.8295075316144664 0.42973838831366135 0.2818385749019912 0.585648864101578 0.29783125 0.6418265625
0 0.8280870536335968 0.4323466800092362 0.821175 0.40655 0.38831023491078615 0.5225333153459935 0.3952222885443829 0.5483299953552296
0 0.7933462849806965 0.3759978216238534 0.7809756138520499 0.3390545056516013 0.28772722002082707 0.5042214243278301 0.30009789114947366 0.5411647403000822
0 0.8102436613360038 0.3191612015280807 0.8011205484318221 0.29129835750283417 0.24588125 0.47309999999999997 0.2550043629041817 0.5009628440252465
0 0.8036359375 0.2865890625 0.7954514288129136 0.26106787301931955 0.238084375 0.4398125000000001 0.24626888368708633 0.4653336894806806
0 0.7965326235434398 0.2547857835967632 0.7845288278900001 0.21757963958134496 0.2298578125 0.39653281250000005 0.2418616081534398 0.4337389565154183
0 0.7960015625000001 0.21198437499999995 0.7857380299627533 0.17780656001294987 0.21701250000000005 0.34859375000000004 0.22727603253724665 0.3827715649870501
0 0.7877796874999998 0.17291562500000004 0.7804401705598976 0.14807214077057065 0.20334843749999995 0.31856249999999997 0.21068795444010222 0.34340598422942936
0 0.7760125 0.14995781250000015 0.7687255027301922 0.12427481425322866 0.19178125 0.28797031250000005 0.19906824726980782 0.3136533107467715