0 0.11807361438832187 0.18336273040469808 0.08444064990038627 0.1805122912737937 0.03847484801206449 0.7228729983690958 0.07210781250000009 0.7257234375000002
0 0.17197416467666723 0.15077863567875022 0.12390843949275898 0.14655363293758136 0.0729937500000001 0.725784375 0.12105947518390833 0.7300093777411688
0 0.22092343750000012 0.1561859375 0.1731862564421441 0.1521499653396392 0.12428437500000009 0.7305578125 0.17202155605785605 0.7345937846603607
0 0.25589375000000014 0.21041562500000005 0.21521634041580756 0.20722426887261922 0.17383352791580756 0.7346945813726193 0.21451093750000014 0.7378859375000001
0 0.2981484375000001 0.21379687500000005 0.2567796875 0.21047656250000008 0.2142801850135021 0.7399903638329504 0.25564893501350217 0.7433106763329503
0 0.3372171875000002 0.21847500000000006 0.29690526186920707 0.21548799663526283 0.25778437500000007 0.7434546875 0.2980963006307932 0.7464416908647372
0 0.3769921448885083 0.22025887082052456 0.33730000000000004 0.21729531249999998 0.29764379261149176 0.7484270666794755 0.33733593750000007 0.751390625
0 0.39914531250000007 0.17295781250000003 0.37965330938216024 0.1716247462233626 0.33990937500000007 0.7527578125 0.35940137811783995 0.7540908787766375
0 0.4184652552960153 0.17666167575685504 0.3982494289775534 0.175273754705988 0.35867500000000013 0.7516968750000002 0.3788908263184621 0.7530847960508671
0 0.45760110554445677 0.17329810403502882 0.41861035453519585 0.17076762826315742 0.3806546875000001 0.7556062499999999 0.41964543850926106 0.7581367257718714
0 0.4986713456914538 0.1749570640573858 0.46020663940491213 0.17258495629811815 0.4240993562134584 0.7580794547407324 0.4625640625000001 0.7604515625
0 0.5336849320793285 0.2331400089927415 0.4956828125 0.23074375000000003 0.4620619429206715 0.7639349910072586 0.5000640625 0.76633125
0 0.5687775412143485 0.24127545921752008 0.5315284035427775 0.2392391505556025 0.5026390625000001 0.7676968750000002 0.539888200171571 0.7697331836619178
0 0.5884968750000003 0.2526625000000001 0.5653666479523625 0.25176977150606644 0.5455671875000001 0.7647656250000001 0.5686974145476379 0.7656583534939339
0 0.6356296875000003 0.24052968750000003 0.5868182773997936 0.24012103370028584 0.5823546875000001 0.773271875 0.6311660976002067 0.7736805287997144
0 0.6674189358447886 0.7810407328840995 0.65695625 0.20285468750000005 0.6371888766552114 0.2032123921159006 0.6476515625 0.7813984375
0 0.6922802612828606 0.7801153513193289 0.6756226118070798 0.2024029026172977 0.6550751630242193 0.2029953637979689 0.6717328125 0.7807078125
0 0.7242908228792099 0.782673759870076 0.7082312885641534 0.20712552938903483 0.6786201531849435 0.2079517695189589 0.6946796875 0.7835000000000001
0 0.7561028565224687 0.7860301274342116 0.7370418041346648 0.20541265116048835 0.7074421875 0.206384375 0.7265032398878039 0.7870018512737234
0 0.7779868678880136 0.7911575243045263 0.7646546875 0.2792234375 0.7422257484242697 0.27980754914518446 0.7555579288122833 0.7917416359497108
0 0.8014280410112826 0.7874945024744884 0.7812359374999999 0.28394375 0.7604860214887172 0.28477581002551144 0.7806781249999999 0.7883265624999999
0 0.8778222453896811 0.8154280530132659 0.8594453124999999 0.18378124999999995 0.8128261921103188 0.185137571986734 0.831203125 0.8167843749999999
0 0.9350157965919952 0.825194344273059 0.9321537172363386 0.18641538559586435 0.883278125 0.186634375 0.8861402043556567 0.8254133336771947