0 0.6907051313226479 0.09977334235991268 0.6882373773940201 0.05333384853522753 0.096590625 0.08477343750000002 0.09905837892862775 0.13121293132468517
0 0.687580074804355 0.14554142920450303 0.685765625 0.10505937500000002 0.10902894096874982 0.13090934195618326 0.11084339077310476 0.17139139616068627
0 0.692388498429265 0.1876630519293989 0.6902614046462782 0.14295558359778232 0.10719218749999997 0.17069687499999997 0.1093192812829867 0.21540434333161654
0 0.6921404086246205 0.21945193493711415 0.6908875 0.18956718749999998 0.1074095913753795 0.21402931506288575 0.1086625 0.24391406249999995
0 0.7904784587202569 0.2763391864996095 0.7884234375 0.2154765625 0.08359966627974313 0.23927487600039057 0.0856546875 0.30013750000000006
0 0.7914879074069376 0.338176814735382 0.7895828125000001 0.27976562499999996 0.08037578807624189 0.30289658152245663 0.08228088298317951 0.3613077712578387
0 0.7936953124999999 0.39752656250000007 0.7921574339048424 0.3448267087478686 0.08281212140484243 0.3655267087478685 0.08435000000000001 0.4182265625
0 0.7925703125000001 0.4586234375 0.7911909114029868 0.4049161760990404 0.08603926505628001 0.423027078222119 0.08741866615329331 0.47673433962307865
0 0.7377359792136697 0.5250232816837834 0.7370901323485175 0.4640993420116441 0.09635571563484782 0.47089168532786074 0.0970015625 0.531815625
0 0.7329375 0.5853187500000001 0.7323230709683861 0.5308260943773528 0.10828419321342789 0.5378624114547133 0.1088986222450417 0.5923550670773604
0 0.7355840842703992 0.645485806066767 0.7352484374999999 0.5893093749999999 0.11051827266216203 0.5930420553824478 0.11085391943256136 0.6492184864492149
0 0.7362851538675572 0.6536223391996799 0.11632313878297977 0.652317964257088 0.1162046875000001 0.7086171874999999 0.7361667025845775 0.7099215624425919
0 0.6950588049000499 0.718748580943544 0.11434843750000008 0.7176375000000002 0.11430192232557819 0.7419488196974302 0.695012289725628 0.7430599006409742
0 0.6973515625000001 0.7477531250000001 0.11838182686256356 0.7451254873409653 0.1182559968237938 0.7728506891134709 0.6972257324612303 0.7754783267725057
0 0.7029953125 0.7850046875000001 0.11019222074797126 0.7804288338542378 0.10996562500000011 0.8097843749999999 0.7027687167520289 0.8143602286457622
0 0.7061272750238907 0.8153184802074674 0.12195156250000012 0.8109937500000001 0.12177137749825404 0.8353327715647175 0.7059470900221446 0.8396575017721849
0 0.7074437500000001 0.8502000000000001 0.11786406250000012 0.8493984375 0.11783216530165756 0.8728600393475483 0.7074118528016575 0.8736616018475484
0 0.7072109375000003 0.8746375000000002 0.12654786609493943 0.8734476134444508 0.12643646199473463 0.9278126675669199 0.7070995333997955 0.9290025541224693
0 0.7079530399484737 0.9382192587434732 0.1273011203978998 0.9278569582330792 0.12629777680500567 0.9840793562033339 0.7069496963555796 0.9944416567137278