0 0.21179416093749998 0.7910156250000001 0.08951500457980446 0.3227135471321184 0.062141418749999996 0.3298611109375 0.18442057510769555 0.7981631888053816
0 0.24515177343749994 0.7953559031249999 0.12472895513719931 0.32028377311835954 0.09550730312499998 0.32769097187499996 0.2159301214253006 0.8027631018816404
0 0.2850181875000001 0.7953559031250002 0.1720244672348929 0.33234894713314744 0.13194491211482284 0.3421300918459428 0.24493863237993 0.8051370478377955
0 0.324884603125 0.7975260421875 0.22136885267675455 0.3311819960266164 0.17843655 0.34071180468749995 0.2819523004482455 0.8070558508483835
0 0.35103543693723527 0.7947925568577261 0.2529089151950815 0.3520231294647377 0.23050696875000004 0.356987846875 0.3286334904921538 0.7997572742679885
0 0.37125982031250004 0.7921006953124999 0.2759149964543554 0.34867806563647724 0.25745391874999995 0.3526475703125 0.3527987426081446 0.7960701999885228
0 0.3972950296875 0.7975260421875 0.30343569683201793 0.32294263861964845 0.279426575 0.327690971875 0.3732859078554821 0.8022743754428516
0 0.42499822074474 0.7923372877343351 0.34322998089336393 0.3179638721945952 0.3119786578125 0.3233506953125 0.3937468976638761 0.7977241108522397
0 0.45343345 0.8007812500000002 0.3801239386552977 0.3173616407576031 0.34778595 0.322265625 0.4210954613447022 0.8056852342423971
0 0.48679106250000004 0.7986111109375 0.41920927238890665 0.3121187268326597 0.38522084531249995 0.31684027812500004 0.4528026354235933 0.8033326622298402
0 0.5178028472228553 0.7939596236727435 0.45831505156250013 0.3092447921875 0.42586701183689807 0.31322705604945167 0.4853548074972533 0.7979418875346953
0 0.5437430828125 0.7964409718749998 0.4907335739912436 0.3080887097877515 0.4600906375 0.31141492968749995 0.5131001463212563 0.7997671917747484
0 0.5771006953125001 0.80078125 0.5290982781250001 0.30381944531250005 0.49820830192148574 0.30680316259347995 0.5462107191089858 0.8037649672809799
0 0.616967109375 0.796440971875 0.5803550968750001 0.29839409687499996 0.5353715773899281 0.30170088838469766 0.571983589889928 0.7997477633846976
0 0.6486975203125 0.7986111109375001 0.6234759125000001 0.28211805468750006 0.5894074488359622 0.2837817003433535 0.6146290566484621 0.8002747565933536
0 0.685779189229988 0.8005713445985398 0.6652719149318356 0.2777659168686645 0.6282012753634135 0.2792200291133261 0.6487085496615661 0.8020254568432014
0 0.7113547739051006 0.8035867897573684 0.7032087406249998 0.287543403125 0.665741079187191 0.2881348511018682 0.6738871124672918 0.8041782377342367
0 0.7716740391139741 0.28981135739167607 0.7182649987203341 0.2882644834982814 0.7033799347254346 0.8022022954687615 0.7567889751190746 0.8037491693621563
0 0.9123040171874999 0.28428819531250016 0.7880342905025953 0.2706798764047379 0.7294550701900955 0.8056191107797378 0.853724796875 0.8192274296875001
0 0.9716968390625003 0.2810329859375001 0.9192638767782256 0.2737822741009289 0.84531792316769 0.8085167228180987 0.8977508854519647 0.8157674346546699