0 0.06363158349410263 0.9849511336377267 0.05039185290803387 0.06037663558288688 0.003954272538931246 0.061041612882660266 0.017194003125000003 0.9856161109375
0 0.09119258338880477 0.9821370285086543 0.0854822453125 0.10328867500000001 0.04886558904794513 0.10352659259483839 0.0545759271242499 0.9823749461034927
0 0.12288604775346464 0.9830181024502929 0.1123097687500001 0.10328867500000001 0.07653187724653546 0.10371880379970724 0.08710815624999999 0.9834482312500002
0 0.1619000390625 0.9780285296875002 0.15295753125000006 0.111960196875 0.1123141019095765 0.11237985681479164 0.12125660972207646 0.9784481896272916
0 0.19035347343750006 0.984532171875 0.18791460781249997 0.10003685312499999 0.15376476796515048 0.10013101628079898 0.15620363359015058 0.9846263350307989
0 0.2179939515625003 0.10328867500000002 0.18223008815038816 0.1032221993999946 0.18060206415632418 0.9790988782203508 0.21636592756843628 0.9791653538203562
0 0.27740330524019696 0.1440297106727193 0.21880690625000004 0.14339446718750004 0.20972397625448358 0.9812259481882221 0.2683203752446805 0.9818611916734413
0 0.3163615375000002 0.10437261562500007 0.27734451476902194 0.1039385573002836 0.2675485549034361 0.9844865550768331 0.3065655776344144 0.9849206134015496
0 0.3423761062500002 0.10328867500000005 0.31311470788868684 0.10290652987635585 0.3017283437500001 0.9747767078125001 0.33098974211131343 0.9751588529361441
0 0.37332314923496834 0.09719378465148497 0.344002015625 0.09678503281250003 0.33171735687945 0.9780046043883515 0.3610384904894183 0.9784133562273363
0 0.40418594741795005 0.14168244901459867 0.37326840468750005 0.14122658750000003 0.3609467778031101 0.9769067524338529 0.39186432053356013 0.9773626139484517
0 0.4423696015625002 0.10220473437500006 0.40501688177856376 0.10136534746190191 0.38548749218132017 0.9704232345865554 0.4228402119652566 0.9712626214996536
0 0.4757973034908237 0.1019009020663861 0.438304825 0.10112079375000005 0.42024086577798875 0.9692856221008581 0.45773334426881246 0.9700657304172442
0 0.49125495123984264 0.13733441263470056 0.47082303593749997 0.13689082500000005 0.4527047170526145 0.9714315739249407 0.4731366323549572 0.9718751615596414
0 0.5187873953125002 0.10328867500000008 0.49116357860217563 0.10261025634965526 0.47002674266467565 0.9632588860371551 0.49765055937500013 0.9639373046875
0 0.5765503044394695 0.02014418883446837 0.5163485296875 0.01874132812500006 0.4943238849798225 0.963897672396912 0.554525659731792 0.9653005331063804
0 0.6318552892607097 0.026366778774076578 0.5758084501504337 0.02519642711922838 0.5561833375000002 0.9650212453125002 0.6122301766102762 0.9661915969673485
0 0.6537379687500002 0.21168270937500014 0.6277369081574606 0.2110900657884988 0.6106513390625004 0.9606854843750001 0.6366523996550398 0.9612781279615016
0 0.6992634625000004 0.0209092093750001 0.6603488293250238 0.020098487831584865 0.6407306843750002 0.9617694234374999 0.6796453175499768 0.9625801449809153
0 0.7317816718750002 0.0230770890625001 0.6944266436973002 0.022269238112257735 0.6741027624473002 0.9620455131122577 0.7114577906250001 0.9628533640625001
0 0.7862956171814519 0.13386199873769494 0.7309687171875 0.1325550640625001 0.7114118484435482 0.9604624887623053 0.7667387484375001 0.9617694234375002
0 0.8301492578125002 0.0935332125000001 0.7863415997213489 0.09274699200741549 0.7708954512838486 0.9533956216949158 0.8147031093750001 0.9541818421875004
0 0.8594357706081522 0.0936473698025416 0.8082079931591309 0.09345307982408765 0.8049360491134786 0.9561554318965462 0.8561638265625 0.9563497218749999
0 0.9203872921875002 0.13038718281250009 0.8692706865951021 0.12942621759265557 0.8537249609374999 0.9563497218750001 0.9048415665298981 0.9573106870948447
0 0.9545807592497111 0.1232787243737506 0.9106883624605118 0.12271710903737476 0.9000634109375001 0.9530979015625001 0.9439558077266994 0.953659516898876
0 0.987876011262528 0.2303282773752649 0.9464546082292182 0.23004283127586836 0.9415241281250003 0.9455103187500002 0.98294553115831 0.9457957648493969