0 0.13074830800689297 0.8075187248063639 0.08351290510261723 0.1859723700909615 0.0540660625 0.18821022968750004 0.10130146540427573 0.8097565844029024
0 0.1556889662327231 0.8077665803667189 0.11445122742032314 0.18495832895076852 0.08800837812500001 0.18670917812500004 0.12924611693739996 0.8095174295409505
0 0.18297231250000004 0.8040956453125 0.14650838266766913 0.1956683079010019 0.11819715625 0.197365040625 0.1546610860823309 0.8057923780364982
0 0.20704767674499683 0.8022783391132844 0.17320668750000007 0.1934185625 0.14837485051838745 0.19479873895524644 0.18221583976338424 0.8036585155685309
0 0.22892775467359122 0.8013064742461184 0.1979883270594806 0.19500911950956468 0.17502304531250001 0.19618104062500002 0.20596247292661066 0.8024783953615537
0 0.25853525196783333 0.7964251068408974 0.23570362262071906 0.26365954495267896 0.20724144096538571 0.2648792896742816 0.23007307031250002 0.7976448515625001
0 0.2903941875 0.7962831453125001 0.2718040258190838 0.2600995707809989 0.23717634375 0.26130015625 0.2557665054309162 0.7974837307815013
0 0.3304437987702676 0.7929520653554949 0.31383168749999996 0.24940814531250005 0.27620531874406146 0.25055810468362194 0.292817430014329 0.7941020247266167
0 0.3704827089056016 0.7967083184023707 0.35704340468750007 0.247092353125 0.3161952787874682 0.24809117853290602 0.32963458300556975 0.7977071438102767
0 0.40858613543067224 0.8042299067376142 0.39966286562500003 0.1926291 0.3577554050954543 0.1932405308108428 0.36667867490112643 0.804841337548457
0 0.4495912858906129 0.8031533322463058 0.4431701390624999 0.19026111875 0.40389653910938694 0.19067258025369396 0.4103176859374999 0.8035647937499999
0 0.4818004375 0.2553802359375001 0.45027341249999997 0.2553802359375001 0.4502734125000001 0.788173009375 0.4818004375000001 0.788173009375
0 0.5177541828125001 0.25893219687500013 0.48579042970294417 0.2587694993744203 0.48311986204684976 0.7834325391726367 0.5150836151564058 0.7835952366732164
0 0.5470549093750002 0.18552519843750007 0.5195309989412308 0.18535339606226378 0.5157904184882266 0.7846198568268574 0.5433143289219962 0.7847916592020937
0 0.5833667537557543 0.17871136161011675 0.5541582421875 0.17842129687500002 0.5480092702057329 0.7976014229598305 0.5772177817739872 0.7978914876949472
0 0.6234147546875002 0.2719560187500001 0.5852490802762003 0.27121861515577916 0.5753995484237648 0.780999186785531 0.6135652228350648 0.781736590379752
0 0.6686978921875003 0.2672200781250001 0.6323873355368204 0.2662138701817166 0.6180565450257369 0.7833624220045807 0.6543671016764169 0.7843686299478643
0 0.6846801828125001 0.36667474375000003 0.6634397112152948 0.366299948247881 0.6562672078125 0.7727812265624999 0.6775076794097054 0.773156022064619
0 0.7530488234375001 0.2613001562500001 0.6918291417048733 0.2601170590389091 0.6819220485753077 0.7727622437301835 0.7431417303079345 0.7739453409412745
0 0.8226207499999999 0.2559185625000001 0.7575910166302025 0.25409179472776655 0.742955511745228 0.7750901366453969 0.8079852451150253 0.7769169044176305
0 0.8498303203125002 0.17605331562500012 0.8268966538332588 0.17502731968282356 0.8005809689838337 0.7632510296414031 0.823514635463075 0.7642770255835797
0 0.8773082500000001 0.1738873125000001 0.8517240480946155 0.17257372407378097 0.821461173086085 0.7619908421007353 0.8470453749914697 0.7633044305269545
0 0.9119836203125002 0.2163087656250001 0.8792928438354437 0.2145267818088204 0.8496425387262937 0.7584663439972915 0.8823333152033502 0.7602483278134712
0 0.9476207500000001 0.21425189531250016 0.9149154557736576 0.21214568475100232 0.8799656954771053 0.7548465022922513 0.9126709897034478 0.7569527128537491
0 0.9803522609375002 0.21512478593750012 0.9488895858742852 0.21302478286026333 0.9128716109375 0.7526534406250001 0.9443342860007149 0.7547534437022368