0 0.23558758760861048 0.8911907842400446 0.1821007208460403 0.2294786255880128 0.12006407871875553 0.23449311046406324 0.17355094548132569 0.8962052691160951
0 0.2665777625 0.8826264890624997 0.21972397003169125 0.30158861649724245 0.19974844843749998 0.30319940468749995 0.2466022409058087 0.8842372772527574
0 0.3430256870117696 0.8789633421076706 0.30685736533235813 0.25472772362251384 0.2310627851152381 0.2591192749497214 0.26723110679464956 0.8833548934348784
0 0.3740014478315854 0.8683746359776571 0.3488081668778176 0.3111850579385368 0.3181444497541722 0.3125715153868285 0.34333773070794005 0.8697610934259489
0 0.4025652421875 0.8658854171874999 0.38163756080924827 0.3104665805100363 0.3523544796875 0.311569940625 0.37328216106575174 0.8669887773024637
0 0.42977997409756463 0.8692483754137731 0.41296946137440005 0.3106272702913662 0.38164409062500004 0.311569940625 0.3984546033481647 0.8701910457474069
0 0.4576576046875 0.8705357140625001 0.44578910615871026 0.3128107146364801 0.41668483125 0.313430059375 0.42855332977878974 0.87115505880102
0 0.49261124430568887 0.8796819324486368 0.4841492065041729 0.3398581611510897 0.44946942968750003 0.34040178593750003 0.457931467489016 0.880225557235047
0 0.5274232213383161 0.8825611314209565 0.5232012887299965 0.34014279446196444 0.48992701875 0.34040178593750003 0.4941489513583196 0.8828201228964921
0 0.5531975250000003 0.26506696406250013 0.5267020343367557 0.2649497564811084 0.5239125483992555 0.8955301142936085 0.5504080390625001 0.8956473218750001
0 0.5796976500000002 0.2632068453125001 0.5569012657336471 0.2630060458583163 0.551322290733647 0.8963765817958164 0.574118675 0.8965773812500002
0 0.6110793750000003 0.3069196421875001 0.5818241859293402 0.30627865658067066 0.5692714953043401 0.8791953237681709 0.5985266843750001 0.8798363093750001
0 0.6361847562500003 0.3059895828125001 0.6117965635933872 0.3052943893532076 0.595757013593387 0.8679804018532075 0.6201452062500001 0.8686755953124999
0 0.6788226687500002 0.25111607187500007 0.6406465122661514 0.2497365529467924 0.6182852315074066 0.8685520950678708 0.6564613879912552 0.8699316139960784
0 0.7597177843750003 0.22693452343750006 0.6860985583536505 0.2224331764568329 0.6461743436659579 0.8753910127315381 0.7197935696873077 0.8798923597122054
0 0.8245733515625002 0.25483630937500007 0.7615193391087168 0.2498481807816817 0.7130202493760025 0.8629162183819978 0.7760742618297858 0.8679043469753163
0 0.9256922453125004 0.25018601093750015 0.8344993947364922 0.2413110319879463 0.7728250996591486 0.8750313830262547 0.8640179502351568 0.8839063619758084