0 0.22050987002302266 0.19217496737756523 0.15133162031250003 0.17699661718750004 -0.021091946585522537 0.9628501794974348 0.048086303125000104 0.9780285296875
0 0.2938228913822699 0.20111674270579666 0.22098216194404116 0.18487735928912744 0.04922450181177136 0.9552855040833308 0.12206523125000009 0.9715248875
0 0.3646806671394181 0.19959067106860154 0.2980574064868736 0.1846635098491729 0.12291725653495553 0.9663531887805712 0.18954051718750006 0.9812803499999999
0 0.4570027968750002 0.0024822234375001194 0.41700679573772553 -0.006560254053564862 0.1966959207377254 0.9679021115714349 0.23669192187500004 0.9769445890624999
0 0.4952116937500001 0.004650104687500089 0.45894235689771384 -0.0035716242265011354 0.23963792884756502 0.9638679809158548 0.2759072656998513 0.972089709829856
0 0.48464327500000015 0.20626300781250012 0.4523345914129364 0.1988465927635704 0.27571377500000016 0.9682730656249998 0.30802245858706395 0.9756894806739295
0 0.5215845525703269 0.20763651658991086 0.4870821406250001 0.19975936562500007 0.3119384693046733 0.9668995568475891 0.3464408812500001 0.9747767078124998
0 0.5684630207891261 0.19378401331832318 0.5220392171875 0.18350025937500006 0.3483043975438149 0.9677888752202863 0.3947282011454411 0.9780726291636095
0 0.6065865640625002 0.20192724531250011 0.5626104397992919 0.1926829684316374 0.40083234292429176 0.9622806106191375 0.44480846718750006 0.9715248875000002
0 0.6555650520535212 0.1942756361345416 0.6112806482458774 0.18501333477648338 0.44848842431735625 0.9633465267669419 0.4927728281250001 0.9726088281250002
0 0.7141313941403428 0.10088169449294615 0.6789395812499999 0.09353321250000006 0.4998546886721572 0.9511691211320541 0.5350465015625001 0.958517603125
0 0.7482143994314063 0.11705183972258426 0.71389665625 0.10979231718750007 0.5340599240060939 0.9599296040274158 0.5683776671875002 0.9671891265625
0 0.7933768734532823 0.10908389039747832 0.7512925984375001 0.10003685312500007 0.565987239544093 0.9620253086486457 0.6080715145598753 0.9710723459211239
0 0.8497705154101262 0.0060743710655125184 0.8236853611634247 0.00033353589872688885 0.6138325738782986 0.9538607085832146 0.6399177281250001 0.9596015437500002
0 0.8852379020142493 0.01374364965835515 0.8516218913836408 0.006370872064572719 0.6436976596818915 0.9543966458437175 0.6773136703125001 0.9617694234374999
0 0.9245094617588911 0.011660850218079588 0.89564987627368 0.005100347425783513 0.6801593395147891 0.9530410409577043 0.7090189250000003 0.9596015437500004
0 0.9837978015625002 0.0035661640625001658 0.9314346871598931 -0.008264460344813207 0.7151885887223931 0.9488548599676868 0.7675517031250002 0.9606854843750001
0 1.0337479131429002 0.012862831836194211 0.9800206501686081 0.0011241020669658485 0.7731701745257081 0.9478628139807718 0.8268974375000002 0.9596015437500002
0 1.0661804081591735 0.21573535895203727 0.9968050859375 0.19867542500000013 0.8136160277783265 0.9436255504229628 0.88299135 0.960685484375