0 0.6276854373084524 0.10067132465975082 0.6186619209087679 0.043657847960413686 0.11816481850296023 0.12287146679250113 0.12718833490264475 0.17988494349183828
0 0.61543125 0.12732343750000003 0.6107489570112072 0.09923481618523801 0.1151833320112073 0.18184419118523806 0.119865625 0.2099328125000001
0 0.6696578223906975 0.1417817702940519 0.6653916760292166 0.11689737704322538 0.094271875 0.21480937500000002 0.09853802136148092 0.23969376825082653
0 0.6760696866998349 0.19020272003676336 0.6705771599978292 0.15646259107050525 0.105103125 0.24851562500000002 0.11059565170200572 0.2822557539662581
0 0.6105923101461299 0.2623508118648172 0.6040834312598622 0.22219118367500346 0.154228125 0.2951015625 0.16073700388626774 0.33526119068981375
0 0.6149596335003258 0.3069907261256085 0.6090906250000001 0.2676375000000001 0.1615619051062799 0.33438043621602154 0.16743091360660567 0.37373366234162997
0 0.6193331436768594 0.347472969830395 0.613680769154797 0.31048295108511276 0.1685359375 0.3785046875 0.17418831202206236 0.41549470624528223
0 0.6233703125000001 0.38554531250000007 0.6175269624545354 0.34775978910307254 0.175590625 0.41610312499999996 0.18143397504546463 0.4538886483969275
0 0.6535024199546532 0.4096046133929073 0.6487157848605113 0.3790609494908992 0.15452499999999997 0.45650781250000005 0.15931163509414187 0.4870514764020082
0 0.65845625 0.44753437500000004 0.6541558817707015 0.4178797974600673 0.16086610415882102 0.48941437537213667 0.16516647238811943 0.5190689529120693
0 0.7327661635956395 0.5132214268741222 0.7230929398687604 0.44321959887001705 0.14270377444647608 0.5234208508352819 0.1523769981733551 0.593422678839387
0 0.6721717909528101 0.5516357768727729 0.6682781249999998 0.5234109374999999 0.18148173154415795 0.5905653513167256 0.18537539749696813 0.6187901906894986
0 0.690148634979331 0.5982611071429336 0.6838995510598957 0.5510223354366172 0.2044190294327588 0.6144514617485944 0.2106681133521941 0.6616902334549108
0 0.6888953124999999 0.6535906250000001 0.6834054849007322 0.6118705596742295 0.19159767240073208 0.6765861846742296 0.1970875 0.7183062500000001
0 0.7522812499999999 0.7069796874999998 0.7459961176605427 0.6653452155075308 0.18564133282776557 0.7499362721770885 0.19192646516722273 0.7915707441695575
0 0.7585940976012674 0.7512923279364268 0.7525687499999998 0.7087953125 0.20247850782640814 0.7867886700834189 0.20850385542767563 0.8292856855198456
0 0.7535555899572295 0.8048347520648379 0.7486063031482872 0.7669897517030275 0.2072234375 0.8377906250000002 0.21217272430894224 0.8756356253618106
0 0.7598046875 0.851590625 0.75551038789771 0.8153034700505911 0.21812812499999995 0.8788984375 0.22242242460228995 0.915185592449409
0 0.8177453124999999 0.933025 0.8164506128346984 0.905322555715327 0.21310659600803614 0.9335204031189702 0.21440129567333766 0.9612228474036432