0 0.09222681888764953 0.7713127215775859 0.08025419855842261 0.18879493545137477 0.03735937500000001 0.18967656250000003 0.049331995329226906 0.7721943486262111
0 0.12998486650877625 0.771038737948923 0.11839181738883867 0.19083385511659193 0.08043906250000002 0.1915921875 0.09203211161993761 0.771797070332331
0 0.1651484375 0.7718625000000001 0.16162113541821782 0.2365588232259735 0.1219375 0.2368203125 0.12546480208178218 0.7721239892740266
0 0.20213456538626634 0.7719286498629847 0.20195746094136244 0.23800733465298984 0.1628328125 0.2380203125 0.16300991694490385 0.7719416277099949
0 0.25523593750000007 0.2413515625 0.2045078125 0.24047812500000004 0.19531309764812288 0.7744953206727132 0.24604122264812292 0.7753687581727131
0 0.3120762148080457 0.24313906384709938 0.25612031249999995 0.24142812500000002 0.2396494114695369 0.7801055479532389 0.29560531377758265 0.7818164868003383
0 0.4059234375 0.2572125 0.3122140625 0.252278125 0.28443372974003933 0.7798581366991371 0.3781431047400393 0.784792511699137
0 0.498378125 0.2638125 0.407065625 0.2582 0.3749789690452904 0.7802334560114765 0.46629146904529034 0.7858459560114766
0 0.5468897359072424 0.2594165428003735 0.49910000000000004 0.25555625000000004 0.4561758890927578 0.7869490821996267 0.5039656250000002 0.790809375
0 0.5957187500000002 0.2616312500000001 0.5488692585717188 0.25727542687434973 0.4988659722897985 0.7950907753111508 0.54571546371808 0.7994465984368012
0 0.6465406250000002 0.25212187500000016 0.6006274956176593 0.24689874664905784 0.5376819814316767 0.8002118844235924 0.5835951108140176 0.8054350127745347
0 0.6985156250000001 0.24804375000000012 0.6492416738293294 0.24195813496030544 0.5807795734816391 0.7962814313847385 0.6300535246523099 0.8023670464244331
0 0.8014453125000001 0.27368750000000003 0.6987759042064011 0.25954466981878005 0.6245227910430544 0.7985826908339505 0.7271921993366532 0.8127255210151706
0 0.9083546874999999 0.2640250000000001 0.8151526120841627 0.24741318509018106 0.7152928653903575 0.8076852380168658 0.8084949408061949 0.8242970529266849
0 1.0095460866239452 0.26775606388253526 0.9184123528062637 0.24957433885858676 0.807080988285217 0.8076095597441878 0.8982147221028984 0.8257912847681362