0 0.7835797190028699 0.18440827051724987 0.7790265625 0.128621875 0.12067459202368462 0.18235503929136462 0.1252277485265545 0.23814143480861452
0 0.7861926364909599 0.23329799087959308 0.7812536344822804 0.1796089539784354 0.12878593750000003 0.23963125000000002 0.13372493950867956 0.29332028690115763
0 0.7855224548582628 0.2832944560685925 0.78068685509319 0.23382327469001285 0.1381703125 0.2966265625 0.14300591226507278 0.3460977438785796
0 0.6969244909825553 0.3945213859339248 0.6879778946800366 0.315116473320364 0.14555781249999994 0.37623124999999996 0.15450440880251862 0.4556361626135607
0 0.7641736789779016 0.48456119513876406 0.7551723747421542 0.4055387203414023 0.1485265625 0.47464062499999987 0.15752786673574737 0.5536630997973616
0 0.7754796875 0.5698421875000002 0.7652012547239904 0.4852258139987531 0.15962343750000002 0.5587859374999999 0.16990187027600953 0.6434023110012471
0 0.7879703124999999 0.6632328125 0.7759461563813207 0.5708137854999811 0.16805865638132067 0.6499028479999812 0.1800828125 0.7423218750000001
0 0.8053874999999999 0.7599968750000001 0.7929449006668611 0.6658474984267465 0.17828083816686102 0.7470803109267462 0.19072343749999998 0.8412296874999999
0 0.806228125 0.7924937500000001 0.8031270879029695 0.7678261570718546 0.1922614629029694 0.8446199070718545 0.19536249999999997 0.8692875000000001
0 0.8067796875000003 0.8247640625000001 0.8036983016266722 0.7972937731128364 0.20107798912667213 0.8648906481128362 0.20415937500000006 0.8923609375
0 0.8122077374461106 0.8830178617569218 0.8053529871493629 0.8241471485679215 0.2030499372032522 0.8942777243109999 0.20990468750000005 0.9531484375000001