0 0.061139228014138104 0.08164670395075355 0.007438540625000006 0.06751864375000001 -0.05357874363913804 0.2994450413617465 0.00012194375000005309 0.31357310156249996
0 0.13188676132840943 0.08326203861757471 0.07084905000000001 0.06426682343750001 -0.06103771132840935 0.4880612363824254 6.661338147750939e-17 0.5070564515625
0 0.17967812686345996 0.06780094796256947 0.14157615781249996 0.05559530000000003 -0.03810196905095993 0.6164905879749305 6.661338147750939e-17 0.6286962359374999
0 0.2264436643100062 0.18605291769428536 0.1619000390625 0.16290539374999996 -0.051649538540407346 0.758358451353083 0.01289408670709884 0.7815059752973683
0 0.3090981086375554 0.21418734270208262 0.24400852031250003 0.18675208125000003 0.0065724179249446735 0.7500643057354174 0.07166200625000001 0.7774995671875
0 0.38780550474190295 0.2146991215574789 0.34143013277407475 0.1931940409961916 0.07894168115717193 0.7592463069387128 0.12531705312500013 0.7807513875000001
0 0.4594828675858819 0.23197246957777945 0.41554207812499994 0.20951482812500005 0.13340539960161807 0.7615455663597206 0.17734618906250005 0.7840032078125001
0 0.5517235873716939 0.2374808354711957 0.50496715625 0.2095148281250001 0.1826188938783062 0.7484496192163046 0.22937532500000007 0.7764156265625001
0 0.6622417908819946 0.2652029044336164 0.5984570109375 0.22035423125000006 0.2428212950555054 0.7261472518163836 0.30660607500000003 0.770995925
0 0.7784164799788251 0.23662425266175666 0.7212646341524743 0.19874040459356865 0.3648938744861492 0.7363638972443122 0.4220457203125 0.7742477453125002
0 0.8867224006610552 0.16339492177219417 0.8529120062499999 0.14014264687500008 0.43132195402644485 0.753163351665306 0.4651323484375 0.7764156265625001
0 0.9386408375385443 0.1684941039328128 0.9049411421875 0.14447840781250015 0.48020996871145555 0.7404765866921875 0.5139096640625 0.7644922828125001
0 0.9870887507584787 0.17453610197150762 0.9545314125000003 0.15098205000000015 0.5285037304915218 0.7398542902159927 0.5610610687500002 0.7634083421875002
0 0.982246800950362 0.23961239997279468 0.9597867936464869 0.22305595988827226 0.580061780196125 0.7381803786654777 0.6025217875000001 0.7547368187500002
0 1.0149937490623562 0.24047688977494192 0.9886755328124999 0.22035423125000003 0.6079088259376438 0.7183550555375584 0.6342270421875 0.7384777140625003