0 0.48635762624989703 0.10388107489956307 0.47522488815036573 0.07078228566007612 0.001956250000000004 0.22996562499999995 0.013088988099531296 0.2630644142394869
0 0.5362640625000001 0.13073281250000002 0.524509375 0.09526875000000001 0.016566911978952593 0.26362805516400195 0.02832159947895263 0.29909211766400196
0 0.548370052399858 0.1627226245866656 0.5357426559160239 0.1257528917436514 0.03208666601616591 0.29778182965698585 0.04471406250000004 0.33475156250000004
0 0.55926875 0.20028281250000016 0.5476282182030479 0.16637228068364676 0.045689155703047754 0.33867384318364663 0.05732968749999999 0.372584375
0 0.5281359375 0.2670265625 0.5135079036810442 0.223150934221041 0.06041727868104409 0.3742103092210409 0.0750453125 0.4180859375
0 0.5434701649220669 0.3116667712128159 0.5287328125 0.26866874999999996 0.0780526952920594 0.4231370610889802 0.09279004771412623 0.4661350823017961
0 0.6497687499999999 0.3093375000000001 0.6400395333488798 0.28099568838788025 0.09550716578809768 0.46792351960953554 0.10523638243921787 0.49626533122165534
0 0.6672015625 0.3350281250000001 0.657110330268759 0.30580793017279984 0.09860781250000002 0.49868750000000006 0.10869904473124103 0.5279076948272003
0 0.7424641194034889 0.3266960485395233 0.7365886780541953 0.30979164591438624 0.10204531250000001 0.5303390625 0.10792075384929363 0.547243465125137
0 0.7485953125 0.3460968749999999 0.7434983951667862 0.33148951601540366 0.11030464516678617 0.5524285785154037 0.1154015625 0.5670359375
0 0.6762306392450189 0.4053474698551115 0.6685344408469344 0.3831003111188056 0.13625937500000002 0.5672359375000001 0.14395557339808465 0.589483096236306
0 0.6831656249999999 0.4296515625 0.6751190538875387 0.4066107495085266 0.14618437500000003 0.5913312499999999 0.15423094611246121 0.6143720629914734
0 0.6680671874999999 0.48017031250000003 0.6540904493020949 0.44025582423996523 0.15073125000000004 0.616515625 0.16470798819790505 0.6564301132600348
0 0.7119496196168849 0.5352123149907284 0.6895089736319854 0.4723993134902796 0.16835468749999996 0.6585875 0.19079533348489947 0.7214005015004488
0 0.7336520221428581 0.6008985229186642 0.7122620248500308 0.5413074300942414 0.19371312770717272 0.7274385946755773 0.21510312500000003 0.7870296875000002
0 0.7595208581531055 0.629565874635737 0.7491005030195075 0.601318426158158 0.21974062499999997 0.7965968750000001 0.23016098013359812 0.824844323477579
0 0.7709716240222647 0.6608996058841605 0.76115625 0.6344093749999999 0.2329268134777353 0.8301332066158393 0.24274218750000004 0.8566234374999999
0 0.7353509669032631 0.7024234641182048 0.7270401125388866 0.680354534472673 0.24546883313562334 0.8617076328544682 0.25377968749999996 0.8837765624999999
0 0.7448622438039673 0.7283936062711669 0.7356044556507431 0.704044611596063 0.2538734375000001 0.8872046875000003 0.2631312256532243 0.9115536821751039
0 0.8189576183784701 0.7481856390853225 0.8059640625 0.7131015625000001 0.25530914324887555 0.9170392504606187 0.2683026991273457 0.9521233270459412
0 0.8379660174524692 0.7880301139892366 0.8255781032186439 0.7544329905658211 0.26866216793327563 0.9597787505232821 0.2810500821671011 0.9933758739466976