0 0.20610366562500002 0.8486832375000002 0.156605125 0.30539772968750006 0.12349462939541445 0.30841441463165853 0.17299317002041445 0.8516999224441587
0 0.23895611875 0.84749921875 0.19269423467767394 0.30488513130265527 0.1608205296875 0.30760260156249997 0.20708241375982608 0.8502166890098447
0 0.2702991718750001 0.8509722109375 0.22647962580694014 0.30374580869391055 0.194087384375 0.306339640625 0.23790693044305994 0.8535660428685894
0 0.3109947921875 0.8282792218749998 0.27026199616413926 0.29796239900175187 0.24280895781249995 0.30007102343750003 0.28354175383586067 0.8303878463107479
0 0.3432890114126289 0.8262087792234901 0.30507094073133634 0.2983841709464527 0.2764763371312074 0.30045461359796255 0.3146944078125 0.828279221875
0 0.374016933449 0.8295136594021904 0.34290661406249995 0.29356060781250004 0.31019605322489663 0.2954593487413014 0.3413063726113967 0.831412400330992
0 0.4049810664846324 0.82560749587507 0.3746448953125 0.29247553906250007 0.34503171945286754 0.2941605822499301 0.375367890625 0.8272925390625001
0 0.43900099531250003 0.8154527343750001 0.42171808404908895 0.3159219885530769 0.38498685000000005 0.31719282656250003 0.40226976126341113 0.8167235723844233
0 0.4705138915767712 0.8223443388032988 0.453583696875 0.32719776093749997 0.42192339384134636 0.32828029915676266 0.43885358854311757 0.8234268770225615
0 0.5144728406250001 0.8233459375000001 0.4999704156250001 0.29139046875 0.45596712446425025 0.29259010756809783 0.47046954946425024 0.824545576318098
0 0.5477764757379948 0.8197663937881817 0.5374053124999999 0.28705019062500003 0.5040776803083942 0.28769902824574933 0.514448843546389 0.8204152314089311
0 0.5892108295942963 0.8150518556580579 0.58379203125 0.2848800515625 0.541096805917203 0.28531643240085375 0.5465156042614994 0.8154882364964117
0 0.6239811171874999 0.8174260359375 0.6210214453124999 0.29351315312500004 0.5855008363836249 0.2937138150111237 0.5884605082586248 0.8176266978236235
0 0.6580177164312917 0.29253802834465015 0.62250123125 0.29252650312500006 0.6223315351312083 0.8154674857178501 0.6578480203125 0.8154790109375
0 0.7042347390625003 0.2794547046875001 0.6624929023387968 0.2789114494734566 0.6554913960887966 0.8168827807234565 0.6972332328125002 0.8174260359375001
0 0.7530628640625002 0.2729442890625001 0.7046920692279255 0.271928473176233 0.6932576239154253 0.816410220051233 0.7416284187500001 0.8174260359375001
0 0.7964161015625002 0.2687024625000001 0.7594452170369925 0.267690410616919 0.7445235276366825 0.8127890018718114 0.7814944121621902 0.8138010537548925
0 0.8142158980561452 0.3635852945111928 0.7956769748344226 0.3631356069038556 0.7852084543018002 0.794713207070602 0.8037473775235228 0.7951628946779391
0 0.8409534890625002 0.3630050515625001 0.8179236126834374 0.3621914018502659 0.8028576864049513 0.7886235808488389 0.8258875627840141 0.7894372305610731
0 0.8938506250000001 0.29898595468750006 0.8489638330286642 0.2977411905723976 0.8350726200911343 0.798665002394475 0.8799594120624702 0.7999097665095775
0 0.9467477593750002 0.2989859546875001 0.9016306206555331 0.29710449849036163 0.8806371692644502 0.800525444485503 0.9257543079839173 0.8024069006826415