0 0.7622415906059726 0.8963753341042047 0.28465007592887154 0.7760798916238838 0.26610000000000006 0.8497265625000001 0.7436915146771012 0.9700220049803209
0 0.7771140418102978 0.8709210537981471 0.3071671875000001 0.74604375 0.3009058214324204 0.7696069532214647 0.770852675742718 0.8944842570196118
0 0.7899289676178605 0.8124573921801908 0.3189536093621891 0.7016712681116035 0.3085531250000001 0.7458859375 0.7795284832556715 0.8566720615685874
0 0.8089423152289731 0.7385128409870567 0.34094687500000004 0.6117046875 0.3204758321695277 0.6872546772912396 0.7884712723985008 0.8140628307782963
0 0.8301531816143459 0.6706795810141081 0.36639843750000006 0.5342546875 0.34385625052584357 0.6108832695915567 0.8076109946401895 0.7473081631056647
0 0.8557021859045525 0.6303935470550147 0.387459375 0.4877109375 0.3737382379581008 0.5327397170922895 0.8419810488626535 0.6754223266473043
0 0.8578148467218261 0.5863814133249664 0.3969484375 0.44318124999999997 0.38429456149107344 0.4839056895785925 0.8451609707128996 0.6271058529035589
0 0.8737896159884692 0.546119009216582 0.41388543802390015 0.3982701455025425 0.40029843749999994 0.44053437500000003 0.8602026154645689 0.5883832387140394
0 0.8746124999999999 0.5171593750000001 0.42346562500000007 0.3628359375000001 0.41304826030808045 0.39328990873489333 0.8641951353080802 0.5476133462348933
0 0.894756517005989 0.47618551491747574 0.4372828125000002 0.31904687500000006 0.42459924839449104 0.3559722108736827 0.8820729529004799 0.5131108507911584
0 0.9031734289178122 0.438012929141055 0.41941562499999996 0.25909375000000007 0.40619881943927866 0.2948290628018916 0.8899566233570908 0.4737482419429465
0 0.9143868550413217 0.40068350256620794 0.46226874999999995 0.2265546875000001 0.4474356584271555 0.2650681825310721 0.8995537634684772 0.43919699759728
0 0.9242956595975491 0.36385853082190184 0.4789593749999999 0.18694687500000007 0.46388297549243307 0.2248984034655257 0.9092192600899821 0.40181005928742747
0 0.9525678485577446 0.2821135953079915 0.4725593749999999 0.08403906250000005 0.4404100006544037 0.16194898805527325 0.9204184742121486 0.3600235208632647
0 0.9699676871066449 0.20807408826187093 0.5015223642776694 -0.002990396488390301 0.46574600822778595 0.07641314067828249 0.9341913310567614 0.2874776254285437