0 0.1149444484375 0.8268229171875001 0.07637733368091572 0.24899347445564088 0.035285949999999996 0.2517361109375 0.07385306475658429 0.8295655536693591
0 0.15643806406250005 0.8279079859375 0.12456716051582335 0.2502748702157355 0.07841745937499998 0.2528211796875 0.1102883629216767 0.8304542954092644
0 0.19467727812500002 0.830078125 0.1677402053616401 0.25310076683305793 0.127245584375 0.25499132031250005 0.1541826571383599 0.831968678479442
0 0.2224321594883794 0.8344311073186784 0.1978349780565815 0.25379366460325165 0.16956329374999998 0.2549913203125 0.19416047518179785 0.8356287630279267
0 0.2500858690754035 0.8324332223079851 0.22962625368455436 0.257239021388963 0.20130157499999995 0.25824652812500004 0.2217611903908491 0.8334407290440223
0 0.2849869109375001 0.8355034718750002 0.27228564775757885 0.2866728276277911 0.234667459375 0.28754340312500004 0.24736872255492126 0.8363740473722089
0 0.31687066459908764 0.8460770073776557 0.3028635588881404 0.3076311846866177 0.27194825268659517 0.30843541408872754 0.28595535839754244 0.8468812367797656
0 0.363092540625 0.845269096875 0.3532967839291593 0.2998367936754 0.31100320844718027 0.30059637020357466 0.320798965143021 0.8460286734031748
0 0.4726704431569903 0.8420371132579321 0.4053997546875 0.3135850703125 0.3714866787180098 0.3179021242420679 0.43875736718749997 0.8463541671874999
0 0.507223302259712 0.8426362002714226 0.4468933703125001 0.31358507031250005 0.41335323197186186 0.3174097937636112 0.4736831639190739 0.8464609237225338
0 0.5395031588359058 0.8444743456045123 0.4810645828125001 0.25390625 0.4508973481942332 0.25689139302885083 0.5093359242176391 0.8474594886333631
0 0.5742913834348222 0.846492928370426 0.5233717984374999 0.2517361109375 0.49454966382133214 0.25420369279679955 0.5454692488186544 0.8489605102297254
0 0.6255197388641822 0.8472752125726055 0.5965958250000001 0.29730902812500004 0.5470192542492172 0.2999163674535398 0.5759431681133992 0.8498825519011453
0 0.7178981406250002 0.30164930468750006 0.6620309151884978 0.29848932185891675 0.6302802921305425 0.8598275671440732 0.6861475175670451 0.8629875499726565
0 0.751298734375 0.33854166718750006 0.7179411218750001 0.3363715281250001 0.68576378815553 0.8309753293490466 0.7191214006555299 0.8331454684115466
0 0.8246368241801605 0.31886583277858715 0.7677078250000002 0.31358507031250016 0.7184263769123156 0.8448612895702443 0.775355376092476 0.8501420520363313
0 0.892051584375 0.3200954859375001 0.8322140880553714 0.31287976326976896 0.7685461401930717 0.8408560688068245 0.8283836365127002 0.8480717914745558
0 0.9343588000000004 0.25173611093750015 0.9028482158881672 0.24805890918536905 0.832064990888167 0.854612727935369 0.8635755750000002 0.8582899296875002
0 0.9677164125000001 0.25173611093750015 0.9363683852469842 0.24790193092613383 0.8615171586844843 0.8598810981136339 0.8928651859375002 0.863715278125
0 0.9922366414287327 0.2519403495166558 0.9727500473734907 0.24945771783460566 0.8944923859375 0.8637152781250002 0.913978979992742 0.8661979098070501
0 1.0122329221958677 0.24767731569068108 0.9929380218749999 0.2452256953125001 0.9142502996791322 0.8645188655593191 0.9335452 0.8669704859375