0 0.1733381915472579 0.8788005022507086 0.12937687936863113 0.3715530961554871 0.08140981249999998 0.3757102296874999 0.12537112467862674 0.8829576357827215
0 0.20574505156250003 0.8724750078124999 0.16436700423003336 0.3842275038743648 0.13116106875 0.38704164374999994 0.17253911608246664 0.875289147688135
0 0.23869633205863497 0.8725844575491983 0.20119798400586145 0.38445793547194473 0.16756512812499996 0.38704164375 0.20506347617777348 0.8751681658272537
0 0.268829594704093 0.8719324471291143 0.23483430262956545 0.36851646495899393 0.20543325 0.3705018953125 0.23942854207452755 0.8739178774826204
0 0.29938808790824095 0.8709650525782984 0.26599245525454246 0.3708857978591028 0.23678235541189213 0.37283646818769056 0.2701779880655906 0.872915722906886
0 0.3265976384136991 0.8697056211280778 0.3025266078125 0.384673684375 0.27406627102896214 0.3860861060852548 0.2981373016301612 0.8711180428383326
0 0.35757669218750004 0.8665551453125 0.33620349652513626 0.38086282476735583 0.30341453906249993 0.3823057234375001 0.3247877347248637 0.8679980439826442
0 0.39042914531250006 0.8689231062499999 0.37177914417431 0.38101616820552703 0.3380427953124999 0.38230572343749997 0.3566927964506899 0.870212661481973
0 0.42030696787307387 0.8776126142398443 0.3966444875 0.40361740937500007 0.36945909553200373 0.4049745408338731 0.3931215759050776 0.8789697456987173
0 0.4525824453125001 0.8736590281250001 0.4321606750000001 0.37993772343750004 0.39572101254675013 0.38144497542322575 0.4161427828592501 0.8751662801107256
0 0.48767990138230327 0.8736541196004616 0.4694526671875 0.37638578124999994 0.4338541133319917 0.37769063645206863 0.45208134752679496 0.8749589748025304
0 0.5298301046875 0.8783949484375 0.5173941724345775 0.35247914208030984 0.4710582499999999 0.3535748125 0.4834941822529224 0.8794906188571903
0 0.5765920416890725 0.87965622915181 0.5635705484375001 0.3503381359375001 0.5165109017261605 0.35149582708754534 0.529532394977733 0.8808139203018553
0 0.610629428125 0.8807629093749998 0.60387075 0.3509706453125 0.5671211003434246 0.35143946879310484 0.5738797784684245 0.8812317328556046
0 0.6458759264812997 0.8817242547611925 0.642594009375 0.3491541546875 0.6064596391437005 0.34937682961380745 0.60974155625 0.8819469296874999
0 0.7011957015625001 0.3219225281250001 0.647835853959372 0.32107651825309164 0.6389567773968721 0.8811009198155917 0.6923166250000001 0.8819469296875001
0 0.7553579156250001 0.3136346265625001 0.7021778969100396 0.31255224904707213 0.6905911438059716 0.8818395246390326 0.7437711625209322 0.8829219021544606
0 0.8006410531250001 0.3633619593750001 0.7643636696269595 0.3620961141929394 0.7461701082323617 0.8834985836738776 0.7824474917304023 0.8847644288559382
0 0.8382457500000001 0.36399147968750006 0.8025098648119393 0.362424062685581 0.779989923749193 0.8758611552237381 0.8157258089372539 0.8774285722256572
0 0.8858798562500002 0.36336195937500015 0.847268669904755 0.36134333964052534 0.819981273189393 0.8832835255307527 0.8585924595346383 0.8853021452652274
0 0.9280894999999999 0.3587831453125001 0.8859642474462321 0.35611144455335264 0.8526335615087322 0.8816431898658527 0.8947588140624999 0.8843148906250002