0 0.11260902241205381 0.2736154018989219 0.07277031250000005 0.27316875 0.06697222758794633 0.7903236606010783 0.1068109375000001 0.7907703125000001
0 0.15071829020037616 0.27819936426216363 0.11247031250000003 0.27782968750000003 0.10748327229962396 0.7938053232378364 0.1457312500000001 0.794175
0 0.19498281250000007 0.34328593749999997 0.1620532464185997 0.34256239000322897 0.15242706370734757 0.7806621984006582 0.18535662978874795 0.7813857458974292
0 0.22250625000000007 0.3445046875000001 0.19346442694645616 0.34412675172267815 0.18770192694645618 0.7869361267226782 0.21674375000000007 0.7873140625
0 0.2493154651296893 0.2823676995293587 0.22532187500000003 0.2817609375 0.21226890987031083 0.7979229254706411 0.2362625000000001 0.7985296875
0 0.27506909875145136 0.28347450080097125 0.24930781250000003 0.2826703125 0.23298246374854878 0.8056348741990288 0.25874375000000016 0.8064390625
0 0.3019750000000002 0.29125000000000006 0.2752804551356003 0.2903595104985167 0.2581380494583163 0.8042439714312344 0.2848325943227163 0.8051344609327178
0 0.3274592759681121 0.2952229725269165 0.30087500000000006 0.2943125000000001 0.28337969349175857 0.8051462073464503 0.3099639694598706 0.8060566798733667
0 0.3654703125000001 0.33863125000000005 0.32655625000000005 0.3369687500000001 0.30670463186853514 0.8016346800414826 0.3456186943685352 0.8032971800414825
0 0.40215312500000006 0.33882968750000003 0.3665379279933803 0.33739691750399736 0.34764244072961076 0.807093032939665 0.3832576377362305 0.8085258029356677
0 0.4526156250000001 0.3325468750000001 0.4073138874358991 0.33029379634590794 0.38373423076332536 0.8044003777972117 0.42903596832742635 0.8066534564513038
0 0.4820265625000001 0.3529484375000001 0.4589184661379096 0.35161784112772665 0.43314930090510806 0.7991437518987035 0.4562573972671986 0.8004743482709769
0 0.5307256500605615 0.34640996899751936 0.4828321047138046 0.34313698430160267 0.450387081492939 0.817904615462156 0.4982806268396958 0.8211776001580727
0 0.5643453125000001 0.3696578125000001 0.5289112318339517 0.3670569728330166 0.49635444327113143 0.8106136775415523 0.5317885239371798 0.8132145172085359
0 0.6098687500000002 0.3688875000000001 0.5727651620720913 0.3653950925535396 0.5305820159085171 0.8135518717238155 0.567685603836426 0.8170442791702758
0 0.6580218750000002 0.3786046875000001 0.6086521900448091 0.3733819491936063 0.5621858051560097 0.8126210319097101 0.6115554901112009 0.8178437702161039
0 0.7618906250000002 0.36317031250000004 0.6686435491945559 0.3513001026387222 0.6079380006527622 0.8281758236951251 0.7011850764582064 0.8400460335564031
0 0.8440171875000002 0.33113593750000014 0.7765802310306039 0.32079968649991997 0.6964376892798726 0.84367486622891 0.7638746457492689 0.8540111172289901
0 0.8979578125000002 0.38129687500000015 0.8374560499220876 0.37057615949298606 0.7563176230961677 0.8284763651793888 0.8168193856740803 0.8391970806864029
0 0.9655968750000001 0.38812343750000017 0.9051524124868717 0.37559880838109216 0.8104772547077786 0.8325056733247992 0.870921717220907 0.8450303024437072