0 0.19302894121026243 0.8498522634256241 0.15532995274211775 0.34104175539377557 0.10120391875000001 0.3450520828125 0.13890290721814463 0.8538625908443486
0 0.24284827381293406 0.8519161077508468 0.20600133809839907 0.3397531650940425 0.159733984059501 0.343081813221354 0.19658091977403597 0.8552447558781584
0 0.28602175338218727 0.8474236840211647 0.2483785850794396 0.36759231810835324 0.21757761562500005 0.37000867968750006 0.2552207839277477 0.8498400456003115
0 0.34358913593749996 0.8463541671875001 0.29558671875 0.36675347187499996 0.2515468631741779 0.37116134605218487 0.2995492803616779 0.8507620413646849
0 0.40949076093750014 0.8496093749999998 0.36230194375 0.3493923609375 0.29628503541005863 0.3556201775278173 0.3434738525975587 0.8558371915903173
0 0.48027398593750015 0.855034721875 0.43064436875 0.3461371531250001 0.36434236384725194 0.3526031756099761 0.413971981034752 0.8615007443599761
0 0.53397160625 0.8593750000000002 0.48840998906250005 0.3483072921875 0.43532461129504335 0.3530398464520751 0.4808862284825433 0.8641075542645753
0 0.587669225 0.8680555546875001 0.543734809375 0.3450520828125 0.49128752013460525 0.3494578681041946 0.5352219357596052 0.8724613399791945
0 0.6421804453124998 0.874565971875 0.5966188296874999 0.3450520828125001 0.5466390059552153 0.349352558333411 0.5922006215802152 0.8788664473959109
0 0.6717563007421499 0.8747465498979764 0.6283492406249999 0.3537326390625001 0.603043450505026 0.35584093200862943 0.646450510622176 0.8768548428441058
0 0.7124924861506203 0.8828341223750087 0.6763516578125001 0.3537326390625 0.6323033772826097 0.3567414027787791 0.6684442056207299 0.8858428860912879
0 0.7513774308080803 0.8858304328548234 0.7105228703125 0.2810329859375 0.6734131865785804 0.2835397753209653 0.7142677470741605 0.8883372222382888
0 0.7992053031250002 0.8897569453124999 0.7691020921875003 0.26909722187499996 0.7160893511120133 0.27166844353915415 0.7461925620495132 0.8923281669766542
0 0.8433031372249266 0.897986184057066 0.8171045093749999 0.27452257031249994 0.7755019711854259 0.27627075479610574 0.8017005990353526 0.8997343685406717
0 0.883819734375 0.902777778125 0.8642933265625 0.27343749999999994 0.8245439044644194 0.2746707969192926 0.8440703122769193 0.9040110750442926
0 0.909868007948926 0.9023687299793878 0.8976509390625 0.2701822921875 0.8750961851570261 0.27061816516057735 0.8873132540434521 0.9028046029524651
0 0.9358901531250001 0.9006076390625 0.9244997484375002 0.2669270828125 0.9019729430374751 0.26733200202185886 0.9133633477249751 0.9010125582718589