0 0.12099843750000006 0.284465625 0.08241469864857796 0.28230731668951636 0.05525156250000007 0.7678984375 0.09383530135142218 0.7700567458104837
0 0.16106574524845169 0.28428711929083417 0.1205954498488121 0.28206943319589806 0.09394531250000007 0.7684046875 0.1344156078996397 0.770622373594936
0 0.2046845158809451 0.28849637370544057 0.1634945677556641 0.28628568245779557 0.13789598937471906 0.763242433752355 0.17908593750000007 0.765453125
0 0.24656050717471042 0.2882414064357107 0.20540151491669717 0.28603792114029625 0.1796890625000001 0.766321875 0.22084805475801333 0.7685253602954145
0 0.27050642054249935 0.2922988029418347 0.2476959553422881 0.29104644431043225 0.22150047229978892 0.7681710788685976 0.24431093750000016 0.7694234375000001
0 0.29843872534891136 0.29182382866833173 0.2743702241767115 0.2906312928368058 0.2506781250000001 0.7688 0.27474662617219997 0.769992535831526
0 0.31190312500000017 0.32121562500000006 0.29035040492266034 0.32049794787755775 0.2753093750000001 0.7721984375 0.29686209507733985 0.7729161146224423
0 0.3314875000000001 0.3200375000000001 0.31183701874842734 0.31941620255670083 0.29752139374842734 0.7721927650567009 0.3171718750000001 0.7728140625
0 0.36451093750000024 0.31374531250000015 0.33662229301132895 0.3127584989518762 0.3204593750000001 0.76954375 0.3483480194886714 0.7705305635481239
0 0.39724531250000017 0.3152687500000001 0.3674610996854929 0.3141041012815121 0.34964531250000014 0.7697171875000002 0.37942952531450735 0.7708818362184882
0 0.42162812500000013 0.2971281250000001 0.3975438831963655 0.2962733719354949 0.3807032581963656 0.7707889969354949 0.40478750000000013 0.7716437500000001
0 0.445475945145828 0.297489706476527 0.42139141680447806 0.2966478718444161 0.4047296875 0.7733328125 0.4288142158413499 0.7741746471321109
0 0.47712031250000014 0.32698437500000005 0.44860968005565827 0.3258053111779263 0.43017031250000004 0.7716828125000001 0.4586809449443419 0.7728618763220738
0 0.5042644250213134 0.32925358619167955 0.47738750000000013 0.3282218750000001 0.46038908550974816 0.7710445519470335 0.48726601053106144 0.7720762631387129
0 0.5426828125000002 0.32834375000000005 0.5059201084296506 0.32706524292047545 0.4903841709296506 0.7737918054204755 0.5271468750000001 0.7750703125000001
0 0.5816890625000001 0.3306359375000001 0.5436537313064823 0.32949801716132654 0.5303396688064823 0.7745245796613265 0.5683750000000001 0.7756624999999999
0 0.6227134255097376 0.328065759555175 0.5846825391050936 0.3268995405212947 0.570939426095356 0.7750681559661198 0.6089703125 0.776234375
0 0.6614515625000001 0.3250453125 0.6253173300857825 0.3238913317617025 0.6108421875000001 0.7771468750000001 0.6469764199142177 0.7783008557382977
0 0.6949813252059117 0.3237665654712435 0.6658255975822597 0.3229653007057529 0.6532505223763481 0.7805362352345095 0.6824062500000001 0.7813375
0 0.7206434589930766 0.32892864376791114 0.6944234375 0.3281843750000001 0.6816284160069236 0.7789432312320891 0.7078484375000003 0.7796875000000001
0 0.7717615127585719 0.2941299014707551 0.7286591698599661 0.29296120830160266 0.7154226571013944 0.7811344318308477 0.7585250000000001 0.7823031250000001
0 0.8160507475812595 0.29468086720294295 0.7730484375 0.2936968750000001 0.7619695649187402 0.7778644452970571 0.804971875 0.7788484375
0 0.8537172051166566 0.3089518259021384 0.8194931564072097 0.3082647449161401 0.8100150137905532 0.7803785440140019 0.8442390625000001 0.7810656250000001
0 0.8943001667616747 0.3456125444910886 0.8543706451289939 0.3448630881342144 0.8462017283673193 0.780086481143126 0.88613125 0.7808359375000001
0 0.9437999828826328 0.34635716649560827 0.898161437226436 0.34542856464850835 0.8892692668438033 0.7824573356529003 0.9349078125 0.7833859375000001