0 0.10418021562499999 0.8923972421874999 0.07735269218750003 0.13797476562499997 0.035828847577372334 0.13945136785929332 0.06265637101487231 0.8938738444217934
0 0.14482797812499998 0.8934811828125 0.12007577873826658 0.13441374023864303 0.0773526921875 0.135806884375 0.10210489157423341 0.894874326948857
0 0.1814109656250001 0.9054045265624999 0.16496786289801918 0.14025219995450233 0.11962636562499998 0.14122658749999997 0.1360694683519809 0.9063789141079976
0 0.23429064785966064 0.8990681055100245 0.2201908630994105 0.023222635757517922 0.1619000390625 0.0241610296875 0.1759998238227502 0.9000064994400064
0 0.283843328125 0.03825225468750003 0.22124577343750002 0.03825225468750002 0.22124577343750004 0.9119081687499999 0.28384332812500007 0.9119081687499999
0 0.36595842568413917 0.1500748277092115 0.283843328125 0.14989810937500006 0.282210799315861 0.9084796285407888 0.36432589687500017 0.9086563468750002
0 0.44892252760392887 0.167470233348932 0.3683906734374999 0.1661572140625 0.35614706145857117 0.9170987916510678 0.43667891562500005 0.9184118109374998
0 0.5424547356653169 0.16387536460018898 0.46431939375 0.16073751250000004 0.4339528447721485 0.9168919173012264 0.5120881866874655 0.9200297694014153
0 0.6180134011799348 0.1770677896631455 0.5439890093749999 0.17374479687500005 0.5105721667364816 0.9181525070518493 0.5845965585414163 0.9214754998399947
0 0.6675582078125003 0.0057340437500001005 0.6272340202591645 0.0036891338651198037 0.5805719953125001 0.9238315125000002 0.6208961828658358 0.9258764223848803
0 0.713332009464726 0.008197584406367697 0.6732488937500001 0.005734043750000084 0.6167720630094464 0.9246420942111767 0.6568551787241723 0.9271056348675442
0 0.755004014256665 0.01223332278669692 0.709018925 0.008985865625000089 0.6438738600203712 0.9314619687906488 0.6898589492770361 0.9347094259523457
0 0.7675517031250001 0.1813323796875001 0.7360599431973629 0.1792253770777061 0.685656718197363 0.932563913015206 0.7171484781250002 0.934670915625
0 0.7946866390872935 0.18218386494757216 0.7655521840147237 0.18022329745264515 0.7147096125 0.9357548562499998 0.7438440675725698 0.9377154237449268
0 0.8293363031250001 0.1824163203125001 0.7955486312923794 0.17944584123399046 0.729543373114011 0.9302217072188912 0.7633310449466316 0.9331921862974009
0 0.8488555279268031 0.19097972798577773 0.8220197062500001 0.18891996093750008 0.7649855077235606 0.9319940781852525 0.7918213294003636 0.9340538452335301
0 0.8952589416253367 0.23130074917228774 0.8475628710901505 0.2277235438451274 0.7943792265625002 0.9368387968749999 0.8420752970976864 0.9404160022021604
0 0.9423370843750002 0.2279418140625001 0.8946259925967055 0.22388167946743778 0.8333854831298313 0.9435256960172624 0.8810965749081259 0.9475858306123248
0 0.9842064830852048 0.23352391701821676 0.9382723078124998 0.22902575468750008 0.8682432803370256 0.9441457049546127 0.9141774556097305 0.9486438672853292
0 1.0220532616870837 0.23541131904744303 0.977294159375 0.23119363437500012 0.9100464943518561 0.9448423190871817 0.9548055966639399 0.9490600037596248