0 0.8869405737372936 0.8257568425113397 0.8849830522493252 0.7741913540288108 0.29172216601203144 0.7967126365174709 0.2936796875 0.848278125
0 0.8853406463127353 0.7710151432658727 0.8840061729860039 0.7239952044659498 0.2966686516732686 0.7406644362000773 0.29800312500000004 0.7876843750000002
0 0.884879492526818 0.7237019666705065 0.8839686506797116 0.6704830701694832 0.31011728315289366 0.6803045409989766 0.31102812500000004 0.7335234374999999
0 0.8840749999999998 0.6722578125 0.8837545175298989 0.6207613694875344 0.313074830029899 0.6243129319875341 0.31339531249999997 0.6758093749999998
0 0.8852593750000002 0.594121875 0.3184187500000001 0.5885125 0.31808219510346925 0.622522169151441 0.8849228201034693 0.6281315441514409
0 0.8854742890360109 0.5601970671333448 0.31931562500000005 0.5559421875 0.31909543772694615 0.5852405327159207 0.8852541017629569 0.5894954123492655
0 0.8893077794886757 0.5115913376593191 0.3193156250000001 0.5053312500000001 0.31877935341174213 0.5541597352572637 0.8887715079004176 0.5604198229165827
0 0.8888109375000003 0.465375 0.32050000000000006 0.45383281249999996 0.31947253416121624 0.5044228825442139 0.8877834716612165 0.5159650700442138
0 0.8879284214542906 0.43910502986512157 0.3219763708758524 0.43162416250775787 0.3216760744215621 0.4543425701426364 0.8876281250000002 0.4618234375000001
0 0.8923640624999999 0.4165406250000001 0.3210234375 0.40491875000000005 0.32051659252370573 0.4298356524390724 0.8918572175237056 0.44145752743907246
0 0.8971374550886523 0.3698955682694831 0.2816624188740836 0.3516953426304284 0.28024375000000007 0.3996703125 0.8957187862145688 0.4178705381390547
0 0.8951404144787141 0.327908591612187 0.2819609375 0.30335625 0.2801329509875073 0.3490090773905282 0.8933124279662212 0.3735614190027152
0 0.8876691195876901 0.2958812476475131 0.32405156250000006 0.27358906250000004 0.3228243430192347 0.30461708605095944 0.8864419001069248 0.3269092711984725
0 0.8864242813000841 0.24702173948410558 0.319315625 0.23008125000000007 0.3180426103441876 0.2726973521843822 0.8851512666442718 0.2896378416684877
0 0.9016559519853168 0.17507121310780888 0.2672203125 0.16348750000000006 0.2662159230146835 0.21849753689219137 0.9006515625000002 0.23008125000000015
0 0.9017126695311486 0.12764406777515153 0.3205 0.11198906250000003 0.31932896350949563 0.15546533304746307 0.9005416330406442 0.17112033832261458
0 0.8993292227958294 0.08099475626079962 0.3197203125 0.06702812500000004 0.31866004560292555 0.11102872395337168 0.8982689558987549 0.12499535521417127