0 0.8802390625 0.9284281249999999 0.8752188796814451 0.8522262866100331 0.27002356718144505 0.8920965991100334 0.27504375 0.9682984375000002
0 0.874609375 0.8504875000000001 0.8697553995672671 0.7761110104943812 0.2682397745672671 0.8153672604943812 0.27309374999999997 0.88974375
0 0.8655953125 0.7746250000000001 0.8605691978990329 0.7024053739707709 0.26282388539903284 0.744005373970771 0.26785000000000003 0.8162250000000002
0 0.861065625 0.6956953125 0.8563508247812865 0.6248346167522986 0.26081019978128667 0.6644596167522987 0.265525 0.7353203125000001
0 0.8543343749999999 0.6187421875 0.8517063373746243 0.5816515385477887 0.26229383737462436 0.6234140385477887 0.26492187500000003 0.6605046875
0 0.848415625 0.5782593750000001 0.8444934293101841 0.5216427822607838 0.23676061681018412 0.5637443447607835 0.24068281249999995 0.6203609374999999
0 0.8421281250000001 0.519984375 0.8381388745989542 0.46619878002416054 0.23590762459895406 0.5108659675241605 0.23989687499999995 0.5646515624999999
0 0.8238140624999998 0.46008750000000004 0.819305253795991 0.4123299084844902 0.30379581300669584 0.46099931118823995 0.3083046217107047 0.5087569027037497
0 0.8168124999999999 0.4072218750000001 0.8114194285142938 0.36124620208203 0.3031991160142939 0.42086182708203 0.30859218749999995 0.4668375000000001
0 0.8215265625000001 0.3524406250000002 0.8168494201786201 0.31162493121182683 0.29361973267861996 0.37158274371182665 0.298296875 0.4123984375
0 0.81655625 0.30920156249999997 0.8126364258893328 0.27709803844562797 0.29748357637067124 0.33999794179586845 0.3014034004813383 0.3721014658502405
0 0.802921875 0.27563437500000015 0.7992542677273053 0.24585524752591711 0.2995245802273053 0.307402122525917 0.3031921875 0.33718125
0 0.8151796875 0.225540625 0.8101888959946132 0.18226579420189906 0.20171367159709544 0.25243990985193066 0.20670446310248228 0.2957147406500316
0 0.8147693061932746 0.1791923862368612 0.8097218749999999 0.13599687500000004 0.20025651217052784 0.20721340642840463 0.20530394336380248 0.2504089176652658
0 0.8106687499999999 0.13324062500000008 0.8052363512214707 0.08724885532952553 0.19331380519272726 0.1595271632837225 0.1987462039712565 0.20551893295419704