0 0.10341043580061929 0.9406689804626545 0.05070602093295422 0.23464941732590594 0.00987740625 0.2376972765625 0.06258182111766505 0.9437168396992485
0 0.13588547031250003 0.9422584984375 0.09257064303082144 0.2481315741616923 0.051338125 0.2507045609375 0.09465295228167858 0.9448314852133077
0 0.16921663593750003 0.9455103187500002 0.12510610015713652 0.2507695709652143 0.0909619798446365 0.25293745221521424 0.135072515625 0.9476782000000001
0 0.21311622031250002 0.9465942593750001 0.17144629492676547 0.016238295292974908 0.1155615890625 0.018741328124999998 0.15723151444823455 0.9490972922070251
0 0.24726034062500002 0.9465942593750001 0.212303265625 0.2702154875 0.17338536768067386 0.2722268691900415 0.20834244268067387 0.9486056410650416
0 0.30416720937499997 0.9487621406249998 0.2755506697964246 0.028672273192756607 0.21149030937499996 0.030664671875000004 0.2401068489535753 0.9507545393072432
0 0.3392358348203171 0.9526439280671752 0.3293316106740188 0.2230327075166067 0.28709514843749995 0.22360605312499998 0.29699937258379827 0.9532172736755685
0 0.37814613750000003 0.9520139609374999 0.3757072718750001 0.198675425 0.32367517055413586 0.19884387423929192 0.3261140361791358 0.9521824101767917
0 0.42041980937499995 0.2051790671875001 0.37489431562500003 0.2051790671875001 0.3748943156250001 0.9509300203125 0.42041980937500006 0.9509300203125
0 0.4602933559254542 0.20777440092800886 0.41716798906249986 0.20734694687500005 0.40978757398618326 0.9519488649681117 0.4529129408491375 0.9523763190211205
0 0.49605354304130944 0.26761458020972806 0.46188052812500013 0.266963665625 0.44884434914619076 0.951363046352772 0.4830173640625001 0.9520139609375
0 0.5334822617304278 0.17658414763106406 0.4935857828125001 0.17591267812500005 0.4804891507844455 0.9540708802241442 0.5203856297023732 0.9547423497302082
0 0.5684602910057872 0.18102386455548092 0.5350465015625 0.18024843906250004 0.5170401558483687 0.9561582457186333 0.5504539452916559 0.9569336712116142
0 0.5904170829760348 0.18072217022373366 0.5660918350501276 0.18015766025108168 0.548053784375 0.9574336625000001 0.5723790323009071 0.9579981724726521
0 0.6017232174962436 0.18052336488316656 0.5789676662608217 0.18011871596732446 0.5651258453125002 0.9585176031250002 0.587881396547922 0.9589222520408424
0 0.6220477547436493 0.1872898727029219 0.6025217875 0.1867520812500001 0.5813271369498944 0.9562809574222376 0.6008531041935437 0.9568187488751594
0 0.6691933512527649 0.21905065424533218 0.6228456687499999 0.21710241093750007 0.5917488943442173 0.956878300953545 0.6380965768469823 0.9588265442613771
0 0.70983188125 0.2236060531250001 0.6708986389204359 0.22174866098231166 0.6359415623579359 0.9544923297323116 0.6748748046874999 0.9563497218750001
0 0.7610853204962075 0.14602366655324933 0.717148478125 0.1433944671875001 0.6683339045037927 0.9591402240717508 0.7122707468750001 0.9617694234375002
0 0.804134690625 0.15098205000000012 0.7523919446462393 0.1471325561519844 0.6920408373255078 0.9583384286443415 0.7437835833042686 0.9621879224923573
0 0.855532476171355 0.14888163445296862 0.8171419749999999 0.1455623484375001 0.7467808018819447 0.9593520268257094 0.7851713030532999 0.9626713128411781
0 0.8764877078125 0.2333615156250001 0.8392420389651878 0.23039245592707253 0.7811554251011772 0.9590658423028195 0.8184010939484894 0.962034902000747
0 0.9195743359375002 0.23119363437500012 0.876048252391074 0.22716164227931487 0.8082617170629633 0.958929545091304 0.8517878006093895 0.9629615371869893
0 0.9717478217259886 0.05698239880260407 0.9366463968750003 0.05342741875000012 0.8453286142081318 0.9550876920592964 0.8804300390591202 0.9586426721119004
0 1.0002342787462708 0.12379520834785736 0.9625043916313508 0.12005153798545432 0.8797395296875002 0.9541818421875001 0.9174694168024203 0.9579255125499033
0 1.031967291042537 0.2324216291073397 0.9943662203125001 0.2279418140625001 0.9079878339574632 0.9529538474551604 0.9455889046875001 0.9574336625000001