0 0.7722527392295373 0.19934989573092712 0.7721921874999998 0.13285 0.11887516421521524 0.13344488026652163 0.11893571594475258 0.19994477599744875
0 0.7674890624999999 0.2018718750000001 0.11899807503362632 0.2009174962291413 0.11889782921995073 0.2690335405973058 0.7673888166863243 0.2699879193681646
0 0.7508234375 0.27108125000000005 0.11544531250000005 0.26614218749999996 0.11492805966697572 0.33268338538885506 0.7503061846669757 0.33762244788885515
0 0.7472031250000002 0.3401593750000001 0.11325228336454171 0.3273692160968218 0.11189290836454172 0.3947473410968219 0.7458437500000001 0.4075375000000002
0 0.7015151095929268 0.4127281756957785 0.11201093750000006 0.39387343750000003 0.11108020290707332 0.42297338680422153 0.7005843750000001 0.44182812500000007
0 0.6977388201676209 0.4451265708353566 0.11039218750000006 0.4247484375 0.10941117983237927 0.4530234291646435 0.6967578125000001 0.47340156250000015
0 0.6889171875000002 0.47787968750000004 0.11806164203324865 0.45613166062903554 0.11666801093876755 0.4927125441887107 0.687523556405519 0.5144605710596751
0 0.6940720875450598 0.5223591148649092 0.1088663952405351 0.49312091324440993 0.1064411826954754 0.5416617983795008 0.6916468750000001 0.5709000000000001
0 0.6925898507966592 0.5793298049192118 0.10651841611697885 0.545078229293742 0.10363637782031958 0.5943921743745302 0.6897078125 0.62864375
0 0.6917788616189589 0.6312455545580228 0.10509012165109148 0.5874129024335956 0.1013346975321328 0.6376782853755729 0.6880234375000002 0.6815109375000001
0 0.6928260474142376 0.6886227410595913 0.10014375000000006 0.6410406249999999 0.09462551508576242 0.7097756964404087 0.6873078125 0.7573578125000001
0 0.6961817506743798 0.7637963550640909 0.10094375000000011 0.7087046875 0.09474012432562041 0.7757317699359091 0.6899781250000001 0.8308234375000001
0 0.7526811471909772 0.8547780143684758 0.09277656250000008 0.7816015625000001 0.08481572780902306 0.8533922981315246 0.7447203125000001 0.9265687500000004
0 0.7500829970959627 0.9302553418812177 0.0890296875000001 0.8531000000000001 0.08091856540403752 0.9225946581187825 0.7419718750000002 0.9997500000000002