0 0.08141746875000001 0.9097402875 0.061093587500000025 0.0957010921875 0.01156125493811692 0.09693775161473651 0.031885136188116905 0.9109769469272365
0 0.1124874191843717 0.9032062947408541 0.08466928906249999 0.2290257546875 0.05766411519062827 0.230140045884146 0.0854822453125 0.9043205859375
0 0.13926487691351563 0.9010604309798647 0.11474850407990114 0.2777997579215696 0.08698043966638552 0.2788920331917051 0.11149681250000003 0.9021527062500001
0 0.16532613838432508 0.902317944438613 0.1414478938220352 0.13711624247239007 0.11200722575021013 0.13803494334627714 0.13588547031250003 0.9032366453125
0 0.20905144375 0.9064884671875 0.18600250044555416 0.10855599111588377 0.14138980687871563 0.10984466587912074 0.16443875018316148 0.9077771419507368
0 0.24027904772446376 0.9053395577424647 0.2155259830282757 0.1099410843358877 0.17860769311631192 0.11108999378092296 0.2033607578125 0.9064884671875
0 0.2952611775125157 0.8978740969652576 0.28213041365180447 0.09689751881253345 0.2194963830142888 0.09792430622227585 0.232627146875 0.8989008843749999
0 0.34562792656249997 0.8913133015625 0.339937240625 0.10762443593749997 0.2846277154405022 0.10802606106066184 0.29031840137800213 0.8917149266856619
0 0.3935922875000001 0.8923972421874999 0.38871455468750005 0.22252211250000004 0.33832189277035984 0.2228890494553355 0.3431996255828599 0.8927641791428356
0 0.43586595937499995 0.8989008843749999 0.43098822812500004 0.21493452968749996 0.382252043528531 0.21528209358297926 0.3871297747785309 0.8992484482704792
0 0.49037191725557683 0.8834381002410309 0.4870637834590633 0.24717386694850646 0.43174487089098645 0.24746148701997556 0.43505300468749997 0.8837257203125001
0 0.5423630984375001 0.13255506406250003 0.4903339625000001 0.13255506406250003 0.49033396250000016 0.8804738984375 0.5423630984375002 0.8804738984375
0 0.6050086231401182 0.054962784791500754 0.5464795219218727 0.054498881733082497 0.5399242328125001 0.8815578390625 0.5984533340307456 0.8820217421209182
0 0.6399177281250001 0.13472294531250006 0.6074632486819862 0.13400598333981978 0.5911926440517504 0.8705220380523631 0.6236471234947645 0.8712390000250435
0 0.6610545656250002 0.12930324375000007 0.6212427660940067 0.1290424677851307 0.6163420265625 0.8772220781250001 0.6561538260934936 0.8774828540898694
0 0.6903432714246466 0.25737817222058884 0.6537787537590691 0.25718229091864236 0.650486146875 0.8718023765625 0.6870506645405775 0.8719982578644464
0 0.7261198468276696 0.10294476107424108 0.6879046535575786 0.10217232630825848 0.672429642667409 0.8677781199215175 0.7106448359375 0.8685505546875001
0 0.7521055546875003 0.13797476562500008 0.7189005038069527 0.13738445359610915 0.7058464722056462 0.871673714704382 0.7390515230861938 0.8722640267332731
0 0.7773183358485966 0.24969739707105232 0.7480407781250001 0.24962062031250007 0.7464148911121316 0.86962596788038 0.7756924488357281 0.8697027446389323
0 0.8122642421874999 0.2561242625000001 0.7748683015625 0.2561242625000001 0.7748683015625001 0.866382675 0.8122642421874999 0.866382675
0 0.8423435874999999 0.11087625781250007 0.79681809375 0.11087625781250007 0.79681809375 0.8642147937500001 0.8423435874999999 0.8642147937500001
0 0.876496671404529 0.8607670828645247 0.873230271954113 0.1421590468224977 0.8301346802370843 0.14235493583297298 0.8334010796875002 0.860962971875
0 0.9106387731497577 0.8651773192263095 0.9081966300661595 0.14555957709339337 0.872419653791402 0.14568099224208397 0.8748617968750002 0.865298734375
0 0.9781071156250002 0.1303871828125001 0.9147672571212219 0.1295260668243046 0.9049593295584035 0.8509535545963345 0.9682991880621818 0.85181467058453