0 0.0816194859375 0.8006528812499999 0.04387475362181773 0.3151065296297105 -0.010657742370453156 0.319345701558128 0.027086989945229116 0.8048920531784173
0 0.1400731890625 0.7986795812499999 0.10739855402970015 0.31049444042173885 0.052379270312500004 0.31417692656249996 0.08505390534529984 0.802362067390761
0 0.175695324386295 0.7885688712533605 0.14747242031250002 0.3280460125 0.12474550465344973 0.3294388197154223 0.15296840872724476 0.789961678468783
0 0.19709828216667435 0.7857005499418603 0.16891819487780418 0.32686521498594556 0.14969215 0.32804601249999993 0.1778722372888702 0.7868813474559146
0 0.23857397977569028 0.7865234886591098 0.21420076117483733 0.3444596165146766 0.1718897921875 0.34679243437500007 0.19626301078835295 0.7888563065194333
0 0.280853538581163 0.7867298206979758 0.25822703161979516 0.34260690673551886 0.214805140625 0.34481910000000005 0.2374316475863678 0.788942013962457
0 0.3087750625 0.788813078125 0.2842879958090025 0.30609120428600073 0.2598833745770322 0.3073291792360961 0.2843704412680297 0.7900510530750954
0 0.347250903125 0.7888130781249998 0.3265171811178789 0.3039930091091674 0.29471654375 0.30535298906249997 0.3154502657571211 0.7901730580783324
0 0.38574900681865526 0.7883672234943611 0.36568892381145296 0.30105532643435584 0.33089043574279764 0.30248779825249494 0.35095051875 0.7897996953125002
0 0.41388453698875705 0.7723501445524786 0.40050387777114793 0.34710283848442625 0.37790010312500005 0.34781407968750006 0.39128076234260917 0.7730613857555525
0 0.43682132728728507 0.7930947883238779 0.421845415625 0.29898595468750006 0.39976209350083874 0.29965527662393926 0.41473800516312387 0.7937641102603171
0 0.4627591204552243 0.790021957469689 0.444626952553305 0.29668188568242615 0.42346269062499997 0.2974597546875001 0.4415948585269193 0.7907998264747629
0 0.5171398957189515 0.7886394553607641 0.4832824479929226 0.27897383885322274 0.44786726327035453 0.2813264946467773 0.4817247109963835 0.7909921111543186
0 0.5534215721436045 0.7867694653688413 0.5263116296875 0.3191661265625 0.49092353089521323 0.3212177999409212 0.5180334733513178 0.7888211387472625
0 0.5906847281250001 0.786839778125 0.5675159890625001 0.31743213593749997 0.5313960926159491 0.3192149199838671 0.554564831678449 0.7886225621713671
0 0.63013009215703 0.7763899561305632 0.60918265625 0.2895665203125 0.5723418399278896 0.2911517370089256 0.5932892758349195 0.7779751728269888
0 0.6721314297593531 0.7767870939341608 0.65703421875 0.29030539843750003 0.6135645309323043 0.29165441332453385 0.6286617419416575 0.7781361088211947
0 0.7113174124571644 0.7790935644562286 0.7001929046875001 0.28857986875 0.6631711406678356 0.2894194964812716 0.6742956484375 0.7799331921875001
0 0.7482944517614291 0.7785274276295672 0.7424834375 0.285965121875 0.7068146206151567 0.2863859254996066 0.7126256348765858 0.7789482312541739
0 0.7897524170636867 0.7805041795472245 0.78398734375 0.27728456562500003 0.7475135740705875 0.2777024228595172 0.7532786473842743 0.7809220367817417
0 0.8311799696950904 0.7806256495645079 0.8271188531250001 0.26968907968750006 0.7896931163486709 0.26998655355946577 0.7937542329187612 0.7809231234364735
0 0.8688947296875 0.2698334640625001 0.8304188890624999 0.2698334640625001 0.8304188890624999 0.7779598921875002 0.8688947296875 0.7779598921875002
0 0.9761832265625001 0.26194024531250015 0.8808243986752521 0.2605650019990219 0.8733631029930743 0.7779282960426978 0.9687219308803223 0.779303539356176