0 0.2042765471521147 0.16847849816223479 0.147748835871966 0.15694584176353693 0.033375000000000064 0.7175531249999999 0.08990271128014879 0.7290857813986977
0 0.26539109241342734 0.17969112943168392 0.20875156250000004 0.16779062500000003 0.09037842228592048 0.7311784254575473 0.14701795219934777 0.7430789298892313
0 0.3050199038218474 0.1907342555747201 0.2649980681956333 0.18249903220618485 0.14992503937378593 0.7417350891314647 0.18994687500000004 0.7499703124999999
0 0.3466824953214286 0.2029813136969875 0.30590486529864247 0.19453996014045827 0.19041093750000013 0.75245625 0.23118856752278627 0.7608976035565294
0 0.38206188643671474 0.20282553687916166 0.3475186186442878 0.19582956748273186 0.23325625000000016 0.7600109375 0.2677995177924271 0.7670069068964299
0 0.4164061134702052 0.21261033289024697 0.38240156249999996 0.20562343750000003 0.26702715294940804 0.7671396433525917 0.3010317039196132 0.7741265387428385
0 0.43935349538128704 0.2718221180394492 0.40302449516980543 0.26443043456206544 0.2990953125 0.7752265625 0.3354243127114816 0.7826182459773838
0 0.4601986274500517 0.2836689592629557 0.43852410261846053 0.2792302089703794 0.3370546875000001 0.7747078125000001 0.3587292123315913 0.7791465627925763
0 0.4837981653251934 0.2852991640021346 0.46047119483779586 0.2806706915655197 0.36112656250000014 0.7813562500000002 0.38445353298739765 0.785984722436615
0 0.5218501217671061 0.28264792045097514 0.48636093750000003 0.27565156250000006 0.38581062498466917 0.7856953015391606 0.42129980925177524 0.7926916594901356
0 0.5811110477854762 0.2498880035276419 0.5304885258228671 0.2400579005350134 0.4227984375000002 0.7946343750000002 0.4734209594626092 0.8044644779926287
0 0.6367304200837645 0.26109540402259357 0.5888293986293598 0.25163941521883404 0.4794296875 0.8058234375 0.5273307089544046 0.8152794263037595
0 0.6741980728659976 0.33034307937396906 0.6280187500000001 0.3210671875000001 0.5295003646340024 0.8115334831260311 0.5756796875000001 0.8208093750000002
0 0.7221533141616346 0.3389929342876276 0.6769859375 0.32970156250000004 0.5760388628065372 0.8204272217230283 0.6212062394681717 0.8297185935106558
0 0.7799094806462515 0.3035242190184069 0.7390109375 0.29495312500000015 0.6260381249248652 0.8340235679953745 0.6669366680711167 0.8425946620137813
0 0.8317036699888325 0.3165969686523876 0.7928655919798084 0.3076976817889755 0.670721875 0.8407546874999999 0.709559953009024 0.8496539743634122
0 0.8860026958319198 0.331382653712578 0.8477484375 0.32254218750000013 0.7254129291680803 0.8519095337874221 0.7636671875000001 0.86075
0 0.9098043748210598 0.3747782451399472 0.8774843750000001 0.3686609375000002 0.7845623697713833 0.8596022746251404 0.8168823695924431 0.8657195822650874
0 0.9522671875000002 0.3834640625000002 0.9182386703698558 0.37697466849715944 0.8244871078698559 0.8685809184971592 0.8585156250000002 0.8750703125000001