0 0.1184168631813453 0.7978714633149375 0.11086773909182904 0.22383613077361084 0.05962985709160671 0.2245099588594035 0.06717898118112298 0.7985452914007302
0 0.1744902604326545 0.792361641731035 0.16376760766296758 0.22496955751444464 0.11170828680721881 0.22595338163975415 0.12243093957690573 0.7933454658563445
0 0.2306338268866946 0.7910199453826599 0.21764305541667744 0.2823063249933797 0.16800610352998285 0.28357387961071995 0.180996875 0.7922875
0 0.2900875622177505 0.7947080860774468 0.28001788418558754 0.26521111434929245 0.21996718750000005 0.266353125 0.23003686553216302 0.7958500967281543
0 0.3388109375 0.7895328125000001 0.3349184455890257 0.2864923777687656 0.28950937500000007 0.28684375 0.2934018669109743 0.7898841847312345
0 0.5692739040512137 0.7941916135087503 0.5603018959902566 0.2799473900149359 0.46766681390075193 0.281563592327502 0.4766388219617091 0.7958078158213164
0 0.6464985175802456 0.7919871758507406 0.6416601415229108 0.2777893562166076 0.5602713743300198 0.27855518883488334 0.5651097503873546 0.7927530084690163
0 0.6993312772680518 0.2719026545223514 0.6481890625 0.2719015625000001 0.6481780666942418 0.7868634210848506 0.6993202814622935 0.7868645131072018
0 0.7317656250000001 0.7794171874999999 0.7280520154803696 0.2858538504570885 0.7125734374999999 0.2859703125 0.7162870470196305 0.7795336495429115
0 0.7130186699406816 0.7788577944160265 0.7124528660690287 0.289253012130111 0.7002685711283471 0.28926709271408446 0.700834375 0.778871875
0 0.7741149583295001 0.7835366159777839 0.7739901396477773 0.25789512756010985 0.733454036356532 0.25790475325192924 0.7335788550382547 0.7835462416696033
0 0.8362764241221466 0.27831879581115404 0.7785953765797547 0.2777276368703235 0.7734075485595426 0.78391866944645 0.8310885961019343 0.7845098283872806
0 0.9071832389543735 0.28812209333843947 0.8428994026521558 0.2879531063823243 0.8416125000000001 0.7775000000000001 0.9058963363022178 0.7776689869561153