0 0.2147003980875306 0.12541594815888896 0.17529375 0.11847343750000001 0.07289803941246949 0.6996856143411112 0.11230468750000008 0.706628125
0 0.2519823365741996 0.13436330173889938 0.21414825430528378 0.12788209883972082 0.11494218750000014 0.7069984375 0.15277626976891595 0.7134796403991785
0 0.29140099850631207 0.1409419191600508 0.25324697867695456 0.13454527028293362 0.15604598017064253 0.7143189761228829 0.19420000000000004 0.7207156250000001
0 0.3274451994870732 0.1521350668236911 0.2976639386545964 0.14678955642570096 0.19424530166752327 0.7229623021020098 0.2240265625000001 0.7283078125
0 0.3672006794050276 0.16312618443365862 0.3295515625 0.15608906250000004 0.22237275809497245 0.7295035030663415 0.260021875 0.7365406250000001
0 0.4050414875489793 0.16820514039383858 0.3648402524819302 0.16090806978242678 0.2611203125 0.732325 0.3013215475670491 0.7396220706114118
0 0.4384879318304387 0.1786784802069432 0.3974677633786524 0.17167221134156474 0.30023451904821374 0.7409515436346216 0.34125468750000004 0.7479578125
0 0.4917163053103149 0.18893277089714228 0.4390129701869707 0.18102948275958122 0.353220102376656 0.753142024362439 0.40592343750000015 0.7610453125000002
0 0.5496036799628875 0.1982618145584652 0.49604308857051294 0.19023215265818055 0.409496875 0.7675250000000001 0.46305746639237455 0.7755546619002847
0 0.583450373298897 0.19349938806721484 0.551840625 0.18852500000000008 0.4592520665024874 0.7768789824231681 0.49086181480138447 0.781853370490383
0 0.6114389089177766 0.1984811494763437 0.5833296875000001 0.1941453125000001 0.4922298410822236 0.7847454130236565 0.5203390625000001 0.7890812500000001
0 0.6727328955396753 0.21519986183210352 0.6088413161909656 0.20609033068721444 0.5251168697411108 0.7933090391691462 0.5890084490898205 0.8024185703140352
0 0.7349278256987825 0.22709066150147242 0.672479195980195 0.21867057469370824 0.5928576202814126 0.809193975692236 0.65530625 0.8176140625
0 0.7758950526204514 0.24505784988325688 0.7328238314531849 0.2431336627240996 0.706684375 0.8282421875000002 0.7497555961672666 0.8301663746591574
0 0.8052151001043079 0.24690779221050385 0.7785635106155043 0.24587358924546296 0.7555984375000002 0.8376875000000001 0.7822500269888037 0.838721702965041
0 0.8389238453680313 0.2515451224277737 0.8130390625 0.2503421875000001 0.7854348830060598 0.8443295894397069 0.8113196658740911 0.8455325243674807
0 0.8926725174164136 0.25447785607177514 0.8402343680927412 0.2525414366957219 0.8180134131763278 0.8542838931239469 0.8704515625000002 0.8562203125000002
0 0.9483117850072352 0.26212193124901906 0.8933554020413293 0.26016395809602155 0.871771875 0.8659703125 0.9267282579659059 0.8679282856529975