0 0.788683550644113 0.8503344764142351 0.22127390640209824 0.8197137246321274 0.21834531250000005 0.8739812499999999 0.7857549567420149 0.9046020017821077
0 0.7804329557380306 0.798017179148147 0.23143104307021134 0.7626417679601418 0.2280062500000001 0.8157921874999999 0.7770081626678195 0.851167598688005
0 0.7951805705740963 0.746917308461742 0.25049075149233796 0.7100260867833958 0.2469578125000001 0.7621890625 0.7916476315817584 0.7990802841783461
0 0.7929878810442863 0.7011906394268763 0.2395684631048185 0.6546346149011605 0.23503042857955778 0.7085790066559108 0.7884498465190256 0.7551350311816267
0 0.792642665714405 0.65487417048846 0.24719613328803183 0.6009967160980946 0.24223322003792416 0.6512404377741545 0.7876797524642972 0.7051178921645199
0 0.8129018903762107 0.610344113790633 0.16419575109542459 0.5535154160580871 0.16101875000000007 0.5897812499999999 0.8097248892807862 0.6466099477325458
0 0.7856822244841706 0.5446555739140487 0.3046604305503028 0.500185768767655 0.2987797685661322 0.5637958198536065 0.7798015625000001 0.6082656250000003
0 0.7850322098894379 0.47688609042471636 0.3162094705482886 0.4295521049941132 0.3092515625000001 0.4984671875000001 0.7780743018411493 0.5458011729306032
0 0.787578372725708 0.4112039209392512 0.3213638537198521 0.361355290021573 0.31418593750000007 0.4284875 0.7804004565058559 0.47833613091767824
0 0.7872648157194163 0.3852883763472108 0.30294623925168424 0.3240150430791287 0.29907343750000004 0.3546265625 0.7833920139677322 0.4158998957680821
0 0.8080451407514765 0.3395182304121164 0.3013156250000001 0.2767312500000001 0.296951126683633 0.3119554334825373 0.8036806424351093 0.3747424138946536
0 0.8070609375 0.31028281250000006 0.30350312500000004 0.24424062500000007 0.2997383409991029 0.2729463124975071 0.8032961534991028 0.33898849999750713
0 0.7953010997877713 0.2905701043173715 0.30800781250000003 0.22740468749999998 0.3056129627122289 0.24587989568262855 0.79290625 0.30904531250000006
0 0.8043624129270995 0.25864535856404014 0.29654375 0.18183750000000004 0.29083565566320796 0.21957682626379196 0.7986543185903073 0.2963846848278321
0 0.8030397260805924 0.22842860166303147 0.313715625 0.14857812500000006 0.3078545930283161 0.18449455682108432 0.7971786941089085 0.2643450334841157
0 0.8066309273278585 0.1916531013286759 0.31586406249999993 0.11044062500000004 0.3103717163155949 0.14363086422581645 0.8011385811434533 0.2248433405544923