0 0.10853714180764192 0.8167172782006634 0.08714172664517286 0.19225520131969173 0.045548230150030955 0.19368028405652843 0.06694364531250001 0.8181423609375003
0 0.15074447656249998 0.8138020828125001 0.12863279259488328 0.19233696184195292 0.08959079629221267 0.1937260732410952 0.11170248025982939 0.8151911942116424
0 0.19061346646972493 0.8051984492313075 0.171898084375 0.24631076406250002 0.14179229759277504 0.24731891170619247 0.16050767968749996 0.806206596875
0 0.22726287371211598 0.7997676030433811 0.208510096875 0.2571614578125 0.179180516912884 0.2581751047691187 0.19793329374999996 0.8007812499999998
0 0.27115732031250006 0.8181423609374999 0.25161854999129846 0.24812019492631684 0.20862263774971757 0.24959397490213325 0.22816140807091917 0.8196161409133165
0 0.34369698751630773 0.8109113026386909 0.322349043179683 0.21302061323135643 0.27128855312500005 0.21484375 0.2926364974616248 0.8127344394073346
0 0.3965565712982552 0.8071290625739506 0.3817193837920421 0.21569305130976074 0.3290685015625 0.21701388906250002 0.3439056890687131 0.8084499003266898
0 0.4241664705590658 0.798135644635672 0.4127139852900017 0.18936693707049854 0.3850613625 0.18988715312499999 0.39651384776906407 0.7986558606901735
0 0.4550309875 0.7964409718750001 0.44200151595896003 0.18824815896284716 0.41516502335280625 0.18882308406759965 0.4281944948938462 0.7970158969797525
0 0.4802738476653593 0.7929225974923597 0.4745542853941366 0.2796688438602407 0.44951120937499994 0.27994791718749995 0.4552307716462226 0.793201670819619
0 0.5111694078125 0.7986111109374999 0.5046571520813289 0.21779088467901514 0.4770103842348042 0.21810086496933093 0.4835226399659753 0.7989210912278157
0 0.5437134203125 0.8018663203124998 0.5347638171875 0.21592882031249996 0.5062944480043706 0.21636366115372985 0.5152440511293707 0.8023011611537297
0 0.5681214296875001 0.791015625 0.5632398281250002 0.24739583281250002 0.538207912274079 0.24762061462009116 0.543089513836579 0.7912404068075911
0 0.5949930056837343 0.7940640725147913 0.5909022375 0.24631076406250002 0.5632170615037659 0.24651752436020863 0.5673078296875002 0.7942708328124999
0 0.6340381726421027 0.8136925141701707 0.630768186644996 0.1333668153739785 0.6079722593153933 0.13347638401630785 0.6112422453125 0.8138020828125001
0 0.6974838765625001 0.2267795140625001 0.63343048125 0.2267795140625001 0.6334304812500001 0.7996961796875001 0.6974838765625002 0.7996961796875001
0 0.7609447000000003 0.2289496531250001 0.7066869906999286 0.22863670545911882 0.703418286296096 0.7953525901472782 0.7576759955961676 0.7956655378131595
0 0.8277372078125003 0.24739583281250016 0.7669091589384249 0.24703240867049586 0.7636074621820144 0.7996532955458334 0.8244355110560898 0.8000167196878376
0 0.8871300296875001 0.2376302078125001 0.835253396875 0.2376302078125001 0.835253396875 0.7910156250000002 0.8871300296875001 0.7910156250000002
0 0.9441852767568607 0.7806480345104319 0.9359421497455152 0.22217509904451943 0.8846004202897391 0.222932909083305 0.8928435473010845 0.7814058445492174