0 0.14666207596714614 0.7972524718236074 0.13847990315581862 0.16542750725725203 0.08641832159754122 0.16610170799484586 0.09460049440886875 0.7979266725612012
0 0.2052562608896209 0.7925915631962244 0.1954624755317414 0.1754843484954658 0.14908038583449168 0.17622045434567052 0.15887417119237116 0.793327669046429
0 0.26869483931411536 0.7939815481863223 0.26541980401088644 0.1756951523429215 0.21090465219677107 0.17598391665659938 0.2141796875 0.7942703125000001
0 0.3012418763674923 0.21817893548297893 0.27277327390544726 0.21809803296443908 0.2711328125000001 0.79535625 0.2996014149620451 0.7954371525185399
0 0.3305278615342645 0.2192551181460533 0.3028594551382988 0.2191770088279294 0.30123003110403446 0.796362515681876 0.3288984375000001 0.796440625
0 0.3598170787825615 0.2192197685035985 0.3329671323776098 0.21918183403149358 0.3321515625000001 0.796440625 0.35900150890495175 0.7964785594721049
0 0.39235781250000007 0.2235250000000001 0.36388281250000004 0.2235250000000001 0.3638828125000001 0.79535625 0.3923578125000001 0.79535625
0 0.4468703125000002 0.18337656250000006 0.39724071313023035 0.18331042727478788 0.39642656250000013 0.7942703125 0.44605616186976993 0.7943364477252122
0 0.5054607496445221 0.18261649660869003 0.45416903609924775 0.18227440027619196 0.4500895364547258 0.7939282161675021 0.5013812500000002 0.7942703125
0 0.5583657856433765 0.19044485630711389 0.5127703127334574 0.18988748090229385 0.5053826165553557 0.7942297214145168 0.5509780894652747 0.7947870968193368
0 0.6114129648587299 0.18885842914425496 0.5626777563187434 0.18805523076948508 0.5526638492764594 0.7956633427076751 0.6013990578164459 0.7964665410824451
0 0.6633778333208666 0.18514090405880412 0.6121485334871546 0.1843890260911823 0.6031563487490501 0.7970726635244866 0.654385648582762 0.7978245414921084
0 0.7170703125000002 0.18554687500000006 0.6683326849941152 0.184634881138569 0.6568640625000001 0.7975265625 0.705601690005885 0.798438556361431
0 0.7772979160390217 0.24426438052448515 0.7229484375 0.24305625000000006 0.7106966799176517 0.7942190774361515 0.7650461584566735 0.7954272079606366
0 0.851383184680623 0.23854440537847293 0.7848294321875863 0.23657973427332016 0.7684032770810164 0.7930200761237531 0.834957029574053 0.794984747228906
0 0.9359281250000002 0.2398000000000001 0.8749078125 0.23762968750000008 0.8549985337747762 0.7973971907801747 0.9160188462747764 0.7995675032801748