0 0.8557988936323261 0.8488965526995947 0.8513424532041309 0.8265328129879436 0.3455357470718049 0.9273253227883489 0.3499921875 0.9496890625000001
0 0.8464683319305524 0.820488866271479 0.8430441881685761 0.7977414364336356 0.3368586687380238 0.8739369451621567 0.34028281250000003 0.8966843750000001
0 0.8342715441756896 0.7923226054926629 0.8297703125 0.7614375000000001 0.27662220582431046 0.8420539570073375 0.2811234375 0.8729390625000002
0 0.828928125 0.7582937500000002 0.8248898565994761 0.7309870015079207 0.26949766909947603 0.8131213765079208 0.2735359375 0.8404281250000002
0 0.82443758138423 0.7276536874989932 0.8203792201639573 0.700938440246892 0.2587494512797272 0.7862566277478988 0.2628078125 0.812971875
0 0.8173688888625292 0.6983434258382387 0.8143687499999999 0.6788078125 0.251463744216238 0.7652547110193574 0.2544638830787672 0.7847903243575961
0 0.8210023167627174 0.6770677826436534 0.81833125 0.6600562499999999 0.17606983827089973 0.7609009619834131 0.1787409050336173 0.7779124946270667
0 0.817714160816033 0.6552387439240835 0.8153062354782008 0.6402150844704115 0.17008593749999998 0.743628125 0.17249386283783213 0.758651784453672
0 0.8068477195966249 0.6338998874312465 0.8038109375 0.6142515625 0.2504335304033752 0.6997798000687536 0.2534703125 0.7194281250000001
0 0.8043802737290141 0.610165685205977 0.8016921874999999 0.5937625 0.24548926480582645 0.6849107372635104 0.24817735103484076 0.7013139224694875
0 0.79011875 0.5589593749999999 0.7806301725161191 0.5169745154367085 0.273888941079956 0.6314980243580822 0.28337751856383686 0.6734828839213737
0 0.7789546875 0.5130984375000002 0.7682208628682397 0.4679693434049638 0.2569249056820101 0.5895796094521314 0.2676587303137704 0.6347087035471677
0 0.7650496826342325 0.4672196811862772 0.7538953125 0.41957812499999997 0.2469784423657675 0.5382631313137226 0.2581328125 0.5859046874999999
0 0.7540066243053095 0.41452672000088303 0.7458843749999999 0.3812953125 0.23351797770319407 0.5065252659528396 0.24164022700850357 0.5397566734537227
0 0.750703125 0.37831875000000004 0.7426640628218812 0.345143141042242 0.17441565441850035 0.4828402152267269 0.18245471659661922 0.5160158241844849
0 0.7424859374999999 0.34345937500000023 0.7338155696252515 0.3078991255598183 0.16478822733256426 0.4466404579783975 0.1734585952073125 0.48220070741857946
0 0.7362991286615873 0.30478070881798586 0.7260473424309469 0.2645210075581391 0.1896511010578276 0.401109691264063 0.19990288728846797 0.4413693925239097
0 0.7272806175250267 0.25833070202975944 0.7164110477767427 0.21513221437794275 0.17657615686595246 0.350965048309696 0.18744572661423647 0.39416353596151266
0 0.7128306720813924 0.20900348376960762 0.7030846198061005 0.171166034223262 0.13178207272470824 0.3183203629536544 0.14152812500000003 0.35615781250000006
0 0.6994856849450815 0.17387858452460983 0.6893859375000001 0.13270937500000002 0.11895962755491865 0.27264797797539025 0.12905937500000003 0.31381718750000004
0 0.6892254475922063 0.1285504568216512 0.6845390625000001 0.110425 0.12369642740779388 0.2554323556783488 0.12838281250000003 0.27355781250000005
0 0.6742948897178225 0.09716545210375252 0.6711387694986937 0.08559676401308955 0.19583450478087122 0.21526724940933714 0.19899062500000003 0.2268359375000001
0 0.6770369646048575 0.07033260764442054 0.6718890625000001 0.050640624999999995 0.11980991039514255 0.19496582985557948 0.12495781249999997 0.21465781250000004
0 0.6704405910666733 0.045128877677424614 0.6653609374999999 0.026279687500000027 0.11529534643332676 0.17451643482257545 0.12037499999999998 0.19336562500000004
0 0.6642037245437988 0.017315542561121666 0.6595160867767753 0.00028397555562356127 0.11224517473297654 0.15091062049450193 0.11693281250000001 0.16794218750000003