0 0.3307708213413054 0.1783507966128514 0.2958478325487667 0.16238484684081417 -0.029110359105038695 0.873179472102963 0.0058126296875000705 0.8891454218750001
0 0.35589645096467726 0.17467314924159122 0.32695618349207217 0.16184440380468673 0.0020739747148950547 0.8947436623755957 0.031014242187500107 0.9075724078125003
0 0.3921039348076304 0.1693812851061202 0.35894832352622985 0.15513944302043442 0.0474489027810995 0.8803232813518143 0.08060451406250006 0.8945651234374999
0 0.3831121172139432 0.22789077818027162 0.3587757187135466 0.21800664292780722 0.09279884218750012 0.872886315625 0.11713524068789676 0.8827704508774644
0 0.459085216338018 0.1362354972543074 0.42448458593750005 0.12279960156250005 0.13380305084948207 0.8713737636831927 0.1684036812500001 0.8848096593750002
0 0.4990081434805175 0.13788036996061154 0.4626934828125 0.12388354062500004 0.17354973776948263 0.8740646519143885 0.2098643984375001 0.88806148125
0 0.5888689916916705 0.05076811848993752 0.5350465015625 0.03066467187500004 0.2243301504958295 0.8625383330725628 0.27815264062500006 0.8826417796875002
0 0.6473040936586985 0.057457940556949215 0.5984570109375001 0.03933619531250008 0.2935290235288016 0.8612682125680509 0.34237610625000003 0.8793899578125
0 0.7013324541963355 0.06748726580568168 0.6496731921875 0.048007717187500056 0.3500625770536645 0.8425673638818182 0.40172183906250003 0.8620469125
0 0.7255787118615131 0.07647228759110558 0.6963568680301555 0.0655140962278857 0.4025793405436424 0.84892084144928 0.431801184375 0.8598790328125
0 0.7708019106221216 0.11484164342700068 0.7204002984375002 0.0946171515625001 0.42448620031537876 0.8320669581354997 0.4748878125000001 0.8522914500000003
0 0.8209341547426472 0.11408483602092878 0.7773071671875 0.09678503281250009 0.4832899608823529 0.8382434671040715 0.5269169484375003 0.8555432703125001
0 0.8480342734375 0.1184638390625001 0.8250653698899411 0.1094331138053253 0.534840344889941 0.847596485680325 0.5578092484375 0.8566272109374997
0 0.8727204000750666 0.11561786472904834 0.8559545017097324 0.10907625697969603 0.562180186009666 0.8620089469381478 0.5789460843750001 0.8685505546875
0 0.909176419996624 0.2098935182428109 0.8512860953124999 0.18675208125000012 0.5894104662673495 0.8418568267760769 0.6473007909514739 0.8649982637688878
0 0.9832003760007119 0.21061636040204895 0.9236391124999999 0.1867520812500001 0.6600260802492881 0.8446862755354511 0.71958734375 0.8685505546875
0 1.014257725493454 0.21041550476125392 0.9959921312500001 0.20301118593750017 0.7314010932565462 0.8557265343012463 0.7496666875000001 0.8631308531250002
0 1.0230019145920082 0.28263330636297257 0.995179175 0.27129942812500013 0.7551751135329919 0.8604684983245278 0.7829978531250001 0.8718023765625003
0 1.0218700622091526 0.3509263459011445 0.9992439515625 0.34175555000000013 0.7920769987283476 0.8528761165988555 0.8147031093750001 0.8620469125
0 1.0397266326131902 0.4197519209454188 0.999747984375 0.40322580625000015 0.8178110892618097 0.8433529181170816 0.8577897374999999 0.8598790328125002