0 0.1822630703125 0.6575520828124999 0.15636060639780197 0.29436081186690854 0.12371608125 0.2966889890625 0.14961854516469802 0.6598802600080913
0 0.214456571134801 0.6540914191041529 0.19050147451725558 0.2913870848347318 0.16024644530073948 0.29338530233469123 0.18420154191828492 0.6560896366041125
0 0.24470169456506635 0.6542166023532898 0.2230429126200167 0.29232985899718356 0.1942380265625 0.2940538203125 0.21589680850754972 0.6559405636686062
0 0.27153381374165336 0.6524585842019944 0.2535911609375 0.29134114531250005 0.22664712964696948 0.29267989926488996 0.24458978245112287 0.6537973381543843
0 0.300115768299374 0.6582968591138979 0.28121416504625374 0.2894871671649234 0.25340236549687967 0.29091252992602545 0.27230396874999996 0.6597222218749998
0 0.3256217502234335 0.655594552875441 0.3125247663005998 0.2887880502195795 0.2866045640625 0.28971354218749995 0.29970154798533366 0.6565200448433614
0 0.3520786982719912 0.6498657578572609 0.34225521150527094 0.2895818937270538 0.31752904218749994 0.29025607656249997 0.3273525289542202 0.6505399406927069
0 0.3781020220758619 0.6506408997106301 0.371962068383504 0.2887031789128386 0.3443845109375 0.2891710078125 0.35052446462985787 0.6511087286102916
0 0.40615148023740566 0.6463679900492881 0.401259615625 0.2880859375 0.37448536519899733 0.2884515042573933 0.379377229811403 0.6467335568066813
0 0.4378910804383824 0.6442405270165453 0.4342073442038855 0.2883305139501341 0.4054196671875 0.28862847187499996 0.40910340342199686 0.6445384849414112
0 0.47084752682200914 0.644792287361026 0.46715808820185306 0.28723804404184705 0.43756484999999995 0.287543403125 0.44125428862015603 0.645097646444179
0 0.48832509671630453 0.6428025087235022 0.4858732997614174 0.27766651358455724 0.46930313125000006 0.27777777812500004 0.4717549282048871 0.6429137732639449
0 0.5058175536208691 0.639540874127569 0.5033657486827627 0.2776738080082327 0.48749024349939357 0.2777813713806637 0.4899420484375 0.6396484375000001
0 0.538414121875 0.29405382031250005 0.5079042827174877 0.29398142570091135 0.5070853913741775 0.6390933425079524 0.53759523053169 0.6391657371195412
0 0.5713649343750002 0.29351128437500007 0.5424796091698733 0.29327101435478187 0.5396077281637128 0.6385293064131715 0.5684930533688398 0.6387695764333897
0 0.604722546875 0.2924262156250001 0.5751188935907335 0.2920040810929352 0.5702195054142493 0.63559072910347 0.5998231586985158 0.6360128636355349
0 0.6295832625000001 0.2636718750000001 0.6108558229000763 0.2632718151711726 0.6027034092890429 0.6448993180916249 0.6214308488889666 0.6452993779204524
0 0.656838871875 0.26312934062500015 0.6364988640625001 0.2625868046875001 0.6263192408742169 0.644227173309126 0.6466592486867169 0.644769709246626
0 0.6824672812500002 0.26204427031250016 0.6625841574528125 0.26140714870817305 0.650334570295677 0.6436890494561422 0.6702176940928647 0.6443261710604695
0 0.7101412298116537 0.2622695115007815 0.6890296937500001 0.2615017359375001 0.6751869498758466 0.6421358697492188 0.6962984859375002 0.6429036453125001
0 0.7381989015625 0.26041666718750006 0.7163551167164913 0.2594834035556467 0.6999794433115161 0.6427691915772058 0.7218232281575248 0.6437024552090593
0 0.761793309375 0.259331596875 0.7403669998262847 0.2583676520206081 0.7231472745698371 0.6411231198333469 0.7445735841185523 0.6420870646877389
0 0.812643328125 0.27235242968750006 0.7676742958232363 0.2701012004882106 0.7491904007428862 0.639322990607597 0.7941594330446498 0.6415742198068863
0 0.8614593468750001 0.2701822921875001 0.816581262728126 0.26774314914966296 0.7965000393514418 0.6372199770728586 0.8413781234983159 0.6396591201106958
0 0.8948169578125003 0.2685546875000001 0.8637410120188271 0.2668656967080323 0.8437058725504141 0.6354946501931382 0.8747818183440872 0.637183640985106