0 0.8611901741709694 0.8711355653247033 0.8526842810866769 0.8396692549080601 0.27923889395624374 0.9946815549847884 0.28774478704053613 1.0261478654014313
0 0.8507615053122933 0.8392831900689395 0.8465066550534104 0.8227096335109063 0.27896874999999993 0.9684109374999998 0.28322360025888293 0.9849844940580329
0 0.8804962913447097 0.8162022660249116 0.866264712732969 0.7602225986373219 0.22145904638825917 0.9241500201124102 0.235690625 0.9801296875000001
0 0.8518014075608521 0.7605164347791271 0.8421342776505 0.7179558556694615 0.330912557589648 0.8340737958903345 0.3405796875 0.8766343750000001
0 0.8433984375 0.7198375000000002 0.8345561513691871 0.6779639714418977 0.3248280263691871 0.7856014714418975 0.33367031250000007 0.8274750000000001
0 0.8376250000000001 0.6787468750000001 0.8292850965679003 0.6367350610181522 0.32187259656790024 0.7374631860181521 0.3302125 0.7794749999999999
0 0.7687724432015878 0.6478793575069306 0.7627240004145605 0.6136183206043533 0.3488109322129727 0.6866905255974226 0.35485937500000003 0.7209515625
0 0.7668078125000001 0.6114703125000001 0.7605257859946061 0.5748113770303874 0.3400304734946059 0.6468691895303873 0.34631249999999997 0.6835281249999999
0 0.7602046648459007 0.5762362131233909 0.755297424048402 0.5459832525341255 0.34660057170250147 0.6122767269107346 0.35150781249999996 0.6425296875000001
0 0.7949549366227167 0.5450513212222791 0.7896461545770801 0.5096408224806465 0.348696875 0.5757484375 0.35400565704563647 0.6111589362416326
0 0.7963584535356828 0.5013157818101207 0.7898139440419771 0.45622216790055214 0.24854988907446357 0.5347767001108179 0.2550943985681692 0.5798703140203865
0 0.7816593749999999 0.4598531250000001 0.7773145249955637 0.42455188877548 0.29308906249999994 0.4841499999999999 0.2974339125044362 0.5194512362245198
0 0.7627603328467953 0.42813814996845123 0.7591194136014272 0.3974680452333993 0.26181093750000006 0.45650468749999995 0.26545185674536825 0.4871747922350519
0 0.770678125 0.39731093750000007 0.7669471443311195 0.35928764578786154 0.28114531249999997 0.40695625 0.28487629316888047 0.44497954171213855
0 0.76320625 0.359746875 0.7597958856908997 0.32089563256807746 0.2750296875 0.3634484375 0.2784400518091002 0.4022996799319226
0 0.7622574240783774 0.32478612449525207 0.7591656247676699 0.28129162761167237 0.2510281249999999 0.3174125 0.2541199243107074 0.3609069968835797
0 0.7544703125000001 0.2819875 0.7501653652115154 0.20426134927218423 0.2227953125 0.2334703125 0.22710025978848464 0.3111964632278158
0 0.7394734374999999 0.21425937499999997 0.7378871466216125 0.14304670282864207 0.20955 0.15481562499999998 0.21113629087838745 0.22602829717135786
0 0.7277455842556926 0.10643974468538726 0.23742187499999998 0.09585156250000001 0.23641697903984787 0.14238687006940193 0.7267406882955405 0.1529750522547892