0 0.7949169105357988 0.10429003808521467 0.7884165122313477 0.07393361226279911 0.1449261641955488 0.21172794917758445 0.15142656250000003 0.242084375
0 0.7583862748423671 0.1713354481552755 0.7481890625000001 0.1193734375 0.1463277876576329 0.23748486434472454 0.15652499999999997 0.289446875
0 0.7673530112787197 0.22539672591259988 0.7573656249999999 0.17411875000000004 0.15426417622128025 0.2915845240874002 0.1642515625 0.3428625
0 0.8043475623155111 0.2599038007777572 0.7974421875 0.22272187499999996 0.15745393937866253 0.341579589826701 0.16435931419417377 0.37876151560445825
0 0.7574101578374932 0.3109445630485432 0.7501328125000001 0.27069687499999995 0.15889609216250675 0.3776007494514569 0.1661734375 0.4178484375000001
0 0.7611632185685506 0.3568497391720036 0.7544011417142039 0.3166501655327048 0.16339729814565326 0.41606448886070135 0.170159375 0.4562640625000001
0 0.8695255749118529 0.3728201297525942 0.8643585265189664 0.34122342469466027 0.14649341053810436 0.4586167980554953 0.15166045893099092 0.49021350311342926
0 0.8748974939894687 0.41003327144240276 0.8702064674695353 0.3800842766865321 0.1518042859800667 0.4926103802441294 0.1564953125 0.522559375
0 0.8830126969569708 0.4784306633683384 0.8730078125 0.413675 0.1540463536783357 0.5247560383272656 0.16405123813530645 0.589511701695604
0 0.89014797827682 0.5480612357326649 0.8803670571243695 0.4824269653271573 0.16311261968843313 0.5893133381848591 0.17289354084088387 0.6549476085903666
0 0.8800480350097505 0.6337027581550182 0.8693624999999999 0.5605203125000001 0.18148202163618804 0.6609593025923803 0.1921675566459387 0.7341417482473984
0 0.8933929281672327 0.7105243272731055 0.8829984375000002 0.6376359375 0.19160114903519393 0.7362349418773632 0.20199563970242657 0.8091233316504688
0 0.8263109375000001 0.7421796875 0.8231548486947938 0.7203329270182787 0.21423143013492219 0.8083009525821909 0.21738751894012842 0.8301477130639123
0 0.8333995082419149 0.7711980532787551 0.8299560666960908 0.7458139925956546 0.21244562095417593 0.8295815643168994 0.21588906250000006 0.854965625
0 0.9011527190683759 0.7966832661547282 0.8965679707268212 0.763542577036464 0.21404988400012223 0.8579634762228029 0.21863463234167707 0.8911041653410671
0 0.9122953124999998 0.8448406250000001 0.9074432933603302 0.8061673822452565 0.20855749221931222 0.8938509340250895 0.21340951135898187 0.9325241767798331
0 0.9153365748574924 0.8848532763887776 0.9107796875 0.8477343749999999 0.21661002481137565 0.9329538411347637 0.2211669121688681 0.9700727425235414