0 0.17409436718750002 0.899984825 0.10743203750000004 0.23878121718749998 0.09514404533747323 0.24002008850498385 0.16180637502497325 0.9012236963174839
0 0.20742553281249995 0.9184118109374998 0.1312937318404558 0.11288822545557994 0.09523770781249999 0.116295959375 0.17136950878454416 0.92181954485692
0 0.24932657670191113 0.9197462017481415 0.1863811608722658 0.10918594147933045 0.13669842656249998 0.1130441375 0.19964384239214533 0.9236043977688111
0 0.28170729870674627 0.9222870855902308 0.21880690624999993 0.11737989999999998 0.1817724371467202 0.12027400093825331 0.24467282960346645 0.9251811865284841
0 0.31880040312499996 0.9259993937500001 0.2648695361781424 0.16551969431890481 0.22457814686429467 0.16837703496562387 0.27850901381115223 0.9288567343967191
0 0.3683906734375 0.9303351546874999 0.30823198437500005 0.23878121718749998 0.2704618160036948 0.24206686663821636 0.3306205050661947 0.9336208041382165
0 0.4017827532071442 0.9285372018672329 0.34257720982431966 0.2425311905447153 0.3091851300546754 0.2454130839899827 0.3683906734374999 0.9314190953125003
0 0.46350643906250005 0.9303351546874999 0.3659518078125001 0.135806884375 0.3343382971997115 0.1396884886999607 0.43189292844971144 0.9342167590124607
0 0.4916536967032693 0.9318530223704347 0.4078897042654952 0.1434860350921774 0.3781461375 0.14664628906249996 0.4619101299377741 0.9350132763407573
0 0.5272787424080541 0.9350571346738146 0.44825845931236136 0.14046429001086028 0.4187939 0.14339446718749999 0.4978141830956927 0.9379873118504543
0 0.564312890625 0.934670915625 0.47607432576262704 0.1230939888083498 0.4411762289241331 0.12688827851731846 0.5294147937865061 0.9384652053339686
0 0.5904512482598016 0.9359113209133849 0.5098375183198829 0.12814546245160827 0.4765137234375 0.13147112343749998 0.5571274533774185 0.9392369818992765
0 0.6270179034212606 0.9425906324114705 0.5435934838381712 0.12651808147004634 0.5150325913544106 0.12943776780857602 0.5984570109375 0.9455103187500002
0 0.6694539747525712 0.9361984846909674 0.5935792796875 0.2019272453125 0.5559134814974288 0.20581937780903256 0.6317881765625 0.9400906171875001
0 0.7019180872438375 0.9384754843222185 0.6415436390625 0.20626300781249993 0.598934027095175 0.2097763757108603 0.6593084752765124 0.9419888522205788
0 0.7415878368070169 0.9407626522369613 0.6860890399100541 0.20513154623949642 0.6423565953125001 0.20843088750000005 0.697855392209463 0.9440619934974649
0 0.7784315965405071 0.9346397675105592 0.7266964626223839 0.21965474455817896 0.687069134375 0.2225221125 0.7388042682931231 0.9375071354523803
0 0.8155957879570448 0.9381337061919446 0.770803525 0.21059876875 0.7338933018860775 0.21287122651723117 0.7786855648431221 0.9404061639591758
0 0.853955988904362 0.9405702962802595 0.8138901531249999 0.10545655625000003 0.7731281995941335 0.1074121721834111 0.8131940353734957 0.9425259122136704
0 0.8800122754755071 0.9434803960050916 0.8488472296875 0.1845842 0.8211644085807925 0.1857210305597963 0.8523294543687996 0.9446172265648878
0 0.9106318281249999 0.9411745578125 0.8797395296875001 0.1813323796875 0.848942205886088 0.18258448195997087 0.8798345043235878 0.9424266600849709
0 0.945744606847376 0.9448084412201101 0.9309557109375 0.18783602187499998 0.8877373394627328 0.18868037495947249 0.902526235372609 0.9456527943045827
0 0.9904566431721408 0.9435591779783203 0.9732293828125002 0.19759148437500001 0.9356782412028594 0.19845868452167958 0.9529055015625 0.944426378125