0 0.1804619901142998 0.09570952848370626 0.1386902184216928 0.09309879275291831 0.0843582361198931 0.9624105095817124 0.1261300078125001 0.9650212453125002
0 0.21787457155041068 0.08040488743769061 0.18801858237765443 0.0783082589440995 0.1261300078125001 0.9596015437500001 0.15598599698525636 0.9616981722435911
0 0.24291061879891576 0.09210162567710087 0.21229810811603694 0.09006467157132353 0.1545834421875001 0.9574336625000001 0.1851959528703789 0.9594706166057774
0 0.2829720750732786 0.10821311429026295 0.24156965468750005 0.10545655625000006 0.1851570382534113 0.9527519248042833 0.22655945863918986 0.9555084828445463
0 0.31688767750094504 0.126924927620478 0.27825821302090137 0.12463663608295376 0.22937532500000007 0.9498460796874999 0.26800478948004375 0.9521343712250241
0 0.34767832063931675 0.07668955382039594 0.3177064656967702 0.07489466135984553 0.2659583125000001 0.9390066765624999 0.2959301674425467 0.9408015690230502
0 0.37031189783555585 0.09159285483550293 0.34431976143922205 0.09011451033721321 0.2960376562500001 0.9390066765624999 0.3220297926463339 0.9404850210607897
0 0.4043244480744743 0.001871102953052553 0.3735232981705495 0.00019553505739091926 0.32286517968750017 0.9314190953124999 0.3536663295914249 0.9330946632081616
0 0.43254528391653635 0.01915765720091799 0.40041710434133976 0.017409449110339974 0.35050565781250015 0.934670915625 0.3826338373876967 0.9364191237155781
0 0.45756283660213953 0.13393601854431111 0.4301468371575238 0.13231270277367763 0.38302386875000016 0.9281672734375002 0.41043986819461586 0.9297905892081337
0 0.47784536884045475 0.05300382514359442 0.44945215207478356 0.05169624278107117 0.4090384359375001 0.9292512140625 0.4374316527031713 0.9305587964250233
0 0.49720754392127137 0.06179448807576239 0.4738863225107909 0.060701305813436204 0.4334270937500002 0.9238315125000002 0.4567483151604807 0.9249246947623263
0 0.5241971030033882 0.08184518489661562 0.49521169374999996 0.08052592812500006 0.4567309442970925 0.9259870205124464 0.48571635355048065 0.9273062772840619
0 0.5590719087172005 0.09725907139180189 0.5269169484374999 0.09570109218750007 0.48743114627057277 0.9106441907756715 0.5195861065502733 0.9122021699799732
0 0.5803286605839205 0.11084448282861695 0.5602481140625001 0.10979231718750007 0.518062204523366 0.9149090078920384 0.5381427510447865 0.9159611735331552
0 0.5977804421225856 0.13040665958258682 0.5716294875 0.12930324375000007 0.53879169434701 0.9075589233305195 0.5649426489695957 0.9086623391631061
0 0.6102669526829525 0.1330795238882892 0.5976440562499999 0.1325550640625001 0.5654442606618931 0.9075518605461508 0.5780671570948457 0.90807632037194
0 0.6296818972095959 0.14430140408881584 0.6114642953125 0.1433944671875001 0.5736517902000859 0.9029326047034661 0.5918693920971818 0.903839541604782
0 0.6427314328592002 0.1582769085530631 0.6260974890624998 0.15748569218750005 0.5904771628428438 0.9063409107423549 0.6071111066395442 0.907132127107918
0 0.6490840204505097 0.16645091135145612 0.6369128893919783 0.16591955973890188 0.6049606531250002 0.89781694375 0.6171317841835315 0.8983482953625541
0 0.6743484034432204 0.17470645978327856 0.6516749409761037 0.17372589273242525 0.6204068031250002 0.8967330031250003 0.643080265592117 0.8977135701758534
0 0.6955630351143061 0.1810271034639967 0.6705904489659867 0.18012272243831703 0.6447954609375001 0.8923972421874999 0.6697680470858194 0.8933016232131796
0 0.7154965741240098 0.31980806523336763 0.688085669965546 0.31882520410456494 0.6675582078125002 0.8913133015625002 0.6949691119709639 0.8922961626913029
0 0.7394990019376547 0.2894480838490701 0.7171484781250002 0.28864247343750005 0.6954664259648221 0.8901804080936021 0.7178169497774768 0.8909860185051721
0 0.7490817995630765 0.2975532622211886 0.7320714647338746 0.2971455897310113 0.7179614328125001 0.8858936 0.7349717676417019 0.8863012724901773
0 0.7691776140625002 0.3081533984375001 0.7497388660110466 0.3076317371157103 0.7342205390625002 0.8858936000000002 0.7536592871139538 0.88641526132179
0 0.7871357326660263 0.31618781460679324 0.7685633730608873 0.31570378595691423 0.7537314640624999 0.8848096593750002 0.772303823667639 0.8852936880248791
0 0.8025842681408758 0.2543195115713996 0.788688540625 0.2539563828125001 0.772231289476282 0.8837205422692159 0.7861270169921578 0.8840836710281155
0 0.8090751032885267 0.2627428698679849 0.7985109027159625 0.26253177350970236 0.7862496750000001 0.8761381374999999 0.7968138755725644 0.8763492338582826
0 0.8245268041949855 0.2694132543748532 0.8115512690936839 0.26911516776371824 0.7976310484375002 0.875054196875 0.8106065835388018 0.8753522834861348
0 0.8343010045994834 0.27579802341798254 0.8196718134106751 0.2755559963719115 0.8098253765625001 0.8707184359375002 0.8244545677513084 0.8709604629835713
0 0.8448271626382713 0.32233936821013953 0.8334699055723478 0.3222196380757148 0.8277103921875 0.8685505546875001 0.8390676492534235 0.8686702848219248
0 0.8578883604471728 0.32904870439225026 0.8455954078125 0.32874826562500015 0.832380686323843 0.8694506084927168 0.8446736389585157 0.8697510472599671
0 0.8756985401840724 0.30288760717116797 0.8555055003367388 0.3026491066948904 0.8488472296875003 0.866382675 0.8690402695348339 0.8666211754762776
0 0.8870843807189596 0.31149257492050725 0.8724620291319833 0.3113620182173774 0.8675452 0.8620469124999998 0.8821675515869762 0.8621774692031297
0 0.9050090294236488 0.32030635549822983 0.8911209031250001 0.32007674218750015 0.882107175761381 0.8652706756302078 0.8959953020600298 0.8655002889409374
0 0.9114761238592071 0.32344057529549564 0.9033980198941356 0.3233174334579565 0.8951856796875001 0.8620469125000001 0.9032637836525715 0.8621700543375393