0 0.2919994015624999 0.662615740625 0.26027247373783907 0.3649684813248827 0.23674011250000007 0.3674768515625 0.2684670403246609 0.6651241108626172
0 0.31776593803149084 0.6732092080522444 0.2859861472351321 0.3713727572140277 0.26115417500000004 0.3739872687500001 0.2929339657963588 0.6758237195882167
0 0.3328897926577639 0.6990392566825132 0.3039323375 0.3645833328125 0.2859174549940331 0.366143075412669 0.314874910151797 0.7005989992826821
0 0.3637502572722733 0.6804112694388805 0.33973114375 0.38556134218750004 0.31524961636618215 0.38755566041885314 0.3392687298884554 0.6824055876702336
0 0.39107481066050276 0.6827088531970225 0.3693744978027055 0.3851400170238425 0.3462660363930949 0.3868252097634446 0.36796634925089217 0.6843940459366245
0 0.41423843069650534 0.6794883609896838 0.3933864599107083 0.3494368381300159 0.3711906984375001 0.3508391203125 0.3920426692232971 0.680890643172168
0 0.4347480293078738 0.667247774769361 0.416210409375 0.343605325 0.39396188279542876 0.344879678009293 0.4124995027283026 0.6685221277786539
0 0.4498395890624999 0.7761863421874999 0.43844010820483914 0.5119452528999549 0.4168616406249999 0.5128761578125 0.4282611214826607 0.7771172471000449
0 0.47538344351068734 0.7791775813835871 0.46659965321053753 0.5119406307027169 0.44492682248720106 0.5126529932700917 0.45371061278735086 0.7798899439509619
0 0.49221505162044954 0.6811350242467927 0.4861808015625001 0.38483796250000013 0.4633797365741012 0.38530231853146535 0.4694139866320507 0.6815993802782581
0 0.5143935821119454 0.6849650915262552 0.5133011078124999 0.386284721875 0.48888786765758196 0.3863740174569848 0.4899803419570274 0.68505438710824
0 0.544218259375 0.3515625000000001 0.5156130110534117 0.3513854303944785 0.5135657170673416 0.6821217681545892 0.5421709653889298 0.6822988377601108
0 0.575135409375 0.3522858796875 0.5497926454218993 0.3517825002938554 0.5432312701354552 0.6821166124793647 0.568574034088556 0.6826199918730093
0 0.602798121875 0.35156250000000006 0.5818353969933642 0.350906130664011 0.5714211062753604 0.6835114173353002 0.5923838311569962 0.6841677866712893
0 0.6299618890625001 0.3515625000000001 0.6072844532175165 0.3505908402505631 0.5930842356284893 0.6820078033866392 0.615761671473473 0.6829794631360762
0 0.6598304162503714 0.35093506334545216 0.6351207165126775 0.34950984166862115 0.6159470005864713 0.6819330506993997 0.6406567003241651 0.6833582723762307
0 0.6863721281250001 0.3479456015625001 0.663283014474619 0.3463475033107102 0.6402490249316596 0.6791395589827685 0.6633381385820407 0.6807376572345583
0 0.7194589031249999 0.347222221875 0.6943129379503217 0.34489136045237695 0.6633804123816558 0.6785998354243326 0.6885263775563342 0.6809306968469556
0 0.7487488343750002 0.34649884218750016 0.7242929895373268 0.34388493888291105 0.6884460751100352 0.6792709401952374 0.7129019199477085 0.6818848434998265