0 0.30910485247780756 0.002319248291535165 0.2727687627008999 0.0013852729226200226 0.24969920625000014 0.8989008843749999 0.2860352960269078 0.8998348597439151
0 0.34552071186246885 0.012444508950465987 0.308231984375 0.011153745312500038 0.2781469585880977 0.8802767164159594 0.31543568607556655 0.8815674800539254
0 0.37765082744591516 0.03058914661475995 0.3407137230088018 0.029395682729551408 0.31310971718750014 0.8837257203125002 0.3500468216246135 0.8849191841977089
0 0.3946518700685912 0.12023325735806219 0.3705205491316647 0.11948802539667762 0.34725383750000005 0.8728863156249999 0.37138515843692654 0.8736315475863845
0 0.42157394041558927 0.1310896669261509 0.3984700187500001 0.13038718281250006 0.3761617816756262 0.8640803039069199 0.39926570334121536 0.8647827880205707
0 0.4559707127503919 0.04788851467836057 0.4292961557086058 0.04692137775193141 0.4000959281250001 0.8522914500000001 0.4267704851667862 0.8532585869264293
0 0.4811017269167225 0.06077672606831237 0.4554478816949768 0.05990587421385064 0.4285493625000002 0.8522914500000001 0.4542032077217459 0.8531623018544618
0 0.5089907283841267 0.0838181231286482 0.482204409375 0.08269380781250005 0.450368365729338 0.8411735766399351 0.4771546847384648 0.8422978919560833
0 0.5239171252811926 0.09734819505505986 0.5063269480691159 0.09671715729326454 0.47976554375 0.8371162859375 0.49735572096207675 0.8377473236992952
0 0.54021551080814 0.11029552695077974 0.523242338490169 0.10969027196727643 0.49765055937500013 0.827360821875 0.5146237316929712 0.8279660768585033
0 0.553162492674722 0.20891927967409202 0.5358594562500001 0.20843088750000005 0.5184537058270731 0.8250917382342997 0.5357567422517949 0.8255801304083917
0 0.5708616589129775 0.21761265864920243 0.5490165828295946 0.21701796506663168 0.5326076359375 0.8197732390625001 0.5544527120208829 0.8203679326450708
0 0.5863791406784502 0.24889734731773555 0.5735099263415129 0.24852031952664227 0.5569962921875001 0.8121856578125 0.5698655065244375 0.8125626856035932
0 0.5993580483489616 0.2521937117685277 0.5848393753936048 0.2517444601273186 0.5675647109375002 0.8100177765625001 0.5820833838928569 0.8104670282037091
0 0.6189649741842351 0.18514167762773132 0.5943922343749999 0.18458420000000006 0.5803045589775067 0.8055468446686049 0.6048772987867419 0.8061043222963361
0 0.6377448362897272 0.20122569910505167 0.6175440999520773 0.20080012181945855 0.604960653125 0.7980944328125 0.62516138946265 0.7985200100980931
0 0.6506265870137188 0.2781005942467999 0.6352618915041909 0.2777529017884932 0.6236586234375001 0.79050685 0.639023318947028 0.7908545424583067
0 0.6726064591861752 0.21963918835213336 0.6556974643588513 0.2192397632691605 0.6423565953125001 0.7840032078125001 0.659265590139824 0.7844026328954729
0 0.6871657547763231 0.23040350289137504 0.6733793044926405 0.23007394630300254 0.6602416109375 0.7796674468750002 0.6740280612211826 0.7799970034633726
0 0.7050946405202348 0.23912244686172285 0.6904426721977093 0.23871711575083382 0.6756689863649744 0.7727584735766112 0.6903209546875001 0.7731638046875002
0 0.7179614328125001 0.2452848593750001 0.7082162473442185 0.24496839203045773 0.6911004607761634 0.7720259776477352 0.700845646244445 0.7723424449922776
0 0.7228978913766293 0.25309510820463654 0.7155225671875001 0.25287244218750005 0.6999805544453924 0.7676675779641322 0.7073558786345217 0.7678902439812686
0 0.7301825350794509 0.25523747952613673 0.7236521203124999 0.2550403218750001 0.708174755841622 0.7676940733849584 0.714705170608573 0.767891231036095
0 0.7408633965682616 0.3226530025342277 0.72934280625 0.3222446234375001 0.7135947587203835 0.7665053736938556 0.725115349038645 0.7669137527905833
0 0.7480932383076022 0.323626531386219 0.7374723593750001 0.32332856406250016 0.7252185366119963 0.7601092365305904 0.7358394155445985 0.7604072038543092
0 0.7562501896965819 0.3268431601644737 0.7464148671874999 0.32658038437500014 0.7348922751891425 0.7578545465474893 0.7447275976982244 0.7581173223369628