0 0.15001371270153657 0.9030880982403986 0.14842841788403552 0.36550061982009246 0.10625000000000002 0.365625 0.10783529481750109 0.9032124784203059
0 0.19222352913478516 0.9013322561794505 0.18906199999999998 0.365625 0.1499634708652148 0.3658557438205493 0.15312499999999998 0.901563
0 0.203125 0.32031200000000004 0.19375000000000003 0.32031200000000004 0.19375000000000006 0.9 0.20312500000000006 0.9
0 0.27812500000000023 0.21093800000000001 0.20466520482732062 0.21029219914868796 0.1984152048273205 0.9212291991486881 0.27187500000000014 0.9218750000000002
0 0.3578120000000002 0.20937500000000003 0.28592850405765 0.20858857937562703 0.2781165040576499 0.922651579375627 0.3500000000000001 0.923438
0 0.43923029211106057 0.1613283065654993 0.3781415547464151 0.15894981156893323 0.3482042143257774 0.9278538155683982 0.40929295169042285 0.9302323105649641
0 0.4969208747737084 0.3129677416127068 0.44843700000000003 0.3109370000000001 0.4233743439962997 0.9093069095821018 0.4718582187700081 0.9113376511948086
0 0.5250263868868268 0.3400246983246958 0.503125 0.3390620000000001 0.47805944136434847 0.9093034589610705 0.49996082825117527 0.9102661572857661
0 0.5515792411753139 0.3418594118613906 0.5281250000000001 0.34062500000000007 0.49842075882468634 0.9050155881386097 0.5218750000000001 0.9062500000000002
0 0.5687500000000002 0.454688 0.5469204173730772 0.45369228804452144 0.5265630000000001 0.9 0.5483925826269231 0.9009957119554786
0 0.5922193910962726 0.4538575878045038 0.5688169971745187 0.4529447529513565 0.5515620000000001 0.895312 0.5749643939217541 0.8962248348531473
0 0.6563977785575362 0.23006678180578674 0.6203129999999999 0.22812500000000005 0.5826498341186613 0.9280321659615425 0.6187346126761977 0.9299739477673292
0 0.6796942629343359 0.33581571013149275 0.6515630000000001 0.33437500000000014 0.621795162164012 0.9156209111974658 0.6499264250983477 0.9170616213289584
0 0.7125000000000001 0.33593800000000007 0.6812573355479278 0.3342400261528677 0.6499199073969225 0.9108477013336611 0.6811625718489949 0.9125456751807934
0 0.7578676722206688 0.33467493760702693 0.7156250000000001 0.3328130000000001 0.690496614150149 0.9029127514007792 0.7327392863708176 0.9047746890078059
0 0.7968794023606518 0.33738079468499926 0.7563673425168511 0.3358846474858224 0.7359380000000001 0.8890620000000002 0.7764500598438008 0.890558147199177
0 0.8360080357050272 0.2654503099773363 0.8015620000000002 0.26406200000000013 0.7763799661712205 0.8888657185871736 0.8108260018762475 0.8902540285645099
0 0.8515620000000002 0.31562500000000016 0.8327801071906513 0.3149486597984913 0.8124681071906513 0.8790106597984915 0.8312500000000002 0.8796870000000002
0 0.88125 0.25625000000000014 0.8672072638648702 0.2557298871552134 0.8437500000000002 0.889062 0.85779273613513 0.8895821128447867
0 0.9000445001817171 0.25512080788893476 0.885942844232307 0.2545650776052142 0.8608789609187605 0.8905611166864539 0.8749806168681706 0.8911168469701745
0 0.6500000000000001 0.815625 0.6281250000000002 0.815625 0.6281250000000002 0.8921875 0.6500000000000001 0.8921875
0 0.7343750000000002 0.7968750000000001 0.6968750000000001 0.796875 0.6968750000000001 0.8765625 0.7343750000000002 0.8765625
0 0.5500000000000002 0.803125 0.5343750000000002 0.803125 0.5343750000000002 0.8828125 0.5500000000000002 0.8828125
0 0.6828125000000002 0.809375 0.6593750000000002 0.809375 0.6593750000000002 0.8890625 0.6828125000000002 0.8890625
0 0.5734375000000002 0.809375 0.5531250000000002 0.809375 0.5531250000000002 0.8828125 0.5734375000000002 0.8828125
0 0.7765625000000002 0.7843750000000002 0.7406250000000002 0.7843750000000002 0.7406250000000002 0.8515625 0.7765625000000002 0.8515625
0 0.6203125000000002 0.828125 0.5906250000000002 0.828125 0.5906250000000002 0.9078125 0.6203125000000002 0.9078125
0 0.4703125000000002 0.815625 0.4281250000000002 0.815625 0.4281250000000002 0.86875 0.4703125000000002 0.86875
0 0.8078125 0.7906250000000001 0.7906250000000001 0.7906250000000001 0.7906250000000001 0.8640625 0.8078125 0.8640625
0 0.5015625000000001 0.796875 0.4781250000000002 0.796875 0.4781250000000002 0.875 0.5015625000000001 0.875
0 0.18750000000000008 0.796875 0.1593750000000001 0.796875 0.1593750000000001 0.8703125 0.18750000000000008 0.8703125
0 0.4078125000000002 0.809375 0.3656250000000001 0.809375 0.3656250000000001 0.8640625 0.4078125000000002 0.8640625
0 0.8328125 0.7906250000000001 0.821875 0.7906250000000001 0.821875 0.85625 0.8328125 0.85625
0 0.1453125000000001 0.796875 0.11562500000000009 0.796875 0.11562500000000009 0.8734375 0.1453125000000001 0.8734375
0 0.8578125 0.7843750000000002 0.846875 0.7843750000000002 0.846875 0.8578125 0.8578125 0.8578125
0 0.8765625 0.7906250000000001 0.865625 0.7906250000000001 0.865625 0.846875 0.8765625 0.846875
0 0.2515625000000001 0.784375 0.2156250000000001 0.784375 0.2156250000000001 0.834375 0.2515625000000001 0.834375
0 0.5250000000000001 0.790625 0.5093750000000001 0.790625 0.5093750000000001 0.85 0.5250000000000001 0.85