0 0.12956377247235526 0.2807751847947529 0.07464218750000004 0.27765937500000004 0.046060453561308876 0.7814623131044397 0.1009820385336641 0.7845781228991926
0 0.21882357952397208 0.2898792870671486 0.14807812500000003 0.284290625 0.1086766587765698 0.783063784549743 0.17942211330054186 0.7886524466168916
0 0.29316195957344143 0.3045129011144432 0.21800312500000002 0.29764843750000003 0.17089832622123594 0.8133976610197162 0.24605716079467732 0.8202621246341593
0 0.384233277479453 0.2767473590212234 0.3092750000000001 0.26829687500000005 0.24823964321804254 0.8096984323816923 0.3231979206974955 0.8181489164029154
0 0.4679921875 0.29082343750000006 0.396234375 0.2813593750000001 0.32602869024049796 0.8136684508758671 0.3977865027404979 0.8231325133758671
0 0.5285652505170289 0.340262298011911 0.46888125 0.3308375 0.3904425619829713 0.827562701988089 0.4501265625000001 0.8369875
0 0.5749043272417608 0.3417026642424031 0.5389359375 0.3358609375000001 0.45824411025823936 0.8326926482575973 0.49421250000000005 0.8385343750000003
0 0.6154640625000002 0.3464500000000002 0.5795587935560652 0.3403461551232495 0.4951478560560652 0.8368852176232497 0.5310531250000002 0.8429890625000004
0 0.6527206415073492 0.3492832072103317 0.615896875 0.3429250000000001 0.5290762334926509 0.8457496052896685 0.5659000000000001 0.8521078125000001
0 0.6849406250000002 0.3561734375 0.6562076114127205 0.35074993550654365 0.5614622989127205 0.8526983730065437 0.5901953125000001 0.8581218750000001
0 0.713158747403306 0.36153108561784764 0.6867031250000001 0.35639062500000007 0.5888131275966942 0.8601861018821524 0.61526875 0.8653265625
0 0.7712906250000001 0.3596187500000002 0.7172852187506524 0.3491959430561712 0.6174561438796438 0.8664567704859086 0.6714615501289914 0.8768795774297378
0 0.8089312500000002 0.3667937500000001 0.7723259668231517 0.3594224949351822 0.6713259668231516 0.8609834324351822 0.7079312500000001 0.8683546874999999
0 0.8319134922829626 0.37617950890407614 0.8092015625 0.3714312500000001 0.7072365077170374 0.859151741095924 0.7299484374999999 0.8639000000000001
0 0.8585406249999998 0.3794437500000001 0.833913779288397 0.37429054778451837 0.731218322071979 0.8650660063048914 0.7558451677835818 0.870219208520373
0 0.8993921875000002 0.37527656250000013 0.8678526507113723 0.3681285329678555 0.7533726226955657 0.8732533423898989 0.7849121594841936 0.8804013719220436
0 0.9309484375 0.3780296875000001 0.901533561448726 0.37138122297861587 0.7878345548045363 0.8744210116147327 0.8172494308558104 0.881069476136117