0 0.7997455982485606 0.9548154059397479 0.2181365945618524 0.8422032132675957 0.20929917182251057 0.8878459142276125 0.7909081755092189 1.0004581068997649
0 0.798098785871274 0.9129932055118604 0.23224071274721192 0.7985503866945544 0.22420781250000013 0.8382687500000001 0.7900658856240623 0.952711568817306
0 0.8102267339847924 0.8706562832548931 0.23776566142088554 0.7565163243896708 0.22901392743609322 0.8004100411347779 0.8014749999999999 0.91455
0 0.8177593750000002 0.8431515624999999 0.24569538339326863 0.725730881962186 0.23968125000000012 0.7550312500000003 0.8117452416067316 0.8724519305378141
0 0.8536859375000002 0.7941656250000001 0.1640424227877519 0.6467442056612567 0.15131250000000013 0.7062953125000001 0.8409560147122483 0.8537167318387435
0 0.8717578306606917 0.7356276146507001 0.17802310509083286 0.5864988515488888 0.1657406250000001 0.6436359375000001 0.8594753505698589 0.7927647006018115
0 0.8835218749999999 0.6798984375 0.19023906250000008 0.5283781249999999 0.17898231259582603 0.579883504736957 0.872265125095826 0.7314038172369569
0 0.8946979427988759 0.6223865218475496 0.20610937500000004 0.46936874999999995 0.19445462549901787 0.5218157773618384 0.8830431932978937 0.674833549209388
0 0.8987234375000002 0.5666234375000001 0.275379252729327 0.4182054569111838 0.2612669518507132 0.47747604293801515 0.8846111366213861 0.6258940235268314
0 0.90182739088474 0.5050052481659565 0.29462187500000003 0.36086250000000003 0.2820349915715254 0.4138851122563486 0.8892405074562655 0.558027860422305
0 0.9136860523471529 0.44935824779702555 0.30661026188930496 0.3018430004068923 0.29334531249999996 0.3564328125 0.9004211029578479 0.5039480598901331
0 0.9228640625000001 0.390428125 0.3213953125 0.2401234375 0.30774724260731584 0.29473841774315035 0.9092159926073158 0.44504310524315027
0 0.9327693490045315 0.35854420945607424 0.3695546875000001 0.21708906250000007 0.36363221349546887 0.24066985304392602 0.9268468750000002 0.38212500000000016
0 0.9361760794334015 0.32856855802292373 0.37532303290590885 0.18500056492213318 0.368446875 0.21186250000000006 0.9292999215274926 0.3554304931007906
0 0.9533921875000001 0.29377656250000006 0.3790633267138881 0.14670333610320335 0.37178129865947995 0.1751400473875342 0.9461101594455918 0.32221327378433096
0 0.9480771361203887 0.26611592006205875 0.3820859375 0.121603125 0.3760634888796113 0.14519032993794137 0.9420546875 0.2897031250000001
0 0.9609862582610142 0.23065659444467684 0.3888989689848831 0.08810545095315361 0.3832252107238687 0.1108754190084769 0.9553124999999998 0.2534265625000001
0 0.9650086414770588 0.18072120436200262 0.40334046025562775 0.03375891430512926 0.3895765625 0.08636250000000004 0.9512447437214311 0.2333247900568734
0 0.9795422857514573 0.12064884520802874 0.41912561970267737 -0.027727788290604537 0.4047339970247001 0.026629188344118128 0.9651506630734803 0.1750058218427514