0 0.7461140624999999 0.046093749999999996 0.11493402187185027 0.0007488193589512276 0.11111843935390273 0.05385992780374067 0.7422984799820523 0.09920485844478943
0 0.7390828125000001 0.10940625000000007 0.11018440164580993 0.0508455223117296 0.10537465769064783 0.1024985746118785 0.734273068544838 0.16105930230014895
0 0.7358314462269895 0.16344833220047011 0.10367293044076802 0.09965939769958967 0.09840162278531071 0.1518988973839816 0.7305601385715322 0.215687831884862
0 0.7269890625000002 0.22360781249999997 0.10386933538429992 0.14681013639256707 0.0971968654376952 0.20094911380771346 0.7203165925533954 0.2777467899151464
0 0.6934400236330887 0.2744586901257103 0.10628125000000004 0.206953125 0.10136153886691149 0.24974443487428982 0.6885203125000001 0.31725000000000014
0 0.6581380835545964 0.3129640204587737 0.09052133347947686 0.25510288036660084 0.08554887492488053 0.30388260990782723 0.653165625 0.36174375000000003
0 0.6522733966355249 0.3645739911456462 0.09058276746734681 0.3012312495908 0.08468593333182202 0.3535213209451539 0.6463765625000002 0.4168640625000002
0 0.6658632645761039 0.4438227768750852 0.08780286813693414 0.37187939654398416 0.08312866606083022 0.4094363071688991 0.6611890625 0.48137968750000015
0 0.6620468749999999 0.4822640624999999 0.09380815745627463 0.408121522880523 0.08953357484589186 0.4408825174866552 0.6577722923896172 0.5150250571061321
0 0.6883134374746723 0.5215998309326648 0.060932812500000065 0.43649999999999983 0.05217406252532776 0.501072044067335 0.6795546875 0.586171875
0 0.6631928702335024 0.5842947699528229 0.07775312500000005 0.5005953124999999 0.07210556726649764 0.5400974175471769 0.6575453125 0.623796875
0 0.6595040044372726 0.6234436006276889 0.07328750000000009 0.535096875 0.06748974556272762 0.5735673368723113 0.6537062500000002 0.6619140625000002
0 0.6546368127807763 0.6608810759004737 0.06882187500000006 0.5696000000000001 0.06289756221922378 0.6076204865995265 0.6487125 0.6989015625000002
0 0.654003678145614 0.7064831965276721 0.05976406250000007 0.60786875 0.04886194685438618 0.673563678472328 0.6431015625000001 0.7721781250000002
0 0.6531314775534808 0.7760319469780107 0.060925000000000076 0.676225 0.05010602244651936 0.7404196155219894 0.6423125000000001 0.8402265625000002
0 0.6553951078269213 0.852092725252497 0.059225484187596523 0.740253277318569 0.046542876360675375 0.8078589895660719 0.6427125000000001 0.9196984375000001
0 0.5954546875000003 0.9279453125000001 0.04377812009637132 0.8093026422035063 0.0364318379864532 0.8434621203023239 0.5881084053900821 0.9621047905988178