0 0.11800045468750005 0.7016237421874999 0.07911426817236258 0.003327115105741124 0.035891975 0.005734043750000001 0.07477816151513746 0.7040306708317589
0 0.14889275468750002 0.7048755640625 0.11624279068331803 0.017049637823061986 0.08060451406250001 0.018741328125 0.11325447806668201 0.7065672543644379
0 0.17734618906250005 0.7070434437500001 0.16248109467099198 0.021046899983938338 0.11881341093750002 0.02199315 0.1336785053290081 0.7079896937660617
0 0.20338562132173918 0.03631599963697138 0.165151859375 0.036084373437500025 0.16106221930326092 0.7111475800505287 0.1992959812500001 0.71137920625
0 0.26465834101957736 0.08302314530539015 0.20498666718749997 0.08160986875000001 0.19002753241792267 0.7132177500071097 0.24969920625000003 0.7146310265624999
0 0.3257255390088953 0.10658133376126658 0.2667712671875 0.10328867500000005 0.2322056531786048 0.7221777709262336 0.2911599250000001 0.7254704296875001
0 0.37802987895035045 0.07360247382256152 0.32692995625000004 0.06968652500000003 0.27662304335744325 0.7261505076986788 0.32772296605779366 0.7300664565212404
0 0.4297761676009341 0.0936288217735188 0.3732684046875001 0.08811350937500007 0.31106995583656605 0.7253748188514814 0.3675777187500001 0.73089013125
0 0.48981967339592253 0.024591821207913755 0.4407436921875 0.018741328125000047 0.35589469370357935 0.7304843891178272 0.4049706749120019 0.736334882200741
0 0.5438249745729098 0.04589640584622783 0.4862691859375 0.03716831406250005 0.3801604487115543 0.7368827766822306 0.437716237346964 0.7456108684659584
0 0.5546958105809681 0.12512069750242144 0.5317946796875 0.12171566093750005 0.4397906401965724 0.7405038915297273 0.4626917710900402 0.7439089280946487
0 0.5786399519572446 0.13160103183016908 0.5578092484375 0.12821930312500007 0.45858440276389256 0.7394224841667045 0.4794151062836372 0.7428042128718736
0 0.6066523963786434 0.1408466801784529 0.583823815625 0.13689082500000008 0.47905982119270485 0.7414663716476103 0.5018884019463482 0.7454222268260631
0 0.6326011312500001 0.13797476562500005 0.6127899732735017 0.13419993688856602 0.49776448290582903 0.7378798175156417 0.5175756408823273 0.7416546462520757
0 0.663669430570098 0.18321187163572955 0.6244715796874999 0.17482873750000005 0.504690601507425 0.7349005251221526 0.5438884523900229 0.7432836592578822
0 0.701206892498264 0.16561695050753167 0.6708100281250001 0.15856963281250008 0.5347289809392362 0.7455216213674685 0.5651258453125001 0.7525689390625001
0 0.7073930156250002 0.28105489062500016 0.6751249009830264 0.27348514452479944 0.5623082627621997 0.7543969436055099 0.5945763774041736 0.7619666897057107
0 0.7502075322735715 0.2899301611267813 0.7155225671875001 0.2810548906250001 0.5954011196837021 0.750495029032211 0.6300860847697736 0.7593702995339922
0 0.7895014953125001 0.3005658171875001 0.7474193538853403 0.2884153398013698 0.6126080524418371 0.7553227766894717 0.654690193868997 0.767473254075602
0 0.8653719471421166 0.13385624823826206 0.8399047218750001 0.12605142187500004 0.6469515014616402 0.7556596798387096 0.6724187267287567 0.7634645062019716
0 0.8802661759867423 0.13898255679310878 0.86266746875 0.13363900468750017 0.6710963365132578 0.7645684322693915 0.6886950437500001 0.7699119843750002
0 0.8541834800512211 0.31209241171345004 0.8309622140625 0.30490157812500013 0.6897577657095977 0.7608912785764288 0.7129790316983187 0.7680821121648786
0 0.8788050192717856 0.32880528013594984 0.8488472296875 0.3189928031250001 0.7034383020378249 0.7629306644157402 0.7333960916221104 0.7727431414266899
0 0.9041281874999999 0.32874826562500015 0.8763597379894206 0.3190427881054051 0.7195872744305312 0.7675862245509535 0.7473557239411106 0.7772917020705485
0 0.94965368125 0.3168249218750002 0.9115776162697168 0.3033191176738746 0.7466072240610792 0.7684097764763612 0.7846832890413624 0.7819155806774869
0 0.9699775625000001 0.3135731015625002 0.9521230043680411 0.3069868921431627 0.7805589875000001 0.7720798640625002 0.798413545631959 0.7786660734818377
0 1.0247997423753286 0.2648859479589774 0.9883457425915518 0.25055911105069545 0.7838358880699323 0.7709253468247402 0.8202898878537092 0.7852521837330221
0 1.02598476060168 0.34104075789930277 0.999747984375 0.3306451609375001 0.8220004092035431 0.7792507938553672 0.8482371854302231 0.7896463908171698
0 1.0185659685958464 0.41843993666722773 0.997618040625 0.41004379062500007 0.8499456076304917 0.7784784836484931 0.8708935356013381 0.7868746296907208