0 0.765753407145691 0.135697985644445 0.23467812500000002 0.12155156250000003 0.23424568645802152 0.13778587263952696 0.7653209686037125 0.15193229578397194
0 0.7138424001791053 0.15449386051034064 0.2377265625000001 0.14668125000000004 0.23727237841252302 0.17436012084393138 0.7133882160916282 0.18217273135427198
0 0.7134343750000001 0.18226562500000004 0.23663750000000006 0.17765468750000007 0.23640123416287623 0.20208590410397234 0.7131981091628764 0.20669684160397234
0 0.7142859374999999 0.206665625 0.2353765625 0.20375000000000004 0.23522314384009038 0.22894996039636162 0.7141325188400904 0.23186558539636154
0 0.7140410087846716 0.25461386518202017 0.714021875 0.2301828125 0.23414523483043262 0.23055863978920593 0.2341643686151042 0.2549896924712261
0 0.7562206712468188 0.2563891735473993 0.2349626263842295 0.25423903724070906 0.2348318430469823 0.28594487210427555 0.7560898879095717 0.2880950084109658
0 0.756040625 0.3141953125 0.7558435709159201 0.2849480742392304 0.23399218749999995 0.2884640625 0.23418924158407975 0.31771130076076964
0 0.7419244517721759 0.36201000044660153 0.7415967234545766 0.3172510981706303 0.23621250000000002 0.3209515625 0.23654022831759924 0.36571046477597124
0 0.7443377173186839 0.4058879027204937 0.7437935545916536 0.36194377559164537 0.2334261497729698 0.3682636853711517 0.23397031250000003 0.4122078125
0 0.7222466293875536 0.45053716005857475 0.7212671915947725 0.40496129108423684 0.23469399970721888 0.4154178810256622 0.23567343749999994 0.4609937500000001
0 0.7243053389336154 0.4935914291879784 0.7228003693787539 0.45049539097458524 0.2315640625 0.46765 0.2330690320548614 0.5107460382133931
0 0.722249011601555 0.534348007436538 0.719803539127037 0.4912355058337681 0.2311828125 0.5189515625000001 0.23362828497451799 0.5620640641027699
0 0.7549434854452617 0.5689915431430007 0.7526409438515175 0.5324670609374766 0.22960839590625567 0.5654395802944759 0.2319109375 0.6019640625
0 0.7553625000000002 0.6056656250000001 0.7528787368478232 0.5698992417161353 0.23313750000000005 0.6059921875000001 0.23562126315217694 0.6417585707838649
0 0.7421720568636793 0.6272885127227503 0.7415995784996771 0.6175442298522593 0.22893220913599782 0.647663529629509 0.22950468750000003 0.6574078125
0 0.768117499203688 0.6475423303254411 0.766880573744391 0.6271910179196267 0.22958906250000002 0.6598468750000002 0.23082598795929696 0.6801981874058146
0 0.739009985144486 0.6607482761278718 0.7384189298169915 0.6510056564799568 0.2311901946725055 0.6817776928520849 0.23178125 0.6915203125
0 0.7627729810466625 0.6810799788115132 0.7616108523960599 0.6615674731880772 0.23075312499999998 0.6931843750000001 0.23191525365060262 0.712696880623436
0 0.7791240897818862 0.742303684175275 0.7766593875564669 0.6968791858465152 0.22345248527458067 0.7268958141712403 0.22591718749999995 0.7723203125000001
0 0.7207438951704238 0.7859132814928742 0.7193318477721129 0.7566453389368427 0.225115625 0.7804890624999999 0.22652767239831087 0.8097570050560314
0 0.7347782594455698 0.8188194465801985 0.733725831386257 0.7952282244677072 0.22316875 0.8180046875000002 0.22422117805931285 0.8415959096124913
0 0.7900589669285081 0.8486638547942362 0.7886218591848635 0.8203127236468595 0.2194675797563554 0.8491629313526232 0.22090468750000003 0.8775140625000001
0 0.7934808287829864 0.8820122692622062 0.792007486002474 0.8543940418576941 0.2174016572194876 0.8850473975954879 0.21887500000000007 0.912665625