0 0.783075 0.12449531250000008 0.31122252875259515 0.01718502127601913 0.30611073692268387 0.03966200442399618 0.7779632081700887 0.14697229564797712
0 0.7764656249999999 0.1475406250000001 0.304542205587467 0.03994294829389692 0.29881250000000004 0.06507343750000003 0.770735919412533 0.1726711142061032
0 0.75066875 0.16877812500000003 0.29762523107453537 0.06388863855759311 0.29100088400561225 0.09250082466393254 0.7440444029310769 0.19739031110633948
0 0.7414546875 0.1966171875 0.28691718750000006 0.08937343750000004 0.2798564861917575 0.11929922357979772 0.7343939861917574 0.2265429735797977
0 0.7473703125 0.22995312500000006 0.2788209408654659 0.11867063847803909 0.27435000000000004 0.13749531250000002 0.7428993716345342 0.248777799021961
0 0.6979440108148761 0.2364496983842166 0.26831232293009655 0.13675582812630932 0.2627 0.16094218750000003 0.6923316878847796 0.2606360577579073
0 0.6921984375000001 0.2610062500000001 0.2639103965518791 0.15774026331967575 0.25890877025578507 0.17848413840160418 0.687196811203906 0.28175012508192854
0 0.6955617020279516 0.2849902175925827 0.25679573865391764 0.18056355337386587 0.25266372412596605 0.1979248982812832 0.6914296875 0.30235156250000006
0 0.6910081768340468 0.3040758505673956 0.24983374993838678 0.1989081005807857 0.24551776060434002 0.2170135000133902 0.6866921875 0.32218125000000003
0 0.683959413536668 0.3214343624721547 0.2465599858793035 0.2164176435249227 0.242459375 0.233496875 0.6798588026573645 0.33851359394723196
0 0.678384375 0.33925312500000004 0.24060335894295046 0.2312987396837912 0.2363546875 0.248528125 0.6741357035570494 0.35648251031620887
0 0.7103984374999999 0.3650593750000001 0.23180098457756962 0.24736182798153133 0.22461874999999995 0.2765671875 0.7032162029224303 0.3942647345184688
0 0.7002906249999999 0.39172031249999995 0.2216378694614837 0.27757054056110686 0.214629630136632 0.3069574855136506 0.6932823856751482 0.4211072574525437
0 0.6466046875 0.4114250000000001 0.210983689687294 0.30785904351770793 0.19968778487291708 0.3553720824889415 0.6353087826856231 0.45893803897123364
0 0.6343001651419466 0.45864171457423 0.19263995965174097 0.35439058055416683 0.18119135700979444 0.402892615979937 0.6228515625000002 0.5071437500000002
0 0.6151296875 0.5040062500000001 0.17929218750000003 0.40027656250000004 0.17297839530097495 0.42680500844314045 0.6088158953009749 0.5305346959431405
0 0.6095750000000001 0.5319703125000002 0.168046875 0.42660937499999996 0.16152334188440923 0.4539470526369535 0.6030514668844092 0.5593079901369536
0 0.6012531250000002 0.560990625 0.15752226762586327 0.4513827615253769 0.1515648413049561 0.47550050094040913 0.5952956986790929 0.5851083644150322
0 0.58480625 0.5839843750000001 0.14880937500000002 0.47651406250000006 0.1425884194763442 0.501751889623913 0.5785852944763443 0.6092222021239131
0 0.5763541518271614 0.6101861506089363 0.13958942201714883 0.49981439548119805 0.13262277018998758 0.5273829323722619 0.5693875000000002 0.6377546875000001
0 0.5806092332131451 0.6427555814045124 0.12805084723615348 0.5242992782959027 0.11776192652300847 0.5636077593913904 0.5703203125 0.6820640625000001
0 0.5652658435054332 0.6836497123875385 0.11554304228287504 0.56397814660506 0.10503032377744181 0.6034846842175217 0.554753125 0.7231562500000001
0 0.5649682112107615 0.7290246370235048 0.10277300800710984 0.6018959184825217 0.09288364555245585 0.6378501540143605 0.5550788487561075 0.7649788725553438
0 0.5556843331265204 0.7714562968382962 0.09133153878519171 0.6383051006575062 0.08140485421374562 0.6729235183023413 0.5457576485550744 0.8060747144831313
0 0.5816235297049313 0.8251387273456405 0.07799488166911309 0.6731783547276702 0.06339414710953543 0.7215682611215978 0.5670227951453536 0.8735286337395681
0 0.5688993826388701 0.8796894325201665 0.06381475472111357 0.724578169192161 0.04773724708224365 0.7769309241719945 0.5528218750000001 0.9320421875000001