0 0.21027447442656583 0.2802375312602988 0.15831605850057076 0.2772223629134349 0.1271781156250001 0.8138020828125002 0.1791365315509952 0.8168172511593641
0 0.26313820422946954 0.28889896800193376 0.21681355883470327 0.2867325520021933 0.1922661406250001 0.8116319453124999 0.2385907860197663 0.8137983613122405
0 0.32575577761506164 0.2905716816592649 0.28023784940415897 0.28851821798903127 0.25654056406250014 0.8138020828125002 0.30205849227340276 0.815855546482734
0 0.376261093281822 0.2989943069830391 0.3307636334221724 0.29691589434910115 0.3070479385778505 0.816063948303562 0.3525453984375001 0.8181423609375
0 0.45190655048138834 0.2579292162356466 0.37056172630944745 0.2561492505216015 0.35824060000000013 0.8192274296875001 0.4395854241719411 0.8210073954015453
0 0.5405025945096307 0.823823497179022 0.5339316296199941 0.2563894263465624 0.46231927573536363 0.2572187072925405 0.4688902406250001 0.824652778125
0 0.5600134750000001 0.8268229171874999 0.5518572499467957 0.3025195270975834 0.5356060561529479 0.30277233567458517 0.5437622812061522 0.8270757257645018
0 0.5779126812500001 0.8235677078125001 0.5665160954691935 0.3209079303203564 0.5526919969923411 0.321221358072463 0.5640885827731477 0.8238811355646067
0 0.5941846875 0.824652778125 0.5811601651572966 0.31982736031366904 0.5681512197795187 0.32016299178892726 0.581175742122222 0.8249884096002582
0 0.6422130604900441 0.8243051859579718 0.6233941056284527 0.2896051739855049 0.5826881357634086 0.2910378349025333 0.601507090625 0.825737846875
0 0.6771761109448227 0.8247770966692768 0.6592076993371696 0.292126635000525 0.630727494642347 0.2930873852062481 0.64869590625 0.825737846875
0 0.709759955382302 0.8280789179367668 0.6909344302574859 0.291009059790591 0.6648551951876839 0.29192319654132426 0.6836807203124999 0.8289930546875001
0 0.7349415603474487 0.8247487170073782 0.7128864043678541 0.2985619278749714 0.6892879737079054 0.29955105774259305 0.7113431296875 0.825737846875
0 0.7643228385101828 0.8235010737889066 0.7405351975312119 0.30059013755581754 0.7152178996460292 0.30174184189191106 0.7390055406250002 0.8246527781250002
0 0.8423488725725555 0.8347481230076965 0.8126100974673761 0.22550289073203778 0.7638044360759877 0.22788521645423782 0.7935432111811671 0.8371304487298966
0 0.9082344015625002 0.8365885421874999 0.871442452290491 0.22814412561541472 0.8222325640625 0.23111979218750003 0.8590245133345092 0.8395642087595853