0 0.5419894413347898 0.02730019509224524 0.5201013506131472 -0.025681047424550508 0.0034540967783575293 0.18776094498320425 0.025342187500000012 0.24074218749999998
0 0.5667252033489742 0.09533543755986126 0.5451859374999999 0.039328125000000026 0.023970109151025674 0.23977706244013874 0.045509375000000005 0.295784375
0 0.5748458638641383 0.13231165313155915 0.5645406249999999 0.10591718749999998 0.0547463236358617 0.3049570968684409 0.06505156250000005 0.3313515625000001
0 0.583858319015142 0.16435462503770126 0.5742223816677673 0.1392738475401567 0.06678281265262535 0.3342301600024554 0.07641875000000001 0.3593109375
0 0.6286330904942186 0.20638406313937657 0.6106828124999999 0.15663281250000005 0.06172472200578135 0.35469718686062357 0.07967500000000002 0.40444843750000004
0 0.6601974020612044 0.3236199578539474 0.6221421875 0.20594843750000003 0.04618929266634457 0.3922128022682439 0.08424450722754888 0.5098843226221913
0 0.6739501117486054 0.38845635370024467 0.6554890624999998 0.32964843750000006 0.10893689963962425 0.5012227262597049 0.1273979488882298 0.5600306424599495
0 0.692103125 0.4458453125000001 0.6754020585712835 0.39079977801304244 0.11779032036143759 0.5599817247063066 0.1344913867901541 0.6150272591932643
0 0.6987296875 0.4908203125000002 0.6869360875019693 0.4520766146214335 0.14324916298231566 0.6175751721427455 0.1550427629803463 0.6563188700213121
0 0.6375546875 0.5483390625000002 0.6272859331197381 0.5148420556320424 0.1614218706197382 0.6576561181320424 0.17169062500000004 0.6911531250000001
0 0.7324046874999999 0.5628593750000002 0.721913648940866 0.5271521824077441 0.16423735853709656 0.6910016211734656 0.1747283970962305 0.7267088137657218
0 0.7084078125 0.6048765625 0.6995897253967598 0.5743003333545317 0.18426785039675986 0.7229175208545316 0.19308593750000003 0.75349375
0 0.7189140625 0.6442359375000002 0.7091800952643332 0.6091476316680329 0.18693947026433322 0.7540241941680327 0.19667343750000002 0.7891125000000001
0 0.7663343749999999 0.7023984375000001 0.7512140956205077 0.6440988142345377 0.16406565812050775 0.7963785017345377 0.17918593749999998 0.8546781250000001
0 0.7822796875 0.7374250000000002 0.7743009580871949 0.7061896414774838 0.18330252058719498 0.8571537039774837 0.19128125 0.8883890625000002
0 0.7971656250000001 0.7762171875000001 0.7888266680808801 0.7416821124737439 0.1940664573473622 0.8852949400336303 0.2024054142664821 0.9198300150598865
0 0.8089703125000002 0.8476625 0.7967808557544767 0.7900208931631088 0.20108398075447656 0.9159927681631089 0.21327343750000005 0.9736343750000002