0 0.294834375 0.823378125 0.15656578738116322 0.3298608299625717 0.11752656250000001 0.3407984375 0.2557951501188368 0.8343157325374282
0 0.3354218749999999 0.8147500000000001 0.19965457121129013 0.31755611488640983 0.1590390625 0.32864687499999995 0.2948063662887098 0.8258407601135902
0 0.3665336274007902 0.8080016899373843 0.2345211712661744 0.3132979160258587 0.20645468749999996 0.32078750000000006 0.33846714363461583 0.8154912739115258
0 0.3968281982267121 0.8013931745320857 0.2667022207886365 0.3076136182770342 0.23772500000000002 0.31525 0.3678509774380756 0.8090295562550516
0 0.4241705258878842 0.7975825519157539 0.29636817363758994 0.29929823788502335 0.26752187499999996 0.306696875 0.39532422725029415 0.8049811890307306
0 0.46405255930086203 0.7936650410522235 0.33795312499999997 0.29838281250000004 0.3008409663034016 0.3078316114827631 0.42694040060426375 0.8031138400349864
0 0.5053703125 0.7886109375000002 0.3843375 0.28963281250000006 0.3431793638000421 0.2996161859826331 0.46421217630004213 0.7985943109826332
0 0.548528125 0.776109375 0.43605312500000004 0.2864062500000001 0.39101452736835957 0.29675071383943086 0.5034895273683595 0.7864538388394308
0 0.5932612269618407 0.7673370759223473 0.48354463896393546 0.2747503083155823 0.43921093749999995 0.284625 0.548927525497905 0.7772117676067651
0 0.6608447157371401 0.7567854420634996 0.5463843750000001 0.1986140625 0.4748195068108022 0.2132893745952742 0.5892798475479422 0.7714607541587738
0 0.7266099288159873 0.7420331447411441 0.6260859375 0.17834531250000002 0.5494729509004863 0.1920079157337819 0.6499969422164737 0.755695747974926
0 0.7663094683149377 0.7364548853032797 0.6734031249999999 0.22486250000000005 0.6375515252244593 0.23137323224078887 0.7304578685393971 0.7429656175440685
0 0.8025022827845397 0.7268243509781731 0.7145609375000002 0.21500468750000007 0.6738528673889578 0.2219991871352316 0.7617942126734973 0.7338188506134047
0 0.8686144824490171 0.7170196989725067 0.7785515625000001 0.140390625 0.7129425356875874 0.15063801070504507 0.8030054556366043 0.7272670846775517
0 0.9335517106010499 0.7058444343693143 0.8566609374999998 0.12045937500000001 0.7854031447550127 0.129819140313347 0.8622939178560627 0.7152041996826612