0 0.07963490625780041 0.28082230642036327 0.03707499491899684 0.27859984943477134 0.010129693766437742 0.7946006699162791 0.05268960510524132 0.796823126901871
0 0.12164877832404164 0.28178140758418974 0.07740201497171928 0.2796645982545957 0.0527575474450366 0.7947974008893296 0.09700431079735897 0.7969142102189236
0 0.16889371725557992 0.28529280820896363 0.12410926358123411 0.2830752357355194 0.09895389715039751 0.7910944125939283 0.14373835082474332 0.7933119850673724
0 0.2135729265392714 0.2851583038212745 0.1670052779240503 0.2831000077036975 0.1445857315652771 0.7903280727194544 0.19115338018049824 0.7923863688370314
0 0.23714724218750013 0.286505675 0.20828741177312549 0.2856144977489544 0.19274905708562545 0.7888076399364544 0.2216088875000001 0.7896988171875
0 0.2676180728259115 0.2870878852428138 0.2395284475379995 0.2862119915258957 0.22382866718750014 0.7896988171875 0.2519182924754121 0.7905747109044181
0 0.2802593418674139 0.31731341333288227 0.25509349716828944 0.3169896136273304 0.24897740217587558 0.7923350018569482 0.2741432468750001 0.7926588015625
0 0.3026400315029993 0.3163520190563797 0.27822599926761094 0.31606647734466 0.2726634093750001 0.79167211875 0.29707744161038846 0.7919576604617198
0 0.3370446399912793 0.3106440404462055 0.30518982238405185 0.3101504702535957 0.2977824605177727 0.7882185641823901 0.32963727812500015 0.788712134375
0 0.3705654125000001 0.31135530468750006 0.33949947250238605 0.31077802638603813 0.3306096859375001 0.789177396875 0.36167562593511415 0.7897546751764619
0 0.3952998812500002 0.2919041421875 0.3712202944056362 0.2915042209616264 0.3629547843750001 0.789177396875 0.3870343712193641 0.7895773181008736
0 0.42160306980471773 0.2914242199529857 0.39687474187316196 0.2910332015408953 0.3889576843750001 0.7917144687500002 0.4136860123065559 0.7921054871620907
0 0.453021820780232 0.32174961416019754 0.4232306541923207 0.3213434104714554 0.4168632515625001 0.7883316671875 0.4466544181504114 0.7887378708762423
0 0.48221068471533163 0.3216308527742745 0.45240517387541856 0.32134585641347685 0.44793991718750004 0.7883316671875 0.47774542802741304 0.7886166635482976
0 0.5227991403962029 0.3191963663165226 0.4822169318283443 0.3189191867019586 0.4790165843749999 0.787485996875 0.5195987929428585 0.787763176489564
0 0.5624834038210125 0.32078633764492365 0.5231714838651524 0.32064584434957943 0.5215091312500001 0.7857945390625001 0.5608210512058601 0.7859350323578443
0 0.6052261928135689 0.7874684289221535 0.605024144689944 0.3206422023924924 0.564433908126375 0.3206597703453389 0.56463595625 0.787485996875
0 0.644547325 0.7874859968749999 0.6440841169296001 0.31808571792546686 0.6053976923001116 0.3181238940086669 0.6058609003705115 0.7875241729582
0 0.6806977578125001 0.3155838203125001 0.651523715625 0.3155838203125001 0.6515237156250001 0.79002306875 0.6806977578125002 0.79002306875
0 0.708603325 0.7866402671874999 0.7040668681598159 0.32041830605601823 0.6767980764712551 0.3206836382516079 0.6813345333114393 0.7869055993830896
0 0.7618775140625 0.7891773968750001 0.7555270196804973 0.28362554540070223 0.7092471490181689 0.2842068904354081 0.7155976434001717 0.7897587419097059
0 0.8100780624999999 0.7832574671875 0.8010057999310843 0.28350190851620083 0.7547231709332067 0.2843420955943893 0.7637954335021222 0.7840976542656884
0 0.8487653578125001 0.7857945390624999 0.8392225379772025 0.29715579859195823 0.8043703865815386 0.2978364400845281 0.8139132064168362 0.7864751805550696
0 0.8912579046875001 0.7857945390625 0.8826070219829036 0.3350728990566949 0.84052049375 0.3358806828125 0.8491713764545965 0.7866023228183051
0 0.9426295109374998 0.7824117390625001 0.9307382288735951 0.33382031731423184 0.8849157078124998 0.3350349828125 0.8968069898764044 0.7836264045607683