0 0.13611478505858127 0.8549275287522112 0.12221764166511495 0.15032342956377587 0.09224191910653369 0.15091465081156477 0.1061390625 0.8555187500000001
0 0.2102774638565487 0.8378589430481413 0.18926492912260487 0.23145933249168243 0.14213121526605618 0.23309257694354094 0.16314375 0.8394921875
0 0.2702702189282665 0.8318283033560195 0.24074851726572816 0.23681150189859226 0.19688298583746167 0.23898788604257284 0.2264046875 0.8340046875000002
0 0.32129730387622113 0.8253401219075173 0.28662191978121543 0.25786609622243517 0.2370574284049943 0.2608947243149178 0.2717328125 0.8283687499999999
0 0.37161420543340157 0.8219048588469443 0.3405533079451781 0.26070309484449267 0.29180160251177656 0.2634013609975483 0.3228625 0.824603125
0 0.42094489310077643 0.8149685515091981 0.3912510561927541 0.27977391917107414 0.3433155380919776 0.2824334926618762 0.373009375 0.8176281250000003
0 0.46975488454136477 0.813570936915697 0.44110506114476006 0.2826599404442558 0.39397830160339536 0.2852030660285588 0.422628125 0.8161140625
0 0.5202911288424049 0.8119304692012473 0.4872062276233998 0.2279793455858982 0.4409012605540818 0.23060284471019613 0.47398616177308706 0.8145539683255454
0 0.5656090404894019 0.8062677094933142 0.5329977621820385 0.23101414333278716 0.49075434669263684 0.2334089338394731 0.5233656250000001 0.8086625
0 0.6014792584280874 0.8064813208068966 0.5704559315458402 0.29309152902530644 0.5379547981177529 0.29505552071840974 0.568978125 0.8084453125
0 0.6662484375000002 0.7989999999999999 0.6316725828357598 0.23312906477333944 0.5699667112336885 0.236899417897394 0.6045425658979289 0.8027703531240545
0 0.7304079360659469 0.7950286401766452 0.695308667339168 0.2351615425519989 0.6360241687732212 0.23887821487535366 0.6711234375000001 0.7987453125
0 0.7587016217364227 0.7908964427862805 0.7303640261381757 0.25018864708426736 0.7035530294017531 0.25159376679798673 0.731890625 0.7923015624999998
0 0.7878946504330009 0.7883533646770002 0.7612582152533938 0.2486132415045951 0.7354190555199429 0.24988841648934557 0.76205549069955 0.7896285396617506
0 0.8171415327879414 0.7871198468676541 0.7971955964600415 0.24914746125916043 0.7680590379935126 0.25022773220899774 0.7880049743214126 0.7882001178174914
0 0.8321106612989357 0.7775475414655534 0.8182101469512295 0.3079247642721128 0.8004125 0.3084515625 0.8143130143477061 0.7780743396934406
0 0.8674046875000002 0.7819390624999999 0.8519320944239969 0.29938119159782 0.8333849012899268 0.2999758833215898 0.8488574943659302 0.7825337542237697
0 0.9081615652256044 0.7825686315318083 0.8917924003976561 0.2824234767762041 0.8617120851720517 0.2834079702443957 0.8780812499999999 0.783553125
0 0.9339895076286158 0.7779722214000191 0.9197716378109966 0.28759019967848315 0.8937540051823806 0.28834454077846405 0.9079718749999998 0.7787265625