0 0.5071083264889125 0.10370960762661666 0.49772347585625454 0.07007460127505853 0.016770312500000002 0.2042703125 0.026155163132657904 0.23790531885155813
0 0.5555390625 0.13313750000000005 0.5456578124999999 0.09710624999999999 0.02959561837973516 0.23863171902066616 0.03947686837973518 0.2746629690206662
0 0.5659562800103988 0.16571691440257647 0.555281067972085 0.12813680021346094 0.043310725461686336 0.2735698858108846 0.053985937500000025 0.31115000000000015
0 0.5748734375 0.20379687500000004 0.5650238266723779 0.1693242399144434 0.05475507667237789 0.31511955241444334 0.0646046875 0.3495921875
0 0.5402890625000001 0.26881875000000005 0.5279774351490615 0.22423791598851484 0.06760243514906146 0.35137697848851485 0.07991406250000002 0.3959578125
0 0.5532665685422676 0.3142002861663288 0.5408000000000001 0.270490625 0.08265385493644835 0.4011599133771483 0.09512042347871599 0.4448695745434771
0 0.659540625 0.31743750000000015 0.6513079717978478 0.28862516743584693 0.09773987620929364 0.44679820478397314 0.10597252941144593 0.47561053734812636
0 0.67560625 0.34400468750000013 0.6670585080118318 0.31429769239662797 0.09922656249999999 0.4776828125 0.10777430448816823 0.5073898076033722
0 0.7512027409657216 0.3396236193071135 0.7462198290368615 0.32243399088481023 0.101003125 0.50946875 0.10598603692886018 0.5266583784223033
0 0.756309375 0.35931718749999997 0.7519838905960274 0.344463025860748 0.10809482809602755 0.531961463360748 0.1124203125 0.546815625
0 0.6809432035290992 0.4147017381434364 0.6744221778201629 0.3920830860348919 0.1332390625 0.5481078125 0.13976008820893643 0.5707264646085445
0 0.6865968750000001 0.43933437500000017 0.6797669280572568 0.41590299517387364 0.1418890625 0.5726875 0.14871900944274338 0.5961188798261264
0 0.668875 0.4889937500000001 0.6570062281572119 0.44840201342911107 0.1451125 0.5980765625 0.1569812718427881 0.6386682990708891
0 0.7098166634284775 0.5462572346941782 0.690694474991315 0.48235621052376115 0.160509375 0.6410125000000001 0.17963156343716263 0.7049135241704171
0 0.728051015656078 0.6129892021382365 0.7098092313237155 0.5523602511911891 0.18223009066763757 0.7110960490529527 0.20047187500000002 0.7717250000000001
0 0.7523832869234172 0.6429693547370954 0.7434557423322932 0.6142160274508038 0.2046015625 0.7815234375 0.2135291070911239 0.8102767647862915
0 0.7621794408145106 0.6748606921756227 0.7537640624999999 0.64789375 0.21601587168548927 0.8157049328243773 0.22443125 0.842671875
0 0.7244341748408203 0.7144621274252746 0.7172897816537395 0.6919888967346898 0.22688841931291925 0.8478908318094154 0.23403281250000002 0.8703640625000002
0 0.7325730372498418 0.7408959284394732 0.7246029591348042 0.7160977158935552 0.23394531250000003 0.8737937499999999 0.24191539061503767 0.8985919625459179
0 0.80553033575201 0.7645380861649328 0.794390625 0.728821875 0.2338184204845442 0.9036615909228891 0.24495813123655422 0.939377802087822
0 0.822428159714877 0.8053224896731385 0.8118157162692565 0.7711236592629749 0.2449151330506612 0.9470419671858311 0.25552757649628177 0.9812407975959946