0 0.871423978929308 0.7673472155786335 0.8674526388686058 0.748302374905165 0.26862240993929776 0.8731739093265316 0.27259375 0.8922187500000002
0 0.8653655995980456 0.7462312884413682 0.861208832990525 0.7262928967985265 0.2631258436544036 0.8509815599129883 0.26728261026192424 0.87091995155583
0 0.8613 0.7237390625000001 0.8577808323231626 0.7070715174970622 0.2625146516544904 0.8327553840625577 0.26603381933132775 0.8494229290654955
0 0.8569703125 0.7063718750000001 0.8536154942535518 0.6905775212220747 0.2585981354498622 0.816962881480241 0.2619529536963104 0.8327572352581664
0 0.8518301260681753 0.6884659720161991 0.8449233499751972 0.6557324060739214 0.25168541140702205 0.7809054965577225 0.2585921875 0.8136390625000003
0 0.8445822167436484 0.6549742083761553 0.8377246183835654 0.6223110153268804 0.2464720446429669 0.7464437868523635 0.25332964300304994 0.7791069799016384
0 0.838478125 0.618746875 0.8316609434835815 0.587830442983682 0.23910101537868916 0.7184919820356266 0.2459181968951077 0.7494084140519447
0 0.8295182644148269 0.5841014869413566 0.8226522095236953 0.5539859014669986 0.23251519510886842 0.6885312895256421 0.23938125000000002 0.7186468750000001
0 0.8205896938955448 0.5519478485590812 0.8185782963656246 0.5433810128925477 0.23012968749999999 0.6815421875000001 0.2321410850299202 0.6901090231665337
0 0.7946660839172313 0.5466680863345632 0.7922171875 0.5363671875 0.19902141608276877 0.6773912886654367 0.2014703125 0.6876921874999999
0 0.8168953125 0.5277000000000001 0.8088160210092443 0.4945045834559578 0.21717214033200333 0.6385022755581583 0.2252514318227589 0.6716976921022005
0 0.8060015625 0.4884906250000003 0.7975553885284913 0.45537393226397 0.21085851352849122 0.6050067447639698 0.21930468749999998 0.6381234375000001
0 0.7985137027520661 0.4525478224530574 0.7891265625000001 0.41632187500000006 0.20055660974793402 0.5688365525469428 0.20994375000000004 0.6050625000000001
0 0.7875515625 0.41000625 0.7782430052955214 0.3754236630818547 0.1924351927955213 0.5331049130818547 0.20174375000000005 0.5676875000000001
0 0.7797857554847669 0.37167885535452927 0.7716765624999999 0.34185156249999993 0.18141893201523318 0.5023258321454706 0.189528125 0.5321531249999999
0 0.7715484375000001 0.3368531250000001 0.7635132649125254 0.30804490137055174 0.17385148173514273 0.4725130149554886 0.18188665432261747 0.5013212385849369
0 0.7626921875 0.30132812500000006 0.7489740349510745 0.2527424435188118 0.16440222735313165 0.4177961175222249 0.17812037990205712 0.4663817990034131
0 0.7487171875000002 0.24527812499999996 0.7411687500000002 0.21949062499999994 0.14810174576883986 0.39309137011880196 0.15565018326883978 0.4188788701188019
0 0.7412375000000001 0.2152796875000001 0.7356268974640094 0.1964450134338482 0.14714416609128347 0.3717463057965377 0.15275476862727397 0.39058097986268964
0 0.7344788264736678 0.18755697736920746 0.726996875 0.16265 0.13800554852633223 0.3395805226307925 0.1454875 0.36448749999999996
0 0.7261865008947546 0.16029588501381922 0.7208265624999999 0.1423875 0.13354677194806922 0.31815898890945044 0.13890671034282373 0.3360673739232697
0 0.7299859375 0.12081875000000013 0.7195943628943603 0.08480812359300047 0.09991623789436029 0.26362843609300035 0.11030781249999999 0.2996390625
0 0.7184328125000001 0.08344999999999995 0.7073421875000001 0.04345156250000002 0.08659940413103329 0.21556892162937752 0.0976900291310333 0.25556735912937745