0 0.08068186777298147 0.9401962483656741 0.06759722968750011 0.18891996093750002 0.011425963477018632 0.18989827038432608 0.0245106015625 0.9411745578125
0 0.11726430215630113 0.9351874753412268 0.10661908124999997 0.2626279046875 0.06587858604076631 0.2632727420970887 0.07652380694706745 0.9358323127508156
0 0.16842143230510298 0.9298799812987093 0.15943329355764874 0.06266077651810663 0.10905794687499999 0.0631828828125 0.11804608562245425 0.9304020875931027
0 0.2196691909088746 0.932971985521194 0.20817244572964116 0.06578890975039889 0.1594611734375 0.06643470312500001 0.1709579186167334 0.9336177788957951
0 0.26598213115166985 0.9338527579018006 0.2513119564728727 0.10254290120859304 0.20494968782120285 0.10336105893179241 0.2196198625 0.934670915625
0 0.3171744921875 0.9314190953124999 0.3073592141213651 0.12002272749223619 0.2528991818004311 0.12068151816707821 0.262714459866566 0.932077885987342
0 0.3610805007218924 0.9287442797535231 0.35213156875000007 0.12496748124999997 0.3065996508406076 0.12547441555897673 0.3155485828124999 0.9292512140625
0 0.40335495015860323 0.9277081466109734 0.3935243357885196 0.0746292292739764 0.35213156875000007 0.07510622656250002 0.36196218312008366 0.9281851438994971
0 0.44900822732242185 0.9385324139352299 0.4399307359375001 0.09570109218750002 0.3958961695525782 0.09617535481477045 0.4049736609375 0.9390066765625003
0 0.48385114768065945 0.9363563302710245 0.47326190156250003 0.0794419875 0.43421922106934063 0.07992445410397561 0.44480846718750006 0.9368387968750002
0 0.5228768581684776 0.9306007314259602 0.5072963084205171 0.07886402027661886 0.4625590830645393 0.07968238416315834 0.47813963281249994 0.9314190953124998
0 0.568430626428979 0.9274233256914194 0.5561730890954436 0.09608996329019046 0.5057169032914647 0.09683391103627113 0.5179744406250001 0.9281672734375
0 0.6187808921875001 0.1032886750000001 0.5659388000000001 0.1032886750000001 0.5659388000000002 0.9303351546874999 0.6187808921875002 0.9303351546874999
0 0.6692019313296286 0.9254551561210578 0.6601998746771612 0.104904053197859 0.6098383843749999 0.10545655625000001 0.6188404410274673 0.9260076591731987
0 0.7155225671875 0.9249154531249999 0.7049294586456283 0.19263279487071722 0.6537396695962787 0.19337329990046623 0.6643327781381505 0.925655958154749
0 0.7537728789455269 0.9286381134765561 0.7423068643222306 0.19808917164431877 0.7032435978767035 0.19870227223026282 0.7147096124999999 0.9292512140625
0 0.796874429892513 0.924398992023263 0.7861927010304931 0.20023258376676262 0.7447889562500001 0.20084330468750006 0.7554706851120201 0.9250097129440006
0 0.852930845909276 0.9235801894067805 0.8488159347942638 0.03146752231026021 0.7878755859375001 0.031748612499999995 0.7919904970525125 0.9238612795965203
0 0.9163548276867116 0.9230723354134798 0.9048609279141904 0.03640005732903496 0.8455954078125 0.037168314062500006 0.8570893075850213 0.9238405921469447
0 0.9521570675015856 0.9179349980017442 0.9407111734375 0.23336151562499996 0.9065222410302815 0.23393314585691982 0.9179681350943669 0.918506628233664
0 0.9896332614715251 0.9155638442304674 0.9771458129717742 0.2262567353659791 0.939605098375249 0.22693682082301175 0.9520925468749999 0.9162439296875