0 0.30299663585613673 0.3329340489885778 0.28220176718750006 0.33121744843750006 0.23813985945636346 0.8649826181989224 0.2589347281250001 0.8666992187500002
0 0.3291771544287785 0.33287748595039984 0.3094453607194149 0.3311443178204261 0.25933976254063656 0.9015871443700263 0.27907155625000013 0.9033203125
0 0.3742696387517689 0.337660062412107 0.35521420516222146 0.3360283220412209 0.3076122601604528 0.8919229471291141 0.32666769375000027 0.8935546875000002
0 0.4109219558457933 0.2867668646845407 0.38801641841250767 0.284694803894409 0.33298274819097473 0.8930629557140705 0.35588828562426034 0.8951350165042022
0 0.42568474660343003 0.397567705173981 0.4048110459291635 0.39586868656872837 0.36421012092675364 0.8946810909641707 0.38508382160102017 0.8963801095694233
0 0.46335404218750015 0.39876302031250016 0.44436682464909083 0.3979240960761486 0.4235625030459517 0.8687844704714933 0.44254972058436104 0.8696233947078451
0 0.489038101236196 0.24113234540187506 0.46883585613453505 0.24032218621249185 0.4425001898897566 0.897032116019761 0.46270243499141755 0.8978422752091442
0 0.5115615805672912 0.24248330681944505 0.4920337671875 0.24169921875000008 0.4656197555763392 0.899543547027428 0.48514756895613037 0.900327635096873
0 0.5341622563178234 0.37452097576142274 0.5078073596901311 0.37352668710244175 0.4882357119715695 0.8922983212724883 0.5145906085992619 0.8932926099314693
0 0.5658688031250001 0.37353515625000006 0.5388682086397174 0.37246128423319147 0.5180744029925314 0.8952844003006213 0.545074997477814 0.8963582723174298
0 0.5890992831224611 0.24876139964727453 0.5739001991854307 0.2481593145108433 0.5481728031250002 0.8976236984374999 0.5633718870620305 0.8982257835739313
0 0.6116787207009865 0.24889339231723712 0.5964190322718075 0.2481755721260111 0.565864288133321 0.8977196798087741 0.5811239765625 0.8984375000000002
0 0.6244910403149706 0.37257744526633785 0.6092656712464615 0.3719038114505731 0.5860056312500002 0.8976236984375001 0.6012310003185092 0.8982973322532647
0 0.6403244826416746 0.37412484790359596 0.6263200894980604 0.37347272778995544 0.6024812171875003 0.8854166671874999 0.6164856103311145 0.8860687873011406
0 0.6738927029794166 0.375630952249151 0.6482467359375 0.3743489578125001 0.6218921858558368 0.9015649140412909 0.6475381528977533 0.9028469084779418