0 0.22140852341824938 0.8003337266609247 0.1546402694991172 0.3043334251618255 0.11718800000000003 0.30937499999999996 0.18395625391913217 0.8053753014990992
0 0.2751841097703735 0.7855054328117909 0.19669001450828505 0.3035521902647773 0.16093799999999997 0.309375 0.2394320952620884 0.7913282425470135
0 0.3189320337854705 0.7823640467670798 0.240625 0.303125 0.20310549638012815 0.30925563784638427 0.2814125301655987 0.7884946846134641
0 0.35665214279875024 0.7853407382273233 0.279687 0.301563 0.24165916598627796 0.3076129221934392 0.3186243087850281 0.7913906604207626
0 0.38965757107466237 0.7866030267291977 0.303125 0.235937 0.27166945500840756 0.2408799764150237 0.35820202608306995 0.7915460031442214
0 0.41718700000000003 0.785937 0.3327737437845616 0.24037128575920094 0.310937 0.24374999999999997 0.3953502562154385 0.789315714240799
0 0.444186865169658 0.7873645443346661 0.3640200745729597 0.23876925383726108 0.34062499999999996 0.24218799999999993 0.42079179059669813 0.7907832904974048
0 0.47510907614113806 0.7867829392811605 0.40468700000000013 0.240625 0.37315535670382133 0.24469071730511013 0.4435774328449593 0.7908486565862706
0 0.5119886685833963 0.7899314285998733 0.4437499999999999 0.24062499999999995 0.4104808357365002 0.24475792718967465 0.4787195043198967 0.7940643557895479
0 0.5437675631825389 0.7845421028251005 0.48906300000000014 0.264062 0.45750461567613615 0.26737891378750706 0.5122091788586749 0.7878590166126076
0 0.5719266851897339 0.7864287034984109 0.514062 0.235937 0.48901031481026613 0.23857029650158929 0.546875 0.7890620000000002
0 0.5977045888288539 0.7868356275177499 0.546875 0.232813 0.521515049871869 0.23513968445963757 0.5723446387007229 0.7891623119773876
0 0.626650450893504 0.780914793709664 0.5875000000000001 0.23125 0.5544107041585857 0.23360681976863917 0.5935611550520897 0.7832716134783031
0 0.657899426868558 0.7844141444929569 0.628125 0.232813 0.595156064008063 0.23459260322132475 0.6249304908766209 0.7861937477142816
0 0.7205498147700313 0.7992048806955754 0.7093698853506586 0.24662220174619098 0.6420523673657216 0.24798417910890866 0.6532322967850942 0.800566858058293
0 0.835938 0.1265620000000001 0.7596298388444974 0.1234464048460471 0.730994263432181 0.8247981515809073 0.8073024245876835 0.8279137467348603
0 0.8796870000000003 0.12656200000000012 0.8454961135858667 0.12472213431294817 0.8077337526580705 0.8264736818841196 0.841924639072204 0.8283135475711715
0 0.885938 0.2687500000000001 0.8735805681749162 0.267987195566353 0.8422890482842391 0.7749098177953234 0.8546464801093228 0.7756726222289705
0 0.929688 0.26875000000000016 0.8938100601454819 0.26630623264187214 0.8591622011009008 0.7749855055500521 0.895040140955419 0.77742927290818
0 0.626241175 0.7624059453125 0.6198497246644525 0.687050203428446 0.5912537037371302 0.6894756330371477 0.5976451540726776 0.7648313749212017
0 0.3125 0.7578125 0.30156249999999996 0.6859374999999999 0.27009021362586605 0.6907267609699768 0.28102771362586604 0.7626017609699769
0 0.348505731441048 0.7505117358078602 0.33906249999999993 0.6796875 0.30774426855895193 0.6838632641921397 0.3171875 0.7546875
0 0.2703534388646288 0.7628070414847162 0.2609375 0.6921875 0.22808406113537116 0.6965679585152839 0.2375 0.7671875000000001
0 0.5708997875451639 0.767561723227751 0.562485975 0.691413734375 0.5382347823330103 0.6940933191174319 0.5466485948781742 0.7702413079701829
0 0.21674634897945433 0.7627552116991879 0.207893390625 0.6816031046875 0.16973307430756748 0.6857660488622257 0.1785860326620218 0.7669181558739137
0 0.8488613757160766 0.7275684342910395 0.8139244171875001 0.7258730312500001 0.8099910008464237 0.8069284500839607 0.8449279593750001 0.8086238531250001
0 0.47680192208614863 0.7663917512668919 0.46416660781249997 0.6905798656250001 0.4328734466638514 0.6957953924831082 0.4455087609375001 0.7716072781250001
0 0.3892271697881712 0.7633611105704701 0.37556890468750004 0.6859642750000001 0.3465481083315856 0.6910855920039849 0.36020637343225675 0.7684824275744548
0 0.7147220515625001 0.6908448 0.6721888421875001 0.6908448 0.6721888421875002 0.7661423562499999 0.7147220515625002 0.7661423562499999
0 0.598874557689293 0.7735708870235407 0.589087265625 0.6975678562500001 0.563186943873207 0.7009031707889594 0.5729742359375001 0.7769062015625
0 0.5093600573918033 0.7686826126277156 0.5008076890625001 0.6906058531250001 0.4691715660456966 0.6940712092472843 0.4777239343749999 0.7721479687499999
0 0.41580062812499985 0.7723417687499999 0.40397526595270483 0.6958057813945309 0.37979226282770495 0.6995422298320308 0.391617625 0.7760782171875
0 0.6561401218750001 0.7626257187500002 0.6541615171875 0.6867981453125 0.622265488591503 0.6876304234513316 0.624244093279003 0.7634579968888318
0 0.44077593459375003 0.76384003434375 0.42943103593750004 0.6844257437499998 0.40597813728124993 0.6877761578437498 0.4173230359374999 0.7671904484375001
0 0.8015625000000002 0.7406250000000002 0.7531909743003007 0.7388385852770123 0.7504979088174092 0.8117598865517689 0.7988694345171086 0.8135463012747566
0 0.5440192603539067 0.7746004123863252 0.53720375 0.6964689046875 0.5062201921164138 0.6991716396759307 0.5130357024703205 0.7773031473747558
0 0.86256470625 0.6629061 0.8514082820377116 0.6621673696253244 0.8463957336002117 0.7378676774378243 0.8575521578125003 0.7386064078125
0 0.9032220578124999 0.6636482593750002 0.8669815610115148 0.6608309019213643 0.8609240079274867 0.7387509872411047 0.8971645047284721 0.7415683446947406