0 0.12153750000000012 0.14803437500000002 0.08918834663456682 0.1427038505026932 -0.003406965865433209 0.7046335380026931 0.028942187500000084 0.7099640625
0 0.2135182190031253 0.15754056894388313 0.15823437500000004 0.14905156250000004 0.07192996532892348 0.7111007908258442 0.12721380933204876 0.7195897972697274
0 0.2679921875000001 0.17123125000000003 0.2144580927538831 0.16301197293804806 0.1291112177538831 0.718896347938048 0.18264531250000007 0.7271156249999999
0 0.31985937500000017 0.20701718750000006 0.26457551709998034 0.19872800272132563 0.18546250000000006 0.7263640625 0.24074635790001989 0.7346532472786744
0 0.3417140625000001 0.23439687500000006 0.3231866606626571 0.23142488680992718 0.24216092229836236 0.736540088430527 0.26068832413570536 0.7395120766205998
0 0.3821359375000001 0.19410468750000004 0.3519554121326292 0.1892476730090976 0.2625859375000001 0.744571875 0.292766462867371 0.7494288894909025
0 0.413875 0.19704843750000006 0.38495682449085905 0.19228857022529558 0.293858386990859 0.7457495077252956 0.3227765625 0.750509375
0 0.4607098495611422 0.22597875658157035 0.41366096589950796 0.2182641367531092 0.32591406250000005 0.7534031250000001 0.3729629461616343 0.7611177448284612
0 0.5113329280390773 0.23558793293458752 0.4640531250000001 0.22745781250000005 0.3721515525805728 0.7619010938672698 0.41943135561964995 0.7700312143018573
0 0.5627149295325989 0.22325357861580092 0.5172406799368015 0.21545746964307985 0.42219531250000014 0.7698515625000001 0.46766956209579763 0.7776476714727212
0 0.6109424158528687 0.231041832006646 0.5659787775009651 0.22321754036609187 0.4695515625000001 0.777353125 0.5145152008519036 0.7851774166405541
0 0.6550950483274469 0.26433222321762245 0.6087216228999492 0.2563536634361658 0.5179703125 0.7838234375 0.5643437379274977 0.7918019972814567
0 0.7050726502275462 0.2724351472967476 0.6578140625 0.26414062500000013 0.5648832867782501 0.7936198475415279 0.6121418745057963 0.8019143698382756
0 0.774034414981779 0.2912408018208542 0.7119531249999999 0.2799078125000001 0.6165124600182208 0.8027248231791457 0.6785937500000001 0.8140578125
0 0.8388700975324811 0.2902544050081958 0.7758843749999997 0.27924375000000007 0.683515179093618 0.8076356158406058 0.7465009016260995 0.8186462708488017
0 0.9028716821203939 0.29965811352776733 0.8371327696811118 0.28892791634218434 0.750587650060718 0.8191494903144173 0.8163265625000002 0.8298796875000004
0 0.9730339405641935 0.311578963729992 0.9074312500000001 0.3000796875000001 0.8141879344358068 0.8320272862700083 0.8797906250000003 0.8435265625000001