0 0.9944957499999999 0.3418560625000001 0.9493634700833555 0.3384701525423125 0.9118975941392836 0.8378692569369719 0.9570298740559281 0.8412551668946593
0 0.9386274687500002 0.34192021093750014 0.8950686255170144 0.33919153745771896 0.8639919161420144 0.835280762457719 0.9075507593750002 0.8380094359375002
0 0.8933443312500001 0.3431041906250001 0.8507249296875001 0.3407362296875001 0.823030852181635 0.839184067839591 0.865650253744135 0.841552028777091
0 0.8453974609375002 0.3431041906250002 0.8012430990601297 0.3409602095285532 0.7772289187621242 0.8355218494720127 0.8213832806394947 0.8376658305684597
0 0.7983385796875002 0.3513920531250002 0.7562648081830325 0.34971129781358784 0.7365241679438339 0.8438719773226329 0.7785979394483016 0.845552732634045
0 0.7486158453125001 0.3513920531250001 0.7084521854537258 0.35029811039262154 0.6949849855732466 0.8447408442216778 0.7351486454320209 0.8458347869540566
0 0.7015569640625003 0.3525760328125001 0.6607243833538041 0.3519071098975567 0.652587912975445 0.8485758231174814 0.6934204936841412 0.8492447460324246
0 0.6553956160714581 0.35625834823737373 0.6145445355950983 0.3558838255548982 0.6100485039905533 0.8462886995334736 0.6508995844669132 0.8466632222159491
0 0.6101028187500002 0.358495975 0.5692604028237659 0.35827076035706396 0.5665954250000002 0.8415614171875001 0.6074378409262344 0.8417866318304362
0 0.5657292362464188 0.8438501864512761 0.5639318093749999 0.3596799546874999 0.5189040946919291 0.35984711495267174 0.520701521563348 0.8440173467164478
0 0.5222727732361173 0.8459114040414955 0.5141974881523071 0.36135264499603587 0.47247766406249986 0.36204791562499994 0.48055294914631 0.8466066746704597
0 0.4796182896652158 0.8396889614573384 0.46890624244160184 0.3587903783451 0.42897027187500003 0.35967995468749997 0.4396823190986138 0.8405785377997382
0 0.4397949964324025 0.846108165301277 0.4253820659996726 0.3596286418210345 0.3824359357038437 0.3609010069637245 0.39684886613657355 0.8473805304439669
0 0.39702154297952863 0.8432203598034578 0.38101866127195405 0.3619036036544481 0.3410677921875 0.36323189531249994 0.3570706738950746 0.8445486514615096
0 0.35890566127875295 0.8399547627207482 0.3392919296875 0.36204795468750006 0.29925792076181773 0.36369098695318713 0.3188716523530707 0.8415977949864354
0 0.32066382239009183 0.8430999101840928 0.2966236364973899 0.3658131967032467 0.25523793749999996 0.36789772968749995 0.27927812339270186 0.8451844431683462
0 0.279847333018474 0.8447108459965318 0.25227707188621895 0.3655955119509826 0.2122691875 0.3678977296875 0.23983944863225504 0.847013063733049
0 0.24013074581818855 0.8449579978321309 0.21054579218750002 0.36796785625000006 0.1701942998129447 0.3704706271183257 0.19977925344363326 0.8474607687004566
0 0.20182515326888767 0.8424326457489834 0.16511589666085516 0.3660626308580891 0.1237324933478515 0.3692516518376709 0.160441749955884 0.845621666728565
0 0.160398784486778 0.843701804660393 0.1215250752711012 0.3663236265876842 0.07820856593710013 0.36985096291228603 0.11708227515277694 0.8472291409849948
0 0.1185221308312848 0.8453916945061616 0.07898101839453989 0.36965539179760804 0.0374645 0.3731060625 0.07700561243674492 0.8488423652085537
0 0.07740781378969021 0.8409139570655337 0.035628646875 0.3703358171875001 -0.0054880546071844945 0.37398626625989195 0.03629111230750571 0.8445644061379257