0 0.8554970670629359 0.8440808783504894 0.8534832819341084 0.8221364119789542 0.2713064508628816 0.8755612264588304 0.273320235991709 0.8975056928303656
0 0.8486584069445792 0.8182191855207955 0.8466618050633086 0.7978994325324639 0.27296239121614835 0.8542706556289668 0.27495899309741895 0.8745904086172984
0 0.823181098265011 0.7945606131734443 0.8201206367979887 0.7589415764919516 0.3387395385329778 0.8003028383185073 0.34180000000000005 0.835921875
0 0.8222926804283016 0.7569954167235133 0.8195265624999999 0.7254046875 0.33386669457169826 0.7679295832764865 0.3366328125 0.7995203124999999
0 0.8181015625000001 0.7189609375000001 0.816489000316919 0.699444738732274 0.33397337531691884 0.7393134887322739 0.3355859375 0.7588296875
0 0.8135312499999998 0.6939453125 0.8118237662008072 0.6737781784129396 0.3347690787008073 0.7141688034129395 0.33647656249999996 0.7343359374999999
0 0.7810613671278259 0.663777980694229 0.7789608363569333 0.6442732529929709 0.4067654368377137 0.6843562473033413 0.40886596760860644 0.7038609750045994
0 0.8571424863534649 0.631294673345991 0.8519518049997037 0.5852956481119749 0.17462328098848384 0.6617276273130408 0.179813962342245 0.7077266525470569
0 0.8353161599231166 0.5801978581963565 0.8311164588624184 0.5372773828269336 0.30337657991496547 0.5889159005812667 0.30757628097566364 0.6318363759506895
0 0.8223291480811861 0.5386136848578016 0.8192090329151773 0.49901284673748486 0.3889814473339912 0.5329100993796831 0.39210156249999994 0.5725109374999999
0 0.8231069965694762 0.503452255424682 0.8198331600672393 0.4410311061153586 0.2975474576251816 0.46842371288679113 0.3008212941274183 0.5308448621961145
0 0.8023281250000001 0.43871093750000006 0.7998158907446173 0.3907739103468354 0.31545461047361134 0.4161578165367194 0.31796684472899406 0.4640948436898841
0 0.7994275561411794 0.3908092480796991 0.7972106896785149 0.3404070543245101 0.3119261887694194 0.3617515803215653 0.31414305523208386 0.41215377407675424
0 0.7880436083204728 0.3359971149061424 0.7854905887991588 0.2784654008031536 0.2543010514025021 0.3020373954783642 0.25685407092381607 0.3595691095813531
0 0.7845340713026887 0.24828909244063943 0.258206935312334 0.2137307475931523 0.25574375 0.25124531250000004 0.7820708859903547 0.28580365734748714
0 0.7844665757148175 0.2094527774638614 0.2559311873307265 0.1684738208429653 0.25323125 0.20329687500000002 0.781766638384091 0.2442758316208961
0 0.7802084548171092 0.1743283142664111 0.2811718129107538 0.13605745774671366 0.2786171875 0.16936875 0.7776538294063554 0.20763960651969748