0 0.12775591875 0.8978169437499999 0.07572678124999999 0.23227757500000004 0.015512402144996124 0.23698488813132618 0.06754153964499612 0.902524256881326
0 0.17256620082851082 0.8970184106665895 0.11637454531249998 0.10979231718749997 0.07084889078868792 0.11304190700335244 0.12704054630469877 0.9002680004824419
0 0.213929175 0.9010687656249999 0.1736368447463488 0.10837884633378221 0.12450409687500001 0.11087625781250002 0.1647964271286512 0.9035661771037178
0 0.24969920625 0.901068765625 0.2186310054787261 0.03442948963665655 0.17246845781250003 0.036084373437500004 0.2035366585837739 0.9027236494258435
0 0.28953401406250007 0.9054045265624999 0.2703123923480478 0.0404317710758033 0.22158322809581446 0.041514641670023125 0.2408048498102667 0.9064873971567199
0 0.328555865625 0.9032366453125 0.31554858281250003 0.04367195625 0.2675624049559868 0.04439810262899022 0.2805696877684868 0.9039627916914903
0 0.37084656234079777 0.9039412855761342 0.3626541589761111 0.043192666352909394 0.3122967609375 0.043671956250000005 0.32048916430218666 0.9044205754732249
0 0.400908884375 0.9075724078124999 0.3984576768763058 0.2386650786700102 0.3667647640624999 0.23878121718749995 0.3692159715611941 0.9076885463299897
0 0.43667891562500005 0.9054045265624999 0.4350501276348281 0.24520263495721234 0.4017218390625 0.24528485937500005 0.40335062705267194 0.9054867509802877
0 0.4838303203125 0.2712994281250001 0.43667891562500005 0.2712994281250001 0.4366789156250001 0.9075724078125 0.4838303203125001 0.9075724078125
0 0.5130967093750002 0.27129942812499996 0.48625926077740705 0.27092288228907774 0.47731675296490683 0.9082798010390777 0.5041542015625 0.9086563468750001
0 0.5904184045106239 0.18417610626782518 0.5196003515625 0.18241632031250005 0.501501993554775 0.91073812091942 0.5723200465028989 0.9124979068747452
0 0.6627132188213315 0.19120406716842248 0.5952051906250001 0.18891996093750008 0.5707094233429076 0.9129059673600025 0.638217451539239 0.915190073590925
0 0.7415371359375001 0.19975936562500013 0.6675582078125001 0.19650754375000007 0.6359782633155614 0.9149510913783626 0.7099571914405615 0.9182029132533627
0 0.7937344155208876 0.16715412404681002 0.7512925984375 0.16398933437500007 0.6949176237241236 0.9200131504845158 0.7373594408075113 0.9231779401563258
0 0.8366529000000001 0.16832509531250012 0.7944771831773518 0.16493761008679883 0.734154878355251 0.9159774749882663 0.7763305951778994 0.9193649602139675
0 0.8813654390625001 0.1748287375000001 0.8360897580964355 0.17088027695173708 0.7708219335589608 0.9192846651905207 0.8160976145250254 0.9232331257387838
0 0.9155095609374999 0.16940903593750015 0.8857903348902226 0.1666349547324928 0.8157588032818681 0.916895226331224 0.8454780293291455 0.9196693075362313
0 0.9496673543499972 0.17903261605416096 0.9195743359374997 0.17591267812500008 0.84275503305603 0.916864821576475 0.8728480514685273 0.9199847595056359
0 0.9919273546875005 0.18133237968750016 0.9508684200777686 0.17669278072391986 0.8674058159197384 0.9153095519971849 0.9084647505294703 0.9199491509607652
0 1.041217128959746 0.19331847333040725 0.9932670281823832 0.1870553282435876 0.8981351238150651 0.9153770162011117 0.946085224592428 0.9216401612879315