0 0.29739851947778806 0.2687136668319375 0.2796822662806947 0.2683182531180495 0.2685232484375001 0.7682907593749999 0.28623950163459344 0.7686861730888879
0 0.3118277195164929 0.2697370834283618 0.29480694671331126 0.26948252614253176 0.2873782115718185 0.7661990614641703 0.3043989843750001 0.7664536187500002
0 0.3287528765625001 0.2688468140625 0.3154392830780445 0.2685892837285701 0.3058153406250001 0.7661200234375001 0.31912893410945575 0.7663775537714299
0 0.34356573956057707 0.27205236943362315 0.33097265468750003 0.27180678125 0.3213136970193946 0.767091496928994 0.33390678189247164 0.7673370851126172
0 0.3616240625000001 0.26899859375 0.3468537115886746 0.2686808333697911 0.3361521062500001 0.7661200234375001 0.3509224571613256 0.766437783817709
0 0.3768477265625002 0.2727934312500001 0.36282159233048616 0.27245153255677723 0.35078898734729347 0.7660800137427808 0.3648151215793075 0.7664219124360037
0 0.39419485917906005 0.32261048236894774 0.37758762031250004 0.32212607812500005 0.36466741747162945 0.7650802790091078 0.38127465633818947 0.7655646832530555
0 0.4071844437500001 0.32409941093750005 0.39156551033893294 0.32384095700151894 0.3842469078125001 0.7661200234375002 0.3998658412235673 0.7663784773734813
0 0.4267282281250001 0.19521387031250004 0.4082667253689867 0.19491685703005007 0.3990453187500001 0.7680933234375001 0.4175068215060135 0.76839033671995
0 0.44715291281171127 0.19910076156651965 0.4304310487311149 0.19878632861748838 0.4197630750000001 0.7661200234375001 0.4364849390805965 0.7664344563865314
0 0.4664183976035742 0.27220559618498386 0.45083973593750004 0.27180678125 0.43816008602489254 0.7671041202044797 0.4537387476909666 0.7675029351394635
0 0.48193006904348634 0.2720962100080768 0.4656786376071735 0.271778656387052 0.4560191875000001 0.7661200234375001 0.47227061893631295 0.7664375770585249
0 0.49671480625 0.2747667328125 0.4841626670266071 0.27450157124816466 0.4737773203125001 0.7661200234375001 0.486329459535893 0.7663851850018355
0 0.5100468734082658 0.27497113469152346 0.4981946921875 0.27476673281249997 0.4897209476147243 0.766114252585069 0.5015731288354901 0.7663186544640925
0 0.5366705328125001 0.27871335 0.5107834808971845 0.2781993455347928 0.5011355581771614 0.7641022768011416 0.5270226100924771 0.764616281266349
0 0.5603479125000002 0.2836466171875001 0.534984007595533 0.2834218971600376 0.5307510890625001 0.7611868046875 0.5561149939669672 0.7614115247149625
0 0.5789100102676417 0.2807678566181036 0.5589326476791937 0.28067288682902897 0.5566483468750001 0.7611868046874999 0.5766257094634479 0.7612817744765746
0 0.5973439671875002 0.2816733015625001 0.5779758198359292 0.28161890525258115 0.5766261609375001 0.7621734218750001 0.5959943082890711 0.762227818184919