0 0.08807884165240924 0.8694298167604637 0.07235270132610104 0.13333609853596134 0.007438540624999999 0.1347229453125 0.0231646809513082 0.8708166635370024
0 0.14078247254857842 0.868197016932575 0.11790654882449478 0.0010906255169388702 0.06341927627591636 0.0025281038968637264 0.08629520000000002 0.8696344953124999
0 0.180625503749343 0.8686595644832151 0.16096692444149774 0.015695603077344394 0.11866575662965476 0.016670533906629325 0.13832433593750001 0.8696344953124999
0 0.21557692489320884 0.8723854763200476 0.20579962343749997 0.126051421875 0.1634764132111643 0.12660587437852927 0.17325371466687317 0.8729399288235768
0 0.248073296875 0.8728863156249996 0.24644234098328938 0.14439287677810267 0.20823848906249998 0.14447840781250001 0.2098694449542106 0.8729718466593971
0 0.28546923750000003 0.13038718281250003 0.23425305624999998 0.13038718281250003 0.23425305625000004 0.866382675 0.2854692375000001 0.866382675
0 0.3204263140625 0.16182145312500004 0.2846562828125 0.16182145312500004 0.28465628281250005 0.8685505546875 0.32042631406250005 0.8685505546875
0 0.3561991770129572 0.8684419776081223 0.35375399018412024 0.0262109114418849 0.3131097171875 0.026328910937500005 0.31555490401633696 0.8685599771037374
0 0.4090384359375002 0.8739702562499998 0.4065740102557758 0.1258801070300235 0.3504949895972855 0.12606484757080036 0.3529594152790099 0.8741549967907767
0 0.4626974844540917 0.03835795717946684 0.40822548125000013 0.03825225468750005 0.40659958255722045 0.8761318273890971 0.461071585761312 0.8762375298810638
0 0.523672173061245 0.14786818899896154 0.4626934828125 0.14773022812500006 0.461060526938755 0.8694965344385386 0.5220392171875001 0.8696344953125001
0 0.5716294875 0.03716831406250007 0.523665128125 0.03716831406250007 0.5236651281250001 0.8674666140625 0.5716294875000001 0.8674666140625
0 0.6123167874977777 0.0570981529695704 0.5668068708420108 0.05663876624936719 0.5586222031250001 0.8674666140625 0.6041321197807672 0.8679260007827032
0 0.6709155855721628 0.04574613939199365 0.6090254296875 0.044755896875000076 0.5958113304015771 0.870637083197049 0.6577014862862399 0.8716273257140428
0 0.7041411937500002 0.0805259281250001 0.6708275235855362 0.07976248984873037 0.6529250125000001 0.8609629718750001 0.6862386826644641 0.8617264101512699
0 0.724505446686987 0.0462041209287703 0.6961030292561887 0.045807016561844105 0.6846302671874999 0.866382675 0.7130326846182983 0.8667797793669262
0 0.7521136289715084 0.04663464031345675 0.7236521203124999 0.045839837500000084 0.7008049685920887 0.8639854146351811 0.7292664772510971 0.8647802174486378
0 0.7764960669085281 0.17802479030142435 0.7456019125 0.17699661718750007 0.7226643912740699 0.8662145250533101 0.753558545682598 0.8672426981672343
0 0.8147292987246635 0.16296239442237068 0.7699905703125001 0.16182145312500013 0.7520793653378367 0.8641577930776295 0.79681809375 0.8652987343750003
0 0.8886820375000003 0.05993106093750013 0.8643572368894354 0.059363262786800965 0.8456592650144353 0.8603951737243009 0.8699840656250002 0.860962971875
0 0.9236706535635436 0.18986224650336422 0.8807240497151392 0.1887570030870535 0.8634804234375002 0.8587950921875003 0.9064270272859046 0.8599003356038111
0 0.9553443671875002 0.023077089062500118 0.9293935600629505 0.022223223813229182 0.9017530819379503 0.862276987875729 0.9277038890625 0.8631308531249999
0 0.98058261374334 0.0890872555909508 0.9488407265625 0.08811350937500013 0.9251714757395175 0.8596766507471145 0.9569133629203576 0.8606503969630651
0 0.9997479843750001 0.05913978437500013 0.9664519621984511 0.05881281963400198 0.9585961890625001 0.8587950921875004 0.9918922112390491 0.8591220569284987