0 0.11007374375000001 0.7703993046875001 0.06393959598996793 0.2803770956044545 0.010871887500000002 0.2853732640625 0.0570060352600321 0.7753954731455456
0 0.16626718800756313 0.7678373363279437 0.12745541825122092 0.2788529495704529 0.0726481296875 0.28320312499999994 0.1114598994438422 0.7721875117574907
0 0.2118765647863698 0.7632300426885004 0.17909385871582814 0.281204752029073 0.13375600156249998 0.28428819531250005 0.16653870763304163 0.7663134859719274
0 0.262233294969516 0.7608998968639222 0.23274251563973164 0.2790977065636997 0.183397928125 0.28211805468750006 0.21288870745478436 0.7639202449877226
0 0.31021941718749996 0.7584635421874999 0.28644483319507363 0.28066723746785394 0.23548126249999995 0.28320312499999994 0.2592558464924263 0.760999429719646
0 0.35659463437499994 0.7573784718749998 0.3402708654922427 0.28278325499534046 0.29651641874999995 0.28428819531249994 0.31284018763275717 0.7588834121921594
0 0.4014247990106128 0.7542330864726849 0.38989968733428154 0.28213528725005976 0.3461583453125 0.283203125 0.35768345698883125 0.7553009242226251
0 0.44938498390601717 0.7612291725916319 0.4444468154503284 0.28485211762443463 0.39417266875 0.2853732640625 0.3991108372056888 0.7617503190296973
0 0.5079308049415162 0.7627216405184438 0.5071105522816693 0.22669012839013414 0.4486974078125 0.22677951406249997 0.44951766047234687 0.7628110261908098
0 0.5388959859375 0.2810329859375001 0.51136016875 0.2810329859375001 0.5113601687500001 0.7530381953124999 0.5388959859375001 0.7530381953124999
0 0.5657466196983415 0.7464880507670356 0.56493112397716 0.2788219378667545 0.5388997763837067 0.27886733019259013 0.5397152721048881 0.7465334430928713
0 0.6104928125000002 0.27994791718750006 0.5691561850364455 0.2795113709618679 0.564270409873267 0.7421461526474673 0.6056070373368218 0.7425826988730995
0 0.6552408296875002 0.27886284687500007 0.6130243071434897 0.27811095752409176 0.6047976109375001 0.7400173609375 0.6470141334815106 0.7407692502884083
0 0.69510724375 0.27777777812500004 0.6578614762704784 0.2769836341074693 0.6480831151333974 0.735593857445684 0.6853288826129191 0.7363880014632148
0 0.7414824609375 0.2777777781250001 0.700991768993565 0.27627051980200357 0.6837748289428472 0.7387830202636809 0.7242655208867823 0.7402902785866775
0 0.791925678125 0.2680121531250001 0.7505298340322824 0.2660003541521736 0.7276512546875 0.7367621531250002 0.7690470987802177 0.7387739520978267
0 0.8383008953125002 0.2604166671875001 0.7990264415442686 0.25809358082983314 0.7710501820980156 0.7310645078914326 0.810324635866247 0.7333875942490996
0 0.882283740625 0.22135416718750006 0.8450810798276123 0.2184019884338241 0.8048551590743088 0.725319560137205 0.8420578198716966 0.728271738890881
0 0.9229637546875005 0.21918402812500015 0.8874373925779893 0.21591870478370523 0.8406394676214923 0.7250750284324704 0.8761658297310035 0.7283403517737653
0 0.9677117718750002 0.21809895781250016 0.9322283459907164 0.2145892339968606 0.881363531115445 0.7288342240732787 0.9168469569997288 0.7323439478889182