0 0.8865050060134735 0.7739639474820427 0.8762350721894953 0.7460775550808132 0.4473972536760217 0.9040089200987704 0.45766718749999996 0.9318953125
0 0.8771054666341064 0.7459248283328298 0.8684234773965015 0.7214573466493075 0.4402961357623951 0.8733731433164775 0.4489781249999999 0.897840625
0 0.8707531567238285 0.7182851460529662 0.8613984708495698 0.6915031856495867 0.4347859391257415 0.8405149145966208 0.44414062500000007 0.8672968750000003
0 0.8608348595302712 0.6929837939625025 0.8526076341050699 0.6683295557489567 0.4274774620747987 0.810197324286454 0.4357046875 0.8348515624999999
0 0.856328092171722 0.6679220050470513 0.8462538845336107 0.6369198653621477 0.42211954236188853 0.7747431728150966 0.43219375 0.8057453125000003
0 0.8532459043203395 0.6373894396628264 0.8428571926829742 0.6039378664924631 0.41298941336263467 0.7374374893296368 0.42337812500000005 0.7708890625
0 0.8481515625000002 0.6089453125000002 0.8385250993120004 0.5760150657282715 0.4080329118120001 0.7018603782282714 0.41765937500000005 0.7347906250000001
0 0.8457140625000001 0.5796765625 0.8366820728310266 0.5466478565868522 0.4007445728310266 0.6658587940868523 0.4097765625000001 0.6988875000000001
0 0.8364038870193273 0.5455557091062219 0.8275905791883135 0.5132219217472205 0.3932320046689862 0.6316162126409987 0.40204531250000003 0.66395
0 0.8305546874999997 0.5186484375000001 0.8231651621074445 0.4893905582657162 0.3858401621074446 0.5998436832657161 0.3932296875 0.6291015625
0 0.8225031250000001 0.4886218750000001 0.8144106554084768 0.4552880354508223 0.37490937500000004 0.5619859375 0.3830018445915234 0.5953197770491778
0 0.8098414724827381 0.4592718022554041 0.8019787893869837 0.42508057201181887 0.3636968749999999 0.5258687499999999 0.3715595580957542 0.5600599802435852
0 0.800096875 0.43039062499999997 0.7963934405627878 0.4129747510026525 0.358371875 0.50611875 0.36207530943721233 0.5235346239973474
0 0.7992251251418144 0.4148075756546114 0.7955196590669353 0.39656905041608115 0.35518906249999993 0.48602968750000003 0.3588945285748791 0.5042682127385303
0 0.8839668229231638 0.37583447749754906 0.8765111709990043 0.33751029257234666 0.53339375 0.4042609375 0.5408494019241596 0.4425851224252023
0 0.8721625 0.33742656250000014 0.864889121857485 0.29748893445994123 0.5219796875 0.35993906249999996 0.529253065642515 0.39987669054005887
0 0.489211252552704 0.3803243797490586 0.4866967341955366 0.36609697377062017 0.3806479816428327 0.3848397815215616 0.3831625 0.39906718750000003
0 0.7749578125000001 0.31328125000000007 0.7722044477395731 0.29736074283475245 0.38427187499999993 0.36445156250000005 0.3870252397604269 0.3803720696652476
0 0.7797605216330583 0.2943894958905645 0.7772542636013615 0.27930375941670355 0.37252967946830323 0.34654238852613917 0.3750359375 0.3616281250000001
0 0.7759219916749418 0.2777019375502753 0.7736345424102834 0.26340759098045297 0.371859375 0.3277015625 0.37414682426465845 0.34199590906982225
0 0.8185551852267935 0.24872991299228708 0.8102493919256162 0.1950507612652054 0.30178906250000004 0.27372500000000005 0.3100948558011773 0.3274041517270817
0 0.8083021245955757 0.20608256112487902 0.8015952459594718 0.15127716401994568 0.28795624999999997 0.21413437500000004 0.2946631286361039 0.26893977210493336
0 0.773428125 0.17184062500000002 0.7708672964103698 0.14228098975730963 0.29302031249999994 0.183678125 0.2955811410896302 0.2132377602426904
0 0.7691015625000001 0.14451875000000003 0.7668700023277676 0.11177608365396163 0.284640625 0.14464218749999996 0.2868721851722324 0.17738485384603836