0 0.1517614699157333 0.8178916456536356 0.10518435913844618 0.3601784705603142 0.08139462828521286 0.36259932490667857 0.12797173906249998 0.8203125
0 0.17767541350588584 0.8275697223316338 0.13117779998697882 0.35867050097186903 0.10437733125 0.361328125 0.150874944768907 0.8302273463597649
0 0.22089393437081872 0.8111543876548512 0.17663347599110132 0.3749987582390497 0.1398497025577826 0.3787315237091986 0.1841101609375 0.814887153125
0 0.25350049774581374 0.8086752933296296 0.21229561473745912 0.37454288946898184 0.18004215937499998 0.37760416718749995 0.22124704238335458 0.8117365710481478
0 0.29559997718986114 0.8198100624993996 0.25312460237403567 0.2966502433651585 0.2077930311408783 0.3003307161551083 0.2502684059567038 0.8234905352893496
0 0.31847756881807465 0.8079903406053626 0.2874373984375 0.3591579859374999 0.26230684340250815 0.36089595491841664 0.2933470137830828 0.8097283095862794
0 0.3470635885202559 0.8000748482615654 0.31672700937500003 0.32769097187499996 0.2888312302297441 0.32948244392593445 0.319167809375 0.8018663203124999
0 0.3869428774895237 0.79550383453876 0.36228862500000003 0.34613715312500004 0.322499259462985 0.3483201744857766 0.3471535119525087 0.7976868558995365
0 0.4193217703385989 0.7741482694164357 0.3972390626844381 0.3443830933528063 0.36310222500000006 0.34613715312500004 0.38518493265416087 0.7759023291886294
0 0.44791648615114354 0.7842752714291079 0.4265630484374999 0.34505208281250005 0.3973913211576777 0.3464703063435277 0.41874475887132123 0.7856934949601356
0 0.47293826562500013 0.776909721875 0.4558526593750001 0.3439670140625001 0.4274970719487552 0.34508603603240484 0.44458267819875524 0.7780287438449048
0 0.5105406185368095 0.7907883091188626 0.4949054734375 0.33094617968749995 0.45758169961420575 0.33221522961144373 0.47321684471351527 0.7920573590428063
0 0.542103980638691 0.7916086574162853 0.5347623818178017 0.3423000984260666 0.4991531375000001 0.34288194531250005 0.5064947363208895 0.7921905043027186
0 0.5682148144405721 0.7790697620106756 0.5632478984374999 0.33745659687499996 0.5357655037519188 0.33776569713908433 0.540732419754991 0.7793788622747598
0 0.600674521875 0.7866753468750001 0.5957893297250502 0.339298059357829 0.5648998975300155 0.3396353603694942 0.5697850896799653 0.7870126478866653
0 0.62752333125 0.7845052078125 0.62589613125 0.33745659687499996 0.5992471972952798 0.3375535956001278 0.6008743972952797 0.7846022065376278
0 0.6543721406250002 0.33637152812500004 0.6293867261092775 0.3359521009106085 0.6220403830071249 0.7735761302628116 0.6470257975228476 0.7739955574772031
0 0.7121377625000002 0.33311632031250005 0.6595857172526873 0.33152823926886665 0.6463962458524926 0.7679881419860141 0.6989482910998054 0.7695762230296475
0 0.771530584375 0.32877604218750006 0.7155596953032494 0.3266123809265169 0.6984963847771497 0.7680163464526124 0.7544672738489003 0.7701800077135956
0 0.7837345890625002 0.32986111093750003 0.7715708360470241 0.32951823301022704 0.7593265796875001 0.7638888890625 0.7714903327029761 0.764231766989773
0 0.8236010031250001 0.32660590312500015 0.7897756118047955 0.3252743585820993 0.7726396526689935 0.7605812557533923 0.8064650439891979 0.7619128002962932
0 0.8748578218749999 0.3244357640625001 0.8370333014588791 0.3225176046150139 0.8141648389451802 0.7734648021320337 0.851989359361301 0.77538296157952
0 0.9065882328124999 0.32552083281250016 0.8801118312449342 0.3238992277514367 0.8528407588916955 0.7691616903198475 0.8793171604592613 0.7707832953809108