0 0.8784342361107754 0.771030917323497 0.8693685159460237 0.7461103731214618 0.4166749048352483 0.9107935182979648 0.425740625 0.9357140625000001
0 0.8785693412824415 0.7416306948281821 0.8629469974337105 0.6977637526558171 0.34109015615126903 0.8836127453276352 0.3567125 0.9274796875000002
0 0.8700232518185238 0.6955333581304265 0.8541283982461275 0.6491976713324912 0.32752858392760376 0.8298408757020649 0.34342343750000004 0.8761765625000002
0 0.8699029712245752 0.6508788524530661 0.8594481186730917 0.6191814254557356 0.3495045224485166 0.7873775730026696 0.35995937499999997 0.819075
0 0.8607516560949733 0.6199774130634944 0.8513601751736193 0.5884620134245623 0.33822343749999995 0.7413750000000001 0.3476149184213539 0.7728903996389322
0 0.8602175925412542 0.5863353885759424 0.8408681133330262 0.5142152868889338 0.30875052079177207 0.6569798983129915 0.32809999999999995 0.7291000000000001
0 0.8427600222744154 0.5201936423292042 0.8331412804688852 0.47924591507039704 0.2947203206944698 0.6057225852411928 0.3043390625 0.6466703125000001
0 0.8310033082939489 0.48046440002709456 0.8219285623877146 0.44018134978557255 0.28534869159376575 0.5610591372584779 0.2944234375 0.6013421875
0 0.8327073888011836 0.4446045893653191 0.8241766804297892 0.40400224244681154 0.23950991662860588 0.5268429655814926 0.24804062500000001 0.5674453125000002
0 0.8279486145959915 0.399147659887743 0.8192114083715254 0.3563028962546161 0.22794364187740915 0.47687838720549347 0.23668084810187526 0.5197231508386204
0 0.8349571312818742 0.35722316685711847 0.8305787734424841 0.33425588175356136 0.10585132966060992 0.472413964896443 0.11022968749999999 0.49538125000000005
0 0.832190625 0.3312312500000001 0.8279196249148544 0.3080378729573335 0.097740625 0.44249843749999995 0.10201162508514558 0.46569181454266656
0 0.8266234375 0.308278125 0.8224658180558528 0.28448740444524023 0.090775 0.4123562500000001 0.09493261944414726 0.43614697055475987
0 0.819990625 0.2855312500000001 0.8158301873147449 0.26008618196080413 0.0822796875 0.3800265625 0.08644012518525498 0.405471630539196
0 0.8277828125 0.2516921875000001 0.8241520229375661 0.22860676793997997 0.12482546043756622 0.3385942679399798 0.12845625 0.3616796875
0 0.8235921875000003 0.23012812500000007 0.8192286951117129 0.20063266103764493 0.11626093750000002 0.30462812499999997 0.12062442988828723 0.3341235889623551
0 0.8184687500000001 0.203771875 0.8143608574589297 0.17437608644173166 0.10792187499999999 0.273096875 0.11202976754107037 0.30249266355826837
0 0.7976838275497439 0.18048090729187885 0.7953196972267301 0.16229867490424255 0.08014218749999999 0.2552890625 0.08250631782301376 0.2734712948876363
0 0.794370075291421 0.16625442059254456 0.7920649394059209 0.14646692361307934 0.071978125 0.230353125 0.07428326088550005 0.2501406219794652
0 0.7596265625 0.15127187499999994 0.7569239584646917 0.12725709262497667 0.2465953125 0.1846890625 0.24929791653530828 0.20870384487502328
0 0.7539046875 0.12751875000000007 0.7505568594708963 0.09492764664141018 0.23610312499999994 0.14777343750000005 0.23945095302910363 0.18036454085858994
0 0.7481390625 0.09217187500000001 0.7456705010950208 0.06647941757964242 0.2277625 0.11624062499999999 0.23023106140497926 0.14193308242035757
0 0.7406506553363895 0.06483669275529157 0.7381629506478609 0.03873438462975 0.2179140625 0.08831718749999999 0.2204017671885287 0.11441949562554157