0 0.16549192017920247 0.937904436420458 0.0314734375 0.45166093749999997 0.00008307982079751586 0.4603127510795423 0.1341015625 0.9465562500000002
0 0.1837971547063425 0.931290965328705 0.05081718750000001 0.4453765625 0.032908448370836806 0.45027763875589893 0.1658884155771793 0.936192041584604
0 0.209654875137343 0.928977946343536 0.054995312500000004 0.36871875 0.029093562362656977 0.37586892865646393 0.18375312499999996 0.936128125
0 0.23580597836285086 0.9229516390879396 0.08184687499999999 0.356571875 0.054451834137149144 0.36401867341206035 0.2084109375 0.9303984374999998
0 0.26107332277476314 0.9166936604971794 0.10260937500000004 0.34412031249999997 0.07924698972523689 0.35058602700282065 0.2377109375 0.923159375
0 0.2856168640505627 0.9075039662428269 0.12683098354623099 0.3343095357982704 0.10489849449566827 0.3403852570554435 0.26368437499999997 0.9135796874999998
0 0.3199807020237738 0.8947408496148219 0.16737500000000002 0.31965468750000003 0.1361769005885604 0.3279334606232866 0.2887826026123342 0.9030196227381084
0 0.35421718750000003 0.8841640624999998 0.20219531250000006 0.308340625 0.1730178182829899 0.3160437108589731 0.32503969328298987 0.891867148358973
0 0.3819703125000001 0.8774281250000001 0.22460937500000006 0.293071875 0.20091015710073462 0.2994538229070262 0.35827109460073464 0.8838100729070264
0 0.4090515625 0.8686296875 0.2502468749999999 0.28245937500000007 0.22582898395566206 0.2890746461490402 0.3846336714556621 0.8752449586490402
0 0.4362375 0.8575140625 0.301934375 0.35465625 0.27827459345190186 0.36097529788936117 0.4125777184519019 0.8638331103893613
0 0.4700935420996218 0.8486046762232498 0.32636093750000017 0.34557812499999996 0.30212520790037833 0.35250313627675023 0.4458578125 0.8555296875
0 0.49692812500000005 0.8389359375 0.34673750000000003 0.31614062500000006 0.32630998729698735 0.32200911851305336 0.47650061229698737 0.8448044310130534
0 0.5199246938363657 0.830753307416952 0.36298593749999997 0.3108609375 0.34429561866363423 0.3165029425830481 0.501234375 0.8363953125
0 0.5747333880229764 0.8151194240069881 0.4088453125 0.2913953125 0.36929004947702354 0.3039243259930119 0.5351781250000001 0.8276484375
0 0.61908125 0.8015265625000001 0.451403125 0.27756875 0.4118703742444515 0.2902201073509942 0.5795484992444513 0.8141779198509942
0 0.6720347628204199 0.7852529384019531 0.48831260235606083 0.22772638017325225 0.4427169020356409 0.24275156677129903 0.6264390624999999 0.8002781249999998
0 0.7206939585166366 0.7691372850433387 0.5336890624999999 0.21204062500000004 0.4858607289833633 0.22809552745666145 0.6728656249999999 0.7851921875000001
0 0.7836203125000001 0.7469249999999998 0.5981811120651643 0.1972894414791357 0.5411726018529647 0.21652329996562258 0.7266118022878005 0.7661588584864868
0 0.8205296874999999 0.7315093750000001 0.6404703124999999 0.21157343750000007 0.6051118429093965 0.22381845361881866 0.7851712179093965 0.7437543911188187
0 0.894709375 0.7096890625000002 0.70265625 0.17653593750000002 0.6430126996734673 0.1980208162134191 0.8350658246734675 0.7311739412134193
0 0.9651234375000002 0.6868093750000002 0.770853125 0.15209531249999997 0.7075599727999387 0.17509074373950656 0.9018302852999387 0.7098048062395067