0 0.9735623487329856 0.07480667931084302 0.9252650234375001 0.0631828828125001 0.7151896028295144 0.9360544035016574 0.7634869281250001 0.9476782000000001
0 0.9311947912733419 0.06291786924652702 0.8455954078125 0.04258801562500012 0.6274843181016582 0.9609504963784732 0.7130837015625001 0.9812803500000001
0 0.8402781693807538 0.07447095618748951 0.7537314640624999 0.05342741875000008 0.5306082759317464 0.9710762156875106 0.6171549812500003 0.9921197531250001
0 0.7407144752395591 0.11159905914908674 0.7056525500089253 0.1038039263627188 0.5089270841443664 0.988660382838632 0.5439890093750002 0.996455515625
0 0.7134404003993808 0.10716173040736446 0.687137926633089 0.10109566172813148 0.4835424137337082 0.9838858047582673 0.5098448875000001 0.9899518734375002
0 0.680170740502949 0.1090082774188221 0.6558715878999912 0.10356816863101659 0.46034412239704237 0.9769241818371945 0.48464327500000015 0.9823642906250001
0 0.656016742108271 0.12968135951046797 0.6317881765624999 0.12388354062500007 0.42360409539172894 0.9938661592395321 0.4478326609375 0.9996639781250002
0 0.6260487918722328 0.1258034891158688 0.5931913383867407 0.118127772500671 0.38952751093750004 0.9899518734375002 0.42238496442299234 0.9976275900526982
0 0.5896529180534065 0.13265363261206872 0.5559101647389746 0.12507742947533992 0.3602611218750001 0.9964555156250002 0.394003875189432 1.0040317187617291
0 0.5544985229370718 0.13223813026465472 0.522852171875 0.12496748125000004 0.3232376874020492 0.9938128951838661 0.3548840384641211 1.0010835441985209
0 0.525462901339879 0.08976798719639349 0.4810701828275258 0.07991634223590734 0.278152640625 0.9942876343750001 0.3225453591373533 1.0041392793354862
0 0.4849729266087948 0.09426446664001102 0.4439955125 0.08486168906250005 0.23421081336414717 0.9991058492922649 0.27518822747294197 1.0085086268697758
0 0.437470010200076 0.09292835112126799 0.4014991904784777 0.084811447866153 0.19506048437500012 0.999663978125 0.2310313040965984 1.007780881380115
0 0.39005311855993385 0.09720126416917316 0.36351294218749997 0.09136533125000006 0.16425777477696796 0.9975216149900934 0.19079795114940187 1.0033575479092665
0 0.3553130151225333 0.098267153299503 0.33189121196742927 0.09319949399441194 0.13583669375000018 0.9993279562499999 0.15925849690510424 1.004395615555091
0 0.31741172636989373 0.10034719293300716 0.28621164322563 0.0939342647411742 0.10092839531250009 0.9953715750000001 0.13212847845676384 1.0017845031918329
0 0.27346813990631647 0.13075210715044067 0.21170042197555206 0.11845683506761721 0.03629032187500012 0.999663978125 0.09805803980576455 1.0119592502078234
0 0.20596624164758856 0.13836127581265725 0.14459929685940165 0.12662015113147518 -0.021362332372432215 0.9940462635847972 0.0400046124157547 1.0057873882659794
0 0.1647262489542016 0.11393444128775085 0.109870903125 0.102204734375 -0.0547334020792015 0.8719960133997493 0.00012194375000009749 0.8837257203125002
0 0.10292111628213466 0.11653194584489679 0.044834482812500014 0.10437261562500003 -0.05808663346963455 0.5960395947801033 8.881784197001253e-17 0.6081989250000001