0 0.0789827593225625 0.07745809162632467 0.039143795312500014 0.07727410625000002 0.03505901298752089 0.961765576629905 0.07489797699758338 0.9619495620062297
0 0.11637454531250006 0.06751864375000001 0.07653973750000001 0.06751864375 0.07653973750000007 0.9661051859375 0.11637454531250013 0.9661051859375
0 0.15051866562500008 0.06860258437500003 0.10824499218750001 0.06860258437500003 0.10824499218750008 0.9693570062499999 0.15051866562500013 0.9693570062499999
0 0.2106935563845609 0.07216831866100579 0.15300537541710235 0.07185018532825352 0.14807980000000012 0.9650212453125 0.20576798096745863 0.9653393786452522
0 0.28873266215433546 0.09415598877512132 0.2057996234375 0.09353321250000002 0.19926374506426459 0.9638943290510366 0.2821967837811 0.9645171053261578
0 0.34237610625000015 0.09136533125000004 0.281439997648564 0.09079830786684383 0.2732749093750001 0.9682730656249999 0.33421101797643626 0.9688400890081562
0 0.39118206413399037 0.08076428035203037 0.3407863716076901 0.08048568010195456 0.33587246406250015 0.9693570062499999 0.3862681565888004 0.9696356065000756
0 0.4342400500000002 0.12605142187500007 0.39115603630939766 0.12571570228046813 0.3846413323593156 0.9617693576141619 0.4277253460499181 0.9621050772086939
0 0.4781396328125001 0.11954777968750008 0.43347252689008275 0.11924943074219312 0.42778184095258276 0.9712265385546933 0.47244894687500005 0.9715248875000004
0 0.5553861622056726 0.10189307548013349 0.48378171980304946 0.10108347743035213 0.47401047634737703 0.9652955878877189 0.5456149187500002 0.9661051859375002
0 0.609843922576252 0.9702495882278204 0.6073778564644307 0.09013794397348325 0.5390840776381787 0.09032930262066298 0.54155014375 0.970440946875
0 0.6765094561113709 0.9605025445580011 0.6740397849646044 0.09337351420945429 0.6098075788532336 0.09355645402645321 0.6122772500000001 0.960685484375
0 0.7155225671875002 0.12821930312500007 0.6789526673560037 0.12811160381872008 0.6765138017310035 0.9562420225687202 0.7130837015625 0.9563497218750001
0 0.7642998828125003 0.1238835406250001 0.7171657996193108 0.12379039023854435 0.7155225671875002 0.9552657828125003 0.7626566503806896 0.955358933198956
0 0.8187678843749999 0.1368908250000001 0.7667387484375001 0.1368908250000001 0.7667387484375002 0.9671891265625 0.8187678843749999 0.9671891265625
0 0.8553508718750003 0.9780285296875 0.8520742017742509 0.1031578426556085 0.817141975 0.10328867500000001 0.8204186451007495 0.9781593620318916
0 0.880552484375 0.1065404953125001 0.8512860953124999 0.1065404953125001 0.8512860953124999 0.9747767078124999 0.880552484375 0.9747767078124999
0 0.9659127859375 0.13255506406250012 0.8862431718750001 0.1325550640625001 0.8862431718750001 0.970440946875 0.9659127859375 0.970440946875