0 0.13649038755656034 0.842237849588639 0.0999500107922021 0.32833057289861683 0.017382303124999998 0.33420138906249997 0.05392267988935823 0.8481086657525221
0 0.19881307968750003 0.8279079859375003 0.1684191734191736 0.3491537069473918 0.1133850484375 0.35264757031250005 0.14377895470582644 0.8314018493026085
0 0.25173792308656817 0.8265564198466855 0.22802354244957584 0.35106057425401105 0.17444610625 0.3537326390625 0.19816048688699234 0.8292284846551745
0 0.3094627203125 0.8213975703124999 0.29475977785253316 0.35514420693518967 0.23629506406249995 0.35698784687499996 0.2509980065224668 0.8232412102523103
0 0.36316034062499997 0.814887153125 0.3500709696429437 0.35555449188570465 0.29977162656249995 0.35698784687499996 0.31286099754455615 0.8163205081142954
0 0.41604435937499995 0.8203125 0.40787228314873125 0.35711333658932876 0.3534825640625 0.35807291718749995 0.3616546402887686 0.8212720805981713
0 0.4624195765625001 0.8203124999999998 0.44692835490846405 0.30381039601253124 0.41044870937499994 0.3049045140625 0.425939931029036 0.8214066180499687
0 0.5105674070840901 0.8205839212827633 0.497380020077878 0.303949825439885 0.4599787749999999 0.3049045140625 0.473166162006212 0.8215386099053781
0 0.5423452495611922 0.8044541997408414 0.5242531984375 0.3580729171875 0.495736077861271 0.35922872999491534 0.5138281289849632 0.8056100125482567
0 0.573895669951852 0.8065412597532513 0.5567972109375 0.3613281250000001 0.5283215280332538 0.36242173670872424 0.5454199870476059 0.8076348714619753
0 0.6081252934267949 0.8164315679033688 0.5982908265625 0.3038194453125 0.5641113772525066 0.3044751782670389 0.5739458441168014 0.8170873008579077
0 0.641444380257926 0.8134534886640582 0.6357164390625001 0.3049045140625 0.6000446777694596 0.3053062959187783 0.6057726189648855 0.8138552705203363
0 0.6739779835830226 0.8125560505555567 0.6715148531249999 0.35156250000000006 0.6374830693141538 0.35174433491535695 0.6399461997721765 0.8127378854709135
0 0.7057075713557206 0.8103462380015527 0.7024316640625 0.3450520828125 0.6722993889808367 0.34526422934088535 0.6755752962740573 0.8105583845299382
0 0.7374164765625002 0.34830729218750006 0.7074945600162597 0.34820096107473003 0.7058515769164911 0.8105416807141778 0.7357734934627317 0.8106480118269477
0 0.7748420906250002 0.34939236093750015 0.7408910548438745 0.34866674670395176 0.7310684890225081 0.8082584529372738 0.7650195248036338 0.808984067170822
0 0.8041317015624999 0.2940538203125001 0.77652602633809 0.293482506902062 0.7659218987517908 0.8058704481567615 0.7935275739762008 0.8064417615671996
0 0.8505150310718106 0.30138617875701557 0.8238601687500001 0.30056423593750015 0.8083175193310682 0.8045983007670318 0.8349723816528787 0.8054202435865472
0 0.8822373296875001 0.2994791671875001 0.8554650991770949 0.29849050240823105 0.8366757125000002 0.8072916671874999 0.8634479430104054 0.808280331966769
0 0.9164085421875001 0.2973090281250001 0.8914670050066391 0.2960728938877451 0.8661339365473074 0.8072193776926158 0.8910754737281683 0.8084555119298708
0 0.946511753125 0.29622395781250016 0.9181909481576245 0.2946008747185874 0.888737419517185 0.808528746529545 0.9170582244845604 0.8101518296234577