0 0.13353809799107463 0.9384233610072179 0.11310759763932307 0.10050043434331232 0.043208571875000004 0.10220473437499997 0.06363907222675155 0.9401276610389055
0 0.17818479489019448 0.9380032772754572 0.161087084375 0.16182145312500001 0.11386308624363128 0.1628617019743002 0.13096079675882577 0.9390435261247573
0 0.21724021928885068 0.9278227613292754 0.20983912119824488 0.1581086800277201 0.1619000390625 0.15856963281250003 0.16930113715310582 0.9282837141140554
0 0.24973199258825923 0.9344298042768262 0.24237189807412118 0.015235725895933605 0.21067735468749998 0.015489507812499997 0.21803744920163806 0.9346835861933928
0 0.2773396859375 0.932503034375 0.26513971073110654 0.018318290606002544 0.23344010156249997 0.018741328125 0.2456400767688934 0.9329260718939976
0 0.2992894765625 0.9303351546875002 0.28953401406250007 0.1921717828125 0.26433680248000285 0.19250478558947773 0.2740922649800028 0.930668157464478
0 0.31882704451356525 0.9280058543806209 0.31147313359358614 0.07495213740805538 0.2927485218925209 0.07511355646493438 0.30010243281250004 0.9281672734374998
0 0.34973535246778203 0.9267540252871823 0.3407360787438711 0.08136770591121381 0.30980112940108906 0.08169701343653137 0.318800403125 0.9270833328124999
0 0.4033477500000001 0.19759148437500004 0.3472649620066466 0.1973342238121405 0.34394749358983473 0.9205421489859782 0.40003028158318826 0.9207994095488378
0 0.465146419290396 0.9203776338160642 0.46269277635679024 0.1995518246247474 0.4017218390625 0.19975936562500002 0.40417548199610576 0.9205851748163167
0 0.506595519006382 0.9086035710862219 0.505782566503669 0.20729605583048993 0.4602546209347871 0.20734883161926798 0.46106757343750004 0.9086563468750001
0 0.5391227439127841 0.9160606667133324 0.5350392344192604 0.20934106809777742 0.5033225123814761 0.20952433107194493 0.5074060218749998 0.9162439296874998
0 0.5765072187500001 0.06968652500000007 0.5423630984375001 0.06968652500000007 0.5423630984375002 0.9086563468750001 0.5765072187500002 0.9086563468750001
0 0.609838384375 0.06860258437500007 0.5748813078125 0.06860258437500007 0.5748813078125001 0.9119081687499999 0.6098383843750002 0.9119081687499999
0 0.64804728125 0.9086563468750001 0.6447778508664785 0.0793106594514396 0.6082082525118897 0.0794548234083839 0.6114776828954113 0.9088005108319444
0 0.6830084793583511 0.07951062861376454 0.64804728125 0.07944198750000007 0.6464213828474066 0.9075660233684042 0.6813825809557577 0.9076346644821685
0 0.7163355234375002 0.1054565562500001 0.685455680047739 0.10517488195886664 0.6781075960403264 0.9107424843503953 0.7089874394300877 0.9110241586415289
0 0.7488537328125001 0.10437261562500008 0.7098330296180922 0.10433268996745067 0.7090189250000001 0.8999848250000001 0.748039628194408 0.9000247506575494
0 0.7651128375 0.1336390046875001 0.7439760015625001 0.1336390046875001 0.7439760015625001 0.899984825 0.7651128375000001 0.899984825
0 0.7911567460533788 0.1328947494597659 0.7699905703125001 0.13255506406250012 0.7577459526936954 0.8955308366026757 0.7789121284345742 0.8958705219999414
0 0.8179549296875 0.08811350937500009 0.784653692950972 0.088012392265239 0.7821848984375002 0.9010687656249999 0.8154861351740281 0.901169882734761
0 0.8472268756701311 0.08719723493578756 0.819580840625 0.0870295703125001 0.8146636682635151 0.8978167045518985 0.8423097033086462 0.897984369175186
0 0.8984935513217238 0.0939932213550824 0.8538479644884129 0.09348866506525613 0.8447824531250001 0.8956490640625002 0.889428039958311 0.8961536203523265
0 0.9464018593750001 0.09786897343750012 0.8984444513723581 0.09776947680983014 0.8968115890625 0.884809659375 0.9447689970651421 0.8849091560026701