0 0.7444343750000001 0.9139453124999999 0.20007564398847447 0.7421128140115758 0.18861875000000006 0.7784078125 0.7329774810115256 0.9502403109884241
0 0.7604921875 0.8773109375000001 0.21964262453050246 0.6971323849721777 0.20759375000000002 0.7333 0.7484433129694976 0.9134785525278224
0 0.7848578125000002 0.8332109375 0.23697266646166346 0.6419644527833545 0.22037812500000004 0.6895046875000002 0.7682632710383368 0.8807511722166457
0 0.8072046875 0.7849750000000001 0.2610178591685056 0.5795833715542612 0.24154062500000012 0.631378125 0.7877274533314946 0.8367697534457388
0 0.8187978494647877 0.7425095027387426 0.2820634888310027 0.5455854796111395 0.27144062500000005 0.5745390625000001 0.8081749856337851 0.7714630856276032
0 0.8459781250000002 0.6623703125000001 0.35695625 0.5361500000000001 0.3502458331684071 0.562148514470618 0.8392677081684073 0.6883688269706179
0 0.862718736075353 0.6248897654479217 0.348621875 0.4936984375 0.33989063892464716 0.5279133595520784 0.8539875 0.6591046875000001
0 0.8726984375000001 0.5881031250000001 0.3623816580119744 0.45918019622378925 0.3544383993422843 0.49062206790196783 0.86475517883031 0.6195449966781785
0 0.8905379639294819 0.5596574468409428 0.32884218750000005 0.4111640625 0.3202375471014688 0.44371224766663653 0.8819333235309508 0.5922056320075793
0 0.8984277345385264 0.5237360282160811 0.3415006172109026 0.37338400527604787 0.33260396883722715 0.40633856508669125 0.8895310861648509 0.5566905880267244
0 0.9425391633219359 0.4853323143875906 0.3272600787848054 0.3056980088796017 0.31431718750000004 0.3500296875000001 0.9295962720371305 0.5296639930079889
0 0.9606441599826907 0.44267166009125863 0.3465455242737645 0.248617179819749 0.33187001355256107 0.2950588342438746 0.9459686492614873 0.4891133145153841
0 0.9486153041379758 0.41268041961716734 0.40078593749999997 0.23888750000000006 0.39393356543174396 0.26048752063599395 0.9417629320697196 0.43428044025316126
0 0.9450846193239206 0.3840436599200573 0.41184374999999995 0.21343750000000003 0.4041307519087183 0.23754498714592742 0.9373716212326387 0.4081511470659847
0 0.9660629277212458 0.3569445584523373 0.46847633740077566 0.18561242249242313 0.458940625 0.21330625000000003 0.95652721532047 0.3846383859599142
0 0.9720389686303983 0.328127552207614 0.4812234375 0.14525625000000006 0.46959960527124445 0.1764539137135238 0.9604151364016428 0.3593252159211378
0 0.9835885501830182 0.29092792388177735 0.45276875000000005 0.08124843750000006 0.43707150668312184 0.12098722027113933 0.96789130686614 0.33066670665291664
0 0.9967332936049706 0.2567926199580529 0.47573906250000003 0.024540625000000028 0.4589497606701866 0.062202860793465396 0.9799439917751572 0.2944548557515183