0 0.7950861979842513 0.1813062117750441 0.264959375 0.024475000000000035 0.2559531484023814 0.0549181894597626 0.7860799713866327 0.21174940123480668
0 0.7861406240722292 0.2132274241759243 0.25649531249999996 0.058420312500000016 0.24736061233243753 0.089673082892718 0.7770059239046667 0.24448019456864228
0 0.7735141157420445 0.24444322980884609 0.2470484375 0.09631250000000002 0.23802621410297667 0.12837803404614 0.7644918923450212 0.2765087638549861
0 0.8244265918079018 0.2811372468369312 0.2135029698705398 0.21045123401314533 0.212003125 0.2234140625 0.8229267469373619 0.29410007532378585
0 0.8250076776081345 0.29379941952423205 0.21013587627383737 0.2254939217484691 0.208994509803144 0.23576826394156258 0.8238663111374412 0.3040737617173256
0 0.8422046485761289 0.31026811115087877 0.20331334604756054 0.2417846039153732 0.19881436483799628 0.2837561687644913 0.8377056673665646 0.3522396759999968
0 0.8361366517040174 0.3561730995371184 0.19193441769250125 0.28823941452408297 0.18707602466110035 0.3343106330062525 0.8312782586726166 0.40224431801928795
0 0.8075859374999999 0.4181390625 0.17852343750000005 0.33077968750000003 0.1725941303428077 0.3734757894761335 0.8016566303428077 0.4608351644761335
0 0.7942209922715828 0.46226203779053776 0.16835781250000004 0.376040625 0.16256885406767485 0.41806146199118166 0.7884320338392576 0.5042828747817194
0 0.7750078125000001 0.5039515625000001 0.15694218750000005 0.42182812500000005 0.1527902549918286 0.453075803357604 0.7708558799918286 0.535199240857604
0 0.7644359375 0.5373812500000001 0.14781875000000005 0.4539312500000001 0.14347713830693515 0.48601168608621714 0.760094325806935 0.5694616860862172
0 0.7566006745130358 0.5729034353793981 0.14106718750000002 0.48998125000000003 0.13577332491904898 0.5292777263206812 0.7513068119320847 0.6121999117000793
0 0.7485490364615319 0.613581856308383 0.12833281250000006 0.5320859375 0.12360298687575025 0.5680817840597048 0.7438192108372821 0.6495777028680878
0 0.7350350669373922 0.6487684250758452 0.12184687500000005 0.5715546874999999 0.11730932332544719 0.6075893776276277 0.7304975152628395 0.684803115203473
0 0.6554989104507404 0.6775129106986075 0.11332343750000007 0.6147093750000001 0.11121671454925985 0.6328964643013926 0.6533921875 0.6957000000000001
0 0.649476668513577 0.6981164023893335 0.10906250000000006 0.6362874999999999 0.1069971140485368 0.6543399607179862 0.6474112825621137 0.7161688631073198
0 0.7174515625 0.7303124999999999 0.10190781250000006 0.660496875 0.09824466733217888 0.6927937442666582 0.7137884173321789 0.7626093692666581
0 0.7092984375000002 0.7674953125000001 0.09160468750000009 0.6973375 0.08788330737897714 0.7301018231768397 0.7055770573789772 0.8002596356768399
0 0.6953750000000001 0.8009187499999999 0.0840482310499258 0.7344064201385186 0.08042575025703148 0.7677012916806184 0.6917525192071058 0.8342136215420997
0 0.6741265625 0.8995953125000001 0.07378486905894399 0.7651096868553221 0.0656234375000001 0.8015421875000002 0.6659651309410562 0.9360278131446782