0 0.12132425159726627 0.205676939184178 0.05162576039509521 0.1995791155032185 -0.00019849120217093618 0.7919334263190406 0.06950000000000012 0.7980312500000001
0 0.19367615656444453 0.2011823859439791 0.13293873024967318 0.1950270204028044 0.07252485305297551 0.79115464110684 0.13326227936774687 0.7973100066480145
0 0.2257853926924338 0.21586663321281896 0.2031186991792316 0.2139475212573408 0.15377645481628321 0.7967303688321649 0.17644314832948543 0.798649480787643
0 0.30310625000000024 0.20959843750000004 0.22863814936244897 0.2026791355147733 0.17272096186244884 0.8044806980147735 0.2471890625000001 0.8114000000000002
0 0.38675227872968715 0.2155979664513214 0.3082265625 0.20786875 0.24849398949917148 0.8147275573154882 0.3270197057288586 0.8224567737668096
0 0.41634841500900654 0.26891509947457304 0.38404218749999997 0.2656953125 0.33045147759105375 0.8034059375692781 0.36275770510006033 0.8066257245438511
0 0.4487794904149262 0.2716180540694369 0.41720827390323867 0.2685671207006711 0.3652265625000001 0.8064765625 0.3967977790116876 0.8095274958687657
0 0.48310625000000007 0.2525781250000001 0.4539710992952859 0.2497754049805765 0.39960468750000006 0.8149312500000002 0.4287398382047142 0.8177339700194238
0 0.5081864558745177 0.22892387107144793 0.49116250000000006 0.2271406250000001 0.43046916775465593 0.8065562348621202 0.44749312362917354 0.8083394809335681
0 0.5730427787702882 0.261080590959273 0.5115921875 0.2550703125000001 0.4570886966348432 0.8123276446941958 0.5185392879051314 0.8183379231534686
0 0.5912546875000004 0.2860015625000001 0.5752161149817949 0.28437641848946166 0.5212618581502522 0.8168518515877748 0.5373004306684577 0.8184769955983132
0 0.6371015625000002 0.26605000000000006 0.6006891364931044 0.2623965982834661 0.5431171875 0.8362 0.5795296135068958 0.8398534017165339
0 0.6882233477478928 0.2045804946792371 0.6509775618769343 0.20079665744601133 0.5862073391290415 0.8383552252667744 0.623453125 0.8421390625000003
0 0.7327421875000001 0.2090656250000001 0.6923324993998492 0.2047996254631895 0.6252625 0.8401203125000002 0.665672188100151 0.8443863120368107
0 0.7955871968092192 0.2576518539923137 0.7326509555486714 0.25001812061078205 0.6613015441493013 0.8382576549509053 0.7242377854098492 0.845891388332437
0 0.86184263340027 0.2648644153307943 0.8038109375 0.25776250000000006 0.7318145674187793 0.846064564988071 0.7898462633190493 0.8531664803188652
0 0.8971250000000003 0.28117500000000006 0.861822678057678 0.27682440798256236 0.7912905687227184 0.8491481793299508 0.8265928906650407 0.8534987713473885
0 0.9319212041697392 0.2852640411706346 0.8987807472646692 0.2813144629794233 0.8310720430949301 0.8494504218087888 0.8642125000000002 0.8534
0 0.9977555690609272 0.2706486918020049 0.9492294543966777 0.26458455691192573 0.8749971378809531 0.8586026597954977 0.9235232525452026 0.864666794685577