0 0.9130544359374999 0.9996639781250002 0.6805654921875 0.16073751250000007 0.6452251658066889 0.17053126140257394 0.8777141095566888 1.009457727027574
0 0.8577897374999999 0.996455515625 0.67893958125 0.2853906515625001 0.6437407345104221 0.2942440200206552 0.822590890760422 1.0053088840831552
0 0.8065287500591148 0.9896164734999161 0.57650721875 0.11629595937500001 0.5262335017727764 0.12953741789643344 0.7562550330818911 1.0028579320213495
0 0.6932195889034822 0.9643545754101762 0.503341246875 0.09353321249999999 0.461027576497255 0.10275950151709048 0.6509059185257373 0.9735808644272668
0 0.5294858875000001 0.999663978125 0.45615792022939994 0.056268571193985026 0.40903843593749994 0.05993106093750002 0.4823664032081001 1.003326467868515
0 0.4838303203125001 0.9942876343749998 0.3911149021591501 -0.00015156136738085911 0.3163615375 0.006817984374999997 0.40907695565335 1.0012571801173806
0 0.4314068969174921 0.9888569989826218 0.32123926875 0.046923776562500005 0.2634229032296424 0.053685924565176193 0.37359053139713466 0.9956191469852979
0 0.37652022656249995 0.9812803499999998 0.25295102812500003 0.038252254687499994 0.1968890077212299 0.04559831251813652 0.3204582061587299 0.9886264078306363
0 0.32530404531250007 0.984532171875 0.1974451945598716 0.038756723788446724 0.161087084375 0.04367195625 0.2889459351276284 0.9894474043365532
0 0.29685061093750004 0.984532171875 0.161087084375 0.03174861250000001 0.11510512817536903 0.038300648868049146 0.25086865473786907 0.9910842082430491
0 0.25604838750000003 0.9996639781250002 0.12450409687500005 0.078358046875 0.063385540839873 0.08708456954782914 0.19492983146487297 1.0083905007978293
0 0.1342595609375 0.9574336625000001 0.07102469472763133 0.07981036799710842 0.02192363485485456 0.08334821728992656 0.08515850106472324 0.9609715117928183
0 0.0822304234375 0.9498460796874999 0.01546478531429275 0.03683953280240121 -0.023903901979974246 0.039718455783011045 0.042861736143233006 0.9527250026681097