0 0.1529575312500002 0.003566164062500027 0.08302018404731729 0.0009296370576330311 0.05212788404731718 0.8203885339326332 0.12206523125000009 0.8230250609375002
0 0.20579962343750013 0.0003143421875000295 0.1440691284642015 -0.0015132053710654229 0.1196263656250001 0.8241090015624998 0.18135686059829875 0.8259365491210653
0 0.25622402919411824 0.0071174525437758904 0.19445519384157645 0.00544969396563203 0.17246845781250014 0.8197732390625001 0.2342372931650419 0.821440997640644
0 0.30416720937500025 0.0024822234375000427 0.2497785628124069 0.001222888935370353 0.23100123593750013 0.8121856578125002 0.28538988250009345 0.8134449923146297
0 0.35476639219854017 0.008505866879244654 0.2979135385980066 0.007741293989373593 0.28709514843750006 0.8121856578125 0.34394800203803366 0.812950230702371
0 0.4196408567108117 0.016635161764200802 0.34729144731724715 0.016556748441742 0.3464408812500001 0.8013462546874999 0.41879029064356466 0.8014246680099587
0 0.4814274718330829 0.8011199028393883 0.4788489266488609 0.04130854505296912 0.4121505782532779 0.041534896901080524 0.41472912343749996 0.8013462546874998
0 0.5358959933803932 0.7900379352731821 0.5290851925184675 0.06922819402172793 0.47945838507557453 0.06969710874854593 0.4862691859375001 0.7905068500000001
0 0.5789518831719883 0.7902334539421861 0.5739498744140182 0.09106374402414509 0.5317946796874999 0.09136533125000003 0.53679668844547 0.790535041168041
0 0.6327371264491208 0.7785310820153912 0.6159876253737374 0.11748408950013847 0.5711390911121164 0.11862045435974722 0.5878885921874999 0.7796674468750001
0 0.6789642696753931 0.777600670954678 0.6654177191115236 0.1273662585344527 0.6182416259986303 0.1283490938297748 0.6317881765625 0.7785835062500002
0 0.7197389728874984 0.7729267180823235 0.7003311699291925 0.16158109275371216 0.6586157 0.16290539375 0.6780235029583059 0.7742510190786114
0 0.7464223465342454 0.7756779519734384 0.7314626578340898 0.08309980560606087 0.6973110581748443 0.08383748019512256 0.7122707468749999 0.7764156265625
0 0.774094682073069 0.764785698946649 0.7549649933790059 0.0949693327260158 0.7272851784934369 0.09575985721686679 0.7464148671874999 0.7655762234375
0 0.7976310484375001 0.76882804375 0.7794393876148871 0.21095044518986783 0.7526756686531852 0.2118231751560103 0.7708673294757983 0.7697007737161424
0 0.82120675 0.7634083421875001 0.796230752148859 0.12846293761328925 0.7697001045026095 0.12950653820292807 0.7946761023537505 0.7644519427771389
0 0.8425517786308993 0.7647122322052854 0.8144305375465061 0.14935329787036944 0.795524376103107 0.15021728910258406 0.8236456171875 0.7655762234375
0 0.875674753125 0.7601565203125003 0.844714609709903 0.13760662799585094 0.8107622712290414 0.1392951179974053 0.8417224146441384 0.7618450103140545
0 0.8959986343750002 0.7536528796875 0.8736025000442617 0.15421067387212556 0.8439694984375 0.15531781093750002 0.8663656327682385 0.7547600167528745
0 0.9187613812500002 0.7558207593749999 0.889379309041337 0.23673748159704644 0.8708633737183303 0.2377855534035596 0.9002454459269936 0.756868831181513
0 0.9343304840548587 0.7558528094853016 0.9083513679559949 0.2910221641648626 0.8895304448386361 0.29207405467956093 0.9155095609374998 0.7569047
0 0.9520925468750002 0.7493171171874999 0.9236391125000003 0.266963665625 0.9064988151412665 0.26797475059699494 0.9349522495162665 0.7503282021594949
0 0.9659127859375 0.75473681875 0.9349727188444815 0.2781512285458861 0.9179723101057302 0.2792548997390508 0.9489123771987487 0.7558404899431647
0 0.9789200703125001 0.75473681875 0.9463522860936658 0.2803327731772999 0.9344373478707564 0.281150732342374 0.9670051320895906 0.7555547779150742
0 1.008729237038854 0.762541469547263 0.974678420733369 0.21970239789206195 0.9626820594766429 0.22045489695636378 0.996732875782128 0.7632939686115648