0 0.24614531249999994 0.8220000000000001 0.056521713464815916 0.3330568056732018 0.024042187500000013 0.345653125 0.21366578653518403 0.8345963193267982
0 0.27640739162422107 0.8170749634530544 0.09087424570017877 0.32100529612095663 0.058510937500000006 0.333109375 0.24404408342404232 0.8291790423320979
0 0.29719687499999997 0.8089906250000001 0.12307163284495734 0.3125650371434205 0.09353125 0.32292656250000007 0.2676564921550426 0.8193521503565797
0 0.3301052461443246 0.7984557012756796 0.15837944170031407 0.30281971684305803 0.12507812499999998 0.31435781250000006 0.2968039294440105 0.8099937969326214
0 0.35699218750000006 0.7944390625 0.1909059821152928 0.2949599385067497 0.16027031249999998 0.30514687500000004 0.3263565178847072 0.8046259989932503
0 0.3808671875 0.7892281250000001 0.18928926732372245 0.1892722013360426 0.1624265625 0.19785 0.35400448267627754 0.7978059236639574
0 0.403284375 0.7842734375 0.22032019069041403 0.1866858973577871 0.19200156249999994 0.19535625 0.37496574680958594 0.792943790142213
0 0.435859375 0.7815343749999999 0.28863139900737966 0.27234596187554627 0.251784375 0.28300000000000003 0.39901235099262033 0.7921884131244535
0 0.46745703246936543 0.7720694024723848 0.32606670433396034 0.2655685412940282 0.2901703125 0.27558906250000004 0.43156064063540506 0.7820899236783566
0 0.4926124999999999 0.7625109375 0.3857064378264209 0.37425316523641344 0.3616234374999999 0.38088437500000005 0.468529499673579 0.7691421472635867
0 0.5150918284448942 0.7577947935569578 0.41272343750000007 0.364828125 0.3866462151624967 0.3716212794952789 0.48901460610739084 0.7645879480522366
0 0.5504905041748852 0.7492162299378136 0.4382978248868449 0.27987261696556276 0.396003125 0.2899828125000001 0.5081958042880403 0.7593264254722509
0 0.5866546875 0.741921875 0.4818046875000001 0.27044687500000003 0.43975530776020105 0.2797981183654339 0.544605307760201 0.7512731183654339
0 0.613059375 0.7382671875000001 0.5121765625 0.2641359375 0.483177695926868 0.27030614294250094 0.584060508426868 0.744437392942501
0 0.6410742328289701 0.7308148618669178 0.54 0.21314375000000005 0.5067055082225645 0.21964443187444055 0.6077797410515346 0.7373155437413583
0 0.6695538186276107 0.7263051724149634 0.5777015625 0.2050578125 0.5426685729938652 0.21123119460702564 0.6345208291214758 0.732478554521989
0 0.7036296874999999 0.7192921875 0.6259374999999999 0.23606093750000007 0.5887422313097803 0.2420410594171845 0.6664344188097802 0.7252723094171845
0 0.737249677113372 0.7190879960044299 0.6709875000000001 0.22310937499999994 0.6307376127285533 0.22848671395419257 0.6969997898419252 0.7244653349586224
0 0.7603271741720636 0.7131993189673917 0.6919749999999999 0.197028125 0.6700062927671759 0.19993725460789502 0.7383584669392397 0.7161084485752868
0 0.7803364148491518 0.7078714104428794 0.7185687500000001 0.19468124999999997 0.6958823018115534 0.19741179519812363 0.7576499666607053 0.710601955641003
0 0.8378530694150635 0.7016780049053477 0.78934375 0.12309062499999998 0.7214601882675481 0.1287820477538983 0.7699695076826115 0.707369427659246
0 0.889281104520907 0.6936074256196225 0.8678515625 0.24450156249999994 0.8115395273660813 0.24718854840306234 0.8329690693869883 0.696294411522685
0 0.9483407978554987 0.6881382222550754 0.94380625 0.23211093749999998 0.8840343792971066 0.23270528441119528 0.8885689271526054 0.6887325691662707