0 0.07328791562500006 0.8685505546875001 0.03655253357426045 0.16758503291062293 -0.004851274940741458 0.16975487533068764 0.03188410710999815 0.8707203971075648
0 0.11149681250000001 0.8804738984375 0.08047327588609324 0.1663882553358162 0.03512755500167423 0.16835830563122794 0.066151091615581 0.8824439487329118
0 0.1513316203125 0.8837257203125001 0.12040300151595344 0.1663988134837798 0.07572678125 0.1683250953125 0.10665540004654657 0.8856520021412202
0 0.1887275625 0.8837257203125001 0.15539639687500006 0.1574856921875 0.11523122235814745 0.15932909386233554 0.1485623879831474 0.8855691219873357
0 0.21067735468749998 0.8891454218750001 0.19505328185324342 0.15344347272582198 0.15783526249999996 0.15423387031250002 0.17345933533425656 0.8899358194616782
0 0.2448950864668996 0.886002768373747 0.22449759375 0.25504032187500003 0.19434463853310047 0.25601509412625306 0.21474213125000005 0.8869775406250001
0 0.278152640625 0.8858936 0.24724991286478842 0.08784421704368502 0.20905631241765327 0.0893231812055616 0.23995904017786485 0.8873725641618766
0 0.3125705044468699 0.8898133665733615 0.2821701073481572 0.0933777189849578 0.24287451227628729 0.09487765397409634 0.27327490937500004 0.8913133015625
0 0.3879204246406184 0.8917938655556037 0.35433239771958613 0.03434342786378073 0.28221741718749993 0.0371683140625 0.3158054441085322 0.8946187517543229
0 0.43993073593750004 0.8858936000000002 0.4105596482539663 0.03304423568860626 0.3537574796875 0.035000432812499996 0.3831285673710337 0.8878497971238939
0 0.4789525890624999 0.8880614812500001 0.4610675734374999 0.14664628906250002 0.4163549054627128 0.14772488412474183 0.43423992108771287 0.8891400763122419
0 0.5244780828125 0.8858935999999998 0.49910905087810586 0.14828216611877995 0.4521250656250001 0.14989810937499998 0.47749409755939415 0.8875095432562199
0 0.556418835525615 0.8876623174097006 0.5284564061301422 0.16283227123828622 0.4900120112295273 0.16431537570358581 0.517974440625 0.8891454218750001
0 0.6050142376350007 0.8841033609674975 0.5763335990547118 0.10180481150258851 0.527502698919711 0.10359505053509097 0.5561833375 0.8858935999999998
0 0.6334140875 0.8891454218750001 0.6090254296875 0.19650754375000004 0.5813810574917901 0.19748093714244294 0.6057697153042902 0.8901188152674431
0 0.6610624657678958 0.8861611515076113 0.640730684375 0.197591484375 0.6090210704414912 0.19852779186765207 0.6293528518343872 0.8870974590002634
0 0.6930580521165448 0.8913046571602157 0.6699649987965628 0.09459451735257754 0.6317881765625 0.0957010921875 0.6548812298824821 0.8924112319951382
0 0.7212132546875 0.8945651234374999 0.6966957802831637 0.08821263732747678 0.6643063859375001 0.08919745000000001 0.6888238603418364 0.8955499361100232
0 0.755357375 0.8934811828125001 0.73503349375 0.20192724531249998 0.6977016505679421 0.20302438019458685 0.718025531817942 0.894578317694587
0 0.7821848984375 0.8934811828125001 0.7658497819262784 0.0701912899255142 0.7366594046874999 0.07077046406250001 0.7529945211987215 0.8940603569494858
0 0.8090124218750001 0.8934811828125 0.8008469594196514 0.07149135423174957 0.7642998828125 0.07185440468749998 0.7724653452678486 0.8938442332682504
0 0.8611510091752917 0.8951577881981547 0.8520990500000002 0.0393361953125 0.7968128139365901 0.039920953579832455 0.8058647731118818 0.8957425464654871
0 0.8968188540810555 0.8920688634748078 0.8902731499609804 0.21131565071304959 0.8520990499999999 0.21168270937499994 0.858644754120075 0.8924359221367582
0 0.9390852625000001 0.8956490640625001 0.93174087829054 0.20799705076510272 0.8878810292833498 0.20846549058095243 0.8952254134928099 0.8961175038783498
0 0.9545314125000001 0.21385058906250007 0.9333945765625 0.21385058906250007 0.9333945765625 0.8956490640625001 0.9545314125000001 0.8956490640625001
0 0.9854313853510213 0.8908534210497313 0.9764812046875002 0.16290539375 0.939077589648979 0.1633652742627687 0.9480277703125001 0.8913133015625
0 0.999747984375 0.16565860156250015 0.98054598125 0.16565860156250015 0.98054598125 0.8921370968750001 0.999747984375 0.8921370968750001