0 0.8207460962670192 0.17264987660938894 0.8200828124999999 0.13128437500000004 0.15062890373298068 0.1420188733906111 0.1512921875 0.183384375
0 0.801401143982823 0.22145735257949878 0.8012312500000002 0.18000781250000003 0.15115979351717718 0.18267233492050125 0.15132968749999998 0.22412187500000003
0 0.8249222870907076 0.23495475017146084 0.8248926999005933 0.22520639071486084 0.14845166280988586 0.2272594530434 0.14848124999999998 0.2370078125
0 0.8243009621827992 0.24388948790446552 0.824228480677017 0.2347601569741306 0.14614375000000002 0.24014375000000004 0.14621623150578225 0.24927308093033496
0 0.824866013099873 0.26019789542607247 0.8248281250000001 0.2480671875 0.14775581853861194 0.25018190193584894 0.1477937066384848 0.2623126098619214
0 0.7925652802826549 0.3122310656246651 0.7925093750000001 0.2634875 0.15127255839903478 0.26422295143900354 0.1513284636816897 0.3129665170636687
0 0.8299273719772835 0.31819208757523676 0.14877237291339837 0.31724589319318214 0.14869210507182978 0.3750298354628463 0.8298471041357148 0.37597602984490097
0 0.7477559379478717 0.3801012558688191 0.15658437500000005 0.372675 0.15639093705212853 0.388073744131181 0.7475625000000001 0.3955000000000001
0 0.8000809086237235 0.3998631481676591 0.16782003388787314 0.39220829803759893 0.1673767021008768 0.42882578089905926 0.7996375768367272 0.4364806310291193
0 0.7450669298489062 0.43699695076903533 0.16685303550741426 0.42631587898064616 0.1660876681585081 0.46774861571161086 0.7443015625000001 0.4784296875
0 0.8273871309328277 0.48348338949549446 0.14776289761099176 0.4632450712506425 0.1459441363508591 0.5243210071094702 0.8255683696726951 0.544559325354322
0 0.7219536981720276 0.5466216141110285 0.15386304855164804 0.5224433056480489 0.15254843750000008 0.55333125 0.7206390871203797 0.5775095584629797
0 0.7636147116439187 0.5814081579245824 0.16641641984525046 0.5540953306350664 0.164191840618664 0.6027360260858158 0.7613901324173322 0.6300488533753318
0 0.7698709595994933 0.642848064304762 0.14068972842800725 0.61304213358646 0.13519064382851406 0.729123756781698 0.764371875 0.7589296875
0 0.7711874402814614 0.7700899161171967 0.1423180732525617 0.718001762278214 0.13696032047110032 0.7826868461610174 0.7658296874999999 0.8347750000000002