0 0.13155482127512808 0.2932363389280389 0.10051031918327132 0.2922373315198573 0.08001723281250013 0.9290671062500003 0.11106173490435689 0.9300661136581818
0 0.16348029218750024 0.296819665625 0.13605771426434454 0.29596911854709085 0.1164213531250001 0.9290671062500001 0.1438439310481558 0.9299176533279093
0 0.19371450000000012 0.2936789796875 0.16440500025836555 0.29277581195602653 0.14482561275836553 0.9281639385185265 0.1741351125000001 0.92906710625
0 0.22011335804339366 0.29623523170607136 0.18991348482128922 0.2955267518353493 0.1750118892778957 0.9307265857542779 0.20521176250000014 0.9314350656249999
0 0.2531708941588624 0.2974559922913246 0.218586473161472 0.296681786178444 0.2043238906250001 0.9338030265625001 0.23890831162239054 0.9345772326753806
0 0.2842352843750002 0.2956356859375 0.25010164052664347 0.295183805089417 0.2416121061516434 0.9364562644644172 0.2757457500000001 0.9369081453125002
0 0.32654147139850387 0.2785039557911674 0.28924012953927974 0.2778704640263735 0.2780105925157759 0.9390894769852061 0.31531193437500005 0.9397229687499999
0 0.36325874687500015 0.2802439015625001 0.32614613520338365 0.27993470345560956 0.32063934531250016 0.940906909375 0.35775195698411666 0.9412161074818906
0 0.39684491142293365 0.30403973261491 0.36666139135494474 0.3039194556305126 0.3641466781250001 0.9349869671875 0.3943301981929891 0.9351072441718975
0 0.4280757812500001 0.30155562656250007 0.39522332812500005 0.30155562656250007 0.39522332812500005 0.940906909375 0.4280757812500002 0.940906909375
0 0.47887251567529165 0.9431945842886588 0.4777963363466699 0.28608968436521665 0.42877540504637823 0.28616996882655804 0.429851584375 0.9432748687500002
0 0.52752113125 0.9444588890625003 0.5247691874999999 0.2858664796875 0.4777159565086103 0.2860630927111255 0.4804679002586104 0.9446555020861258
0 0.5808111018632794 0.9440613520231045 0.5755308209001575 0.2834121232531532 0.5257924565368779 0.2838096602925489 0.5310727375 0.9444588890625001
0 0.6371341089126239 0.9483282911655515 0.6260263453609153 0.28304065886068364 0.5741270692607914 0.2839071786326322 0.5852348328125 0.9491948109375
0 0.6820164484375 0.9444588890625001 0.6702221491249848 0.28540563511539313 0.6276163909381182 0.2861681001536628 0.6394106902506334 0.9452213541007698
0 0.7264117125 0.9444588890624999 0.7141629421696977 0.2865839809774309 0.6698271357024803 0.2874094557054554 0.6820759060327826 0.9452843637905245
0 0.7619393716075009 0.9462137765102462 0.7483843720066699 0.27848769870859175 0.7181840644616688 0.27910077219834556 0.7317390640624999 0.9468268499999999
0 0.8597301249999999 0.9330018953124999 0.8362952517489999 0.32076288231136596 0.7412199606147363 0.3244021103738045 0.7646548338657363 0.9366411233749383
0 0.9652579609375002 0.9338030265625001 0.9306225085210864 0.3178747686001097 0.8299195900973926 0.3235375890571488 0.8645550425138063 0.9394658470195392