0 0.8880929547770154 0.7994784432617418 0.8833859374999999 0.7785890624999999 0.31718891204445554 0.9061705935856439 0.32189592932147104 0.9270599743473857
0 0.8826934233332622 0.7718602935209395 0.8773569571938366 0.7488532075493529 0.3566775963605744 0.8696241640284136 0.3620140625 0.8926312500000002
0 0.8808495038370345 0.7466717422321605 0.8753644287372758 0.7229540996393389 0.3496696124002414 0.8445292324071785 0.35515468750000007 0.868246875
0 0.8828774462252049 0.7176396112083148 0.8671774570272552 0.6490146873667304 0.3194640733020503 0.7743203886584157 0.33516406249999997 0.8429453125
0 0.8700211521728779 0.6494561861867361 0.8606569011277516 0.6045044639762557 0.33255762395487365 0.7145170277895196 0.341921875 0.75946875
0 0.8725637826534751 0.6039441530672998 0.863265428274992 0.5572595499532023 0.323036020621517 0.6648591468859026 0.332334375 0.7115437499999999
0 0.8625094357003125 0.5548063004079422 0.8541737455278501 0.5127018141965796 0.32185805982753746 0.6180877012886373 0.33019375 0.6601921875
0 0.8614492409218831 0.5144863051682713 0.8553703125000001 0.48187187499999995 0.28729990101852043 0.58775320888101 0.2933788294404036 0.6203676390492814
0 0.8417765625 0.47803125 0.8365072286320521 0.44995137497525023 0.299034375 0.5508109375 0.3043037088679478 0.5788908125247498
0 0.8906740796387052 0.43945301705891693 0.8797360816868964 0.37816408470847496 0.12310625 0.5131968750000001 0.13404424795180878 0.574485807350442
0 0.8616468750000001 0.3827390625000001 0.8549983862029871 0.3425853987566123 0.2293671875 0.44617500000000004 0.23601567629701298 0.48632866374338785
0 0.8424045373488726 0.3445970197362672 0.8343243599601016 0.29195459152505787 0.215978125 0.38686562499999994 0.22405830238877106 0.4395080532112092
0 0.8312018706665404 0.2969346861085736 0.8238112528125262 0.24418371203999226 0.20706562499999998 0.3305921875000001 0.21445624285401427 0.3833431615685814
0 0.8226914493172321 0.24583907985536557 0.8144046715691682 0.18443269343718055 0.2024515625 0.267015625 0.2107383402480641 0.328422011418185