0 0.23298592073323085 0.9521926813559715 0.10095992864356806 0.5218997853853546 0.06477162288252612 0.533003377879877 0.19679761497218892 0.9632962738504938
0 0.2712212296187376 0.9395393506771013 0.13985797901148544 0.5091594429282817 0.1030396757697539 0.5203973560106465 0.23440292637700608 0.950777263759466
0 0.3077885723349223 0.9297212143555619 0.17617500000000003 0.49877031250000003 0.14233186008851603 0.5091060990678022 0.27394543242343833 0.9400570009233643
0 0.34336876991956095 0.9209106201744998 0.2156214081384618 0.4837150650187068 0.17815230539913932 0.4946634357576264 0.3058996671802384 0.9318589909134193
0 0.38515374417299764 0.9063234999986772 0.2578065358705181 0.4729795419990187 0.2208325724181126 0.48384511642003203 0.3481797807205922 0.9171890744196904
0 0.4144087664748378 0.9190215064833855 0.28559687500000003 0.49938437500000016 0.2532874970353258 0.5093020676343325 0.3820993885101636 0.9289391991177179
0 0.4564026011832569 0.87659807532344 0.3341390624999999 0.49502031250000006 0.3074836273678837 0.5035611346912096 0.4297471660511407 0.8851388975146495
0 0.4847076163889129 0.8773147316462552 0.33672753220167007 0.4261112580223182 0.31260869867939944 0.4340214520340301 0.46058878286664234 0.8852249256579672
0 0.5250766138403248 0.8730575705678376 0.37875000000000003 0.4385406250000001 0.35221401115967516 0.44747680443216253 0.49854062499999985 0.88199375
0 0.5713272596218493 0.8466827023510717 0.4178695791651751 0.4315858919631922 0.39182981954332574 0.44121256461212044 0.5452874999999999 0.856309375
0 0.5874987564617966 0.8386850519788208 0.44865781250000014 0.4715015625 0.4352215560382036 0.4765821355211795 0.5740625 0.8437656250000002
0 0.6033065525715005 0.8316024234793234 0.4625859375000001 0.4669765625000001 0.4488996974284996 0.47225851402067665 0.5896203124999999 0.836884375
0 0.641074191563205 0.8258060761720275 0.4669123946613004 0.378289832467716 0.432650983939622 0.39162349116642525 0.6068127808415265 0.8391397348707368
0 0.6766456993662116 0.8114082022204524 0.507056732940012 0.36499195154779407 0.47062479569389726 0.3788320717789978 0.6402137621200967 0.8252483224516561
0 0.7235873102656485 0.8219979882922853 0.5389390017996105 0.3290243976701091 0.5053585021817102 0.3416023178058795 0.6900068106477482 0.8345759084280557
0 0.7593705256171919 0.8080962588925198 0.5743438397581825 0.31690361475930484 0.542573645409322 0.32887108585171 0.7276003312683313 0.8200637299849249
0 0.7792607486610758 0.7827922508040019 0.6140557795326068 0.3348695424575204 0.5866609375 0.34497343750000004 0.751865906628469 0.7928961458464816
0 0.8024234374999999 0.7754984374999999 0.6449268998299231 0.3244885380760001 0.6185890624999999 0.33368593750000014 0.7760856001700768 0.784695836924
0 0.8253294712989832 0.7647182004989541 0.6739333027896773 0.33882762033017144 0.654046875 0.34589687499999994 0.8054430435093058 0.7717874551687827
0 0.8515890625000001 0.7581546875 0.6994430164747758 0.3278205203809394 0.6779725182453695 0.3354114849414921 0.8301185642705938 0.7657456520605527
0 0.8824650184631038 0.7467678091893231 0.7218253869217455 0.29883112828091773 0.6951494309586416 0.3083976940915948 0.8557890624999999 0.7563343750000001
0 0.9278072027324568 0.7450595886074955 0.7577144486483595 0.26815021734739636 0.7334856434089012 0.27679157451020003 0.9035783974929984 0.7537009457702991
0 0.940295932889836 0.7309634793735693 0.7816517994988699 0.2807423697847239 0.7663984374999999 0.28611718750000004 0.9250425708909662 0.7363382970888456
0 0.9636543956259225 0.7227040862181925 0.8036767824515014 0.2747925207589629 0.7816085195095707 0.28267449636442854 0.9415861326839918 0.7305860618236582