0 0.0822304234375 0.9585176031249999 0.041939883557260006 0.04745802048030687 -0.004452981975821261 0.049509690463836575 0.03583755790441874 0.9605692731085297
0 0.11474863437499998 0.9530979015625002 0.07132944192562704 0.053037148839225244 0.038284334785740115 0.05463125441718286 0.08170352723511307 0.9546920071404579
0 0.16677777031250005 0.9541818421875001 0.140763203125 0.27671912968749995 0.09116282340356577 0.27862378419760153 0.1171773905910658 0.9560864966976016
0 0.21474213125000005 0.9617694234374999 0.2041033127939226 0.16413086332654264 0.13344660468749997 0.165073275 0.1440854231435774 0.9627118351109573
0 0.2651654752177315 0.960899887876557 0.2527024661119138 0.15662032007126533 0.19658843464418235 0.15748985563220821 0.20905144375 0.9617694234374999
0 0.29037647204347455 0.9655785620705009 0.275589024743919 0.14295829843487762 0.2462931323879444 0.14348492230187648 0.2610805796874999 0.9661051859374998
0 0.31067190646943466 0.9682512312432868 0.30985354877750015 0.14552838980032065 0.27571377500000005 0.1455623484375 0.27653213269193455 0.9682851898804662
0 0.34482123929937414 0.153448353141875 0.3074190296875 0.15314993125000004 0.300909120075626 0.969058584358125 0.3383113296875001 0.9693570062499999
0 0.3651422361714921 0.1954457472378887 0.3391208850526889 0.19541849020263577 0.33830454575619695 0.9747494507772471 0.36432589687500017 0.9747767078124999
0 0.3944052421875003 0.20409512656250003 0.3627359663859291 0.20365776756545065 0.3521675476359289 0.9689196472529504 0.3838368234375001 0.9693570062499999
0 0.4179809437500002 0.20192724531250006 0.3871275821044112 0.2014696742766026 0.37572566767908694 0.970284484695332 0.40657902932467593 0.9707420557312295
0 0.47326949656466927 0.09000662032591074 0.4439955125000001 0.08919745000000007 0.419599259685331 0.9717996577990895 0.4488732437500002 0.9726088281250002
0 0.4960682305636728 0.09098382282715359 0.472448946875 0.09028139062500005 0.4463907975613274 0.9664866943603467 0.47001008125000016 0.9671891265625001
0 0.5366724109375003 0.08811350937500008 0.49690034194635924 0.08653389214678744 0.4619432669463592 0.9666934483967875 0.5017153359375002 0.9682730656250002
0 0.5635826550239672 0.08819093075745968 0.5342335453125 0.08702957031250007 0.49915307899333383 0.973559208203227 0.528502188704801 0.9747205686481866
0 0.5992699656250003 0.1704929765625001 0.562725717775493 0.16864357131530494 0.5220641379746738 0.9721163918057233 0.5586083858241812 0.9739657970529183
0 0.6448294046074149 0.09838753437723988 0.600082921875 0.09570109218750009 0.5472068860175854 0.9764260281227604 0.5919533687500003 0.9791124703125001
0 0.6775204815012397 0.10090421962272873 0.6421991945295217 0.0987981056318115 0.5895145031250002 0.9823642906250003 0.6248357900967182 0.9844704046159174
0 0.7269039406250001 0.22902575468750008 0.6760964639862561 0.22542566101853218 0.6228456687499999 0.9769445890625 0.6736531453887439 0.9805446827314679
0 0.7878755859375002 0.23227757500000007 0.7327436248051801 0.2273565073335957 0.6660812935551801 0.9741914026460956 0.7212132546875002 0.9791124703125
0 0.8464233902139643 0.23432365134062044 0.8115951867547893 0.23002715899831466 0.7195873437500001 0.9758606484374998 0.7544155472091753 0.9801571407798055
0 0.8773006640625004 0.23444545625000018 0.8434416293933851 0.23007096781858402 0.7467569326058985 0.9784214439542879 0.7806159672750139 0.9827959323857041
0 0.92851684375 0.22035423125000012 0.8863574677537441 0.21415698399237493 0.7743292046616005 0.9762762717290139 0.8164885806578563 0.9824735189866389
0 0.9713339314053788 0.2202692991490606 0.9252650234374998 0.2127666484375001 0.8008031961365999 0.9770059403725778 0.8468721041044789 0.9845085910841384
0 1.0207874773019854 0.13221453472354772 0.9847309822629535 0.1264048134955885 0.8477478096484685 0.976554569397041 0.8838043046875003 0.9823642906250003