0 0.820040399414863 0.12049193739180748 0.8199906249999998 0.08744687500000001 0.3945177616466088 0.08808774722963948 0.3945675360614721 0.12113280962144694
0 0.8157249999999999 0.12430312500000007 0.39563625806602376 0.12112812664872227 0.39540105914359824 0.15224764498995152 0.8154898010775744 0.15542264334122932
0 0.7781390625000001 0.16278125000000004 0.3950141032541793 0.1566284893566423 0.3945413357307441 0.18606715090190745 0.777666294976565 0.19221991154526522
0 0.7725953125000001 0.1940671875000001 0.3959684430968887 0.18579852610570166 0.3954109375 0.21119218750000007 0.7720378069031113 0.21946084889429848
0 0.8051109375 0.21997968750000005 0.3900670338444626 0.21055166866802139 0.38942945235481835 0.23861952842482553 0.8044733560103557 0.24804754725680422
0 0.80219375 0.24861093750000002 0.3877083197859722 0.23716788163602587 0.38695468749999995 0.26446562500000004 0.8014401177140277 0.2759086808639742
0 0.7660484375000001 0.2799687500000001 0.39202812500000006 0.2676375000000001 0.39113720127943824 0.2946601918096855 0.7651575137794383 0.3069914418096856
0 0.7641875 0.3113578125000001 0.3905057551771996 0.296784532823135 0.3894876834197948 0.32288948922946603 0.7631694282425953 0.33746276890633115
0 0.7768234374999999 0.34120625000000004 0.3826090544667732 0.3239294765168036 0.3812987216525677 0.35382811716418 0.7755131046857945 0.3711048906473764
0 0.7725953125000001 0.37672187500000015 0.38177038824210896 0.3551065784279874 0.380058084558002 0.38606664207634334 0.7708830088158931 0.4076819386483561
0 0.7521609375 0.4146500000000001 0.3765829644149121 0.40940433593990405 0.3761906177996691 0.43749548794880305 0.7517685908847571 0.4427411520088991
0 0.7782015624999999 0.4488296875000001 0.3776080517802744 0.4376882597460054 0.3769437500000001 0.46157343750000007 0.7775372607197257 0.4727148652539947
0 0.7749468750000001 0.4781265625000001 0.37628438829582234 0.4637684401037244 0.3754640625000001 0.4865453125000001 0.7741265492041779 0.5009034348962758
0 0.7804579646264027 0.5051106021848473 0.37091242589786144 0.48806572406618526 0.368581040049061 0.544083060581233 0.7781265787776024 0.5611279386998951
0 0.7765749999999999 0.5654078124999999 0.3663559909183701 0.5390593116940352 0.3629601439334783 0.5919291503005566 0.7731791530151081 0.6182776511065213
0 0.6862593750000001 0.6114062500000002 0.3739828125000001 0.5905406250000002 0.37276836002996483 0.6087162148834675 0.685044922529965 0.6295818398834675
0 0.6840390625000001 0.6299421875 0.37108345510103097 0.6088071611156838 0.36935394466729166 0.6344167808271303 0.6823095520662609 0.6555518072114465
0 0.7254781250000001 0.6676781250000001 0.3633015085540398 0.6379166961429414 0.3612886639925942 0.662411663645926 0.7234652804385544 0.6921730925029846
0 0.7239984374999999 0.693759375 0.3643330293763277 0.6626801308797924 0.36224243749627705 0.6868735629610303 0.7219078456199494 0.7179528070812379
0 0.7469390625000001 0.7226171875000001 0.361015104961311 0.6864395099046139 0.3591843750000001 0.70596875 0.7451083325386891 0.7421464275953863
0 0.7454578125000001 0.7431500000000002 0.35931802580545635 0.7075770392095644 0.3574236960037404 0.7281397387799748 0.7435634826982842 0.7637126995704107
0 0.7091984375000001 0.76645625 0.3587761642885763 0.7285963602268578 0.3569640625000001 0.74536875 0.707386335711424 0.7832286397731422
0 0.7042066064041163 0.7859015688732462 0.3552169159270628 0.7452515111210727 0.3532640625000002 0.7620171875 0.7022537529770536 0.8026672452521737
0 0.752604938025075 0.8077495369237264 0.3533497991849874 0.7615130423916188 0.34753143135855424 0.8117550271673488 0.7467865701986418 0.8579915216994565
0 0.7460984662425082 0.8577417621079793 0.35016104156703604 0.806469655059806 0.3439799040676267 0.8542021124129178 0.7399173287430989 0.9054742194610912