0 0.708675 0.15451875 0.703995523107902 0.09300971648325665 0.15749999999999997 0.13458593750000003 0.1621794768920979 0.1960949710167434
0 0.7166890625 0.2116828125000001 0.7115307867938359 0.15053035352201216 0.16610624999999998 0.19653749999999998 0.17126452570616404 0.2576899589779879
0 0.7167515625 0.25267656250000015 0.7130637153135837 0.2133779605239477 0.22310781249999997 0.25935624999999995 0.22679565968641624 0.29865485197605246
0 0.7257312500000002 0.3015203125 0.7203453472703452 0.25171737125743193 0.20819843750000006 0.30710312500000003 0.21358434022965503 0.35690606624256815
0 0.7298140625000001 0.3509671875000001 0.7239696146932293 0.3009841317940863 0.2160453125 0.360375 0.22188976030677074 0.4103580557059138
0 0.7279578585627605 0.3921934312715124 0.7231109633164008 0.3532751621747562 0.29527656249999995 0.4065578125 0.30012345774635973 0.4454760815967562
0 0.7411157335909268 0.43226950889402016 0.734609327012709 0.3859802030021071 0.22810140592178224 0.45717475660808693 0.2346078125 0.5034640625
0 0.7493101907622709 0.47524305282543394 0.7423200355203982 0.4287336814321061 0.23772656249999996 0.504571875 0.24471671774187262 0.5510812463933278
0 0.7411218749999998 0.5240203125 0.7328478609696266 0.4731115977683748 0.30720567346962685 0.5422897227683747 0.3154796875 0.5931984375000001
0 0.7512333629746766 0.5756770818008068 0.7431991073554247 0.5259239053958961 0.3170235568807481 0.5947436985950894 0.3250578125 0.644496875
0 0.7694671875 0.6010515625 0.7643186439652082 0.5711421834161525 0.29607176896520815 0.6517453084161525 0.30122031250000003 0.6816546875
0 0.775427101706043 0.6308670509881976 0.7701627150184833 0.6008527733291358 0.2998246758124404 0.6833482223409383 0.30508906250000006 0.7133625000000001
0 0.7916393802670658 0.6680865824320672 0.7842826446767328 0.627121777667507 0.3027901394096671 0.7135914452354397 0.31014687500000004 0.7545562499999999
0 0.8072953124999998 0.7067359375000001 0.8005132700876176 0.6694471975614098 0.30850545758761766 0.7589331350614097 0.3152874999999999 0.7962218749999999
0 0.8017156249999999 0.7260593750000002 0.7979298045875037 0.7065617025925283 0.36975636708750376 0.7896992025925281 0.3735421875 0.8091968749999999
0 0.8069312500000001 0.7583328125000002 0.8009704453696544 0.7278411523206453 0.3308688828696543 0.8197411523206452 0.3368296875 0.8502328125
0 0.8249140625000001 0.7979390625 0.8182167077054274 0.7638328443379994 0.3343823327054272 0.8588422193379992 0.3410796874999999 0.8929484375