0 0.8505984375000001 0.839528125 0.8424031049329358 0.7799460617501277 0.2233077924329357 0.8651007492501279 0.23150312499999998 0.9246828125000002
0 0.8433707968385533 0.7841161770379229 0.8359496464876699 0.7252493517558525 0.22043197464911643 0.8028456747179297 0.227853125 0.8617125000000001
0 0.8388171874999999 0.7219718750000002 0.829335186910137 0.6457369290199597 0.2139496292619608 0.7222777613849605 0.22343162985182374 0.7985127073650008
0 0.8373657629372445 0.648146475459501 0.8285977174658194 0.5706270789713102 0.20905226702857488 0.6407024785118092 0.2178203125 0.7182218749999999
0 0.83065 0.5712296875 0.8269692916259146 0.5368506076344938 0.20377866662591457 0.6035709201344939 0.207459375 0.6379500000000001
0 0.8245687500000001 0.5351625 0.8212081322967292 0.5025005567769092 0.20019250729672894 0.5663974317769092 0.203553125 0.5990593750000001
0 0.8164328125000001 0.5036890625000001 0.8119367809561521 0.45688488504047375 0.19769687499999997 0.5158890625 0.20219290654384792 0.5626932399595262
0 0.8119687499999999 0.45682656250000014 0.8075024338510108 0.4073149879642831 0.19301649635101087 0.46274623796428316 0.19748281249999997 0.5122578125000001
0 0.8075046875 0.40996562500000006 0.804505973115961 0.37110298558847965 0.1882875 0.41865156250000013 0.19128621438403898 0.4575142019115205
0 0.8040937500000002 0.37816093749999996 0.8017702537593756 0.34273189990770525 0.18489687500000002 0.38318750000000007 0.18722037124062452 0.41861653759229467
0 0.8014312499999999 0.34007500000000007 0.7973823949143461 0.2753949809315567 0.188334375 0.31352031249999995 0.1923832300856539 0.37820033156844335
0 0.7959765625 0.27904062500000004 0.7942052348146419 0.24625958876808784 0.17597055874351578 0.27966598233130024 0.17774188642887387 0.31244701856321244
0 0.7995281249999999 0.2449703125000001 0.7978094680892183 0.2103919209516373 0.18089218749999997 0.2410546875000001 0.1826108444107817 0.2756330790483629
0 0.801403125 0.20389531249999998 0.7986125535130826 0.13376813168207596 0.11923755351308252 0.16080250668207602 0.12202812500000002 0.23092968750000004
0 0.7979390625 0.13738281249999998 0.7967821483347958 0.07165469258113284 0.1152890625 0.08365 0.11644597666520415 0.14937811991886712