0 0.496297715625 0.35969388593749996 0.49431245597326773 0.2834320202941639 0.1981344153951234 0.29114216885568545 0.20011967504685568 0.3674040344990215
0 0.4650209945467109 0.26329995864589234 0.4634564640625 0.22898030625 0.21318493045328904 0.24038943822910763 0.21474946093749997 0.274709090625
0 0.3060663019963027 0.7231163848726123 0.3031220867651389 0.3974861758477942 0.26646138283884935 0.3978176469456638 0.26940559807001313 0.723447855970482
0 0.26314819557174735 0.3778760896955118 0.21836184990086668 0.37785740008397256 0.21821732840698616 0.724177577376864 0.26300367407786684 0.7241962669884032
0 0.21733331441620019 0.3764899302282228 0.16180075189649817 0.3762512088250806 0.16028224291978194 0.7294943348132958 0.2158148054394839 0.7297330562164379
0 0.16292132735784776 0.7286452566485955 0.15931785816827662 0.3529443118892335 0.1244237189001979 0.3532789928569102 0.12802718808976904 0.7289799376162722
0 0.11033565312499997 0.7355199546875001 0.10720699540589607 0.31773270565824097 0.08637718283555437 0.31788869259665786 0.0895058405546583 0.735675941625917
0 0.36827392443305174 0.7296808277237669 0.34344981605363084 0.3629748079213681 0.3062606572455791 0.3654923223851013 0.33108476562500005 0.7321983421875001
0 0.40250059218749995 0.726744334375 0.3859934613894599 0.37228607057908836 0.3487079318816874 0.37402245868263495 0.3652150626797276 0.7284807224785466
0 0.4440757343119811 0.7287984104893805 0.4325967795912911 0.3668302477297816 0.3878246762754299 0.3682500879245508 0.3993036309961199 0.7302182506841497
0 0.4833276728228492 0.7352888202484683 0.47243714138800197 0.38915976118522916 0.43668612012765273 0.39028462374926076 0.4475766515625 0.7364136828124999
0 0.5325663100868223 0.7389860339726205 0.5216816317151859 0.3627333882651262 0.4716120825658637 0.3641818589800056 0.48249676093750005 0.7404345046874999
0 0.5951642340496244 0.741763481417571 0.5890321559743588 0.3369356849278132 0.5246482466747245 0.3379109320873203 0.5307803247499903 0.7427387285770781
0 0.6329436849242612 0.7421184243782695 0.6287089828712648 0.3329071426483542 0.5954810680558066 0.33325100002807007 0.5997157701088031 0.7424622817579853
0 0.6816334078707895 0.7368970166165727 0.674603175 0.32572751250000004 0.6265396363736703 0.3265493095101243 0.6335698692444598 0.737718813626697
0 0.7499235349768405 0.7559965206329601 0.746792309375 0.31417743281250005 0.6872241248914984 0.3145995997795952 0.690355350493339 0.7564186876000552
0 0.8099972647614887 0.7516324986058471 0.806632566189965 0.31152443800685564 0.7481147623085295 0.31197181625041837 0.7514794608800531 0.7520798768494098
0 0.8677956579649069 0.7516154016934944 0.8636678934165669 0.31409119335872704 0.8070897490242313 0.31462497241411325 0.8112175135725712 0.7521491807488807
0 0.9228642956774118 0.3065262656817302 0.86892669200777 0.30617885887610374 0.8660636530442026 0.7506878852009359 0.9200012567138446 0.7510352920065623
0 0.9659281436686025 0.7473163358235612 0.9641553796500973 0.3076239577180886 0.9198169692486348 0.3078027225603087 0.9215897332671398 0.7474951006657813
0 1 0.3008486484375001 0.9667584250000001 0.3008486484375001 0.9667584250000001 0.7436143781250002 1 0.7436143781250002