0 0.60102886923871 0.10557775638833718 0.5946515625000001 0.07648437500000001 0.14864144326129008 0.17425036861166282 0.15501875000000004 0.20334375
0 0.6045109595597461 0.1367659198619136 0.5991265625000001 0.11134218749999998 0.15493747794025386 0.2054153301380864 0.160321875 0.23083906250000003
0 0.6059152379528454 0.1700693143564395 0.6002062499999999 0.1422484375 0.15783163704715455 0.2330259981435605 0.16354062500000002 0.26084687500000003
0 0.6095968937618016 0.20100699281605566 0.6046234375 0.17547968749999998 0.16489841873819838 0.26115081968394427 0.16987187499999998 0.28667812499999995
0 0.6104050512452784 0.23688785995995945 0.6045609375 0.204796875 0.1661621362547216 0.2846340150400406 0.17200625 0.31672500000000003
0 0.6146637368558259 0.2750721822186909 0.6090640625000001 0.24046875 0.16528782564417424 0.31228250528130913 0.17088750000000003 0.3468859375000001
0 0.6154654892978721 0.31092861895364965 0.6103406249999999 0.2769953125 0.16689425718391648 0.34396793308874213 0.17201912148178877 0.37790123954239185
0 0.6184562387843546 0.34751457404280195 0.6137890625 0.313590625 0.16607811615676354 0.3751856329509529 0.1707452924411181 0.4091095819937548
0 0.621621875 0.3824328125 0.6172046874999999 0.34920937500000004 0.17124244325804566 0.40850182030273263 0.17565963075804567 0.4417252578027326
0 0.6252195275683761 0.4148469277970638 0.6217078125 0.3848718750000001 0.17373018415523592 0.4373545110908961 0.177241899223612 0.4673295638879599
0 0.6317109375000001 0.453721875 0.628361194362469 0.41961759494743206 0.1777175936588133 0.4638800836028909 0.1810673367963444 0.49798436365545884
0 0.6384390625 0.490934375 0.6354439744405629 0.4560211794358664 0.1872939744405629 0.49446649193586634 0.19028906249999994 0.5293796874999999
0 0.64131875 0.5111875 0.6399215721747435 0.4934382935263617 0.1933471163415202 0.5285916356176183 0.19474429416677666 0.5463408420912568
0 0.6420281250000001 0.5315140625000001 0.6408741900897306 0.5129468358260846 0.19235544008973063 0.5408218358260847 0.193509375 0.5593890625000001
0 0.4551874999999999 0.5909546875000001 0.45309225366676575 0.5520233513769892 0.10356533556797495 0.5708345473554463 0.10566058190120917 0.6097658834784572
0 0.4611140624999999 0.6363375 0.459509275380907 0.5958255650529138 0.11054810469019449 0.6096488591641298 0.11215289180928736 0.6501607941112161
0 0.6043932983963034 0.6288545037726613 0.6036656250000001 0.6144203125000001 0.4961442016036968 0.6198408087273387 0.4968718750000001 0.6342749999999999
0 0.5983468750000001 0.6486421874999999 0.5976837253079909 0.6325234274904938 0.20420972869637904 0.6487115312598102 0.20487287838838814 0.6648302912693163
0 0.6077630660182619 0.6678507936658674 0.60716875 0.6525703125 0.19725880898173806 0.6685132688341324 0.19785312500000002 0.6837937499999999
0 0.6061875 0.6866296875 0.6056823454380854 0.6721652706540246 0.19902913912313808 0.6863672066514858 0.19953429368505254 0.7008316234974611
0 0.6691578125000001 0.7487453125000002 0.6690850204510838 0.6945870309549662 0.1532495812966264 0.6952803453927301 0.15332237334554263 0.7494386269377641
0 0.6756471190743365 0.7543625888475158 0.1581758096013967 0.754155286499865 0.1581536905270601 0.809369260152349 0.6756249999999999 0.8095765625
0 0.6679482040136389 0.8095372358914453 0.18861718750000014 0.792390625 0.18755648348636153 0.8220424516085547 0.6668875000000003 0.8391890625
0 0.6722223014570193 0.846184140880451 0.1895828125000001 0.8200359374999999 0.18780738604298092 0.8528064841195488 0.6704468750000002 0.8789546874999999