0 0.836071875 0.8713359375000003 0.8331878051447437 0.8097658829932805 0.28502943506615536 0.8354427651028699 0.28791350492141154 0.8970128196095898
0 0.8285468749999998 0.8092437500000003 0.824956328977142 0.7479998159822611 0.2780528365259619 0.780063108309937 0.2816433825488198 0.8413070423276761
0 0.7726515624999999 0.7454390625000001 0.7700280004970057 0.7060614006659124 0.2786522513227159 0.7387996254533101 0.28127581332571017 0.7781772872873979
0 0.788390625 0.6979609375 0.7843588195249861 0.6480612063498534 0.27044116575671956 0.6895847970067766 0.2744729712317335 0.7394845281569231
0 0.781475 0.6445593749999999 0.7769417941157404 0.594462383355212 0.26722092336466396 0.6405863036696784 0.2717541292489235 0.6906832953144664
0 0.7030624999999999 0.5970015625 0.6990994746054626 0.5579929567786002 0.2700889590756912 0.6015776872791136 0.2740519844702285 0.6405862930005135
0 0.7706275513985797 0.5476255083830179 0.7654124999999998 0.50116875 0.2573365280976311 0.5582033430296962 0.2625515794962111 0.6046601014127141
0 0.7623140625 0.5000062500000001 0.7567126848469523 0.45332542667101416 0.2496660251103962 0.5141675375499207 0.2552674027634439 0.5608483608789067
0 0.6927562499999999 0.4611890625000001 0.6861187499999999 0.4100359375000001 0.2585225060206681 0.46551974360984794 0.26516000602066814 0.516672868609848
0 0.68424375 0.408515625 0.677516127739126 0.3585675344504466 0.2500255027391259 0.4161472219504465 0.256753125 0.4660953124999999
0 0.706071875 0.351909375 0.7019203125 0.32184218750000004 0.23131017714661847 0.3868222389282573 0.23546173964661854 0.41688942642825727
0 0.7030104510229204 0.3202286803167921 0.6986046875 0.29007187500000003 0.22640986147707967 0.35905725718320797 0.23081562500000002 0.3892140625
0 0.7004358571163729 0.2899681321878312 0.6942671875 0.24879531250000006 0.2105093860313798 0.3212737600347664 0.21667805564775278 0.3624465797225975
0 0.69584191115117 0.24285930021810817 0.6895912832505645 0.20547132921540295 0.19635937500000003 0.2879312500000001 0.20261000290060555 0.32531922100270527
0 0.6351262462809003 0.2126631429106316 0.6318359375 0.19305781250000004 0.2016954986436744 0.2652471015018206 0.20498580742457467 0.2848524319124522
0 0.6745572882211541 0.183286711901193 0.6692578125 0.15266874999999996 0.19727911404784595 0.23436065560171207 0.202578589769 0.2649786175029051
0 0.671734449573848 0.14412890950824334 0.665753125 0.10988593749999995 0.18003776176114347 0.19472732443734647 0.1860190863349915 0.22897029644558983