0 0.07705452026098164 0.15169469160222554 0.06572545683991729 0.15116519295919212 0.03907406157893573 0.7213939388569666 0.05040312500000008 0.7219234374999999
0 0.11122036217077 0.12527428574538133 0.0818953125 0.12369531250000003 0.04962462927799868 0.7230337694137161 0.0789496789487687 0.7246127426590975
0 0.12872656250000009 0.15876718750000002 0.11792748666786065 0.1581788201948101 0.08711093750000008 0.7237953125 0.0979100133321395 0.7243836798051899
0 0.15951644512517474 0.1314555125003132 0.13368750000000004 0.12987968750000006 0.09756131873942382 0.7220146981617829 0.1233902638645985 0.723590523162096
0 0.17209393442775128 0.25352000798917956 0.15582187500000005 0.252425 0.12403971331808288 0.7247149090608861 0.14031177274583412 0.7258099170500657
0 0.19077279016008197 0.2539974040340383 0.1746546875 0.2528796875 0.1416912723399181 0.7282307209659618 0.15780937500000008 0.7293484375
0 0.21869843750000023 0.13853906250000003 0.19997742643296423 0.1372577238290431 0.15935485407291017 0.7307742108918259 0.17807586513994617 0.7320555495627828
0 0.24668053165234677 0.22514975754786448 0.21921875000000007 0.22298437500000007 0.17904183851679673 0.7325153914504312 0.20650362016914342 0.7346807739982956
0 0.27899457908265507 0.14785169776954254 0.2554578125 0.145896875 0.20669483654335422 0.7330205779000752 0.2302316031260093 0.7349754006696178
0 0.3049159543803521 0.15054331041363356 0.28227187499999995 0.14857031250000002 0.23120233787542338 0.7346949325899677 0.25384641725577556 0.7366679305036012
0 0.3409593750000001 0.15133906250000004 0.3077547973637342 0.14833796513548556 0.25445792236373416 0.7380223401354855 0.2876625000000001 0.7410234375
0 0.38265312500000015 0.15281562500000007 0.34869898000972654 0.14932092085267548 0.28779084245519515 0.7410974050501531 0.3217449874454687 0.7445921091974778
0 0.40544397791645415 0.15413657310022033 0.3845171875 0.15198125000000004 0.3234422586890383 0.7449792254758024 0.3443690491054924 0.7471345485760227
0 0.4269632601846228 0.15828520938334137 0.40674386022564885 0.1562041487735228 0.34574622504102615 0.7488517518901816 0.36596562500000007 0.7509328125000001
0 0.4528201615802067 0.16200562626272283 0.4318010277169698 0.1597268076770338 0.3679574286367632 0.7486008689143111 0.38897656250000007 0.7508796875000001
0 0.47817812500000006 0.16295312500000012 0.45565057583379664 0.16032164480305866 0.3868943258337966 0.7489294573030587 0.40942187500000005 0.7515609375000001
0 0.4993311235636921 0.16435165652401693 0.47913184490473026 0.16201562733770097 0.4103710338410383 0.7565795958136842 0.4305703125000001 0.7589156250000001
0 0.5339830508942592 0.18644469264020622 0.5034359375000002 0.18293906250000008 0.43672978836085363 0.7641984139865317 0.4672769017551127 0.7677040441267378
0 0.6219421875000001 0.1864453125000001 0.5389453125 0.1758765625000001 0.4646424448449025 0.7593803655904011 0.5476393198449026 0.7699491155904011
0 0.7102140625000002 0.19556406250000014 0.6291904319782227 0.18302519694044211 0.5392495120872127 0.7642053545411474 0.6202731426089904 0.7767442201007053
0 0.7447078125000001 0.20150781250000013 0.7184327823639733 0.19717570253032626 0.6233386433293898 0.7739388471375056 0.6496136734654167 0.7782709571071795
0 0.7784270780106287 0.2071529465698811 0.7497328125000001 0.20221406250000012 0.6506755551863753 0.777723671937002 0.6793698206970038 0.782662556006883
0 0.81593125 0.2093265625000001 0.7872612655233721 0.20398401405369387 0.6796163955599982 0.7816440543612977 0.7082863800366261 0.7869866028076038
0 0.8475046875000002 0.21266718750000013 0.8197412688910803 0.20741467130336005 0.710858863602006 0.7829384172596987 0.7386222822109259 0.7881909334563388
0 0.8794296875000003 0.21934531250000017 0.8517148770565413 0.2139279490140388 0.7399179499006753 0.7858723371495844 0.7676327603441342 0.7912897006355457
0 0.9104845682576027 0.22080001837132354 0.8827012311894554 0.21533476323996797 0.7696328125 0.7901328125000002 0.7974161495681473 0.7955980676313557
0 0.9464015625000002 0.2221843750000001 0.9203560752287148 0.21683062452340235 0.8024640625 0.7903640625000001 0.8285095497712854 0.7957178129765978
0 0.981196875 0.22597812500000014 0.9552344933529812 0.2203908606997504 0.8317104447313735 0.7943709555300134 0.8576728263783924 0.7999582198302629
0 1.0185873208979053 0.22835838151642923 0.9870880435003679 0.22137486889934133 0.8589768791157116 0.7992229127046299 0.8904761565132493 0.8062064253217178
0 1.0281267923332438 0.3463086773631946 0.9997841578757093 0.34002716339821937 0.8963250000000003 0.8068421875000003 0.9246676344575346 0.8131237014649756