0 0.23202013313997175 0.8315408867180742 0.16880770312499999 0.3631227624999999 0.12323610700443581 0.3692725914274148 0.18644853701940758 0.8376907156454892
0 0.27174700491607656 0.8175215213004876 0.21320290781250004 0.359570821875 0.17037527303199573 0.3650458767497973 0.2289193701355723 0.8229965761752849
0 0.29526081210788624 0.820989568195599 0.238648226815924 0.3297017430266551 0.2122691875 0.3327414796875 0.26888177279196224 0.8240293048564439
0 0.3191989207049294 0.8179091767868787 0.26914086562499995 0.33233919531249995 0.23978582617231234 0.3353654453647258 0.2898438812522418 0.8209354268391046
0 0.36557515429083 0.8062955830816199 0.33336293750000007 0.36138731250000006 0.2777571646734093 0.36541327768776827 0.30996938146423914 0.8103215482693882
0 0.4171041037487214 0.7979600568089322 0.38723218281250005 0.3583868421875 0.3355699880532696 0.36189763162122035 0.3654419089894909 0.8014708462426526
0 0.44781056566887534 0.7812528681015867 0.433948875 0.3600852296875 0.3906138534958131 0.3615114946908654 0.40447554416468845 0.7826791331049521
0 0.4842002310678389 0.767034006433972 0.4715831140625001 0.3548349 0.43418120162121643 0.3559797455324847 0.44679831862655517 0.7681788519664567
0 0.5160692142840407 0.774763539409449 0.509762978125 0.30865950937500003 0.4777561991803327 0.30909255069991703 0.4840624353393734 0.775196580734366
0 0.5417447130576587 0.7667856502841774 0.5403941875 0.3066998125 0.5097505388599373 0.30678976317283013 0.511101064417596 0.7668756009570076
0 0.6225268843750003 0.3181313906250001 0.5491854708415796 0.31570370174236445 0.5340698833043307 0.7723514066024835 0.6074112968377513 0.774779095485119
0 0.7005504375000002 0.3132102296875001 0.6266438864516063 0.3091140494354539 0.6012381201717082 0.7675051472273274 0.675144671220102 0.7716013274793736
0 0.7512729609375002 0.2980036468750001 0.7170539086238885 0.29526305834243016 0.6779105661672287 0.7840077448707667 0.7121296184808404 0.7867483334033367
0 0.7992198328125001 0.3086595093750001 0.7672374724949682 0.3048693596538481 0.710018019499781 0.7877033629258707 0.7420003798173129 0.7914935126470227
0 0.8329601578125002 0.3181313906250002 0.8027521974467147 0.3140578661538319 0.7390863169945374 0.7861837627734338 0.769294277360323 0.7902572872446021
0 0.8675426249999999 0.3145123125000001 0.8378621923589655 0.31014267973709825 0.7676876100282635 0.7867987460459555 0.7973680426692978 0.7911683788088573