0 0.09279884218750001 0.960685484375 0.08056642927461656 0.0364586778403662 0.025424247311720456 0.037188500794989865 0.03765666022460391 0.9614153073296237
0 0.14159830173504853 0.9648064785013719 0.1383395939975807 0.03933327907106753 0.07734580632503216 0.03954804588219546 0.0806045140625 0.9650212453124999
0 0.18880834653815126 0.9634638671710354 0.18140662438780797 0.21232609322961968 0.13336148097465667 0.21279953074608424 0.14076320312499996 0.9639373046874999
0 0.2334401015625 0.9639373046875 0.22449759375 0.21385058906249993 0.1758176560622731 0.21443094959151127 0.1847601638747731 0.9645176652165114
0 0.2692101328125 0.14122658750000003 0.226936459375 0.14122658750000003 0.22693645937500007 0.9650212453125 0.26921013281250006 0.9650212453125
0 0.3132633382495182 0.9654662206140108 0.30090653892608027 0.14497480317049813 0.25847924442656206 0.14561376849398738 0.27083604375 0.9661051859375
0 0.34806679218750003 0.14664628906250005 0.30172834375000007 0.14664628906250005 0.3017283437500001 0.9639373046875 0.3480667921875001 0.9639373046875
0 0.4635064390625 0.04800771718750005 0.3870886453125 0.04800771718750004 0.38708864531250003 0.958517603125 0.46350643906250005 0.958517603125
0 0.5309871002518814 0.04925994524900934 0.46107054010647175 0.04907199751736465 0.4586262992295903 0.9583296553933552 0.528542859375 0.958517603125
0 0.6066115693657071 0.05198355054330386 0.5309926849975434 0.05123552201041481 0.5220251718818364 0.957769574592111 0.5976440562500002 0.958517603125
0 0.6781833672275126 0.04672569030375854 0.6050017264431501 0.045809829368434196 0.5935636107781377 0.9597696234396759 0.6667452515625002 0.9606854843750001
0 0.7236521203125003 0.0512595390625001 0.6903792896333316 0.05030661787560846 0.6643063859375001 0.960685484375 0.6975792166166688 0.9616384055618917
0 0.7643658750055404 0.05952251574722187 0.7139204186028972 0.05861304239726854 0.6975953217223569 0.9641117719625466 0.7480407781250001 0.9650212453125
0 0.8090124218750002 0.0588471203125001 0.7602118487984694 0.057963051982135416 0.7439527441109692 0.9554656535446353 0.7927533171875001 0.9563497218749999
0 0.8285233484375004 0.1444784078125001 0.8081656266107412 0.14409161109376153 0.7927194766107412 0.9570468657812615 0.8130771984375003 0.9574336625000001
0 0.8432813217987482 0.14372567777790918 0.8268974374999999 0.1433944671875001 0.8104860039719288 0.9552134001764194 0.8268698882706771 0.9555446107668286
0 0.8667322453125001 0.2615439640625001 0.8359466594863674 0.2611803547552259 0.8277103921875 0.9585176031250002 0.8584959780136326 0.9588812124322745
0 0.912349410823408 0.07580039548004078 0.8683581562499999 0.0751062265625001 0.8544367338172275 0.9573422685243814 0.8984279883906356 0.9580364374419222
0 0.9545984566213784 0.07893269298528963 0.9090216916691045 0.07830201823004332 0.8967603194227263 0.9643905705572537 0.9423370843750002 0.9650212453125
0 0.9998148397356138 0.08009032848751939 0.9574794719286885 0.07936738812325322 0.9422753900055747 0.9697180065107341 0.9846107578125001 0.9704409468750003