0 0.06594607666013119 0.061829858455201746 0.030201287500000007 0.056679240625 -0.035744789160131116 0.5143386290447982 6.661338147750939e-17 0.5194892468749999
0 0.05144252738079517 0.3627302284685749 0.02694946718750004 0.3590985953125 -0.024493060193295037 0.7060457855939252 8.881784197001253e-17 0.70967741875
0 0.1299311281401628 0.18848950832513192 0.07491382656250002 0.18024843906250004 -0.044020503819647484 0.9742529200395544 0.010996797758015297 0.9824939893021865
0 0.14343536848959398 0.280556184756099 0.10259927175355203 0.2749347600629509 0.005812629687500137 0.9780285296875 0.04664872642354208 0.9836499543806481
0 0.19231688334110278 0.2824292018328308 0.14564093437500003 0.2745512484375 0.0281162724683373 0.9708710723990277 0.07479222143444005 0.9787490257943585
0 0.32896009435103696 0.03756462969978512 0.24238260937499997 0.020909209375000022 0.06312822596146321 0.9527015859252147 0.14970571093750018 0.9693570062499999
0 0.4269350099950472 0.03214506609097697 0.3374983734375 0.012237685937500043 0.12859859971664805 0.9507485796455585 0.2180352362741953 0.9706559597990354
0 0.41562193570701583 0.2725853215267409 0.37814613750000003 0.2637118453125 0.21547522991798423 0.950728067535759 0.2529510281250001 0.9596015437500001
0 0.45372253011322405 0.2709050511073009 0.4169142846719878 0.26238088449989583 0.25516463424626395 0.9608328396425947 0.2919728796875002 0.9693570062499998
0 0.5019307948587226 0.266906065806623 0.45540256615787095 0.256014558842603 0.29097014473664845 0.9584654992859798 0.3374983734375001 0.9693570062499999
0 0.5775387455008205 0.15269024220463945 0.53016876875 0.14014264687500005 0.31476073878330724 0.9533561035888237 0.36213071553412773 0.9659036989184632
0 0.6175886725195572 0.11449589082593463 0.584636771875 0.1054565562500001 0.3525108337304429 0.9516461497990655 0.385462734375 0.960685484375
0 0.6617063385781236 0.10975802507371608 0.6204068031250001 0.0989529140625001 0.3951737811010554 0.9598435766976479 0.4364733165541789 0.9706486877088638
0 0.7113988713648707 0.10190240985125136 0.6634934312500002 0.0891974500000001 0.4342989692601297 0.953400226086249 0.48220440937500014 0.9661051859375002
0 0.7666372520515692 0.10126779410984225 0.7147096125 0.0870295703125001 0.47625335890401643 0.956693551002368 0.5281809984555856 0.9709317747997102
0 0.8049476453125001 0.14881416875000014 0.7746034847345351 0.13945030829171387 0.522688132133503 0.9557973635936665 0.5530322927114679 0.9651612240519529
0 0.8408555074621255 0.14971466963234456 0.8118897606063784 0.14059690929207797 0.5537444718749999 0.960685484375 0.5827102187307469 0.9698032447152667
0 0.8105897905796132 0.3368710722186416 0.78543671875 0.32874826562500015 0.5846853125453867 0.9503947965313589 0.6098383843749999 0.9585176031250005
0 0.989252071602618 0.023329010020074304 0.9431500390625001 0.006817984375000164 0.6206432190223821 0.907320486854926 0.6667452515625001 0.9238315125
0 1.0322521173328636 0.04482623212139307 0.9878625781250001 0.02849679218750012 0.6581257436046366 0.9248451178786073 0.7025152828125002 0.9411745578125004
0 1.0394242369260733 0.175596992414903 0.9959921312500001 0.15856963281250014 0.6906276933077207 0.9374702285661876 0.734059798983794 0.9544975881685905
0 1.0434416484543907 0.3227549925431319 0.9992439515625 0.3038176375000002 0.7314835593581095 0.9287408449568684 0.7756812562500002 0.9476782
0 1.0173386473836101 0.4352693931083942 0.9943662203125001 0.42521895625000017 0.77303271042889 0.9311241209541062 0.7960051375000001 0.9411745578125004