0 0.7489413530141988 0.132377457401428 0.2769524883430775 0.0470408745683817 0.2718283228288786 0.07538216716695376 0.7438171875 0.16071875000000008
0 0.7427265625 0.16129531250000007 0.27171249999999997 0.07620625000000002 0.2669781982299503 0.1024131753590853 0.7379922607299504 0.18750223785908535
0 0.69568125 0.18081406250000007 0.2718390625 0.10694062500000001 0.2661223582543293 0.13973970021259735 0.6899645457543293 0.21361313771259743
0 0.6910986014432774 0.21305575393226558 0.26651406250000004 0.14055781250000005 0.26115926181118354 0.171918228212196 0.6857438007544608 0.2444161696444615
0 0.7165563672763918 0.25330910202827933 0.26313906249999997 0.17448437500000002 0.25845042640743365 0.20145444924340405 0.7118677311838255 0.28027917627168336
0 0.7080414564771045 0.2816626649617193 0.258509375 0.20371718749999998 0.25383526132279005 0.23067403116560845 0.7033673427998947 0.30861950862732773
0 0.6829421874999999 0.30540156250000006 0.2547375 0.23383437500000004 0.24851700043841635 0.2710532061977726 0.6767216879384162 0.34262039369777264
0 0.6776656249999999 0.34501875000000004 0.24825880033960068 0.2755021366037137 0.24250716422977328 0.31103021655265756 0.6719139888901726 0.3805468299489439
0 0.6981890624999999 0.38799375 0.2487109375 0.316034375 0.24438301434806733 0.3430677779926578 0.6938611393480673 0.4150271529926579
0 0.6929812500000001 0.4186140625000002 0.2408109375000001 0.3469968750000001 0.23652821640020907 0.37403674357963196 0.6886985289002091 0.44565393107963197
0 0.653153125 0.4430203125000002 0.23618125000000006 0.3762296875000001 0.23220237506284613 0.40106968477410215 0.6491742500628461 0.4678603097741022
0 0.649334375 0.46713749999999993 0.2317710964655227 0.4032492665009403 0.22807812500000005 0.4273859375 0.6456414035344774 0.4912741709990597
0 0.698397578369865 0.504121480309019 0.22555000000000006 0.43073125 0.22169116118368565 0.4555934500766451 0.6945387395535507 0.5289836803856641
0 0.6951093750000001 0.5313218749999999 0.2222421875000001 0.457925 0.2182691047654835 0.4835220088423474 0.6911362922654835 0.5569188838423476
0 0.6880937500000001 0.56271875 0.22065156250000012 0.48689062500000013 0.2129505667202436 0.5343633841275356 0.6803927542202436 0.6101915091275355
0 0.6787109375 0.6096328125 0.21387031250000002 0.536009375 0.20646246797026158 0.582780718447614 0.6713030929702615 0.656404155947614
0 0.6720453125000001 0.6580203125 0.20506537780059841 0.5848069527044975 0.19750156250000006 0.6330515625000002 0.6644814971994017 0.7062649222955028
0 0.6982734375 0.7134656250000001 0.19594843750000007 0.6365515625 0.19079541823994714 0.6702058815629943 0.6931204182399472 0.7471199440629944
0 0.6957894178890996 0.7464102613506707 0.1901609375000001 0.6730921875 0.1858060872142287 0.7031248413419624 0.6914345676033282 0.7764429151926331
0 0.6895828125000001 0.7806609375000001 0.18486769304514997 0.7050139242628448 0.18055206804514995 0.7338076742628449 0.6852671875 0.8094546875
0 0.6856953125000002 0.811509375 0.18125957843106336 0.7346110629907056 0.1769117400025428 0.7631319110041029 0.6813474740714796 0.8400302230133974
0 0.6793968750000001 0.8449718750000003 0.17850000000000005 0.7656375000000001 0.17340696493924285 0.7977936157593882 0.6743038399392429 0.8771279907593884
0 0.673840625 0.88005 0.17380312500000009 0.8016015624999999 0.16836396000701262 0.8362712965553273 0.6684014600070125 0.9147197340553275
0 0.6651296875000001 0.916128125 0.1658525114794154 0.838548671602109 0.16051337488881962 0.8729096901783663 0.6597905509094043 0.9504891435762574