0 0.1593043723299637 0.7948932767991206 0.1152461252563908 0.2992646570073152 0.031605125 0.3066998125 0.0756633720735729 0.8023284322918054
0 0.20734618125 0.7789402843750001 0.18193767985405512 0.3186687124598345 0.12299524843750001 0.32192252812500005 0.1484037498334449 0.7821941000401657
0 0.2597894029635584 0.7765532270339975 0.23745960232396204 0.3191951202569612 0.181596940625 0.32192252812500005 0.20392674126459637 0.7792806349020365
0 0.3139219844859186 0.770012845452934 0.29699131954168523 0.32460094071502443 0.24286236875000006 0.32665845 0.25979303369423346 0.7720703547379096
0 0.366309745945045 0.762005303030732 0.3511267472524555 0.32493326869769795 0.3014640609375 0.32665845 0.31664705963008954 0.7637304843330339
0 0.4160037109375 0.7647325203125 0.40756804109559147 0.32682474079158014 0.35473834375 0.3278424296875 0.3631740135919085 0.7657502092084199
0 0.460473097097597 0.7660873638751273 0.4461924890625001 0.27693115625000003 0.40801054294168954 0.2780458541687196 0.4222911509767865 0.7672020617938469
0 0.5058831535877588 0.7624764126318352 0.48969884384789014 0.2769018126987347 0.4532957031249999 0.2781151375 0.4694800128648685 0.7636897374331004
0 0.5333455534164853 0.7483950682133844 0.5181126781250001 0.33139441093750005 0.4922249809585149 0.33234007866161563 0.5074578562500001 0.7493407359375002
0 0.5616269879482628 0.7471725331301088 0.5472301249999999 0.3314393953125 0.5171394461240552 0.3324814372870015 0.5315363090723181 0.7482145751046103
0 0.5945116560308402 0.7558290985228152 0.5838004445285071 0.27615827961403683 0.5491893859375001 0.27693115625 0.5599005974398332 0.7566019751587784
0 0.6237733703125 0.7493407359375002 0.619333771875 0.2792991171875 0.5846974820697276 0.27962626102320803 0.5891370805072276 0.7496678797732081
0 0.6548817001772449 0.7502770229362092 0.6507457499999999 0.3197206453125 0.618404986097662 0.32003131261449735 0.622540936274907 0.7505876902382066
0 0.6839791413696438 0.746765685516958 0.6805991984375 0.31481860625 0.6530481086525735 0.31503419078722955 0.6564280515847172 0.7469812700541876
0 0.7132457500000002 0.31711647968750006 0.6823752544378939 0.31706695779513766 0.6816875198553713 0.7457805300132254 0.7125580154174777 0.7458300519055878
0 0.7445283625000001 0.3171866062500001 0.7143592908350682 0.3168074186125193 0.7089978556099464 0.7433759760903038 0.7391669272748784 0.7437551637277846
0 0.7708629375000002 0.2676373125000001 0.7445324435350397 0.2672086174241645 0.7367797246944883 0.7433813755210064 0.7631102186594487 0.7438100705968419
0 0.780932421875 0.40598537031250015 0.768551061017737 0.40575072720309907 0.7622649232163426 0.7374499648931111 0.7746462840736057 0.7376846080025121
0 0.8120091312500002 0.2721951953125001 0.7862715900876729 0.27164649212569414 0.7762903748474698 0.7398266380988854 0.802027916009797 0.7403753412856913
0 0.8411754375000001 0.2715435625000001 0.8147298045444709 0.2705985199389757 0.7979940623569709 0.7389237715014757 0.8244396953125002 0.7398688140625
0 0.8724254375000001 0.26893939531250016 0.8448499107723201 0.26784529116529826 0.82616501545982 0.7387747099152981 0.8537405421875001 0.7398688140625
0 0.8987926249999999 0.26633522968750006 0.8708065860623041 0.26487957452849276 0.8461164989435064 0.7395646228424134 0.8741025378812022 0.7410202780014206