0 0.06844512519431009 0.7803546163473141 0.04239561718749999 0.26804760624999996 -0.008042548631810092 0.2706122586526859 0.018006959375 0.78291926875
0 0.09863219256615627 0.8051197760358827 0.06342297181632518 0.14133044751244175 0.0245106015625 0.14339446718749999 0.0597198223123311 0.8071837957109409
0 0.12824674148014803 0.8034213401130244 0.09035997656250001 0.1412265875 0.050847300707351994 0.14348726301197595 0.08873406562500001 0.8056820156250003
0 0.1538464461655147 0.8038458161805802 0.11800045468749998 0.13580688437499996 0.08378037414698526 0.13764308381941986 0.11962636562499998 0.805682015625
0 0.18222392031250007 0.8197732390624999 0.15451891727366163 0.14616138705140033 0.11637454531250002 0.14773022812500003 0.14407954835133846 0.8213420801360997
0 0.20823848906250003 0.8067659562499998 0.18141096562500003 0.14881416874999998 0.15274001649446384 0.14998320662540027 0.17956753993196378 0.8079349941254002
0 0.24579954593077197 0.8064837806289631 0.20883857429842928 0.14173385187705545 0.16477387524265727 0.14418390718559232 0.20173484687499998 0.8089338359374999
0 0.28159906342757485 0.8168844871206323 0.24530067967421837 0.14261450940574566 0.21067735468750004 0.14447840781250004 0.2469757384408565 0.8187483855273866
0 0.3060822379532063 0.8083468911095503 0.2722987647393781 0.24364103317970986 0.2443691674111717 0.2453119186326596 0.278152640625 0.8100177765625001
0 0.3483409352808759 0.809766350366135 0.31051042240175986 0.24614654100167738 0.2744662480583839 0.24856584844804228 0.3122967609374999 0.8121856578124997
0 0.38445964280514705 0.8098122110330882 0.3479015231691176 0.24925437661397062 0.309044940625 0.25178850156250004 0.34560306026102944 0.8123463359816177
0 0.4228586765625 0.80243019375 0.3909324445794809 0.25231668079623726 0.344002015625 0.255040321875 0.3759282476080191 0.8051538348287629
0 0.4667582593749999 0.8078498953125 0.42162327264502925 0.2541940596687885 0.38429865274188096 0.2572368276043439 0.4294336394718517 0.8108926632480553
0 0.4935857828125001 0.8121856578124997 0.44480846718750006 0.21059876875 0.41494740552758164 0.21301993592628815 0.4637247211525817 0.8146068249887879
0 0.5118933721321628 0.8120558356308896 0.47244894687500005 0.2171024109375 0.44795237272779065 0.21872649317301968 0.48739679798495333 0.8136799178664094
0 0.5384819252897756 0.8093676046944015 0.4968376046875 0.219270290625 0.4706474899711293 0.2211185782003789 0.5122918105734049 0.8112158922697805
0 0.5675647109375002 0.8121856578125 0.5139096640625 0.21276664843749998 0.4817461852947833 0.21564565783485676 0.5354012321697834 0.8150646672098567
0 0.5935792796875 0.8111017171875 0.5456149187500001 0.2127666484375 0.5116024742937795 0.2154931895471044 0.5595668352312794 0.8138282582971044
0 0.6155447392807616 0.8080435692285898 0.5675647109375002 0.21493452968749996 0.5431603857192386 0.21690873702141 0.5911404140625001 0.8100177765624998
0 0.6417379141811228 0.813900204050207 0.5960181453125001 0.15531781093750002 0.5681357980375266 0.15725344493904292 0.6138555669061493 0.81583583805175
0 0.664531091622775 0.8155201792939174 0.6202091383036011 0.15780426409434067 0.5927663234375 0.159653571875 0.6370882767566739 0.8173694870745768
0 0.6889660025269969 0.8114988068143715 0.639917728125 0.15098205 0.616071067785503 0.15275284162312844 0.6651193421875 0.8132695984374999
0 0.7163355234375001 0.8132695984374998 0.6659322968750001 0.15098205000000003 0.6343275999898226 0.15338731747226486 0.6847308265523226 0.8156748659097646
0 0.7450910671620062 0.8180149414246222 0.6903209546875 0.15423387031250005 0.6558747234629937 0.1570761085753781 0.7106448359374999 0.8208571796875
0 0.7908173162443602 0.8173802312354643 0.748040778125 0.19108784218749997 0.6971346868806397 0.19456479063953558 0.739911225 0.8208571796875
0 0.8431565421875 0.8111017171875001 0.7845877254839675 0.13647571396369193 0.729813712959815 0.14123101406228566 0.7883825296633475 0.8158570172860939
0 0.8838043046875003 0.8143535375000001 0.8342140343750002 0.18133237968750002 0.798240200512731 0.1841505353263599 0.8478304708252311 0.81717169313886
0 0.9293297999999999 0.8143535375000001 0.8703477978020431 0.1786586221229238 0.837101696883997 0.18174331188524245 0.8960836990819538 0.8174382272623187
0 0.9540197198126359 0.8178633221328513 0.9041281874999998 0.23661333593750009 0.8817847738514606 0.23853118053190156 0.9316763061640968 0.8197811667272527
0 0.9732293828125002 0.815437478125 0.9195559618638163 0.23749943047621597 0.8939634605783915 0.2398762199958032 0.9476368815270753 0.8178142676445873
0 0.9976180406249998 0.817605359375 0.9398982187499998 0.23444545625000002 0.9181613749351583 0.23659691890440068 0.9758811968101583 0.8197568220294006
0 1.0151039986718593 0.8179288228996869 0.9535649193024955 0.23733264380671878 0.9382089050056364 0.23896027246953194 0.999747984375 0.8195564515625001