0 0.16490145312500018 0.2568034125 0.11871456283447186 0.25658326089415856 0.11605082845947176 0.8154236421441583 0.1622377187500001 0.8156437937499998
0 0.20485712031250003 0.2520674703125 0.16934099218750004 0.2520674703125 0.16934099218750007 0.8227477546875 0.20485712031250009 0.8227477546875
0 0.24571105714565294 0.2534228584236766 0.2092966578125 0.25325147031250006 0.20662185767577584 0.8215595031532137 0.24303625700892878 0.8217308912643905
0 0.307880751180836 0.20401121725795096 0.2501816650184262 0.20350904408661186 0.2448128468750001 0.8203797140625 0.30251193303740986 0.820881887233839
0 0.36949575000000007 0.20470811875000003 0.311405684375 0.20470811875 0.31140568437500005 0.8203797140625 0.3694957500000001 0.8203797140625
0 0.4232815984375001 0.23904364687500007 0.3682315734375 0.23904364687500007 0.3682315734375 0.82629965625 0.42328159843750013 0.82629965625
0 0.4783504012820693 0.27263312686988844 0.4330485484375 0.2721951953125 0.4277034851795265 0.8251155434180848 0.4730053380240958 0.8255534749754732
0 0.5238234492359122 0.2749842981310305 0.4794088856768613 0.27453830887778513 0.47387284737844926 0.8258536669967546 0.5182874109375002 0.8262996562499998
0 0.572622423365907 0.2740338043737066 0.5273316659459404 0.2733685614454122 0.5191676628925336 0.8291863930092056 0.5644584203125002 0.8298516359375
0 0.6673473125000002 0.26373106250000006 0.5840283071592886 0.2614237208938739 0.5681540821592884 0.8346481771438737 0.6514730875000001 0.83695551875
0 0.7296630522403554 0.25447737475585525 0.6772223265625 0.25325147031250006 0.6636602713159162 0.8333978452351047 0.7161009969937716 0.8346237496784598
0 0.7917619765625001 0.25325147031250006 0.7331098143322029 0.25191589490314387 0.7197912580822028 0.8368039636531439 0.7784434203125 0.8381395390625
0 0.8788310457118094 0.2687186396690296 0.8327142794966873 0.267621886049462 0.8192869593750001 0.8322195968750001 0.8654037255901221 0.8333163504945678
0 0.9506968906250002 0.2650912937500001 0.8992069824796356 0.263609517730055 0.8824353035411077 0.8464048905559288 0.9339252116864722 0.8478866665758741