0 0.25729628159539414 0.3303135650084505 0.21695156250000008 0.32825625 0.19161037208690276 0.8252065004768735 0.23195509118229687 0.827263815485324
0 0.2940859375000001 0.33243437500000006 0.2581980627614601 0.33019060988942905 0.22729806276146008 0.8244202973894292 0.2631859375000001 0.8266640625000001
0 0.3438745630464942 0.2537600302235215 0.30138125000000004 0.25090156250000006 0.2615345103555967 0.8432538803725474 0.3040278234020909 0.8461123480960688
0 0.3987811034135849 0.2584966331880755 0.3553703125000001 0.25538593750000016 0.31294232356897456 0.8474826068814527 0.35635311448255935 0.8505933025695281
0 0.42647707281547 0.34320896853925104 0.4008187500000001 0.34111718750000014 0.36059099705519015 0.8345611244278064 0.38624931987066 0.8366529054670574
0 0.4537915722288215 0.3450857111123272 0.42919999999999997 0.342909375 0.38542561527117863 0.8375392888876728 0.4100171875000001 0.839715625
0 0.5016734375000003 0.2564765625000001 0.4634723867551148 0.25296994417963203 0.4080551992551148 0.8566840066796321 0.44625625000000013 0.8601906250000002
0 0.5452906250000001 0.25933437500000006 0.5053539630079469 0.25542248287567926 0.4463451021130321 0.8578462862941967 0.4862817641050854 0.8617581784185177
0 0.5863718750000003 0.27019843750000005 0.5510062839740953 0.2666702258568164 0.4919093750000001 0.8590375000000003 0.5272749660259051 0.8625657116431841
0 0.6149437500000002 0.3255265625000001 0.585811306558481 0.3224102150806237 0.5280022965703568 0.862824195697144 0.557134740011876 0.8659405431165205
0 0.6478640625000002 0.32660468750000005 0.6196353000798449 0.32344861152169435 0.5596251398975216 0.8601950543280792 0.5878539023176768 0.8633511303063848
0 0.6765421875000003 0.3510484375000001 0.6518516544612682 0.3482399325617882 0.5936175547353848 0.8601959358074746 0.6183080877741168 0.8630044407456865
0 0.7043093750000001 0.3532937500000001 0.6792934960657493 0.3504284371445909 0.620849223348735 0.8606815663723865 0.6458651022829859 0.8635468792277956
0 0.7384375000000001 0.3555718750000001 0.7103757194488353 0.35223980641243413 0.6492299610557251 0.867192847914929 0.67729174160689 0.8705249165024951
0 0.7707593750000002 0.35635000000000017 0.7424264546357515 0.35297051384419 0.6811151223470865 0.8669921772187239 0.7094480427113352 0.8703716633745341
0 0.8551333114198952 0.2319479306874798 0.8110519281434201 0.22671601255692084 0.730770266028621 0.903126963463148 0.7748516493050962 0.9083588815937069
0 0.907490625 0.23484218750000013 0.8656011800892337 0.2295459118970164 0.7803759348145101 0.9036117054012027 0.8222653797252762 0.9089079810041865
0 0.9307890625 0.2631921875000002 0.9075265016260625 0.2601818352670602 0.8242784024446352 0.9034832913748255 0.8475409633185729 0.9064936436077655
0 0.9572390625 0.2626906250000002 0.9343760102752141 0.25974751624881326 0.8514468750000003 0.9039687500000001 0.8743099272247863 0.906911858751187