0 0.7021857956800142 0.9259649026871607 0.25085552880195483 0.8366843688094603 0.24621504562194066 0.8601429036222997 0.6975453125000001 0.9494234375000001
0 0.7190171822663143 0.9040128600309527 0.257013191144344 0.8113849019458825 0.25171875000000005 0.8377921875000001 0.7137227411219703 0.9304201455850704
0 0.7159552352621559 0.8578835135762232 0.28591745131814916 0.7726903930711753 0.2787325285559934 0.8089584419949523 0.7087703125000002 0.8941515625
0 0.7231179016508408 0.8259757215572096 0.29590859905058353 0.7384533024179565 0.28940625000000014 0.7701921875 0.7166155526002573 0.8577146066392531
0 0.7460750251817062 0.7889721714385578 0.23335683339672392 0.6766349766300962 0.2236230640884262 0.7210608732132522 0.7363412558734085 0.8333980680217138
0 0.741460494879612 0.7636378885294745 0.30316406250000016 0.662096875 0.29747892711427565 0.6866364622125587 0.7357753594938875 0.7881774757420331
0 0.7422488162628482 0.7339879091116293 0.28163593750000004 0.6248859375000001 0.27519337123715176 0.6520855283883711 0.73580625 0.7611875000000002
0 0.749537706969853 0.6945142811709915 0.3125968750000001 0.5867093750000002 0.30305147939068916 0.6253975316632819 0.739992311360542 0.7332024378342732
0 0.7385807704247387 0.6573055881339643 0.3211389941681748 0.5527735444579227 0.31283593750000005 0.5859312500000001 0.7302777137565639 0.6904632936760418
0 0.7566259392841002 0.6329214066586404 0.3303515625000001 0.524925 0.3231787865689185 0.5532367807752464 0.7494531633530187 0.6612331874338867
0 0.7568984375000001 0.6068390625000001 0.33787812500000003 0.49659843750000005 0.33065800977127335 0.5240418136549072 0.7496783222712733 0.6342824386549072
0 0.7811639840890875 0.5749380307180039 0.33684375000000016 0.4554453125000001 0.32714503118406596 0.49150890766232713 0.7714652652731533 0.6110016258803309
0 0.7911771693188692 0.544994084956773 0.35935474722913574 0.42064988145403104 0.34950000000000003 0.45487343750000003 0.7813224220897335 0.5792176410027421
0 0.7868201816650824 0.516358252678133 0.36305156250000004 0.3919921875 0.35531194854932685 0.41836437763120526 0.7790805677144091 0.5427304428093384
0 0.8035828124999999 0.48754062499999995 0.3743265299435995 0.3614119376093831 0.3656179579709748 0.3910499946500198 0.7948742405273752 0.5171786820406367
0 0.8093578125 0.4612296875000001 0.3813671875 0.3320812500000001 0.3736684741105138 0.35759435119614935 0.801659099110514 0.4867427886961494
0 0.8050098136063463 0.43950699940585664 0.38865468750000004 0.3045328125 0.3809489064313928 0.3283028497353841 0.797304032537739 0.4632770366412407
0 0.815963066914939 0.3885613862049099 0.4024312500000001 0.2483390625000001 0.3855474710693219 0.29813127527409944 0.799079287984261 0.43835359897900916
0 0.8327135438918288 0.33590896483637994 0.41564531250000003 0.1902734375000001 0.3971810095270712 0.24315115439812568 0.8142492409189002 0.38878668173450553
0 0.8320621534267169 0.31762648718189684 0.4202515625000001 0.17891875000000004 0.41636753407328325 0.1904500753181033 0.828178125 0.3291578125000001
0 0.8400701679274762 0.28350207012219675 0.42879375 0.13984375000000004 0.4176311208427773 0.17180100893585748 0.8289075387702536 0.3154593290580542
0 0.8662616867111306 0.2439047999159661 0.4417046875 0.09019218750000006 0.4288116828880528 0.12580289805152414 0.8533686820991834 0.2795155104674901
0 0.8698535222019828 0.21642615464552942 0.4520203124999999 0.060165625000000056 0.44272876549881524 0.08501077889400457 0.8605619752007982 0.24127130853953394