0 0.21665820781249998 0.8376736109375 0.1569332335820463 0.393580583648558 0.13050079375 0.39713541718749995 0.19022576798045368 0.8412284444764419
0 0.24025261562499994 0.8409288203125002 0.18223434645883177 0.39410458682382055 0.15889258749999996 0.3971354171875001 0.21691085666616816 0.8439596506761795
0 0.28836637770942863 0.8481484732149422 0.2274494925267093 0.3685469895158123 0.18177032499999998 0.3743489578125 0.24268721018271933 0.8539504415116299
0 0.3279153226371761 0.8486801046845773 0.27577007307073564 0.3695975417270402 0.23211661249999996 0.37434895781250005 0.2842618620664404 0.8534315207700371
0 0.37195581169236086 0.8510016959014763 0.3164215356480381 0.320393466775822 0.27779897031249995 0.3244357640625 0.33333324635682277 0.8550439931881544
0 0.40797743474206144 0.8467272305877559 0.3634801737465273 0.31989434145002993 0.32255808437500005 0.32335069531249994 0.3670553453705342 0.850183584450226
0 0.444466290625 0.8550347218749998 0.41025988793598095 0.37494012586540953 0.36762791886159407 0.3779776237120946 0.401834321550613 0.858072219721685
0 0.4835191046875 0.8441840281249998 0.4533994563009971 0.37192108828688253 0.41533152187499994 0.3743489578125 0.4454511702615028 0.8466118976506172
0 0.5218287500578712 0.8545827502593722 0.5022319125 0.37651909687499996 0.46404589570846505 0.37808442225112554 0.4836427332663362 0.8561480756354977
0 0.5754673060334115 0.8753607082096083 0.5722015375 0.3352864578125 0.5145846768494522 0.3356348605189207 0.5178504453828637 0.8757091109160292
0 0.6389167625000001 0.33528645781250005 0.5781877863764195 0.33400376934340875 0.5667973816889196 0.8732832834059087 0.6275263578125001 0.874565971875
0 0.6739015750000001 0.32552083281250005 0.638983081663952 0.3244477845817714 0.622650896960121 0.8559199648737748 0.6575693902961691 0.8569930131045036
0 0.7227175921875002 0.32877604218750006 0.6816674690279946 0.32664897194088505 0.6538035885438443 0.8643913090340615 0.69485371170335 0.8665183792806765
0 0.7699064109375001 0.32660590312500004 0.7280744207341509 0.3234182797632451 0.6872253158200234 0.859491448596653 0.7290573060233727 0.8626790719584079
0 0.8154680265625001 0.32769097187500007 0.7789004621937703 0.32431130969023764 0.7283263191912293 0.8715178435198183 0.7648938835599589 0.8748975057045808
0 0.8634704437500001 0.3331163203125001 0.8251687131777896 0.32876321705977907 0.7624018550724789 0.8810311391475544 0.8007035856446894 0.8853842424002754
0 0.9163544640625003 0.3374565968750002 0.8805477026718063 0.3320869143631018 0.7980123626445657 0.882458974555985 0.8338191240352597 0.8878286570678835