0 0.13104270885548003 0.8540813854324625 0.11628467381767256 0.0986885856299532 0.041457821212192526 0.10015047050999075 0.05621585625000001 0.8555432703125001
0 0.2033607578125 0.8566272109374997 0.2009176149803955 0.10088165156818456 0.12206528222530552 0.10113656211205342 0.12450842505740997 0.8568821214813687
0 0.2726001520661198 0.8596837386102871 0.2586409529380526 0.11300342480323562 0.1902145133719328 0.11428265806794832 0.20417371249999997 0.8609629718749998
0 0.3334418980875444 0.11311777967141552 0.2667712671875 0.11304413750000002 0.2659487386226712 0.8577057532070759 0.3326193695227156 0.8577793953784913
0 0.4070292072799958 0.8512709404754789 0.39588593338393213 0.118672035028756 0.32879396672893624 0.11969254455327723 0.33993724062499997 0.8522914500000001
0 0.47001008125000004 0.12605142187500004 0.38708864531250003 0.12605142187500004 0.3870886453125001 0.8447038671874999 0.47001008125000016 0.8447038671874999
0 0.5431963883481469 0.8523191682143014 0.5300123417041313 0.13159130190126772 0.47227218460598436 0.13264752431196625 0.48545623125 0.853375390625
0 0.6008958765625001 0.13147112343750006 0.5399242328125 0.13147112343750006 0.5399242328125001 0.8522914500000001 0.6008958765625001 0.8522914500000001
0 0.6683932529820902 0.8466810754981771 0.6659087630405607 0.13666901988850894 0.6025217875 0.136890825 0.6050062774415295 0.8469028806096681
0 0.7302706059373172 0.8550730624415583 0.7237173217929663 0.13967289373955177 0.6594297460527366 0.14026178757716656 0.6659830301970875 0.8556619562791731
0 0.787900958044077 0.8424205236973116 0.7862467964941455 0.14326175965882212 0.7301557625 0.14339446718749999 0.7318099240499315 0.8425532312259894
0 0.8570532793611069 0.836777092743316 0.8528971963365792 0.14852952756667187 0.7967267857254723 0.14886872076085578 0.8008828687499999 0.8371162859375
0 0.9203872921875 0.14447840781250013 0.85697678125 0.1444784078125001 0.85697678125 0.8251929421875 0.9203872921875 0.8251929421875
0 0.9772992953385726 0.8294592107133216 0.9764863414449456 0.154166335258925 0.9187613820438729 0.1542358276706034 0.9195743359374999 0.829528703125