0 0.3998581440730956 0.8605433325582448 0.26261630511190726 0.3725998401631395 0.23599409853881168 0.3800877576048947 0.37323593750000006 0.8680312499999999
0 0.43268357661051793 0.8537963095643312 0.2915118438379743 0.3613699885539298 0.2633595172274562 0.3694408664895986 0.4045312499999999 0.8618671875
0 0.45809351208658117 0.8479332078735634 0.314559375 0.3560890625 0.29345954791196116 0.3622465932996347 0.43699368499854224 0.8540907386731981
0 0.4823340523679146 0.8381082910516471 0.33620863098690784 0.35174749386109705 0.3143973390026563 0.35830062119058914 0.46052276038366313 0.844661418381139
0 0.5113852277663424 0.8300527166957046 0.36346873439206445 0.3658491098200087 0.341739756625722 0.372772955624304 0.48965625 0.8369765625
0 0.536021875 0.821665625 0.38346562500000003 0.35884999999999995 0.3633798006508437 0.3654708180436128 0.5159360506508437 0.8282864430436128
0 0.5733583887196043 0.8125312370117082 0.4125888029291656 0.3400966365202875 0.3800944767095613 0.3511544620085797 0.5408640625000001 0.8235890625000003
0 0.6141243336215577 0.8041938800301803 0.45052205946790647 0.33074577730486443 0.4182087698310791 0.341911790305106 0.5818110439847304 0.815359893030422
0 0.6462367339635346 0.7953170033162216 0.4708632768944841 0.2635158927224287 0.44612029293094935 0.2716754519062071 0.62149375 0.8034765625
0 0.6725816487479285 0.7894435221955136 0.5168114254973823 0.32766747491222736 0.49514696424945404 0.33497551521671365 0.6509171875000002 0.7967515624999999
0 0.7008546875 0.7792140625 0.546628125 0.3248515625 0.5213423280704641 0.33343444850074916 0.6755688905704642 0.7877969485007491
0 0.740565625 0.7727468750000002 0.5724430501510659 0.24511791037022293 0.5429999932150295 0.2544995836204462 0.7111225680639635 0.7821285482502234
0 0.7793249999999998 0.7631656250000001 0.6094382968870917 0.23265129617592314 0.5800245013151474 0.24207048145378535 0.7499112044280556 0.7725848102778622
0 0.8177671875 0.752546875 0.6715142590130478 0.29088437624024716 0.6389507035793474 0.30120038708565977 0.7852036320662995 0.7628628858454126
0 0.8535562499999999 0.7416046875000001 0.7136218750000001 0.278334375 0.679572993564493 0.2886191025436558 0.819507368564493 0.7518894150436559
0 0.8817999999999999 0.7477203125 0.6966140624999999 0.12808750000000002 0.684908485394194 0.13158587553239195 0.870094422894194 0.7512186880323919
0 0.8975258414244447 0.7407204622525663 0.7121750000000001 0.12332968749999998 0.6981491585755555 0.12754047524743356 0.8835000000000001 0.7449312499999999
0 0.9122578125 0.7304671875000001 0.746507571085802 0.19110739856033485 0.7317330420292745 0.195647747707821 0.8974832834434725 0.7350075366474862
0 0.9313854103176844 0.723453766968844 0.7665860433555082 0.18722752832990516 0.7479193830378237 0.19296438636106117 0.9127187499999998 0.729190625
0 0.9604968750000001 0.71571875 0.7991698247692252 0.17968000385191357 0.7744843749999999 0.18710937500000005 0.9358114252307749 0.7231481211480864
0 0.9919359374999999 0.7072406250000001 0.8261917034125437 0.1734637703488116 0.8028917514499323 0.1806986900697897 0.9686359855373885 0.7144755447209782