0 0.9105390333633496 0.7800890201893758 0.9017157553188575 0.739691764465646 0.24732828445550803 0.8826183692762702 0.25615156250000004 0.923015625
0 0.902181770401311 0.7393261266192057 0.8937553185338375 0.6987548458723654 0.2569344856325265 0.8310193442531595 0.26536093749999995 0.871590625
0 0.8971177745399779 0.7006546586841645 0.8952406249999999 0.6910875000000001 0.23146660046002204 0.8213250288158356 0.23334375000000002 0.8308921875000002
0 0.8969374999999999 0.6875625000000001 0.8951733582198577 0.6786195945510004 0.22987960821985762 0.8098602195510003 0.23164375000000006 0.818803125
0 0.893315625 0.677390625 0.8909526906175518 0.6654928982340327 0.22684800311755177 0.7973866482340327 0.2292109375 0.8092843750000001
0 0.8870079156900376 0.6625951598226529 0.877479800279595 0.6147962408435149 0.24846563458955745 0.740182331020862 0.25799374999999997 0.7879812499999999
0 0.8796449546498666 0.6123798810074635 0.8686978839039448 0.5556414450996142 0.19987810961484728 0.6846830245556557 0.21082518036076917 0.7414214604635051
0 0.8614015625 0.5594578125 0.8586531577132165 0.5443048859220323 0.27692656250000003 0.6498171875 0.27967496728678365 0.6649701140779677
0 0.8466454021975723 0.542427108401953 0.840093443995421 0.5063971572434741 0.21798664795982603 0.6195257514780608 0.2245386061619774 0.6555557026365395
0 0.8410859222150442 0.5087622122212043 0.8339312761078028 0.46794398533612636 0.2643015624999999 0.5677890624999999 0.2714562086072414 0.6086072893850779
0 0.8527778639498198 0.46885925053216015 0.8429085812251182 0.408559494130709 0.1719106378983924 0.5183819678119702 0.18177992062309412 0.5786817242134213
0 0.83549548473125 0.41192331673364857 0.8308921874999999 0.3813515625 0.26862441366912954 0.46601421112380975 0.2732277109003797 0.4965859653574582
0 0.8171321312335318 0.38324786327407995 0.8100348614237491 0.33507724042053655 0.21859816966348705 0.4222171927020349 0.22569543947326967 0.4703878155555783
0 0.831138280758581 0.32047476442406025 0.8143869828072067 0.2054770069351643 0.19107968749999998 0.296271875 0.20783098545137432 0.411269632488896
0 0.8095127319127885 0.2177548675912156 0.8024297868529257 0.15323694736855842 0.1751765625 0.2220984375 0.18225950755986292 0.28661635772265714