0 0.8094497204242582 0.8480806612615066 0.7993315822490246 0.7871049945982753 0.2814084243247662 0.8730477708367687 0.2915265625 0.9340234374999999
0 0.8108575648585106 0.786367297490178 0.8009596128220586 0.7227764606506811 0.2742418125147251 0.8047604033584351 0.28413976455117707 0.868351240197932
0 0.8029515329900467 0.7220752742956797 0.7974205529750746 0.6856776551268917 0.2222453125 0.7730812499999999 0.22777629251497214 0.8094788691687878
0 0.8042069122143399 0.6861850168092779 0.7992174145356902 0.6521845265093076 0.21820468750000002 0.7374468750000001 0.2231941851786497 0.7714473652999705
0 0.8045649779268693 0.6503332800325522 0.8003923565242139 0.6196192279412192 0.2226609375 0.69810625 0.2268335589026555 0.728820302091333
0 0.79978125 0.6181625000000002 0.7956846448618482 0.5855782333439448 0.21718559295123518 0.6583091072190085 0.22128219808938704 0.690893373875064
0 0.8025390625 0.5878734375000001 0.7984704879622997 0.5539956995056803 0.258709375 0.6188187500000001 0.2627779495377002 0.6526964879943198
0 0.8035524166277813 0.5543296627740019 0.7999350886661059 0.5197261981113053 0.20823110953832452 0.5815809103373033 0.21184843750000004 0.616184375
0 0.8023997358582398 0.5201718773653708 0.7991795398866618 0.4846332261322831 0.2034375 0.5386140625 0.20665769597157793 0.5741527137330877
0 0.8100921874999999 0.48319375000000003 0.8073242147470794 0.44934096399606327 0.2597796874999999 0.4941109375 0.26254766025292053 0.5279637235039367
0 0.8351129595953388 0.45248773640850715 0.8325767574081716 0.41596833429972435 0.25499036031283284 0.4560805978912172 0.25752656250000006 0.49260000000000004
0 0.8087671875 0.41645625 0.8068302530199636 0.3874280235477686 0.2517828125 0.42446406249999996 0.2537197469800363 0.45349228895223137
0 0.8021078548667975 0.3899118745562514 0.8005776721507221 0.3641498496288711 0.24925156249999997 0.3968968750000001 0.2507817452160753 0.4226588999273805
0 0.8181081236138674 0.3588754675510715 0.8126562955959387 0.2396120196562756 0.16758125 0.2691 0.17303307801792864 0.3883634478947959
0 0.8118249999999998 0.24674218750000004 0.8098550184109561 0.12035878925187338 0.15163125 0.13061875000000003 0.15360123158904385 0.2570021482481267