0 0.166415625 0.8871093749999999 0 0.39129687500000004 -0.04723974890885461 0.4071525307963144 0.11917587609114541 0.9029650307963142
0 0.219596875 0.8718593749999999 0.005588683862892185 0.23184687380825353 -0.04271502001771199 0.24799872751964464 0.17129317111939582 0.888011228711391
0 0.2908401752546749 0.8602875538267785 0.1077309473872344 0.26355408711220313 0.03398124999999999 0.286184375 0.21709047786744057 0.8829178417145753
0 0.36769172378097414 0.8392299570222177 0.1890586436399787 0.2431790194874354 0.11751151605600448 0.2646212872043959 0.2961445961969999 0.8606722247391781
0 0.4321859374999999 0.8221890625 0.26455848861645503 0.22277515438733042 0.20120468749999992 0.24049218750000004 0.36883213638354484 0.8399060956126696
0 0.5049603222606618 0.801393617428562 0.3428125 0.19762812500000004 0.27380885005645045 0.2161598094150504 0.4359566723171122 0.8199253018436125
0 0.5734557842663548 0.7851865924322154 0.42076413203215435 0.17997739379132477 0.34983749999999997 0.197871875 0.5025291522342006 0.8030810736408907
0 0.6401014714320576 0.7671778757593739 0.49782346346261763 0.162489163382294 0.4266156249999999 0.17924375000000006 0.5688936329694398 0.7839324623770799
0 0.6689046875000001 0.7622124999999997 0.5389182376810577 0.17598278918515375 0.5104562500000001 0.18229375000000006 0.6404426998189422 0.7685234608148461
0 0.6984878080674288 0.7565752789671271 0.5721091175776303 0.1677985982939902 0.5436109375 0.17391562499999996 0.6699896279897987 0.7626923056731367
0 0.7275900390420389 0.7463355251023682 0.6121879670344977 0.1892632155320773 0.5835750000000001 0.195190625 0.6989770720075412 0.7522629345702908
0 0.7614330471783766 0.7378471984152684 0.6492856983309786 0.17993294134047427 0.6206421874999999 0.18569062500000003 0.7327895363473979 0.7436048820747942
0 0.8028274688955909 0.7254095302404491 0.6925218750000001 0.13911718750000002 0.6534147186044093 0.14647484475955094 0.7637203125 0.7327671875
0 0.8442391083659609 0.7175501952957559 0.7416078125000002 0.1272984375 0.6983723103904886 0.13481610356419846 0.8010036062564495 0.7250678613599544
0 0.8660008388002935 0.7049250502853208 0.7845696557470455 0.2056156571095081 0.7634156919467521 0.20906560682418718 0.8448468750000002 0.708375
0 0.8896584649378289 0.6917645185372414 0.8099779773610789 0.19653503933631172 0.7857234375000001 0.20043750000000005 0.86540392507675 0.6956669792009297
0 0.9129255226046528 0.6803764040686243 0.8348890242910567 0.1859789659930769 0.8114234375 0.1896828125 0.8894599358135962 0.6840802505755474