0 0.6730534754689903 0.07831794745108726 0.6573054926913802 0.003591147912621806 0.0638359375 0.12865937500000002 0.0795839202776101 0.20338617453846547
0 0.6853927509903917 0.15287447702641394 0.6699235978451148 0.07995962207980065 0.0802578125 0.205059375 0.0957269656452768 0.2779742299466133
0 0.7007043840823082 0.2231476063168211 0.6854147304586142 0.15238462228729766 0.09974374999999999 0.27892968749999997 0.11503340362369399 0.34969267152952344
0 0.713867285093515 0.30267259872420704 0.6991986234460473 0.23318367947541593 0.11521250000000001 0.356459375 0.1298811616474677 0.4259482942487911
0 0.7179681430990016 0.34306672840776875 0.7101000561409777 0.3067183245236844 0.1325890625 0.43172812499999996 0.14045714945802373 0.4680765288840843
0 0.7514588348159593 0.39735295989833885 0.7394251110298597 0.34186954050719426 0.144084375 0.4709921875 0.15611809878609956 0.5264756068911446
0 0.7595859094485886 0.449232020772982 0.747857357564567 0.3965640767104833 0.15842031250000002 0.527825 0.17014886438402171 0.5804929440624987
0 0.6985770886488389 0.5063515853432756 0.6869971051133004 0.4597698594941296 0.1848921875 0.5845906250000001 0.19647217103553866 0.6311723508491462
0 0.7054181202491143 0.5481993392299909 0.693427198908158 0.5034703728912255 0.19918281249999997 0.6359671874999999 0.21117373384095642 0.6806961538387652
0 0.7216841647373917 0.5953814005314204 0.711121411931255 0.5556287582337529 0.2021375 0.6908718749999999 0.21270025280613666 0.7306245172976674
0 0.722721875 0.6299171875 0.7143500807939909 0.5986747798374819 0.21307812500000006 0.732996875 0.22144991920600915 0.7642392826625183
0 0.7252874999999998 0.662834375 0.7175531249999997 0.6338437500000002 0.23106301073440463 0.7636338796547765 0.2387973857344047 0.7926245046547764
0 0.8292105657741778 0.7011652110825483 0.8180664772386719 0.6590413958289674 0.2260859375 0.8156531250000002 0.23723002603550603 0.8577769402535811
0 0.8371421874999999 0.7465687500000001 0.826016210732422 0.7045308106302194 0.232825585732422 0.8615276856302193 0.2439515625 0.903565625
0 0.8507562500000002 0.7932249999999998 0.838879092891155 0.7484541168608708 0.243396875 0.906428125 0.25527403210884514 0.951199008139129