0 0.7638359374999999 0.03710000000000006 0.11276158613736678 -0.02081143235567893 0.10915625 0.01972187500000001 0.7602306013626331 0.077633307355679
0 0.7562140624999999 0.08388281250000003 0.1118921875 0.02725312500000001 0.10840399363352482 0.06694113515210964 0.7527258686335248 0.12357082265210965
0 0.7901315057756233 0.13196062047371998 0.11625229617675534 0.07399398817819751 0.11158101612188284 0.12829899756953284 0.7854602257207508 0.18626562986505532
0 0.78489375 0.1870468750000001 0.11263904195330701 0.13085997442603783 0.10830611107231658 0.18270182999435464 0.7805608191190095 0.2388887305683169
0 0.7790550709535473 0.24374649246809463 0.10823281250000005 0.18848281250000004 0.10616430317721456 0.21359156559686715 0.7769865616307617 0.26885524556496176
0 0.7743765625 0.2752328125000001 0.10738593750000006 0.21615468749999994 0.10516111892685058 0.24127283623299664 0.7721517439268505 0.30035096123299676
0 0.7696026322693916 0.30100749075315536 0.1066554945557316 0.24461811590895993 0.10500069382458324 0.2640729407094198 0.7679478315382433 0.3204623155536152
0 0.7698890625000001 0.32386562500000016 0.10489218750000003 0.26736250000000006 0.10324201347357212 0.286783736803818 0.7682388884735722 0.3432868618038182
0 0.771659375 0.34520000000000006 0.10175987990224891 0.28833873668958876 0.09797425019021884 0.33293836893609313 0.76787374528797 0.38979963224650443
0 0.7648921875000001 0.3953062500000001 0.099756928634689 0.3363223478184859 0.09609062500000007 0.377665625 0.7612258838653111 0.43664952718151423
0 0.7488375 0.4382359375000001 0.09802187500000004 0.3811593750000001 0.09404827422008744 0.426468366323353 0.7448638992200874 0.483544928823353
0 0.743933344790133 0.4866999502832767 0.09410312500000004 0.4216640625 0.08995356429831398 0.46312593893036286 0.7397837840884469 0.5281618267136395
0 0.7359281249999999 0.5295171875000001 0.09734041418055664 0.4675627125188485 0.09302378475591991 0.5120558101292028 0.7316114955753632 0.5740102851103545
0 0.7293328125000001 0.5771875 0.09503906250000008 0.5171546874999999 0.09075951968339355 0.5623714139598992 0.7250532696833936 0.6224042264598991
0 0.7246734375 0.6282562500000001 0.09253779538302753 0.5650920792007564 0.0880129383505169 0.6103760332136201 0.7201485804674894 0.6735402040128637
0 0.7195809602593624 0.6776745583159693 0.08669218750000007 0.620965625 0.08220784583878549 0.6710122283241462 0.7150966185981478 0.7277211616401157
0 0.7115984375000002 0.7374734375 0.08204057443248468 0.6727683741928333 0.07705230680893409 0.7213024910761338 0.7066101698764496 0.7860075543833005
0 0.6885937500000001 0.7864437500000001 0.08268233603658684 0.7250756282187805 0.07702503348750074 0.7809323839291142 0.6829364474509141 0.8423005057103339
0 0.675790625 0.8451015625 0.08080625000000011 0.7829187499999999 0.07868169779904967 0.8032471223044428 0.6736660727990496 0.8654299348044431
0 0.7000093750000002 0.8720843750000002 0.08217968750000008 0.8099296875 0.07764448539077527 0.8550104789027676 0.6954741728907753 0.9171651664027676
0 0.6938703125000001 0.9287609374999999 0.07775312500000009 0.8732359374999998 0.07367529471228176 0.9184844080622933 0.6897924822122817 0.9740094080622933