0 0.7889239274621314 0.9692202134781231 0.28696718750000005 0.9200843750000003 0.28380758769771974 0.9523618829343313 0.785764327659851 1.0014977214124543
0 0.7893284319658133 0.9497613697698789 0.2880312500000001 0.8997718749999999 0.28618869467285835 0.9182491130149926 0.7874858766386714 0.9682386077848715
0 0.7964352000660366 0.9247927545250478 0.21796250000000014 0.8684 0.21535542493396376 0.8951431829749522 0.7938281250000002 0.9515359375000001
0 0.8001809236376894 0.8982182131480169 0.21624531250000006 0.8389796875 0.21338001386231067 0.8672239743519834 0.7973156250000002 0.9264625000000002
0 0.8033937610746525 0.8723875507802641 0.2120625000000001 0.8151343750000001 0.20972655142534785 0.839260886719736 0.8010578125000002 0.8965140625
0 0.8036095434208633 0.8461805145696296 0.2115826978600086 0.7890049274253181 0.20939502943914529 0.8116572253556887 0.801421875 0.8688328125000002
0 0.8040079519450127 0.8095259676572985 0.21243125000000007 0.745903125 0.20897970348574219 0.7779962289581626 0.800556405430755 0.841619071615461
0 0.8064046875000004 0.7737718750000001 0.2143468750000001 0.709340625 0.21108203624825492 0.7393411804684021 0.8031398487482552 0.8037724304684023
0 0.8100625000000002 0.7454484375 0.20812500000000006 0.68294375 0.20559011322108917 0.7073554136929142 0.8075276132210893 0.7698601011929143
0 0.8115515625000003 0.7170124999999999 0.20740468750000005 0.65520625 0.20483005313822922 0.6803729168651065 0.8089769281382294 0.7421791668651064
0 0.8109171874999997 0.6876484375000003 0.2933296875000001 0.6328234375000001 0.2907501724207073 0.6571759183226804 0.8083376724207071 0.7120009183226804
0 0.8147327005639413 0.6528483237556182 0.29360781250000006 0.6067671875 0.29138761193605883 0.631875113744382 0.8125125000000001 0.67795625
0 0.8153234375 0.6243312500000001 0.2734265625 0.5771937500000001 0.27158474647481184 0.5983674301564446 0.8134816214748118 0.6455049301564445
0 0.8159260267766882 0.5999300428082233 0.27432187500000005 0.56013125 0.2728911607233119 0.5796012071917767 0.8144953124999998 0.6194
0 0.8209707178175949 0.5431589760089822 0.2725843750000001 0.5103421875000002 0.2701058446824055 0.5517597739910182 0.8184921875000002 0.5845765625000002
0 0.8241750000000001 0.4968859375000001 0.27492656250000014 0.46565625000000005 0.2725703314951048 0.5070961842877773 0.8218187689951048 0.5383258717877772
0 0.8279580681633819 0.4416176671193607 0.24162239632055624 0.41333778136427074 0.23930964065717433 0.4612888642449103 0.8256453125000001 0.4895687500000002
0 0.8303514836687281 0.39041290648917165 0.24324062500000004 0.365353125 0.24108914133127185 0.41575896851082844 0.8281999999999998 0.44081875000000015
0 0.8321640624999999 0.3237078125000001 0.2525812367102183 0.29985773591606085 0.2501074892554923 0.3599724921540287 0.8296903150452739 0.38382256873796794
0 0.8310000000000002 0.2837250000000001 0.2810703125000001 0.2654968750000001 0.2798306794131906 0.30289573176907364 0.8297603669131908 0.3211238567690737
0 0.8372125000000002 0.2066531250000001 0.2706453125 0.19488437500000005 0.2693287535935168 0.25826570919643216 0.835895941093517 0.2700344591964322
0 0.8410875000000001 0.1327171875 0.27226875 0.122459375 0.27105456330376204 0.18978875529630818 0.839873313303762 0.20004656779630822