0 0.14426003776493423 0.12898265873877485 0.09087302536256009 0.1267695860853394 0.06633781572262595 0.7186442085965645 0.1197248281250001 0.72085728125
0 0.19605368929482808 0.1325797025597907 0.14499547014364922 0.13070717352540506 0.12342074647382122 0.7189848178406143 0.1744789656250001 0.7208573468749999
0 0.2522057600484041 0.14960502185169403 0.19681411731911191 0.14758988880492058 0.17595880156250004 0.720857346875 0.23135044429179227 0.7228724799217734
0 0.30482891197196577 0.13485874103724854 0.260437392863557 0.13372641048902736 0.24551130156250006 0.718884046875 0.28990282067090883 0.7200163774232211
0 0.35140402473263727 0.13757707114717294 0.3062675858482139 0.13665443583670608 0.2943447361155767 0.7199347115645331 0.3394811750000001 0.7208573468750001
0 0.446408593415659 0.7201314110449075 0.41092034922975207 0.1411910181212186 0.366886143314093 0.14389025395131103 0.4023743875 0.7228306468749999
0 0.4966289251235215 0.7180897540728688 0.45754161277383154 0.14976666520226287 0.41730126890031 0.15253425800439407 0.45638858125 0.720857346875
0 0.5588292196272004 0.7178703360410806 0.518906876241296 0.12726478165176477 0.46012158005159554 0.13123840967318418 0.5000439234375 0.7218439640625001
0 0.6199321950068456 0.7172308037307138 0.580874235160897 0.12729968268021313 0.5260989557790514 0.1309262258244993 0.565156915625 0.720857346875
0 0.7074443835400113 0.7174576772675471 0.6723169765634853 0.16453159698755843 0.5877432695859741 0.1699045665950114 0.6228706765625 0.722830646875
0 0.781213596875 0.720857346875 0.76472340285804 0.17113252678778562 0.6952334820269033 0.1732170284054256 0.7117236760438633 0.72294184849264
0 0.850766146875 0.720857346875 0.8366701069734228 0.13420831212821974 0.7715946859374999 0.1357719484375 0.7856907258390771 0.7224209831842803
0 0.9217984828124999 0.12971512187500012 0.8678089578125 0.1297151218750001 0.8678089578125 0.7208573468750001 0.9217984828124999 0.7208573468750001