0 0.04321488750000026 0.005010421875000015 0.014327183013891551 0.0038678047609475436 -0.024754106048608587 0.9919229594484475 0.004133598437500119 0.9930655765624999
0 0.08689081476199384 0.15072288440680875 0.037302429980330745 0.15023176288317072 0.028935185937500118 0.9950697453125 0.0785235707191632 0.9955608668361382
0 0.11311026875000023 0.007014590625000016 0.09432986675017022 0.006872171018056557 0.08681423550017012 0.9979335788305566 0.10559463750000013 0.9980759984375001
0 0.16496813437500019 0.06914381875000002 0.11385725559386965 0.06901936039332437 0.1116025649688696 0.9949452869558245 0.16271344375000013 0.9950697453125
0 0.19728535312500006 0.09018759062500002 0.1694775125 0.09018759062500002 0.16947751250000007 0.9970739140625 0.19728535312500012 0.9970739140625
0 0.228099446875 0.9940676609375002 0.22434128876872778 0.04600948306398765 0.19954009098879794 0.04610779646358404 0.20329824909507016 0.9941659743370964
0 0.25365259687499997 0.9940676609375 0.24764009062499998 0.05311047031250001 0.22811305033992121 0.053235243737824546 0.23412555658992118 0.9941924343628245
0 0.301759792352523 0.993425127667348 0.2821603054072239 0.007420129372266243 0.24983593805470092 0.008062662642418315 0.269435425 0.9940676609375
0 0.33557299218750003 0.9950697453125 0.3152807843750001 0.006012506249999998 0.2882153395798191 0.00656780033069663 0.308507547392319 0.9956250393931967
0 0.3671386484375 0.9950697453125003 0.3445555043408487 0.04758142610661205 0.3182895962406247 0.048207467373225135 0.340872740337276 0.9956957865791132
0 0.40099479999954896 0.9933126778860236 0.3739027171875 0.0481000484375 0.3475621984379511 0.04885503148897643 0.37465428125 0.9940676609375002
0 0.4422949734375002 0.9950697453125003 0.413676637661505 0.05417918326914538 0.3784467163042842 0.055250744361833214 0.4070650520802793 0.996141306405188
0 0.4828793890624999 0.9950697453125003 0.45278489679557143 0.06113732273005632 0.41753032203597823 0.06227334553194462 0.4476248143029068 0.9962057681143884
0 0.515196609375 0.9950697453125 0.47984809157648967 0.008319648713923534 0.45590059407117006 0.009177524020664893 0.49124911186968034 0.9959276206192416
0 0.5430044484375001 0.9910614078125002 0.5039231609375 0.0030062531249999995 0.48216187364185104 0.0038669936627489685 0.5212431611418511 0.9919221483502492
0 0.5836156663375459 0.9926950637462385 0.5444508294799859 0.06981083024505623 0.5121068084549398 0.07118342743631792 0.5512716453125 0.9940676609375002
0 0.6234862962626726 0.994301996764492 0.57532166875 0.072150071875 0.5414367427998272 0.07391990479800795 0.5896013703124999 0.9960718296875
0 0.6700631864130353 0.9909439708156628 0.6202235520447335 0.0011993206239699571 0.5780914625066982 0.0033209263708073255 0.627931096875 0.9930655765625002
0 0.7166155609375 0.9970739140625 0.661594844300544 0.004188678142601754 0.6214114770027666 0.006415438684127322 0.6764321936397225 0.9993006746040255
0 0.7436718375 0.9950697453125 0.6908438618323279 0.0008975653025495745 0.6691098957035204 0.0020524572386759255 0.7219378713711925 0.9962246372486264
0 0.7699765515625 0.9950697453124999 0.7136093078125001 0.00801667499999999 0.6926339400440874 0.009214506913307035 0.7490011837940873 0.9962675772258069
0 0.797193892493343 0.9936649503561021 0.7361017632221906 0.006134565623026794 0.7133938019788475 0.007539360579424626 0.77448593125 0.9950697453125
0 0.821082853125 0.9920634921874999 0.7622383266785115 0.010315508448523452 0.7428873291981606 0.011475378702253658 0.801731855644649 0.99322336244123
0 0.8789532234375003 0.9980759984375002 0.8185366137061024 0.0012019512150899692 0.7678593839553308 0.004273298513830159 0.8282759936867287 1.0011473457362403
0 0.9158380524885242 0.9919180739130912 0.8487766259659286 0.005336492811345772 0.8171527391024043 0.0074860798357546665 0.8842141656249998 0.9940676609375002
0 0.9511032953124999 0.9960718296875 0.8871324608769365 0.00866318811327893 0.860189271445875 0.010408745360491755 0.9241601058814384 0.9978173869347128
0 0.9843272462289636 0.9955804491978026 0.9282947843879988 0.08743952736501893 0.89999699375 0.08918550624999999 0.9560294555909647 0.9973264280827838
0 1.01369528423926 0.9917646904348695 0.9465030317965647 0.08796302966839155 0.9222779476220954 0.0897640199098966 0.9894702000647906 0.9935656806763745