0 0.7231763192714584 0.11548469480005408 0.2536453125 0.03712812500000003 0.24963820991717883 0.06113962671261399 0.7191692166886371 0.13949619651266804
0 0.7188453124999998 0.14194375000000006 0.25132187500000003 0.06145000000000002 0.24705028192596923 0.08626024772199167 0.714573719425969 0.1667539977219917
0 0.7245421875 0.17157500000000003 0.24950781249999995 0.08995 0.24028068885028891 0.14364924552512348 0.715315063850289 0.22527424552512354
0 0.7142390624999999 0.229296875 0.24028125 0.14780781250000002 0.23076767576166932 0.20314079458033202 0.7047254882616693 0.284629857080332
0 0.7028609375 0.28686718750000006 0.23201562500000006 0.20662343750000006 0.2228616859432652 0.2603358985424398 0.6937069984432652 0.34057964854243983
0 0.6808500000000001 0.342121875 0.2238625 0.26463125000000004 0.21638448519973696 0.3087315432746408 0.673371985199737 0.3862221682746408
0 0.677446875 0.39752656250000007 0.2064921875000001 0.3180593750000001 0.1994705347584968 0.359672528512048 0.6704252222584968 0.439139716012048
0 0.6399709169445731 0.43339076552628314 0.21564843750000007 0.36206875000000005 0.21214315125480265 0.38292306461449666 0.6364656306993757 0.45424508014077974
0 0.6358382674316875 0.4549669879097655 0.21117656250000003 0.38608906249999997 0.207403584083878 0.4093510791378251 0.6320652890155654 0.47822900454759065
0 0.6899447702170657 0.48886119927646676 0.19921025547663335 0.41068170639660345 0.19524915979104523 0.43554559713703805 0.6859836745314776 0.5137250900169014
0 0.6381781250000002 0.5054156250000001 0.20132812500000002 0.44057343750000005 0.19726692181717387 0.46793427584953334 0.6341169218171739 0.5327764633495334
0 0.648722075151239 0.539770112205788 0.17719540219337668 0.4724942126394128 0.16915127188875687 0.5288743134455667 0.6406779448466192 0.5961502130119417
0 0.6405322549729454 0.598622973839795 0.18744459092764654 0.5322717915105992 0.18298959284835994 0.5626933243637082 0.6360772568936588 0.6290445066929041
0 0.6446245866452106 0.635354506794131 0.1859332361553433 0.5624427795988869 0.18043593750000012 0.5970265625 0.6391272879898674 0.669938289695244
0 0.5920000000000002 0.6624640624999999 0.19095312500000006 0.6001468749999999 0.18833244465108212 0.6170124574576075 0.5893793196510823 0.6793296449576075
0 0.5885713388944093 0.682536588412538 0.18953750000000005 0.6180234375 0.18564281567597335 0.6421132674821876 0.5846766545703825 0.7066264183947256
0 0.5858 0.706578125 0.183146155559547 0.6433890169219005 0.17860299852785028 0.6723389372538728 0.5812568429683033 0.7355280453319722
0 0.580165625 0.7388718750000001 0.17968906250000008 0.6725078125 0.1749063690673348 0.7013691653655681 0.5753829315673348 0.7677332278655682
0 0.5749000000000001 0.7685390625000001 0.17419843750000008 0.7037781250000001 0.17108348158081427 0.7230515906433346 0.5717850440808142 0.7878125281433346
0 0.5709953125000001 0.788534375 0.1714659506368138 0.7255646565192182 0.16820333132589196 0.7462652764797941 0.5677326931890783 0.8092349949605759
0 0.5732515625000001 0.8192578125000001 0.1610703125000001 0.7504078125 0.1577202735623301 0.7704633424473856 0.56990152356233 0.8393133424473855
0 0.5688937977059967 0.8364845630897024 0.17017187500000006 0.7714046875 0.16755121826930403 0.787460546257371 0.5662731409753006 0.8525404218470735
0 0.5648077652774569 0.8498910255636793 0.16779375000000007 0.7883249999999999 0.16492890580752428 0.806799203679474 0.5619429210849811 0.8683652292431534
0 0.5435515625 0.8668578124999999 0.1648500000000001 0.809271875 0.1615733928103542 0.8308197791635404 0.5402749553103542 0.8884057166635404
0 0.5388531250000002 0.8924953125000001 0.16360312500000013 0.8337453125000002 0.1602057296660131 0.8554452716332535 0.5354557296660131 0.9141952716332534
0 0.5155346645173368 0.9127885817077809 0.1593420880427098 0.8569207744090189 0.15593586208688065 0.8786376173982807 0.5121284385615076 0.9345054246970428
0 0.512906505001234 0.938998234329496 0.15476925991391882 0.8834322865986047 0.15115000000000012 0.9067593749999998 0.5092872450873154 0.9623253227308911