0 0.08215725781250008 0.999663978125 0.068410184375 0.0024822234374999993 0.013124790523225374 0.0032443837615621215 0.026871863960725446 1.0004261384490623
0 0.12373991874999998 0.999663978125 0.1139356796875001 0.002482223437499999 0.06108803888568507 0.0030018186886911842 0.07089227794818498 1.0001835733761912
0 0.1779233875 0.9996639781250002 0.16190003906250008 0.0035661640624999984 0.10248249779615286 0.004521961729726356 0.11850584623365279 1.0006197757922266
0 0.2285857708049693 0.9939856721091861 0.22283821916704002 0.0032173712745843254 0.16271299374999998 0.0035661640624999992 0.16846054538792923 0.9943344648971018
0 0.28792380218383007 0.9994589265113747 0.27977855156250003 0.0035661640625000005 0.21634568774159071 0.0040849715013446305 0.22449093836292072 0.9999777339502194
0 0.34241726448979287 0.9971026436671282 0.33424655312499996 0.007901925 0.2732701163080831 0.008405585031662607 0.28144082767287604 0.9976063036987908
0 0.400913138495495 0.9968543121354332 0.39032215175163143 0.004017235587046581 0.32609443200613647 0.0047023781391136 0.33668541875 0.9975394546875002
0 0.4569052421875 0.9996639781249999 0.4504991546874999 0.007901924999999999 0.39358766049574956 0.008269533349602934 0.3999937479957496 1.0000315864746028
0 0.5049712439977914 0.9940303272396719 0.5000937512978003 0.007692857980337854 0.44806052761250886 0.007950165115666083 0.4529380203124999 0.9942876343750001
0 0.5553721287730498 0.9974946604311492 0.5545565021758129 0.005693931538365311 0.5000867530902632 0.005738725794716176 0.5009023796875001 0.9975394546875
0 0.6139124263442751 0.0038500775979420643 0.5561833374999999 0.003566164062500067 0.5512963408432248 0.9972555411520583 0.6090254296875 0.9975394546875002
0 0.6797525359375003 0.00031434218750008567 0.6123887202851702 -0.00040268524968144063 0.6018017676150065 0.9942280513316192 0.6691655832673366 0.9949450787688008
0 0.720426175283803 0.0018052198928612338 0.6756877593749999 0.001398282812500083 0.666647001628963 0.9953337084413985 0.711385417537766 0.9957406455217596
0 0.7732423906250003 0.004650104687500101 0.7179901254482386 0.003821284631958727 0.7030642676357385 0.9988351580694589 0.7583165328125001 0.9996639781250002
0 0.8220197062500002 0.004650104687500102 0.760252634356325 0.004345666781944997 0.7553573750000001 0.9975394546875 0.8171244468936754 0.9978438925930551
0 0.8610415578125001 0.0013982828125001067 0.8220292129721318 0.001238918647579574 0.8179644364096319 0.9962961514600795 0.8569767812500002 0.996455515625
0 0.9041391414698282 0.0027493303548832486 0.8577897375000001 0.002482223437500107 0.8520880960301721 0.9918526462076169 0.8984375000000002 0.9921197531250001
0 0.957783234375 0.9942876343750001 0.9561573234375 0.0013982828124999998 0.9000635597952755 0.0014901394364912825 0.9016894707327754 0.9943794909989914
0 0.9997479843750001 0.006720429687500124 0.953413171475203 0.006582505760408958 0.9504666359375001 0.996455515625 0.9968014488372973 0.9965934395520912