0 0.09711304218750007 0.239800346875 0.027147928125000033 0.239800346875 0.027147928125000064 0.834418403125 0.09711304218750011 0.834418403125
0 0.16879833807247988 0.22901790640294264 0.10775471157648706 0.22817960294565257 0.09952701753833786 0.8273042724438259 0.1605706440343307 0.8281425759011158
0 0.2037037353459433 0.825712735381724 0.20206433110897484 0.24084665656855875 0.1793168228482745 0.24091041879169667 0.18095622708524295 0.8257764976048618
0 0.27854590937500023 0.22786458281250005 0.2037568351921269 0.22746186896129994 0.20050243362962675 0.8318455502112998 0.2752915078125001 0.8322482640625
0 0.36239630535498024 0.22655029862798076 0.283495584375 0.2256944453125 0.2768814317324836 0.8354501157372296 0.35578215271246383 0.8363059690527104
0 0.3965263186299111 0.2770845340609182 0.364061990625 0.2766927078125 0.35754043745769004 0.8170287419085817 0.39000476546260116 0.8174205681569997
0 0.4290694626451077 0.27695106266211544 0.39735150155677657 0.27666337026728266 0.3924499500000001 0.8170572921874999 0.4241679110883313 0.8173449845823327
0 0.46160597656249996 0.2549913203125001 0.43233728896511525 0.25473858236109514 0.42743476406250014 0.8224826390625 0.45670345165988485 0.8227353770139049
0 0.4845302658984437 0.22924242971273387 0.4674148562500001 0.2289496531250001 0.4574506001820374 0.8114495236414296 0.47456600983048103 0.8117423002291634
0 0.5519424515155511 0.2556230175030594 0.4902013140625 0.25499132031250005 0.4844728818172272 0.8148797097680938 0.5462140192702784 0.8155114069586531
0 0.572255615625 0.278862846875 0.5561371981384925 0.2786417649154641 0.5487970087868644 0.8137927860476729 0.564915426273372 0.8140138680072088
0 0.6161900328125002 0.2549913203125001 0.5795977670070032 0.25452540226447495 0.5722556156250002 0.8311631953124998 0.6088478814304972 0.8316291133605249
0 0.6617598495324148 0.18930050510825383 0.6243263837769808 0.18877720084933367 0.615368579557066 0.82955482074108 0.6528020453125001 0.8300781250000002
0 0.7064996656250001 0.1898871531250001 0.665871564173475 0.1891593556691407 0.654429246875 0.8279079859375003 0.695057348326525 0.8286357833933596
0 0.7733397855535448 0.2328112427139742 0.7099784844121184 0.230691873443943 0.6901693197404223 0.8229126184890025 0.7535306208818486 0.8250319877590337
0 0.8399728550324788 0.23422198485706294 0.781542459375 0.2322048609375001 0.7610938553654527 0.8245432945523815 0.8195242510229315 0.8265604184719443
0 0.8765421281249999 0.24739583281250016 0.8409944803662576 0.24613856273558152 0.8206117799270162 0.8224324465142379 0.8561594276857585 0.8236897165911564
0 0.9115623679191545 0.2484363125561984 0.8782035353949148 0.24739014478436427 0.8602689018507604 0.819266332228166 0.8936277343750001 0.8203125000000002
0 0.9758716136349912 0.2281384524941005 0.9270020729480898 0.2263280217738235 0.904840009342206 0.8245557567339 0.9537095500291075 0.826366187454177