0 0.827996875 0.17106875000000007 0.1684109375 0.13544062500000004 0.1653927406982241 0.1913167107344828 0.8249786781982241 0.2269448357344829
0 0.822828125 0.22767500000000007 0.16863437500000003 0.190503125 0.16557803632748552 0.24429211620483676 0.8197717863274855 0.28146399120483684
0 0.8148109375000001 0.2799296875000001 0.16999531250000002 0.24824843750000003 0.16755646159549947 0.29788691989155175 0.8123720865954995 0.3295681698915518
0 0.7118578125000001 0.34384687500000005 0.16623281250000005 0.32810625 0.16392855007605095 0.4079800278879329 0.7095535500760509 0.42372065288793304
0 0.7657296875000001 0.44602343749999995 0.15547656250000003 0.425971875 0.15286507113975165 0.5054505073261388 0.7631181961397517 0.5255020698261388
0 0.7651934881193104 0.526853784579594 0.1547546875000001 0.5108421875000001 0.15251973762279986 0.5960491856339435 0.7629585382421101 0.6120607827135374
0 0.7637688711675138 0.611161826353763 0.150827486594917 0.602245830717216 0.14947187500000012 0.6954390625000001 0.762413259572597 0.7043550581365471
0 0.7679017331133434 0.711589134669962 0.14803925713597937 0.6998729737108015 0.1462437500000001 0.7948671875 0.7661062259773642 0.8065833484591604
0 0.762943499039881 0.8091831673328528 0.14736508342477456 0.7984390530475143 0.14693125000000012 0.8232953125 0.7625096656151065 0.8340394267853386
0 0.7591608070539637 0.8366510978961248 0.15290365810819065 0.8242850675968768 0.15233972605422702 0.8519324072007521 0.7585968750000001 0.8642984375000001
0 0.7572328125000001 0.8650296875000001 0.15121702739429713 0.8491142036579558 0.1496609375000001 0.9083656249999998 0.7556767226057032 0.9242811088420442