0 0.8547750000000001 0.16144531250000013 0.2988640625 0.02606562499999998 0.28521402213113956 0.08211691953682676 0.8411249596311396 0.21749660703682694
0 0.8421703125000001 0.22052343750000009 0.283021875 0.08351718750000003 0.26924986954484725 0.13972334839769718 0.8283983070448473 0.2767295983976972
0 0.8253546875000002 0.276859375 0.27065312500000005 0.14170781250000003 0.2609805249691194 0.18140699356249823 0.8156820874691194 0.3165585560624982
0 0.8120453125000001 0.3166953125 0.25850156250000006 0.18178750000000002 0.2486409833745852 0.22224669836001998 0.8021847333745852 0.35715451086002
0 0.808975 0.35961406250000005 0.24945625000000002 0.22434531250000003 0.24117520465133802 0.2585986056085465 0.800693954651338 0.3938673556085465
0 0.7983015625000001 0.392746875 0.2409140625 0.2588390625 0.23280601897931388 0.2925885654118368 0.7901935189793139 0.4264963779118368
0 0.7376437499999999 0.4161625 0.2319515625 0.2896125 0.2229584181709389 0.3255489901482905 0.7286506056709389 0.45209899014829047
0 0.72270625 0.446575 0.231146875 0.3275671875 0.2259414511468874 0.34906808598803934 0.7175008261468874 0.4680758984880393
0 0.7202234375000001 0.46964843749999996 0.22366250000000001 0.3513921875 0.218154200605221 0.37452167377664203 0.714715138105221 0.492777923776642
0 0.7246890625 0.49419843750000003 0.21830781250000003 0.376578125 0.21012395413251267 0.41181143072643406 0.7165052041325126 0.5294317432264342
0 0.75751875 0.5447484375 0.20823906250000004 0.4125640625 0.19617824056469318 0.4626816690901775 0.7454579280646931 0.5948660440901775
0 0.7451 0.5974812500000001 0.19508125000000007 0.46877031249999995 0.1839563738998193 0.5163100986702802 0.7339751238998192 0.6450210361702803
0 0.6743562500000001 0.634184375 0.18697314213521085 0.5205643309865317 0.17628047199681557 0.5664314739600582 0.6636635798616048 0.6800515179735266
0 0.66401875 0.6828203125000001 0.17690625000000007 0.5656656250000001 0.1661232237815237 0.6104999117958021 0.6532357237815235 0.7276545992958021
0 0.69658125 0.7460218750000001 0.16138125000000014 0.6159234375 0.15151170791782906 0.6565248392069034 0.6867117079178289 0.7866232767069036
0 0.6816562500000001 0.8005515624999999 0.15349375000000004 0.6587250000000001 0.14316214694245222 0.6971999175591288 0.6713246469424522 0.8390264800591286
0 0.6652140625000001 0.8537296874999999 0.13968586297277308 0.715189161223668 0.12968016422717799 0.7531439531399072 0.655208363754405 0.8916844794162391
0 0.6180843750000001 0.8818374999999999 0.13028437500000006 0.7736140625 0.12316201550042212 0.8057169696350106 0.6109620155004222 0.9139404071350107
0 0.6080482702831219 0.9241870529204947 0.12044943741207662 0.8114532363322547 0.11264531250000005 0.8452078125 0.6002441453710453 0.9579416290882399