0 0.8192671830730334 0.9111185831863461 0.8127484375 0.8807140624999998 0.257453716210148 0.9997695491323734 0.26397246178318134 1.0301740698187196
0 0.8147015625 0.8777968750000001 0.8074084083935726 0.8433857018905329 0.20344880802351867 0.9713897785182816 0.21074196212994586 1.0058009516277489
0 0.8079765625 0.8429031250000001 0.8007991848835264 0.8053085926333197 0.24810855988352634 0.9108257801333195 0.2552859375 0.9484203125
0 0.7991093750000001 0.8020546875000001 0.79238972912386 0.7681109652863716 0.24727097912385992 0.8760250277863715 0.253990625 0.90996875
0 0.7983703125 0.7671125 0.790219508792952 0.7250213909805792 0.15285544629295195 0.8484448284805792 0.16100624999999996 0.8905359374999999
0 0.7952441667904353 0.7262315310335281 0.7875657689762807 0.6844409236342079 0.14830597718584554 0.8018953301006798 0.155984375 0.8436859374999999
0 0.7754015625 0.6826515625 0.7689876686788666 0.6459400895737846 0.21841735617886662 0.7421307145737848 0.22483125000000004 0.7788421875000002
0 0.7687687970257967 0.6468411591735514 0.7639546875 0.617940625 0.21479682797420324 0.7094166533264485 0.2196109375 0.7383171875
0 0.7825008595492651 0.6113687880910085 0.775284667424854 0.5684892300212929 0.136199432875589 0.6760407544302846 0.14341562500000002 0.7189203125000001
0 0.7743366019364035 0.5704454361510514 0.767271029880419 0.5266191240570849 0.1314656779440154 0.6291221254060334 0.13853124999999997 0.6729484374999999
0 0.761269543657027 0.5230795824034621 0.7542068688132769 0.47295041765753476 0.18845455440170963 0.5526589996584477 0.1955172292454598 0.602788164404375
0 0.7499785387912773 0.4727349498185666 0.7459675433670714 0.44371529027060086 0.2098609375 0.5178140625 0.21387193292420598 0.5468337220479658
0 0.747115625 0.4435093750000002 0.7431256603577514 0.4135660215690319 0.20662409785775146 0.48505508406903186 0.2106140625 0.5149984375000001
0 0.7574562499999999 0.4104078125 0.7565314212878449 0.40339781600437813 0.1763386167396356 0.47994264232020817 0.17726344545179065 0.48695263881583006
0 0.7599871131768927 0.3985242975390885 0.7519832412249621 0.33958961013588546 0.14051872172783095 0.4226321090927535 0.14852259367976162 0.4815667964959566
0 0.7445355879613816 0.35591058930846314 0.74095 0.3213265625 0.2462940995386184 0.3726112856915369 0.2498796875 0.4071953125
0 0.7443203125 0.31989375 0.7385679167420998 0.2621650741647631 0.1604866667420998 0.3197681991647631 0.16623906249999998 0.377496875
0 0.7247671875 0.2645578125 0.7227682906299201 0.24388529771919343 0.1689808818294437 0.2974329154076195 0.1709797786995237 0.318105430188426
0 0.7276347680879244 0.2407799287074393 0.7245375000000001 0.20256562500000003 0.1280527319120756 0.25091069629256074 0.13115000000000004 0.28912499999999997
0 0.7219218749999999 0.20118125 0.7202755484134429 0.18116776818191926 0.14162867341344293 0.2287677681819192 0.14327499999999999 0.24878124999999995
0 0.7229578125 0.181240625 0.7217794953700778 0.16535664146746992 0.24023328779998945 0.20107904977058078 0.2414116049299117 0.2169630333031108
0 0.713527302929235 0.16402876040528525 0.7099061926325076 0.11954835706272944 0.08754863904123199 0.17021393507468238 0.09116974933795932 0.21469433841723823
0 0.7052416904436412 0.1249501781194168 0.7024916186046831 0.08317930189128601 0.07827336566104202 0.1242759987718692 0.08102343749999999 0.16604687499999998