0 0.12356995383249736 0.28569594873313436 0.08238637500000004 0.2845643953125 0.06721581695609405 0.8367061340418427 0.10839939578859137 0.8378376874624772
0 0.1644017346538732 0.2881460985951417 0.12284506474508883 0.28725733346632837 0.11109388281250007 0.8367163218750001 0.15265055272128444 0.8376050870038133
0 0.21769778900552478 0.2673741685357505 0.17415846968786877 0.2662857866472161 0.15989664005734414 0.8368119602989654 0.20343595937500014 0.8379003421875
0 0.26389534173307544 0.2634502321908652 0.2169009458400272 0.26242945869593526 0.20432389062500014 0.8414522437500003 0.2513182865180484 0.8424730172449302
0 0.3135704135326868 0.2388250304689111 0.27013568166009966 0.23754514843421726 0.2522707031250001 0.8438202046874999 0.2957054349975872 0.8451000867221937
0 0.3597419421101432 0.2411954134888939 0.318863540625 0.23998845156249998 0.3010373889574055 0.8437395466614017 0.3419157904425487 0.8449465085877955
0 0.3836805750000001 0.29563568593750006 0.35706141777504824 0.29494434355522936 0.34283697656250006 0.8426362640625001 0.3694561337874519 0.8433276064447707
0 0.406635084619235 0.29494619639564024 0.38267374207016813 0.29440924790787537 0.3703620203125001 0.8438202046875001 0.39432336286156694 0.8443571531752649
0 0.44139433593750005 0.268404059375 0.40856456694145377 0.2675410908278176 0.39347020756645373 0.8417732955153177 0.42629997656250007 0.8426362640625001
0 0.47248175960735106 0.26793667718051484 0.44139433593750005 0.26722007812500004 0.4280650060176491 0.8454716446944854 0.4591524296875001 0.8461882437500001
0 0.5044355078125002 0.25893219687500013 0.4720309349979601 0.2582308867657787 0.4591524296875001 0.8532921265625001 0.49155700250204026 0.8539934366717216
0 0.5384410625000002 0.26112689531250005 0.5044846433701126 0.2603464090841681 0.4908840979745839 0.8520619359969837 0.5248405171044715 0.8528424222253157
0 0.5666004133992291 0.32217400026342646 0.5363805258922281 0.3216681394017585 0.5274899609304992 0.8527862657008318 0.5577098484375 0.8532921265625
0 0.5994413796875002 0.3240512937500001 0.5678698920914838 0.3234975095300198 0.5585977218750002 0.8521081062500004 0.5901692094710167 0.8526618904699805
0 0.6269663625 0.25182829531250006 0.6011854202525635 0.2514088223783569 0.5914184718150636 0.8516886333158571 0.6171994140625001 0.8521081062500002
0 0.6562791805800681 0.2525643629353096 0.6287422250000001 0.25182829531250006 0.6127479631699322 0.8501880980021905 0.6402849187500002 0.8509241656250002
0 0.732658047376921 0.24494336673467734 0.7131453815559212 0.244660876755513 0.7042140812500001 0.8615800281249999 0.7237267470709998 0.8618625181041644
0 0.7504016739940961 0.2508978298709243 0.7328204976083018 0.25058445702040677 0.7219721140625002 0.8592119890625 0.7395532904482944 0.8595253619130176
0 0.7885746366495092 0.24886861193297297 0.7514431888709684 0.24826466175757494 0.7415060125000001 0.8592119890625002 0.778637460278541 0.8598159392378981
0 0.8516888316162419 0.24460546416476386 0.8170594142001075 0.24345459656694013 0.7965549966463656 0.8604291605271763 0.8311844140624999 0.8615800281249999
0 0.8997313835981291 0.3066509856450841 0.8478810087623287 0.30498809918992964 0.8302964234375001 0.8532921265625 0.8821467982733002 0.8549550130176545
0 0.9603302312638597 0.31000217962526994 0.9031046624999999 0.3086595093750001 0.8902742390486402 0.8555013563122303 0.9474998078125001 0.8568440265625001