0 0.9016610746681349 0.725830698328535 0.8945734375000001 0.6874234375 0.293842050331865 0.7982818016714652 0.3009296875 0.8366890625
0 0.8955713325397049 0.6881448297064161 0.8888732939704618 0.6514422779052162 0.2911953125 0.760515625 0.2978933510692432 0.7972181768012
0 0.895478125 0.6477265625000002 0.8895213571354784 0.6145233131746782 0.3335197946354785 0.7142717506746782 0.3394765625 0.7474750000000001
0 0.8853843749999998 0.6142640625 0.88170300016934 0.5932591032783401 0.2761905001693402 0.6993825407783401 0.279871875 0.7203875
0 0.881996205688222 0.5905218921705144 0.8775703124999998 0.565409375 0.2731209818117778 0.6719390453294857 0.27754687499999997 0.6970515625
0 0.8794378609628872 0.5657522533394965 0.873719505689164 0.5335655703046109 0.2669097697262768 0.6413726919651145 0.272628125 0.6735593750000001
0 0.8730218750000001 0.5362140624999999 0.8674598103185616 0.5038380265370557 0.2641269978185615 0.6074880265370556 0.2696890625 0.6398640624999998
0 0.8709734375 0.5005796875000001 0.8679190944508726 0.48308885969121196 0.25901753195087246 0.5894185471912119 0.262071875 0.6069093750000001
0 0.8687082799530405 0.4838535364445832 0.8629115356476443 0.4498017616058669 0.2555579431946039 0.5531935376612835 0.2613546875 0.5872453124999999
0 0.861942156800904 0.4489672742210857 0.8588394527508619 0.4305829586788592 0.25255667094995793 0.5329047469577735 0.255659375 0.5512890625
0 0.8586921875 0.4306078125000002 0.853553485335226 0.3990541256947172 0.24952144490682088 0.49742427092993513 0.2546601470715948 0.528977957735218
0 0.8553359374999999 0.39428125000000025 0.848929508138817 0.3558577275814877 0.3105279456388169 0.44562647758148755 0.316934375 0.48405000000000004
0 0.8445468749999998 0.356434375 0.8377837475450043 0.3146305714048455 0.3072828822341439 0.4004563733301669 0.3140460096891394 0.44226017692532144
0 0.8361546874999999 0.3110171875000001 0.8287578782691893 0.2671467972893705 0.29870312499999996 0.35651718750000005 0.3060999342308105 0.40038757771062966
0 0.82879375 0.2645375000000001 0.8217853452909732 0.2233741516664956 0.28998750000000006 0.3139171875000001 0.2969959047090268 0.3550805358335046
0 0.8295375 0.20868437499999998 0.8211495155441748 0.1605805915100294 0.2588838905441749 0.2586243415100295 0.267271875 0.30672812500000013
0 0.8328171875000002 0.1461359375000001 0.824868236497504 0.10007984328651595 0.252576916835406 0.19885321382161625 0.2605258678379023 0.24490930803510036
0 0.830665625 0.08714375000000012 0.8262779760899569 0.060823018012533536 0.20165142931269714 0.1649478572630651 0.2060390782227403 0.19126858925053167
0 0.829509375 0.0495703125000001 0.8248252918106024 0.02151667195441718 0.1932484375 0.12697031249999996 0.19793252068939754 0.1550239530455829