0 0.6505072505423477 0.16305278175189503 0.6408455841622483 0.12271175726159674 0.10344964895900084 0.2514179640463034 0.11311131533910017 0.2917589885366017
0 0.6655896912104298 0.20850302683731217 0.6545379133452979 0.16199758982523413 0.09580604958164293 0.2947773429298718 0.10685782744677474 0.3412827799419498
0 0.707091006757304 0.24600171389824227 0.6978565800024749 0.2053545965715519 0.10757869522301892 0.3394570434482004 0.11681312197784814 0.3801041607748908
0 0.7180569780125745 0.2986755993168369 0.7070947491616805 0.248513091448814 0.1195252711491059 0.37691717963197713 0.13048749999999998 0.4270796875
0 0.7459109374999999 0.37432968749999995 0.732609498845139 0.3084771868845779 0.13381857773441613 0.42942598351048267 0.14712001638927705 0.4952784841259047
0 0.816103891175571 0.43875077782062066 0.8022234375 0.3656390625 0.1491794488287339 0.4896212012463059 0.16305990250430485 0.5627329165669266
0 0.763596526473109 0.5199035140557088 0.7518828125 0.45506562500000003 0.1704295588784019 0.5601118749759213 0.18214327285151094 0.6249497640316302
0 0.8049478365820161 0.549803369575433 0.7996498510269676 0.5197569676310275 0.17613125 0.6296999999999999 0.1814292355550485 0.6597464019444055
0 0.812696875 0.5843750000000001 0.8077808678573446 0.5555201126542095 0.18026331894397765 0.662430277148397 0.18517932608663304 0.6912851644941875
0 0.8012109374999999 0.6223374999999999 0.7959287321349515 0.5900726823759168 0.2060462944129841 0.686644750861963 0.21132849977803242 0.718909568486046
0 0.8116172369699077 0.6564606249062059 0.8069124999999999 0.62655625 0.21863201468690838 0.719108090879758 0.22333675165681618 0.7490124657859639
0 0.8007299304971098 0.6980400179214103 0.7961287602942916 0.667848621301132 0.22310517570215946 0.7551774413652759 0.22770634590497787 0.7853688379855541
0 0.8217913298875315 0.7228215087500132 0.8171796875 0.6941609375 0.2498828303004446 0.7854420990007036 0.2544944726879761 0.8141026702507167
0 0.7937359374999999 0.76740625 0.7886192206392841 0.7348900072208144 0.26377968749999997 0.817478125 0.2688964043607157 0.8499943677791857
0 0.8031796874999999 0.8115921875000002 0.7986021963974921 0.7803039628580983 0.2579515625 0.8594015625000001 0.2625290536025079 0.890689787141902
0 0.8296672716819881 0.8594964006799124 0.8249715390513073 0.8231618737549091 0.26116207986931916 0.8960264105749969 0.2658578125 0.9323609375000002
0 0.838096875 0.8971390624999998 0.833621001007327 0.8637509531200047 0.27292846473697185 0.9389151114859763 0.2774043387296448 0.9723032208659713