0 0.7538875 0.13803437500000004 0.25375900590903216 0.08961315832573893 0.24914084727176253 0.13731275952057237 0.7492693413627304 0.1857339761948335
0 0.7442578125000001 0.18732656250000007 0.2567750000000001 0.13036875000000006 0.2516542886012841 0.17419520128176033 0.739137101101284 0.2311530137817604
0 0.719184375 0.23626093750000007 0.248740625 0.17043281250000003 0.24360850094592917 0.20710977520343826 0.7140522509459293 0.27293790020343833
0 0.7069343750000001 0.2753031250000001 0.24731718750000006 0.20290937500000003 0.242080442259188 0.23615669426769975 0.701697629759188 0.30855044426769984
0 0.6444796875000001 0.30371406250000005 0.24557857063013713 0.23443212624831103 0.2391653977881511 0.2713569286968761 0.638066514658014 0.3406388649485651
0 0.6401062499999999 0.34371093750000004 0.2440734375 0.26959375 0.2373231513014873 0.3056627768822859 0.6333559638014872 0.37977996438228584
0 0.6951671875 0.3946953125 0.23532968750000002 0.302203125 0.22569705374718377 0.35009307487615204 0.6855345537471838 0.44258526237615203
0 0.6827491038774283 0.4596309626258777 0.21806406250000002 0.38752031249999996 0.2108837086225718 0.4337909123741223 0.67556875 0.5059015625000001
0 0.6548754481110781 0.5100583934625533 0.20557031250000005 0.431109375 0.20076986438892197 0.45842910653744673 0.650075 0.537378125
0 0.6471359118265237 0.5420180883146188 0.20319375000000006 0.46245625000000007 0.19813440067347626 0.4906865991853813 0.6420765625 0.5702484375000001
0 0.6573628446572715 0.5853080880248428 0.1925421875000001 0.49280156250000007 0.1857371553427288 0.5269950369751573 0.6505578125000001 0.6195015625000001
0 0.6469113815093342 0.621281253211107 0.19247343750000004 0.5246796875 0.18370111849066578 0.565946871788893 0.6381390625 0.6625484375
0 0.6349112943224555 0.6669447748393648 0.1863921875000001 0.5615484375 0.17685120567754464 0.6021505376606355 0.6253703125000001 0.7075468750000002
0 0.642902856073569 0.7493570968923221 0.14521250000000005 0.603071875 0.131778393926431 0.6487772781076778 0.62946875 0.7950625
0 0.6328872629695341 0.8085751036589499 0.14059375000000013 0.6493921874999999 0.12518617453046618 0.6970420838410504 0.6174796875000002 0.8562250000000002
0 0.5677717879881481 0.8393542501637242 0.16426250000000012 0.6995078125 0.1487016495118522 0.7444066873362758 0.5522109375000002 0.8842531250000001
0 0.545352615389721 0.905386655404017 0.15452031250000003 0.7364421875 0.13173332211027916 0.7891570945959832 0.522565625 0.9581015624999999