0 0.13923785173110342 0.7491812590214227 0.09111349375071073 0.33912796635703735 0.06585625000000002 0.34209218750000003 0.11398060798039271 0.7521454801643854
0 0.1640710407753147 0.7543569313005493 0.11542214532302461 0.33827985928074156 0.09221904108504128 0.3409928311509832 0.14086793653733137 0.7570699031707908
0 0.1949066695777233 0.7464626035283798 0.15135390763147777 0.3362762099823786 0.12444999999999999 0.3391328125 0.1680027619462455 0.7493192060460012
0 0.21892343749999998 0.7457390625 0.1813743717034793 0.3713516778654732 0.16034374999999998 0.3734609375 0.19789281579652068 0.7478483221345268
0 0.23233816938408247 0.7467039777202722 0.197621875 0.4190343750000001 0.18821905152899504 0.4200305955372454 0.22293534591307748 0.7477001982575175
0 0.2619703125 0.7451468749999999 0.22582240141783622 0.3701928234915572 0.198065625 0.37286874999999997 0.23421353608216383 0.7478228015084427
0 0.30546093750000003 0.7540250000000001 0.27024008395536153 0.34376280346551014 0.23453437500000002 0.346828125 0.2697552285446385 0.7570903215344899
0 0.3462890625 0.7486984374999999 0.3155506918083999 0.3411397638679155 0.27936718749999995 0.34386875 0.3101055581916 0.7514274236320844
0 0.3814010654892459 0.7342666079196495 0.3595154121762482 0.3476735339170521 0.332634375 0.3491953125000001 0.35452002831299767 0.7357883865025975
0 0.41685 0.7410031250000002 0.40083468712970793 0.33578516673114794 0.36104375000000005 0.3373578125 0.3770590628702921 0.7425757707688523
0 0.4546398775200089 0.7374777979827953 0.4413235077869956 0.33435326395164666 0.4041015624999999 0.33558281250000005 0.4174179322330132 0.7387073465311488
0 0.4919472720696459 0.7324643160050905 0.4870343750000001 0.40423749999999997 0.4538157659663401 0.40473471594647725 0.4587286630359859 0.7329615319515679
0 0.5332180059487197 0.3979063280733407 0.5000099526692168 0.397443536671957 0.4954867740483667 0.7220086780829242 0.5286948273278697 0.7224714694843081
0 0.5651406250000002 0.35570625000000006 0.541308331524466 0.35511241630151447 0.5319022096199532 0.7326077626698381 0.5557345030954873 0.7332015963683236
0 0.5904359375000001 0.35392968750000003 0.5683985079110296 0.35324661949172936 0.5567968141051844 0.7275453822260609 0.5788342436941549 0.7282284502343315
0 0.6197250000000001 0.36695000000000005 0.5936747055100249 0.3660520021424113 0.5811815372675369 0.7284701405369793 0.607231831757512 0.729368138394568
0 0.6516781250000001 0.36458281250000013 0.6247705623050167 0.3633669880969595 0.6083502498050166 0.7267669880969595 0.6352578125000001 0.7279828125000001
0 0.6885109375 0.3616234375000001 0.6567448694167494 0.3604170287785194 0.6429265940591122 0.7242674121420007 0.6746926621423629 0.7254738208634814
0 0.7262328125000002 0.36103281250000013 0.6944497658993555 0.35952397831368554 0.6770480440346323 0.7260849576277109 0.7088310906352769 0.7275937918140255
0 0.7591312500000001 0.31190781250000016 0.7358236133951621 0.3106327160354018 0.7130383672442453 0.7271268809726933 0.7363460038490833 0.7284019774372915
0 0.7901953125000002 0.30954062500000007 0.7630197011304307 0.3076458360241845 0.7340216566773134 0.7235441743582518 0.7611972680468829 0.7254389633340674
0 0.8172656249999999 0.30835625000000016 0.791771239162802 0.30638161703841876 0.7596926492247622 0.7205466618367719 0.7851870350619603 0.7225212947983531