0 0.10336726093750004 0.8696344953124999 0.0739035681871652 0.05556357372043599 0.008991409702035684 0.05791294137703592 0.038455102452370535 0.8719838629690999
0 0.15458344218750006 0.8728863156249999 0.14722126616164954 0.07559004488975271 0.08223042343749999 0.076190165625 0.08959259946335052 0.873486436360247
0 0.20905144375 0.8837257203125001 0.2017291960783461 0.07882081840953473 0.13344660468750003 0.0794419875 0.14076885235915396 0.8843468894029654
0 0.24969920625 0.8891454218749999 0.24480661821299346 0.09002266319100381 0.20254780156250002 0.09028139062499999 0.20744038959950656 0.8894041493089961
0 0.29522470156249997 0.8902293625000001 0.2911125612081674 0.11166417635062517 0.2350660125 0.111960196875 0.23917815285433255 0.8905253830243749
0 0.34156315 0.896733003125 0.3350285761658939 0.12020783003628173 0.28465628281250005 0.12063172031249998 0.2911908566466062 0.8971568934012183
0 0.3813979578125 0.8999848250000001 0.375697121059137 0.11815566758948151 0.33261278365885605 0.11846982416936566 0.338313620412219 0.9002989815798843
0 0.421232765625 0.9032366453125 0.42041980405278884 0.12496238612615093 0.3805816445171931 0.12500399985348137 0.3813946060894043 0.9032782590398304
0 0.4659453046875 0.9064884671874998 0.4651311733964305 0.12383787648340305 0.4196068548843398 0.12388523193505097 0.42042098617540924 0.9065358226391478
0 0.5074060218750003 0.12496748125000008 0.462723937631225 0.1244590299463526 0.4537814298187248 0.9103157768213528 0.49846351406250006 0.9108242281250002
0 0.5496878453872535 0.2594357296388333 0.5017235611736239 0.2593750665897244 0.5009023796875001 0.9086563468750001 0.5488666639011297 0.9087170099241089
0 0.5862626828125003 0.24203303906250015 0.5513482495988458 0.24148486557067841 0.5407798308488456 0.9146118155706784 0.5756942640625001 0.9151599890625002
0 0.6416699436125091 0.24529434277046117 0.5854497265624999 0.24420091875000005 0.5722973866383283 0.9204503804552508 0.6285176036883374 0.9215438044757122
0 0.6911574608642276 0.25444931397492176 0.6334140875000001 0.25395638281250005 0.6276998500732727 0.9233385813375785 0.6854432234375002 0.9238315125000002
0 0.7724420631615867 0.08094904407053818 0.693572775 0.07944198750000007 0.6773010415259135 0.9309959778044622 0.7561703296875002 0.9325030343750003
0 0.8041346906250002 0.1564017515625001 0.7626674704946816 0.15601514421473764 0.7553508736196816 0.9407879504647374 0.79681809375 0.9411745578124998
0 0.8431565421875004 0.16832509531250012 0.7993524841030666 0.16763970501344905 0.7871581559780665 0.946992809700949 0.8309622140625003 0.9476782000000001
0 0.880583696243504 0.16908002027766222 0.8464083640624999 0.16832509531250006 0.8292656957036257 0.9443709444618514 0.8634410278846298 0.9451258694270136
0 0.9098188734375003 0.17157691562500013 0.8773076738153094 0.17109947843370982 0.8659192890625 0.9465942593750002 0.898430488684691 0.9470716965662905
0 0.9431500390625001 0.1791644984375001 0.913162158282749 0.178469554570348 0.8952120946843467 0.953041995052095 0.9251999754640977 0.953736938919247
0 0.9732293828125 0.18241632031250007 0.9424671388462589 0.18175806974485753 0.9260779781249999 0.9476781999999998 0.9568402220912411 0.9483364505676425
0 0.9997479843750001 0.17943548437500012 0.9704720541710976 0.1790135391843241 0.9593996026085977 0.947256254809324 0.9886755328125002 0.9476782