0 0.06507702676707276 0.35793379248574553 0.030284227570963745 0.3575784547582393 0.02504331924318935 0.8707406014662871 0.05983611843929837 0.8710959391937934
0 0.10204730113157486 0.3604139753137596 0.06652774375000003 0.35979829999999996 0.05764533793092526 0.8722423043737404 0.09316489531250008 0.8728579796875
0 0.13539991561362916 0.3633473036817654 0.10130401875000006 0.36275826875000006 0.092365435948871 0.8801622135057346 0.1264613328125001 0.8807512484375
0 0.16875296875000018 0.36517519062500003 0.13471017630324567 0.3651186620510717 0.13385405442824555 0.8806947198635717 0.1678968468750001 0.8807512484375
0 0.1964246480382368 0.3441704271855263 0.17085651875000002 0.3440118640625 0.16748603164926332 0.8874992040644736 0.1930541609375001 0.8876577671874999
0 0.22572105507497472 0.34606313220164914 0.19897350625000007 0.3459851640625001 0.19738327305002548 0.8915264662358512 0.22413082187500014 0.8916044343750003
0 0.25594737343750007 0.8925910515625001 0.25582979062499994 0.34889914843750003 0.23078983722138582 0.3489045637621152 0.23090742003388592 0.8925964668871152
0 0.2848042546875001 0.896537653125 0.28349906250000007 0.3510692890625 0.25668547082707005 0.35113344840275884 0.2579906630145701 0.8966018124652588
0 0.32623981718749995 0.9054175390624998 0.32500155219944893 0.3547796468134103 0.287024034375 0.35486505 0.28826229936305103 0.9055029422490894
0 0.3697659441768319 0.35806855928143305 0.3321591609375 0.35782500000000006 0.32858871051066824 0.9091205797810671 0.36619549375000016 0.9093641390625
0 0.42245349767235074 0.3582536870807678 0.37729429062500003 0.35782500000000006 0.37209081014014933 0.9059755347942321 0.4172500171875001 0.9064042218749998
0 0.46091249930835065 0.426315483960205 0.43054348252372093 0.4259359080381554 0.42461694727787025 0.9001046787654502 0.45498596406249997 0.9004842546874998
0 0.48976223906250016 0.42787738437500006 0.45866093454637935 0.42759002537410185 0.45422137673387936 0.9080901628741019 0.48532268125000017 0.9083775218750002
0 0.5356372109375 0.401237728125 0.49346778604580643 0.4005230615042691 0.4845887688583065 0.9244359427542692 0.52675819375 0.9251506093750003
0 0.5792949989837022 0.3971773933731486 0.537856990625 0.39630447656250006 0.526755697891298 0.9232910753768516 0.5681937062500001 0.9241639921875
0 0.6096480475611522 0.3679368658717584 0.5844070882968333 0.3672991896221331 0.5703298907356813 0.9245129331253749 0.5955708500000003 0.9251506093750003
0 0.6422578073119752 0.36964098404108675 0.6155486640625 0.36867820312500005 0.595331584875525 0.9295335909589134 0.6220407281250002 0.9304963718750001
0 0.6937217350838099 0.38629736295180506 0.6481439908225026 0.38447832915978203 0.625515353598551 0.951461881031112 0.6710930978598582 0.9532809148231352
0 0.7553935578125002 0.3884112406250001 0.7138129263080724 0.38616828714963625 0.6832145629781704 0.9534111141783367 0.7247951944825981 0.9556540676537006