0 0.2871028109409321 0.2409117754997303 0.20717415468749997 0.23987632812499995 0.19911154572640102 0.8622483731797855 0.27904020197983315 0.8632838205545159
0 0.3421736171634854 0.2921733945905848 0.2995462713677236 0.2916900838706287 0.2932929463917383 0.843224811155044 0.3359202921875001 0.843708121875
0 0.403460488958231 0.8411566541624206 0.3987508038882658 0.2927151731730219 0.3419291050509141 0.29320312369452795 0.3466387901208793 0.8416446046839265
0 0.4629213383180625 0.8341179609290952 0.45933901875000005 0.2955235625 0.40339566087274636 0.29589565509177473 0.4069779804408088 0.8344900535208699
0 0.5038193251825465 0.8298472503609041 0.4886398640625 0.34525089531250003 0.46191759200495347 0.34608794182659586 0.47709705312499995 0.8306842968749999
0 0.5348601039375884 0.8295248345625812 0.5152769749999999 0.3488028359375 0.4868147694999115 0.3499622982499187 0.5063978984374999 0.8306842968749999
0 0.5748800719989912 0.8322883728990431 0.5531298918157085 0.2981488169645926 0.5132403662906736 0.2997731197483049 0.5349905464739562 0.8339126756827554
0 0.6140079500512412 0.8349425234786729 0.5921028117462181 0.2976808849735439 0.5557109765558772 0.2991646465635879 0.5776161148609003 0.8364262850687169
0 0.6653643931146771 0.8305202580995541 0.6492381664079541 0.30965429255594745 0.6056993139182769 0.3110022735188932 0.621825540625 0.8318682390624998
0 0.7097598242822161 0.8269137290342629 0.6927079837367746 0.3083931311973477 0.6500568360170585 0.3097957381005848 0.6671086765625 0.8283163359374999
0 0.7524588970947648 0.8256798661980769 0.7394283198951135 0.303203603284944 0.6976046906666096 0.3042466861350489 0.7106352678662609 0.8267229490481818
0 0.7852323474228768 0.8206080081482554 0.7763208562500001 0.33577901250000003 0.7416825995382286 0.3364156875373873 0.7505940907111053 0.8212446831856427
0 0.8225019774689368 0.8170832264499814 0.8144919048907406 0.33643045073364797 0.7780782267045934 0.33703728423143736 0.7860882992827897 0.8176900599477708
0 0.8588960437500003 0.8164764546875001 0.8535685750000003 0.33696299218750003 0.8189313786246102 0.33734781679766934 0.8242588473746102 0.8168612792976694