0 0.7528062423251178 0.9262737898539601 0.08011572707701502 0.6900791718409258 0.07275167225189723 0.711052256986966 0.7454421875000001 0.947246875
0 0.7550713134211278 0.9048890243929739 0.09237968750000006 0.6722843749999999 0.08594431157887236 0.6906187881070263 0.7486359375000001 0.9232234375000002
0 0.7610868910127062 0.8874150116315681 0.10116128346808731 0.658030655394195 0.09572126745538086 0.6736812687626268 0.7556468749999998 0.903065625
0 0.7695575625281711 0.8665221512502971 0.10457343750000007 0.6392078125 0.09856899997182904 0.6567731612497032 0.763553125 0.8840875000000002
0 0.7850505149310878 0.8136470746221175 0.15047300335228533 0.5993168877625547 0.13370998842119755 0.6489479381404376 0.7682875000000001 0.8632781250000002
0 0.802779199657642 0.7586597001864563 0.1671511764433382 0.5513524811640483 0.15035478928569626 0.6028521559775919 0.7859828125000001 0.8101593749999999
0 0.8231718750000001 0.693353125 0.18511093750000002 0.49061093749999996 0.1643845062185021 0.555840213841422 0.8024454437185021 0.758582401341422
0 0.8467453125000001 0.6254718750000002 0.2111705690873907 0.4150032636239507 0.1897143190873906 0.47979701362395044 0.8252890624999999 0.6902656250000001
0 0.858634375 0.5954515625000001 0.20330434798787111 0.3840274024785153 0.19427714877650132 0.41200809637097147 0.8496071757886302 0.6234322563924563
0 0.8690734374999998 0.5633437500000001 0.21506619824482467 0.3518344792947474 0.20575723787778671 0.3806186902642345 0.859764477132962 0.5921279609694873
0 0.8749140625 0.5319578125000001 0.2683289323881724 0.33746036046855377 0.25861381024061003 0.36775920793612177 0.8651989403524377 0.562256659967568
0 0.8835548296952297 0.5028615993966031 0.27688763771632 0.3113149562822949 0.26780155802109035 0.3400924193856919 0.8744687500000001 0.5316390625000003
0 0.9023703125000001 0.43620781250000007 0.23877343750000005 0.2357421875 0.2213088869807655 0.2935546984870764 0.8849057619807656 0.4940203234870765
0 0.9266609375 0.3711046875000001 0.25623686971792414 0.17575260074021473 0.2376004754446285 0.2397103882649369 0.9080245432267043 0.43506247502472223
0 0.9373499999999998 0.3283906250000001 0.26894999999999997 0.13909531250000007 0.25744348153911634 0.1797247229047328 0.9258434815391162 0.3690200354047328
0 0.9521875 0.2906734375 0.275353125 0.10504062500000004 0.26526245482870675 0.14183214017848383 0.9420968298287068 0.3274649526784838
0 0.9790389461216845 0.19806801660441758 0.3029742431623689 0.02602708053327616 0.29561498454068447 0.05494656392885877 0.9716796875000002 0.22698750000000018
0 0.9891421875 0.16179375000000012 0.3114423504311782 -0.0003847221684181168 0.30401029600047347 0.030671817022212992 0.9817101330692954 0.19285028919063124