0 0.730471875 0.081725 0.14130128500314698 0.028035371783701968 0.13590380762882429 0.08726533918658741 0.7250743976256773 0.14095496740288543
0 0.712078125 0.14053125000000005 0.1305860551881102 0.08487430205841585 0.12212769055052446 0.17324551431920496 0.7036197603624144 0.22890246226078914
0 0.7501937500000001 0.24287187500000007 0.1190980234590929 0.17015737641807438 0.11198281250000001 0.23191093750000005 0.7430785390409073 0.3046254360819257
0 0.7398390625 0.30682968750000006 0.11382987601258532 0.23299318761818358 0.10675625000000002 0.292965625 0.7327654364874148 0.3668021248818165
0 0.728353125 0.370796875 0.1076340379423967 0.2974928200084225 0.10046406250000003 0.35820625 0.7211831495576033 0.4315103049915776
0 0.7180453124999999 0.43488750000000004 0.09437938843885711 0.3612667797555496 0.08750468750000004 0.4195046875000001 0.7111706115611429 0.4931254077444505
0 0.7102781250000001 0.49745937500000015 0.08556267616654276 0.42191404356541884 0.07823125000000007 0.48254062500000006 0.7029466988334574 0.5580859564345813
0 0.6646078125 0.5589000000000001 0.07121171391572173 0.4900512404805023 0.0637603158523198 0.5542736109441121 0.6571564144365981 0.6231223704636099
0 0.6451671875 0.6298921875 0.06231840993146207 0.5569782376541088 0.054488721837348285 0.6195660434723712 0.6373374994058862 0.6924799933182624
0 0.6659022095903894 0.7071581061517652 0.043999964328368044 0.6201177136287922 0.03329931723797872 0.6965736699770269 0.6552015625000001 0.7836140625
0 0.6562988656299257 0.7882500546546958 0.030992093446847547 0.6999958548971914 0.020292187500000104 0.7758078124999999 0.6455989596830782 0.8640620122575042
0 0.6162343750000001 0.8598703125000002 0.020114936676806926 0.7773786710642864 0.013773470134864806 0.8232047863813617 0.6098929084580579 0.9056964278170755
0 0.6120698850604518 0.912151447645271 0.008980598375653038 0.8288933498480636 -0.0015830366847986222 0.9054122147027929 0.6015062500000001 0.9886703125000003