0 0.6038610088964236 0.07852097567381347 0.589119724210672 0.03627023553159388 0.02341965281424845 0.23364300985778047 0.038160937500000006 0.27589375000000005
0 0.6166158242282958 0.125758981469491 0.6021990824005878 0.08425921687211176 0.039372320672292106 0.27978148540262077 0.053789062499999984 0.32128125
0 0.6310427918917718 0.17413952229681445 0.6171359375 0.13428906249999997 0.057762577745332055 0.329496944778092 0.07166943213710392 0.36934740457490645
0 0.661365625 0.2127515625000001 0.647382392144516 0.17196383480444938 0.06742215944010417 0.37079126253857975 0.08140539229558821 0.4115789902341304
0 0.6807979429927903 0.26289235471445915 0.6662974915200788 0.21809837452411124 0.0766388991819311 0.40897928681038015 0.09113935065464257 0.45377326700072806
0 0.6743396235533732 0.315873061675212 0.6625483897746193 0.2795052942075083 0.10405000000000002 0.46058281250000005 0.115841233778754 0.49695057996770375
0 0.6846251741320388 0.3518938087824277 0.6729808380711705 0.3163134588747387 0.11756972643913173 0.498082150092311 0.1292140625 0.5336624999999999
0 0.6656759337434497 0.38681943377431816 0.658525 0.36447500000000005 0.12522648272476236 0.535147589022972 0.13237741646821205 0.55749202279729
0 0.6740339895567736 0.4071737830319962 0.6669628662654329 0.38552170309012823 0.13255937499999998 0.560046875 0.13963049829134072 0.581698954941868
0 0.710115625 0.43431875 0.7006758588856343 0.40505792325013124 0.14443802557070332 0.5845044951238398 0.153877791685069 0.6137653218737086
0 0.7220359375 0.46893593750000023 0.7129560351973483 0.44024350108317956 0.15652968750000001 0.6163281250000001 0.16560958980265159 0.6450205614168208
0 0.8224328854793006 0.48341842174804583 0.8122484375000001 0.4509765625 0.13272023952069953 0.6643003282519543 0.14290468750000004 0.6967421875000002
0 0.6905375000000001 0.537434375 0.6870880634256368 0.5265539821357864 0.15114118842563676 0.6964664821357865 0.15459062500000004 0.7073468750000002
0 0.7445171874999998 0.53089375 0.7413057623547454 0.5208186324250252 0.16921875000000003 0.7031703125000001 0.17243017514525452 0.713245430074975
0 0.7472328124999998 0.5454468750000001 0.7438706258358299 0.5346382099522997 0.17143177319428082 0.7127033334352171 0.17479395985845095 0.7235119984829175
0 0.8321743837255768 0.5437896030249814 0.8271593749999999 0.5276078125 0.17542874127442304 0.7295900844750187 0.18044375 0.7457718750000001
0 0.8385276296331419 0.5691374975282506 0.8330562499999999 0.5513984375000001 0.18420987036685793 0.7515265649717493 0.18968124999999997 0.7692656249999998
0 0.7003156249999998 0.6424875000000001 0.6919720708830991 0.6153887918206256 0.19199843749999998 0.7693281250000001 0.20034199161690075 0.7964268331793747
0 0.711175 0.674028125 0.702771651499749 0.6469051456037275 0.20107187499999996 0.80234375 0.20947522350025105 0.8294667293962725
0 0.7264718749999999 0.7117859375000002 0.7177887642362342 0.6833048515878769 0.21322443825317108 0.8371328321456988 0.22190754901693682 0.8656139180578221
0 0.7691788369184229 0.7229283495456298 0.7618417709327845 0.699024195479457 0.22879855615578237 0.8626348059695461 0.23613562214142073 0.8865389600357189
0 0.7763446909693463 0.7764265191299705 0.765975 0.7431921874999998 0.22800218772874253 0.9110490854594697 0.23837187869808898 0.9442834170894404
0 0.7885093750000001 0.8186359375000002 0.7782312499999999 0.7854500000000001 0.2373398332709288 0.9529712457857642 0.24761795827092886 0.9861571832857642