0 0.3380657361641631 0.1992073225946594 0.29027703593750004 0.19780777968750005 0.27207344827587854 0.8193862888999798 0.3198621485025416 0.8207858318071392
0 0.38362552151585494 0.205737139804305 0.33228979977588835 0.20457688661534806 0.3183940234375001 0.8193993359375001 0.3697297451774667 0.820559589126457
0 0.42422214279945153 0.19590776115906933 0.38576379675172817 0.1950863383543176 0.37240816875000016 0.820385953125 0.4108665147977235 0.8212073759297518
0 0.4641648430747556 0.19747517175796173 0.42611122471375557 0.19672783101193336 0.4138437312500002 0.8213726359375 0.4518973496110002 0.8221199766835283
0 0.49754790243040165 0.26143154730488893 0.4657591053372109 0.2608631478399821 0.4560191875000002 0.8055861656250001 0.48780798459319097 0.8061545650899069
0 0.5322900795807208 0.2598685792709995 0.5011543656249999 0.2589802781250001 0.4855569063567791 0.8056845488540008 0.5166926203125001 0.80657285
0 0.5750875058560687 0.19298005274235203 0.5348280342440732 0.19181300195745224 0.5166770908880047 0.8179617507776002 0.5569365625000001 0.8191288015625002
0 0.6082118828626342 0.20141559108609358 0.5711918416595823 0.20072133880916693 0.5595840322344484 0.8196917008480737 0.5966040734375003 0.8203859531250004
0 0.6462032214343092 0.20138206798043062 0.6084671904815226 0.2007014622183046 0.5973255315472136 0.818448195800374 0.6350615625 0.8191288015625
0 0.681463624654939 0.20425715551473128 0.6518592014648867 0.20362832172786827 0.6387718799349479 0.8197571193381371 0.6683763031250002 0.820385953125
0 0.7127797558166207 0.2043814063125712 0.6849132416078546 0.20369773640681954 0.6698561890625 0.8174260359375001 0.6977227032712661 0.8181097058432517
0 0.7441251170856291 0.20440340525855744 0.7159525742928359 0.2037150257055096 0.7008772931447068 0.8206842563844521 0.7290498359375001 0.8213726359375
0 0.7779160072782438 0.20442102648420452 0.7463390986069955 0.20364325030073088 0.7312515803912516 0.8161808863165264 0.7628284890624999 0.8169586625
0 0.8051747319071565 0.20218532476533352 0.7755861563989294 0.2016913161843493 0.7653058968750002 0.8174260359375001 0.7948944723832272 0.8179200445184843
0 0.8193200921875002 0.3152195250000001 0.8043407480343664 0.3151363287374077 0.8015600824093664 0.8157903974874076 0.8165394265625002 0.8158735937499999