0 0.10743203750000001 0.9465942593750001 0.04379888493022093 0.13296011619836148 0.0212587796875 0.1347229453125 0.08489193225727909 0.9483570884891387
0 0.12369114218749999 0.9530979015625001 0.06922314062500001 0.12930324375 0.04641675683244806 0.13081116582289407 0.10088475839494804 0.9546058236353941
0 0.13692911340819033 0.9535618741975064 0.08616885925329011 0.1359397286829938 0.07084905 0.13689082500000005 0.12160930415490023 0.9545129705145126
0 0.15298754835464826 0.9547235794636768 0.10743203750000001 0.1325550640625 0.08200817851666987 0.13396377390991737 0.1275636893713181 0.9561322893110941
0 0.1846627859375 0.9541818421875 0.13913729218749998 0.136890825 0.10335752163570329 0.13888386259172306 0.14888301538570328 0.956174879779223
0 0.20778902662715515 0.959277296411638 0.17165550156250003 0.3450073703125 0.14716031852909484 0.3464482634321121 0.18329384359374995 0.96071818953125
0 0.23181419062500003 0.9617694234375002 0.1911563095526972 0.14102232725288272 0.16515185937500004 0.14231052656250004 0.20580974044730285 0.9630576227471174
0 0.2610805796875 0.9596015437500001 0.22693645937500012 0.13580688437500002 0.19686385040210932 0.13705331486249572 0.23100797071460918 0.9608479742374957
0 0.298476521875 0.9628533640624999 0.27480875903933155 0.14128271752935959 0.23913078906249993 0.14231052656249998 0.2627985518981684 0.9638811730956401
0 0.3334335984375 0.970440946875 0.3244621007477529 0.1439757064353874 0.278152640625 0.14447840781250004 0.2871241383147471 0.9709436482521128
0 0.3570191228978481 0.9723984706559834 0.34886375912813683 0.24711469693337632 0.31880040312499996 0.24745274062499995 0.32695576689471123 0.9727365143476071
0 0.38790160000000007 0.9671891265625001 0.37719644800467667 0.251316426261732 0.3456279265625001 0.25178850156250004 0.3563330785578235 0.9676612018632683
0 0.41067893776612585 0.9757854279517957 0.4082251380096819 0.259275858196395 0.3789590921875 0.25937608437500004 0.38141289194394395 0.9758856541304007
0 0.4383048249999999 0.9780285296874999 0.43585825046346544 0.2592792570300316 0.4074125265624999 0.259376084375 0.40985910109903434 0.9781253570324683
0 0.46594530468750006 0.9769445890625 0.45456393125000005 0.25720820312500003 0.4294714370913037 0.25760499707911755 0.44085281052880376 0.9773413830166175
0 0.4903339625000001 0.9791124703124998 0.4862622373362699 0.2603173044100847 0.4610675734374999 0.26046002343749997 0.46513929860123004 0.979255189339915
0 0.5163485296875001 0.15640175156250002 0.4887249543439304 0.15626400101086116 0.4846432750000001 0.9747767078124999 0.5122668503435699 0.9749144583641389
0 0.54402576999537 0.15330696630521207 0.512283753125 0.15314993125000004 0.5082143503667439 0.9757118161138928 0.5399563672371139 0.9758688511691049
0 0.5716548172467075 0.21956275382765766 0.5374853671875002 0.21927029062500009 0.5309563952532929 0.9820718274223428 0.5651258453125002 0.9823642906250003
0 0.6065865640625001 0.22794181406250008 0.5725274579911493 0.22735374315268392 0.5595201736161494 0.9806922790901839 0.5935792796875001 0.9812803500000001
0 0.6399955965028086 0.22632080404878244 0.6057736078125 0.22577393281250008 0.5935014113096916 0.9937407631387176 0.6277234 0.9942876343749999
0 0.6748748046875 0.22794181406250003 0.6448773806549307 0.2271198932605003 0.6237324150299307 0.9988420573230001 0.6537298390625 0.999663978125
0 0.7049541500000001 0.2680476062500001 0.6749727781164372 0.26710366495383214 0.6522100296789372 0.990091872766332 0.6821914015625001 0.9910358140625
0 0.7309687171875001 0.27021548750000013 0.7008893734375001 0.26913154687500007 0.6748125923095556 0.992762016432264 0.7048919360595556 0.9938459570572642
0 0.7561703296875001 0.2734673078125001 0.7302581803018793 0.2725945183435504 0.7058695224893792 0.9966666652185502 0.731781671875 0.9975394546874998
0 0.8073865109374999 0.15856963281250008 0.755357375 0.15748569218750008 0.7378567890553344 0.9975135904876519 0.7898859249928343 0.998597531112652
0 0.8399047218750001 0.16073751250000012 0.8099528705517631 0.15925157432574638 0.7684921518017631 0.9949695774507464 0.798444003125 0.9964555156250002
0 0.8683581562500002 0.1618214531250001 0.8383251028751632 0.15998178482980124 0.7870032372501631 0.9978243098298012 0.817036290625 0.999663978125
0 0.9077516275799346 0.25892810545643863 0.8634804234375 0.2561242625000001 0.8165753132225128 0.9967312586524395 0.8608465173649472 0.9995351016088782
0 0.9448421461767026 0.25624017302846946 0.911444784375 0.2539563828125001 0.8608618475116618 0.9936638356270967 0.8942592093133644 0.9959476258430661
0 0.9976180406250001 0.26587972656250014 0.9510265144436877 0.26174250564792506 0.8857000231740064 0.9974201480000815 0.932291549355319 1.0015573689146566
0 1.0534512484648588 0.27896369489475104 0.9968050859375002 0.2723833671875001 0.9129685467595182 0.9940827164120474 0.969614709286877 1.0006630441192983