0 0.7354393457022611 0.9259382049771231 0.04308830786240773 0.8545087895512552 0.03485468750000011 0.9343156249999998 0.7272057253398534 1.0057450404258677
0 0.7396343750000002 0.8469656250000002 0.061047095476707766 0.7714723649098774 0.052798437500000094 0.8456171875 0.7313857170232925 0.9211104475901231
0 0.7457844949520847 0.7872465953363511 0.11936351859160714 0.7138373978266536 0.1130234375000001 0.7679390624999999 0.7394444138604775 0.8413482600096975
0 0.7501430923598619 0.7194183087246988 0.15360167904838237 0.6438728607786616 0.14481562500000011 0.7132515624999999 0.7413570383114797 0.7887970104460371
0 0.7570044374028219 0.6562999909324021 0.14778122104050156 0.5781133679851369 0.14055468750000005 0.6344218749999999 0.7497779038623203 0.712608497947265
0 0.7664018334350378 0.6017827889304428 0.14946295248568356 0.5159041854194745 0.14130156250000003 0.574534375 0.7582404434493542 0.6604129785109685
0 0.7722629164896206 0.5467516060284235 0.16404266870068568 0.45549218922171447 0.15562031250000005 0.511625 0.763840560288935 0.602884416806709
0 0.7817284924418675 0.48323941706983664 0.16839208628800187 0.38789171034908987 0.159421875 0.4455937500000001 0.7727582811538657 0.5409414567207469
0 0.7782181995949987 0.4523815841748543 0.1671415050695916 0.3490647008370766 0.16282812500000005 0.37457656250000004 0.7739048195254071 0.4778934458377777
0 0.76895 0.42786875 0.17899086819725415 0.32683574439168345 0.17516250000000003 0.34919062500000003 0.7651216318027458 0.4502236306083166
0 0.7758406613269799 0.3829387304576205 0.170221096071587 0.272965762733163 0.16191093750000007 0.31872968749999997 0.7675305027553929 0.42870265522445744
0 0.7788731099824904 0.3390177167396873 0.18097424792412786 0.2277329762222226 0.17325468750000006 0.26920781250000003 0.7711535495583626 0.3804925530174647
0 0.7823169177091913 0.2984414118989237 0.2109145405782403 0.1874665830872877 0.20343593750000002 0.22597343750000004 0.774838314630951 0.33694826631163605
0 0.7904428500937963 0.24448103263067403 0.2075914647181715 0.11618514838748936 0.19634843750000003 0.16726250000000004 0.779199822875625 0.2955583842431847
0 0.7888602027736993 0.20999341046606923 0.2004609375 0.08342031250000004 0.19658510972630075 0.10143783953393089 0.784984375 0.22801093750000012
0 0.7887769351818434 0.18100639732131588 0.20453749999999998 0.05441562500000002 0.19975693229632407 0.07647881431331685 0.7839963674781675 0.20306958663463268
0 0.7917452040560734 0.15434491523902882 0.20962719000773428 0.024717420297407693 0.204175 0.049201562500000025 0.7862930140483392 0.17882905744162114
0 0.7939539853556054 0.1242809837022996 0.21542507806256248 -0.0073159272096119665 0.20950311727751392 0.018718312334959963 0.7880320245705568 0.15031522324687155
0 0.7949853678561322 0.11048448938849742 0.2610029926512614 -0.01368670934936963 0.2573976200416718 0.0018177349109411377 0.7913799952465427 0.1259889336488082
0 0.7923816551128373 0.09122893531318363 0.3289797217101698 -0.014948286033751668 0.3255546875 3.3306690738754695e-17 0.7889566209026675 0.10617722134693533