0 0.09442475312500001 0.8425359875 0.0552613185555797 0.1669665953377519 -0.0008325939444203151 0.17021841565025203 0.038330840625 0.8457878078125001
0 0.13113547805324655 0.8446023062885686 0.08789986754415197 0.14521871316567375 0.047273348437499994 0.14773022812499997 0.09050895894659457 0.847113821247895
0 0.185665094478555 0.8471380372018936 0.1478919451055034 0.1453238793042865 0.0830433796875 0.14881416875000003 0.1208165290605516 0.8506283266476071
0 0.24238260937499997 0.841452046875 0.1998271643920076 0.15510910260148925 0.14219448825244396 0.15868251178292386 0.18474993323543637 0.8450254560564346
0 0.32237462824502916 0.8389616765968988 0.2706616270898025 0.005089456095037179 0.1903534734375 0.01006980625 0.24206647459272662 0.8439420267518617
0 0.3538765019365405 0.840739366238305 0.31702576393385135 0.054590311931996024 0.272461953125 0.056679240625 0.30931269112768917 0.842828294931309
0 0.3960311531249999 0.8457878078125001 0.3545058219111413 0.06739141742770824 0.31148380624999994 0.069686525 0.35300913746385865 0.8480829153847917
0 0.42692345156249994 0.8371162859375 0.39603115312500003 0.06643470312500002 0.3529268833796132 0.06816251133347637 0.3838191818171131 0.8388440941459763
0 0.4619054945602139 0.8442132954926883 0.4292008656269304 0.06693329872625808 0.3895275109375 0.06860258437500001 0.42223213987078345 0.8458825811414302
0 0.4892070957751763 0.8405969267295827 0.45781575156250004 0.076190165625 0.4178702557663132 0.07783057865126908 0.4492615999789894 0.8422373397558518
0 0.5168485608894544 0.8381515958800019 0.4886579378564151 0.0770049771719012 0.4521250656250001 0.07835804687499999 0.4803156886580394 0.8395046655831007
0 0.553000572316663 0.8344236813149124 0.5211148564468694 0.07570719141245588 0.4828369044427063 0.07731585541004377 0.5147226203124999 0.8360323453125001
0 0.5912570446031393 0.8345120849552774 0.5602481140625001 0.0859456296875 0.5235484960218606 0.08746589004472252 0.5545574265624998 0.8360323453125
0 0.6187808921875 0.8436199265624997 0.5911404140625 0.092449271875 0.5629246097096232 0.09348751573893187 0.5905650878346231 0.8446581704264317
0 0.6439825046875001 0.8436199265625 0.6220327125000001 0.19217178281250005 0.5944235783383605 0.1931020406743712 0.6163733705258603 0.8445501844243711
0 0.6816117137001845 0.8336247860658436 0.6618675203125 0.211682709375 0.6201735347373155 0.21300632799665659 0.639917728125 0.8349484046875002
0 0.7131167175094378 0.8400877215236088 0.7049541500000001 0.10545655625000001 0.6577122258535674 0.10598146645439814 0.6658747933630051 0.8406126317280069
0 0.7529529084456421 0.8432284410920612 0.7439760015625001 0.09678503281250002 0.6967792800593474 0.09735263186880345 0.7057561869424895 0.8437960401483646
0 0.7724394643843515 0.8358402678323482 0.7642961829536682 0.1116311561190223 0.73503349375 0.111960196875 0.7431767751806834 0.836169308588326
0 0.8090193195125741 0.8417773249387835 0.793461948410025 0.10812446256345118 0.7576850195224509 0.10888312512466772 0.773242390625 0.8425359875
0 0.8352501227532058 0.8450498724503956 0.8179549296874999 0.23010969531250006 0.7917172288092943 0.23084763067460443 0.8090124218750001 0.8457878078125001
0 0.8595584879505204 0.8419528308281568 0.8447824531249999 0.11737989999999998 0.8161861792369797 0.1179630566718433 0.8309622140625 0.8425359875
0 0.8911816687605734 0.8418112443485788 0.8740488421874998 0.12930324375000002 0.8439087312394262 0.1300279869014211 0.8610415578124998 0.8425359875
0 0.9244904034205573 0.8267652721164518 0.9073800078125001 0.12496748124999998 0.8748018800484351 0.12576176225439697 0.8919122756564924 0.8275595531208488
0 0.9619746259885986 0.8385293619061691 0.9463133245759096 0.12745133295060296 0.9114447843749998 0.128219303125 0.9271060857876888 0.8392973320805662