0 0.742519445844307 0.9036831997610231 0.17723224816339808 0.7480083191046913 0.16639873981909126 0.7873469943436685 0.7316859375000001 0.9430218750000001
0 0.7534665667914358 0.8570345707211715 0.25892968750000006 0.7163046875 0.2460565143990275 0.7615421218402827 0.7405933936904632 0.9022720050614541
0 0.7633884710419228 0.8108975997778213 0.27256487015317593 0.6747482785389087 0.2606888991112532 0.7175616162610876 0.7515125 0.8537109375000002
0 0.7738921189207076 0.7842624428684749 0.22141094016779075 0.6171155246773672 0.21288593750000012 0.64529375 0.765367116252917 0.8124406681911077
0 0.7840349921282832 0.7558133955763127 0.23109678543834197 0.5753212413025908 0.22257741831005876 0.6014203457262782 0.7755156249999999 0.7819125
0 0.7763453125 0.7345359375000001 0.2715080430124786 0.5645988972897473 0.2683418960417308 0.5740046689186457 0.7731791655292523 0.7439417091288985
0 0.7847328125000002 0.7064984375000002 0.28058617574657124 0.5386074830927343 0.2721546068306677 0.5639259829875899 0.7763012435840967 0.7318169373948556
0 0.7870995288943474 0.69063018141754 0.2847015625 0.5214390625 0.2807473461056526 0.5331807560824601 0.7831453125000001 0.7023718750000001
0 0.7968640625 0.6632250000000001 0.2930967194072431 0.4968629623983551 0.2837280617744581 0.525232558203108 0.7874954048672149 0.691594595804753
0 0.8075109375 0.6389015625000001 0.2710812500000001 0.4576546875000001 0.26231517468987003 0.48359931710652193 0.7987448621898701 0.664846192106522
0 0.8166744473283355 0.6110675570188018 0.27850468750000007 0.43105312500000015 0.2697708651716645 0.45716369298119836 0.807940625 0.637178125
0 0.8245250000000001 0.5845734375000001 0.28388474755739423 0.40672112218911033 0.2757813598113275 0.43135401824680686 0.8164216122539333 0.6092063335576967
0 0.8285718750000001 0.569115625 0.33571093750000003 0.4083484375000001 0.3312645906680472 0.4219795192034505 0.8241255281680472 0.5827467067034505
0 0.8323218750000002 0.5533031250000001 0.33919418975197174 0.3958189140491958 0.33475732827252974 0.40971198445869117 0.8278850135205582 0.5671961954094955
0 0.8512015625 0.48324843750000007 0.33977395512862546 0.3236803127541178 0.31879421227853505 0.3909219357673338 0.8302218196499096 0.550490060513216
0 0.8691765625000002 0.4054859375000001 0.35988615671482926 0.2508712781982692 0.3386761395982799 0.3207356641030857 0.8479665453834508 0.4753503234048166
0 0.8833317777877474 0.35877357488909845 0.32623750000000007 0.20045625000000006 0.31730572221225256 0.23188580011090174 0.8744 0.3902031250000001
0 0.8953368222680563 0.3368939808074431 0.23980593417761945 0.156894247459283 0.23626562500000006 0.16978750000000004 0.8917965130904368 0.34978723334816014
0 0.8984015624999999 0.3184046875 0.24631295445335719 0.14047292626267188 0.24209981415091092 0.1559133444107445 0.8941884221975538 0.3338451056480726
0 0.9010374024617056 0.2846189437604377 0.4173424932196263 0.159082059899035 0.4093925907579208 0.18971311613859732 0.8930875 0.3152500000000001
0 0.9009298167310726 0.2604736065242044 0.4232862420182036 0.13526852081385665 0.41743298778713084 0.15759803928965233 0.8950765625000001 0.28280312500000004