0 0.20576069745642017 0.21864418011229794 0.1751475408492697 0.21023108301666316 0.028648437500000144 0.7433046874999999 0.059261594107150595 0.7517177845956347
0 0.23801875000000022 0.2270390625000001 0.20658327864027815 0.21854928627734238 0.06273750000000007 0.7511734375 0.09417297135972214 0.7596632137226578
0 0.2679593750000001 0.23840625000000007 0.23566480115861718 0.23018435516085808 0.10078906250000005 0.759959375 0.133083636341383 0.7681812698391419
0 0.2879703125000002 0.18066406250000003 0.2749846330844228 0.17940203640099583 0.21549557058442267 0.7915176614009959 0.2284812500000001 0.7927796875
0 0.2984545867173967 0.17961077917785853 0.2881611733234858 0.1786401029715354 0.2300800241060892 0.794554323793677 0.2403734375000001 0.795525
0 0.3463715796297774 0.16498168187397774 0.30434934950625697 0.16108096781740094 0.24495435048249986 0.8009408193628824 0.28697658060602027 0.8048415334194591
0 0.3965158893393758 0.1707579241862905 0.35046111945931413 0.16609568419505066 0.2852107983079799 0.8106546367310183 0.33126556818804165 0.8153168767222582
0 0.4529537320974123 0.19858259938285555 0.41011954578417875 0.19357788862883 0.33641718750000005 0.8243796875000001 0.3792513738132336 0.8293843982540257
0 0.4945581101325523 0.21069575407703703 0.45235756162212903 0.2059560343652432 0.3818468750000002 0.8337546874999999 0.42404742351042346 0.8384944072117937
0 0.5304639496287974 0.22865800914470027 0.4991515625000001 0.22496562500000006 0.4261343494468145 0.8441707652530483 0.4574467365756118 0.8478631493977486
0 0.5627069067346089 0.23836370629194065 0.5305295778581489 0.2346973139268489 0.46008593750000004 0.8529312499999999 0.49226326637646006 0.8565976423650918
0 0.6034250117348422 0.24622735650823432 0.5639872596826435 0.24189857292227418 0.4962468750000001 0.859053125 0.5356846270521988 0.8633819085859601
0 0.643416967886192 0.2533243442892123 0.6073240489740795 0.249332761504983 0.5385671875000001 0.8710500000000001 0.5746601064121124 0.8750415827842295
0 0.676484653967979 0.2657197684406792 0.6403363488217151 0.2620629437810155 0.5781437500000001 0.8768468750000002 0.614292055146264 0.8805036996596638
0 0.6929921875000001 0.3432156250000001 0.6747729466898593 0.34142217086159066 0.6213037383911634 0.8846021502423156 0.6395229792013042 0.8863956043807251
0 0.7117750000000002 0.3486640625000001 0.6936796466279153 0.34697355503612937 0.6430890625000001 0.8885000000000002 0.661184415872085 0.8901905074638709
0 0.7588364583133413 0.2816714494118556 0.7264828125000001 0.27856250000000016 0.6672273746040315 0.8952111475752677 0.6995810204173727 0.8983200969871232
0 0.795400873032535 0.2890320173291929 0.7625697386677049 0.2859483638524612 0.7044359375000002 0.9048890625000002 0.7372670718648303 0.9079727159767318
0 0.8293631500803151 0.30223476517711 0.796007130218839 0.2992739400606803 0.7416343693758172 0.9118257860103371 0.7749903892372935 0.9147866111267667
0 0.9291648202863219 0.32542594460197377 0.892572822388505 0.3181462090832127 0.7724861271021833 0.921768701981239 0.8090781250000001 0.9290484375