0 0.1475046218750001 0.2590413296875 0.10853629066517634 0.2570725864090162 0.08002385156250011 0.8214337109375002 0.11899218277232389 0.823402454215984
0 0.18687856250000018 0.25982481250000006 0.14606787423007878 0.25793143396521145 0.11997957812500011 0.8202496921875 0.1607902663949215 0.8221430707222884
0 0.22105825000000015 0.2585227296875 0.18816392328621429 0.25718202532109635 0.16522084203621426 0.8200930065710963 0.1981151687500001 0.8214337109375001
0 0.25429817837730884 0.26008678394877544 0.22414720962559173 0.25901991984374356 0.20433050937500008 0.819065671875 0.23448147812671719 0.820132535980032
0 0.29628514119249794 0.2601623049655687 0.2599200569018889 0.25897178733482507 0.24162250156250012 0.8178817312500002 0.2779875858531092 0.8190722488807438
0 0.3321974426812518 0.25988564988449075 0.2976528326497646 0.2589980764076443 0.28335397187500005 0.8155137703124999 0.3178985819064872 0.8164013437893466
0 0.37748004550618597 0.32074201265672986 0.3313095976473756 0.32057269985657644 0.3295249796875001 0.8072258671875001 0.37569542754631047 0.8073951799876535
0 0.4222301250000002 0.3210227296875 0.37605936040237486 0.32090422674368035 0.37480811718750007 0.8084098875000001 0.4209788817851254 0.8085283904438197
0 0.4582731241745287 0.8083445741466184 0.4573746489285987 0.3075289256718988 0.42096858256657005 0.3075942390252806 0.42186705781250006 0.8084098875000002
0 0.497346846249023 0.8082741668489994 0.4955711473579446 0.3086455434970209 0.4573834104839216 0.30878126414802176 0.459159109375 0.8084098875000002
0 0.5222002796875 0.2871685625000001 0.4955631687500001 0.2871685625000001 0.4955631687500002 0.8060418468749999 0.5222002796875002 0.8060418468749999
0 0.5541648609375001 0.2862729562500001 0.5239760234374999 0.2862729562500001 0.5239760234375 0.8060418468749999 0.5541648609375002 0.8060418468749999
0 0.5985681447333575 0.8031411229781952 0.5921315078632587 0.2881331134146068 0.5495039678174014 0.2886658779364116 0.5559406046875002 0.8036738874999999
0 0.6447310156250001 0.802489946875 0.634104148456115 0.28783364964225633 0.5906154168515315 0.288731625585794 0.6012422840204167 0.8033879228185379
0 0.6775835875 0.8048579078125 0.6686778903485832 0.28234311448897786 0.6411607823683988 0.2828121137083026 0.6500664795198157 0.8053269070318245
0 0.6997811015625002 0.802489946875 0.690854236124421 0.2894395008232945 0.6677963135849143 0.2898406991330823 0.6767231790229934 0.8028911451847879
0 0.7379719905526817 0.8006165496713491 0.7281788007423765 0.3589911597075132 0.697091244564695 0.35968053659866406 0.7068844343750001 0.8013059265625
0 0.7654861265625 0.7977540249999999 0.7565987645516195 0.30238690287840353 0.7291037539292315 0.30288018978014136 0.7379911159401121 0.7982473119017378
0 0.7921232375000001 0.7977540250000001 0.7835268953622209 0.30359531569706655 0.7578266265021879 0.30404239534980687 0.7664229686399672 0.7982011046527405
0 0.8205360921875 0.7965700046874999 0.8089279262744267 0.3058141679093567 0.7841320328125 0.30640068125 0.7957401987255734 0.7971565180281434
0 0.8578281437500002 0.7930180250000001 0.8440346114260956 0.30550971619880085 0.8085803051208152 0.30651285832215475 0.8223738374447199 0.7940211671233539
0 0.8897927250000001 0.7870981624999999 0.8742838011731706 0.308986829507975 0.8423528182412335 0.31002260328666403 0.857861742068063 0.7881339362786889