0 0.9574046874999999 0.8528859374999997 0.9562541188627398 0.8014578751520208 0.2262806813627399 0.817789125152021 0.22743125000000003 0.8692171875
0 0.9548078125000001 0.7987734375000001 0.9534777675742034 0.7470864726422215 0.22841526757420322 0.7657442851422214 0.22974531250000002 0.8174312499999999
0 0.9510296874999999 0.7447421874999999 0.9495681672510374 0.6683157009786941 0.23128222975103752 0.6820516384786941 0.23274374999999997 0.7584781249999999
0 0.9343296875 0.6586828125 0.9333661723678824 0.6275278165228924 0.3400239848678826 0.6458778165228923 0.34098750000000005 0.6770328125
0 0.9368234375 0.6264671875000001 0.9355937388906017 0.5918759807173156 0.3400765513906017 0.6130462932173157 0.34130625000000003 0.6476375000000001
0 0.9404999999999999 0.5941671875 0.9393952748496044 0.5488896274563652 0.31379214984960446 0.5641536899563652 0.31489687499999997 0.60943125
0 0.9403707761669897 0.5443636185523008 0.9386515272154676 0.498193075062905 0.31144793854847796 0.5215482065106042 0.31316718749999994 0.5677187499999999
0 0.9386218749999997 0.47190937499999996 0.9364053427360478 0.434672395003466 0.29505221773604806 0.4728489575034659 0.29726875 0.5100859374999999
0 0.9366937500000001 0.4039578125000002 0.9328748255131408 0.36437996495705194 0.29625763801314087 0.4258080899570517 0.30007656250000003 0.46538593749999996
0 0.9418031250000001 0.3582062500000001 0.9385000095964265 0.32104486179554065 0.23431250959642674 0.38363704929554066 0.23761562500000005 0.4207984375000001
0 0.9415640624999998 0.320840625 0.9370004546034674 0.27037304483078184 0.24232389210346755 0.33319023233078193 0.24688750000000007 0.3836578125000001
0 0.9389046875 0.2658421875000002 0.9344651090634548 0.21814161932201723 0.2422744840634547 0.28256505682201705 0.24671406249999994 0.33026562500000006
0 0.9335422880670372 0.21633541103376058 0.9312589896976056 0.19158605298705889 0.3317213891305683 0.24689751695329837 0.3340046875 0.27164687499999995
0 0.9354272540297576 0.19309136276427288 0.9329664779000149 0.165014950004515 0.3297470363702574 0.2178845247402421 0.33220781250000003 0.24596093750000003
0 0.9309109375000002 0.16849218749999997 0.9286801657112944 0.1407400245005565 0.331735567921552 0.1887235697181427 0.3339663397102577 0.21647573271758613
0 0.9280914326673418 0.13929346584963223 0.9257656249999998 0.11188750000000006 0.32834294233265815 0.16258778415036781 0.33066874999999996 0.18999375
0 0.9284540719640105 0.1099127242491464 0.9255493010876492 0.07630258798774466 0.33168741662363876 0.12762736373859823 0.3345921875000001 0.16123749999999998
0 0.9237759804678518 0.08176319260430664 0.9217362070959465 0.05436882626324888 0.3324367891280948 0.09824782115894229 0.3344765625 0.12564218750000006