0 0.6801005794960197 0.10054901246054795 0.6768506499731128 0.08463556278855625 0.1563453125 0.19093593749999999 0.15959524202290679 0.2068493871719917
0 0.6362531249999999 0.1415203125 0.6304231885094904 0.11445943762723207 0.16496874999999997 0.21473593749999997 0.1707986864905095 0.2417968123727679
0 0.6417470860449048 0.16620943906996516 0.636479037069242 0.14235147177762694 0.17087499999999997 0.24516093750000004 0.1761430489756629 0.2690189047923382
0 0.6480464443170771 0.18894830688424574 0.6424418573341892 0.16437516837960647 0.1755171875 0.27087031249999993 0.18112177448288796 0.2954434510046392
0 0.6533175561624371 0.21276304701450527 0.6478406250000001 0.18895468749999997 0.18017958678887813 0.29653653546712583 0.18565651795131524 0.3203448949816311
0 0.7017542313000984 0.23544493235688302 0.6947201217254309 0.20452683925854212 0.18644601319522325 0.3201632002073283 0.19348012276989074 0.3510812933056692
0 0.7076828125 0.2613609375000002 0.7009117310805801 0.23290806939265057 0.19322499999999998 0.353725 0.19999608141941985 0.38217786810734966
0 0.7046821349231038 0.3111254245746058 0.6942942313890561 0.2675873524264264 0.20269531249999995 0.38487968750000007 0.21308321603404773 0.4284177596481794
0 0.7169041452218015 0.35333559164417244 0.7064888727633287 0.31064118839463345 0.21062379004152723 0.43160715925046106 0.22103906249999997 0.4743015625000001
0 0.7054231466767583 0.40181081672805596 0.694216554073323 0.3576237909537885 0.22246684489656468 0.4772676617257325 0.23367343749999997 0.5214546875
0 0.7171142154239712 0.44329789816321463 0.7059539763306076 0.4016472126651621 0.2311671875 0.5288656250000001 0.24232742659336362 0.5705163104980527
0 0.7242793882079457 0.48347282957937254 0.7121988969825749 0.4420168741693039 0.2423359375 0.5789375 0.25441642872537085 0.6203934554100686
0 0.7639280518161554 0.5098732844278817 0.7534682770912776 0.47480293217356967 0.2512589752751223 0.6245874602456878 0.26171875 0.6596578125
0 0.7725875000000001 0.5455140625000001 0.7621219802432767 0.5112235917270804 0.2638203125 0.66330625 0.27428583225672337 0.6975967207729197
0 0.7645988033355191 0.5695495163623858 0.7618490305290261 0.5601838008783518 0.269095539693507 0.7048561595159661 0.27184531250000005 0.714221875
0 0.7944348047519731 0.5834467818054561 0.7886513210870134 0.5638946974922592 0.272478125 0.7165781250000002 0.2782616086649597 0.7361302093131972
0 0.7690448740762814 0.6028625754778779 0.7662777848393182 0.5935040055686539 0.2789704107630367 0.737588305090776 0.28173750000000003 0.746946875
0 0.7967726907969217 0.6173282867578636 0.7912511868625838 0.5985777880330818 0.28111093749999994 0.7488 0.28663244143433786 0.7675504987247819
0 0.826476040470428 0.6733033363522016 0.813856469571391 0.6295984182495432 0.281580429100963 0.7832903943973417 0.2942 0.8269953125
0 0.7794029744851487 0.7289288167052634 0.771443918767452 0.7007305943506364 0.2952578125 0.8351359374999999 0.3032168682176967 0.863334159854627
0 0.8004808277571286 0.7578350555719103 0.7941488132478328 0.7350861194572319 0.30179999999999996 0.872128125 0.3081320145092957 0.8948770611146785
0 0.8610573397141883 0.7744776781730135 0.8532797107348756 0.7471773533824898 0.3052020585206873 0.9033199877094763 0.3129796875 0.9306203125
0 0.8718932085370827 0.8062023616720904 0.8642447146403025 0.7796227972610723 0.3112608811032197 0.9387485605889818 0.318909375 0.9653281249999998