0 0.8195421463141017 0.8827282380197445 0.3584716201032868 0.8458922892281141 0.3566671875000001 0.8684781250000002 0.817737713710815 0.9053140737916309
0 0.8163781250000003 0.8607953125000002 0.36088486046482365 0.8207465832390518 0.3589906250000001 0.8422906250000002 0.8144838895351768 0.8823393542609486
0 0.82642488782615 0.8433554616644583 0.3845375000000001 0.8007140625 0.3828141746738501 0.8185726633355419 0.8247015624999999 0.8612140625000002
0 0.8276906250000001 0.8244328124999999 0.38628503267947656 0.7765466642906829 0.38389375000000003 0.7985890625000001 0.8252993423205236 0.8464752107093171
0 0.8335921875000004 0.8050875000000002 0.3893921875000002 0.7563093750000002 0.38695350671947015 0.7785173217530056 0.8311535067194704 0.8272954467530056
0 0.8369783782146148 0.7759060190676791 0.3199656250000001 0.7173203125000001 0.3168494187579644 0.7448205077382064 0.8338621719725792 0.8034062143058854
0 0.8373085685381572 0.744843902954903 0.3254421875000001 0.6832515625 0.3218327584196741 0.7132479124895424 0.8336991394578313 0.7748402529444454
0 0.8468955570769345 0.7226511278021797 0.3313921875 0.6608218750000001 0.3284247554230656 0.6855629346978207 0.8439281250000003 0.7473921875000002
0 0.8533181372104106 0.6895411462292352 0.40468906250000003 0.631865625 0.400480497953595 0.664601946719719 0.8491095726640057 0.7222774679489541
0 0.8582883247960089 0.657094793368312 0.4090218750000001 0.6020984375000001 0.40513823770399127 0.6338239566316883 0.8544046875000001 0.6888203125000003
0 0.8526091763566169 0.6282658712214101 0.4131296875 0.5685875000000001 0.4089455050496296 0.5994003778808216 0.8484249939062465 0.6590787491022315
0 0.864265625 0.6018281250000002 0.4158500000000001 0.5438468750000001 0.4123767369592743 0.570708410706741 0.8607923619592741 0.6286896607067411
0 0.8626890625 0.5759640625000001 0.4429234375000001 0.5153187499999999 0.4387942772413794 0.543899351949822 0.8585599022413793 0.604544664449822
0 0.8773796114632819 0.5350884545883031 0.34070312500000005 0.4582296875000001 0.3347827844472465 0.49956924688777277 0.8714592709105284 0.5764280139760757
0 0.8863136367420266 0.49426332313345983 0.3460718750000001 0.41099218750000005 0.33964539177293274 0.452685561728481 0.8798871535149594 0.5359566973619408
0 0.8880527394847657 0.46123462821785866 0.3828680561432811 0.3812264957102993 0.37785625000000006 0.4128718750000001 0.8830409333414846 0.49288000750755945
0 0.8894520233477081 0.4372658589233783 0.3620484375000001 0.35373281250000005 0.358437014286811 0.3765342980701053 0.8858406001345192 0.4600673444934835
0 0.8998265820709903 0.38797288295507276 0.363228125 0.30088125 0.3556912928658528 0.34731800123731704 0.8922897499368432 0.43440963419238976
0 0.9010808586335388 0.3456259748056823 0.36969687500000004 0.25246250000000003 0.3611149852852761 0.30141171269548417 0.8924989689188149 0.39457518750116644
0 0.9229473958790466 0.27807851822345653 0.3835640625 0.18260000000000004 0.37224644779355187 0.24653619067251115 0.9116297811725984 0.34201470889596763
0 0.9332432464613204 0.21642794424877 0.38930468749999997 0.11352968750000003 0.3775920060061493 0.17544501332415913 0.9215305649674697 0.2783432700729291