0 0.124655390625 0.8441840281249998 0.1075299429428942 0.3036469837278326 0.06766916080280985 0.30490986431332356 0.08479460848491563 0.8454469087104908
0 0.1742850078125 0.8441840281250002 0.1601801142181613 0.3048052918042463 0.11868650015566129 0.3058903605542463 0.13279139375 0.8452690968750002
0 0.22798790767753196 0.8422982431457088 0.21737054393852429 0.270452293354616 0.17347140781249998 0.2712673609375 0.18408877155150769 0.8431133107285929
0 0.27679864531250004 0.8430989578124999 0.27110344375 0.2701822921875 0.22570933688715553 0.2706335420879572 0.23140453844965556 0.8435502077129572
0 0.3052774262893953 0.8506596119495808 0.30445678275860394 0.21805991179604942 0.27429872568800084 0.2180990345057665 0.2751193692187922 0.850698734659298
0 0.3337506671875 0.844184028125 0.3321233053478669 0.2223779949240444 0.306091112513248 0.22244612516878157 0.3077184743528811 0.8442521583697372
0 0.37443693076084134 0.2843288039760433 0.33620759897696706 0.2842166126690556 0.3345642671875001 0.844184028125 0.3727935989713744 0.8442962194319877
0 0.41511988096770275 0.2855659426974858 0.3795260182570127 0.285199626072861 0.3737741240797852 0.8440935389011882 0.4093679867904753 0.844459855525813
0 0.4753209987489536 0.2319404851481063 0.41940053281250006 0.23111979218750003 0.41040329373191364 0.8441746442193514 0.4663237596683672 0.8449953371799577
0 0.5348273950203076 0.231125194205269 0.4804356890625 0.23003472187500001 0.4681232194225352 0.8441688082540786 0.5225149253803428 0.8452592805843475
0 0.5950653098651248 0.2312675701365161 0.5439122515625001 0.23003472187500007 0.5290587254211357 0.8463338337985092 0.5802117837237606 0.8475666820600253
0 0.6552469833344547 0.2328146177443365 0.6025060015625001 0.23111979218750012 0.5826700974707844 0.848389842141312 0.635411079242739 0.8500846676981484
0 0.6828696162597155 0.2871270234497806 0.656010440625 0.28645833281250005 0.6420717489350322 0.8463312356866147 0.6689309245697477 0.8469999263238952
0 0.7202848625000002 0.2864583328125001 0.692058166800467 0.2854796150511278 0.6724985433487322 0.8495886574735895 0.7007252390482654 0.8505673752349617
0 0.7675007033043645 0.25974560843254546 0.7277424503758122 0.25814463137333515 0.7040128578125 0.8474392359375 0.7437711107410523 0.8490402129967105
0 0.8268784245820567 0.2536664725982741 0.7880528765625001 0.2517361109375001 0.757897266708215 0.8582587653436796 0.7967228147277717 0.8601891270044538
0 0.874215084203928 0.24986330415631014 0.8344395953125 0.24739583281250016 0.7966872747704443 0.8559609576368246 0.8364627636618722 0.8584284289806347
0 0.9288295025757456 0.24990525084014986 0.8954747515625001 0.24739583281250016 0.8494527565872133 0.8591122414059411 0.8828075076004588 0.8616216594335908
0 0.9685187842814665 0.2500772206358789 0.9320958453125 0.24739583281250016 0.8877273364732549 0.8500805602905167 0.9241502754422214 0.8527619481138954