0 0.8499812500000001 0.18412812500000003 0.27974679550478987 0.0004861223667348757 0.2660296875 0.04307968750000003 0.8362641419952102 0.2267216901332652
0 0.83129375 0.231109375 0.26477957639608757 0.04694957413535385 0.251196875 0.08873281250000004 0.8177110486039124 0.2728926133646462
0 0.8136390625000003 0.2784250000000002 0.24921093750000006 0.09835312500000001 0.23638281697994862 0.1385623581876184 0.8008109419799488 0.3186342331876185
0 0.8146963850880553 0.3284036578866267 0.23234413402765924 0.13648257087704593 0.2188488013390732 0.17743188755955677 0.8012010523994693 0.3693529745691375
0 0.802221443178702 0.3748496033745251 0.215184722971672 0.17620197208349134 0.20009398103488954 0.22079761913191048 0.7871307012419196 0.41944525042294434
0 0.762484375 0.4218156250000001 0.20750156250000001 0.23023125000000005 0.195025973878484 0.26637061293480074 0.7500087863784841 0.4579549879348008
0 0.7475953125 0.46061874999999997 0.19593717549024472 0.26838421959809455 0.18361718750000006 0.30373906250000005 0.7352753245097554 0.4959735929019054
0 0.7081640625000001 0.48716718750000004 0.17823281250000006 0.3062671875 0.17065520086662703 0.3284651598874401 0.7005864508666271 0.5093651598874401
0 0.7014000000000001 0.511496875 0.1704125 0.32682343750000004 0.16293040504165585 0.3483365416609261 0.693917905041656 0.5330099791609261
0 0.7173714667690355 0.5449349653200988 0.1649609375 0.3541390625 0.1549238457309645 0.3831994096799013 0.7073343750000001 0.5739953125000001
0 0.7058035553706864 0.5812187597784038 0.15568437500000004 0.38619843749999994 0.14562947019576253 0.41456161486013177 0.695748650566449 0.6095819371385355
0 0.7788765625000001 0.6487640625000001 0.10758316121905864 0.41071099770634384 0.09621846397067926 0.44275866857756574 0.7675118652516207 0.680811733371222
0 0.6333649731667211 0.6340069891092397 0.10315639328449137 0.4469588101894604 0.09935937500000007 0.457721875 0.6295679548822298 0.6447700539197794
0 0.6790721053492663 0.6651492755605005 0.11355468750000004 0.4631906250000001 0.10999937013347491 0.47314609801970925 0.6755167879827412 0.6751047485802097
0 0.6738773314922846 0.6744035588809533 0.10875156250000007 0.47446093749999996 0.10497266850771551 0.4851417536190466 0.6700984374999999 0.685084375
0 0.744665625 0.7189390625000001 0.10209173868140556 0.4893876178898663 0.09639447550754339 0.505335731591464 0.7389683618261378 0.7348871762015978
0 0.7350578124999999 0.7414875000000001 0.09589837324973165 0.5121848288884662 0.089631506965038 0.529653124050335 0.7287909462153063 0.758955795161869
0 0.5833652651251199 0.7093488538958861 0.0919328125 0.529734375 0.0822042308227074 0.5563521665256318 0.5736366834478273 0.7359666454215178
0 0.5732498909472801 0.740284643291305 0.07930937500000002 0.5615625 0.06965019395332976 0.588257909880151 0.5635907099006098 0.7669800531714561
0 0.5633788484725709 0.777346395656005 0.06648750000000007 0.6010265625000001 0.056521151527429314 0.6291129793439951 0.5534125000000001 0.8054328125000001
0 0.5892607235350091 0.8164966502212021 0.06438281250000003 0.628571875 0.055954907624530745 0.6521111933268738 0.5808328186595398 0.8400359685480758
0 0.5660609375000001 0.854290625 0.033901379984455374 0.6681986751732645 0.022414866431889814 0.7010461894006177 0.5545744239474345 0.8871381392273532
0 0.5504171875000002 0.8954140625000002 0.01761992818535374 0.7036977120329727 0.005857428185353708 0.7363867745329726 0.5386546875000002 0.9281031250000001