0 0.49534975849301643 0.0329982566041376 0.49060781249999985 0.01091875 0.056808054006983466 0.10408455589586244 0.061549999999999994 0.12616406250000003
0 0.5002574842331775 0.06302634756318704 0.49567812499999986 0.039395312500000036 0.06311743884724755 0.12321943475053405 0.06769679808042514 0.14685046981372105
0 0.5813453125 0.06780312500000005 0.5773345127363495 0.04747597296288379 0.0659205573016642 0.1483843032513401 0.06993135706531468 0.16871145528845638
0 0.586154328512175 0.08690874084344276 0.5825734375 0.06862812499999997 0.0708472054684368 0.16886741018979845 0.07442809648061181 0.18714802603324127
0 0.5191570692526779 0.13210147178064283 0.5142390625 0.10438125000000001 0.07421480574732213 0.1824485282193572 0.07913281250000001 0.21016875000000002
0 0.5152612534126275 0.16312450167981365 0.5097609375000001 0.13203125000000004 0.059532496587372655 0.21167549832018645 0.06503281250000001 0.24276875000000006
0 0.5211875 0.1940796875 0.5163740932887578 0.1655491814658135 0.05405809417591696 0.24354691940210862 0.05887150088715911 0.2720774254362951
0 0.529056670818164 0.23028089654505926 0.5242000000000001 0.20018125000000003 0.06548816966082432 0.27419581880962973 0.07034484047898822 0.30429546535468893
0 0.606784385893613 0.2653994784992727 0.6028015625 0.23788281250000004 0.12023748910638699 0.3077302090007274 0.12422031250000001 0.33524687500000006
0 0.6061229501878014 0.2965830950727656 0.6017375 0.265765625 0.10532557104479648 0.33640704306329866 0.10971102123259784 0.36722451313606425
0 0.6484377546421773 0.32331661915497384 0.6450046875000001 0.29679062500000003 0.10581709754534267 0.36657376631144445 0.10925016468751995 0.39309976046641826
0 0.6546578125 0.3565890625 0.6513314790944906 0.3260345935363985 0.10438460409449064 0.3855783435363984 0.10771093749999998 0.4161328124999999
0 0.6536062499999999 0.38826562499999995 0.6504944481918915 0.3594568905493474 0.1046956497114937 0.41841184710545754 0.10780745151960218 0.4472205815561101
0 0.6580218750000001 0.420790625 0.6548751322659765 0.3896218132109316 0.10499021733585745 0.44513712679797024 0.10813696006988102 0.4763059385870386
0 0.5054718750000001 0.4649359375000001 0.5027575923623372 0.4382515925534576 0.10899218750000002 0.4783046875000001 0.11170647013766295 0.5049890324465427
0 0.5098140625 0.49538125 0.5071323881274397 0.46549262182265655 0.11585810212673657 0.5005986233154031 0.11853977649929699 0.5304872514927464
0 0.59610625 0.5164968750000001 0.5935354868252374 0.48844783839589423 0.12060117394604024 0.5317934310731676 0.12317193712080284 0.5598424676772734
0 0.60084375 0.5503312500000002 0.5983803012475803 0.5200215466210751 0.12493237402353534 0.5585014581884937 0.12739582277595493 0.5888111615674189
0 0.6411671875 0.5845234375000002 0.6389022520433797 0.5534762203115514 0.12865626432190153 0.5906993383183596 0.13092119977852185 0.6217465555068085
0 0.6449968750000001 0.6198875000000001 0.6430404857893645 0.5888334589952217 0.1351734395453549 0.6208288314994403 0.1371298287559905 0.6518828725042188
0 0.64753125 0.6493921874999999 0.6463245149057373 0.6250114450812151 0.1269339761909994 0.6507188981164521 0.12814071128526214 0.675099640535237
0 0.6399625000000001 0.6935046875000002 0.6383685730795441 0.6528961721598002 0.13013350899766987 0.6728449327528248 0.1317274359181259 0.7134534480930246
0 0.6472453125 0.7334703124999999 0.6460591073342993 0.6955142072319933 0.13616325256068443 0.7114494854337755 0.1373494577263851 0.7494055907017823
0 0.6539984375000001 0.772790625 0.6531209995643238 0.7359325169827253 0.14502238134455495 0.748028227443006 0.14589981928023119 0.7848863354602806
0 0.716790625 0.8021000000000003 0.7164595622893893 0.7792557281541859 0.14605971901485443 0.7875220506494254 0.14639078172546519 0.8103663224952398
0 0.7227453125000001 0.8403171875000004 0.7225365372093198 0.8072388779974696 0.15031291767178753 0.8108504940171428 0.15052169296246778 0.8439288035196736
0 0.7274265625 0.8743234375000002 0.7274153569349674 0.8411059176939947 0.15976787573362722 0.8412974073296867 0.15977908129865992 0.8745149271356922
0 0.7396960551242917 0.9364197898508273 0.13440937500000014 0.906715625 0.13294769487570865 0.936500522649173 0.7382343750000002 0.9662046875000003