0 0.19304543593750012 0.30815972187499996 0.13208820661893367 0.3066719849662824 0.1173806093750001 0.9092881953125002 0.17833783869356654 0.9107759322212177
0 0.26061652395775664 0.3115371540246607 0.2013161354764082 0.3103133669321484 0.18897743437500011 0.9082031250000002 0.2482778228563486 0.9094269120925125
0 0.2988225529589047 0.37151966420065946 0.25974726140939364 0.37098151567333365 0.2523943609902636 0.9048800827469152 0.2914696525397746 0.9054182312742413
0 0.33949349062500017 0.3656684031250001 0.29882906784646524 0.3652474261555559 0.29311827343750013 0.9168836796875002 0.33378269621603507 0.9173046566569445
0 0.4037871771889809 0.3570206791965276 0.3435674022025875 0.356751373163409 0.34109167390217754 0.910351303516635 0.40131144888857107 0.9106206095497535
0 0.4599258340431664 0.3586176795036849 0.4136093550958444 0.35806201950647537 0.4070112903015707 0.9080370594081403 0.4533277692488927 0.9085927194053498
0 0.5054728948221384 0.3604990996696863 0.45909932641102424 0.3602225862983563 0.4558383328125002 0.9071180546875001 0.5022119012236144 0.90739456805883
0 0.5616123135237353 0.2662433408596852 0.510359365106836 0.2657979578977694 0.5046543500000001 0.922309028125 0.5559072984168993 0.9227544110869159
0 0.6169361326709626 0.2683052306958275 0.5648474331413842 0.2679802985938331 0.5607659497474917 0.9222682585538144 0.6128546492770701 0.922593190655809
0 0.6886198312500001 0.3884548609375001 0.6137686031250001 0.3884548609375001 0.6137686031250003 0.8995225703124999 0.6886198312500003 0.8995225703124999
0 0.7952014687500001 0.38736979218750006 0.6983830343750002 0.38736979218750006 0.6983830343750002 0.8962673609375 0.7952014687500002 0.8962673609375
0 0.8423977773959181 0.9036153644217542 0.8375065510780638 0.3567493325322618 0.8098366502446457 0.35699681498550767 0.8147278765625 0.903862846875
0 0.8798253558943682 0.9034783884230435 0.872459174558552 0.35770003047209586 0.8439737092891841 0.3580844889240525 0.8513398906250002 0.9038628468750002