0 0.31974328464049173 0.07023008251732492 0.25620284843749996 0.04800771718750001 -0.03778607257928006 0.8886105964490614 0.02575436362371173 0.9108329617788863
0 0.38205582616677203 0.09798925960868865 0.31961335781250005 0.07510622656250003 0.018162045708228103 0.8976966575788117 0.0806045140625001 0.9205796906250002
0 0.4798695795995128 0.0346593277082516 0.42041980937499995 0.011153745312500041 0.07399683446298724 0.8873186457292486 0.13344660468750008 0.910824228125
0 0.5194048350881765 0.040144492270283896 0.4841961711311013 0.026276092164801867 0.1429504797929248 0.8926200670820179 0.17815914375 0.9064884671875
0 0.5674169317135495 0.040113738726001366 0.5342335453125 0.02632891093750005 0.17342919172395063 0.8948715190864988 0.2066125781250001 0.9086563468750001
0 0.6307532315966684 0.030498060008831995 0.5862626828124999 0.011153745312500084 0.2011438809033316 0.8968996149911682 0.24563442968750007 0.9162439296875
0 0.6479664720328747 0.14784397342306327 0.5943922343750001 0.12388354062500011 0.2473411498421255 0.8998710797019369 0.3009153875000002 0.9238315125
0 0.713447119594387 0.14411399295518842 0.6586157 0.11846383906250006 0.3029908366556132 0.8786704320448118 0.3578222562500002 0.9043205859375002
0 0.7425206409076341 0.26240750428977627 0.6805654921875 0.23227757500000007 0.35521284034236583 0.901289166022724 0.4171679890625001 0.9314190953125001
0 0.9073800078125002 0.021993150000000218 0.8770413442125558 0.006796633010427433 0.4225993567125556 0.9140546970729272 0.4529380203125001 0.9292512140625
0 0.9502153705222834 0.019875223316206992 0.9203872921875 0.004650104687500045 0.45400224197771666 0.9183618563712932 0.4838303203125001 0.9335869750000001
0 0.9672721852053721 0.11013807148015009 0.9179484265625 0.08702957031250018 0.5214927741696282 0.9332412207073502 0.5708165328125003 0.9563497218749999
0 1.0271549319033493 0.10904852573088082 0.9816284641644234 0.08754292915036817 0.580570737853385 0.9365657204963036 0.6260972055923109 0.9580713170768164
0 1.0403943755171623 0.19344457907903942 0.999747984375 0.17372311875000007 0.6285377276078377 0.9387961427959606 0.66918411875 0.958517603125
0 1.0390947729917968 0.3083781892786307 0.9981450601379196 0.28850369719165037 0.6794505855836228 0.9451467532255198 0.7204002984375 0.9650212453125
0 1.0394506308145037 0.4229977989357664 0.9959921312500001 0.40137226875000015 0.7289709363729967 0.9379760135642339 0.7724294359375004 0.9596015437500004
0 1.0067526896291898 0.5280479358195649 0.9869387600896768 0.518336023737746 0.7764942109375002 0.9476782000000001 0.7963081404770131 0.957390112081819
0 1.0116819322041717 0.5484309288480551 0.9991055175262419 0.5422161032261721 0.7980619181345702 0.9490509571906169 0.8106383328125 0.9552657828125