0 0.16471334062500004 0.8271816937500001 0.13141690312500007 0.32497518437500006 0.10623948025264793 0.3266444548273556 0.1395359177526479 0.8288509642023557
0 0.18991182187500005 0.8284998437500001 0.15504960890017389 0.32432769329607736 0.1313987450260155 0.3259630899610403 0.16626095800084167 0.8301352404149629
0 0.21132830624999993 0.8301416125 0.182587603125 0.32394255156249996 0.1594936867163787 0.3252537657600619 0.18823438984137866 0.8314528266975619
0 0.22909327735065674 0.8371140714927563 0.20387248164179592 0.3910667085503056 0.186170990625 0.39206760156250003 0.2113917863338608 0.8381149645049508
0 0.24536463749999995 0.8390214968749999 0.22240334300680226 0.3911205325850466 0.20392907499999996 0.3920676015624999 0.22689036949319769 0.8399685658524533
0 0.2739022840261174 0.8451515289256484 0.2495539507748587 0.3215683356142819 0.2187274859375 0.3230018671875 0.24307581918875867 0.8465850604988665
0 0.30478009386143506 0.8464052087679932 0.28119792485321005 0.3224880225279598 0.250538665971619 0.3238680341855299 0.2741208349798441 0.8477852204255634
0 0.35043330625 0.8488880671875002 0.33187699351042316 0.3163946236435965 0.283840478125 0.3180685984375 0.3023967908645769 0.8505620419814036
0 0.40074788593750005 0.8557946515625001 0.38682744656440704 0.31865768314044296 0.33341516406249994 0.320041915625 0.34733560343559294 0.8571788840470571
0 0.4527698953125 0.8599668578124999 0.4414208048341456 0.31797119442995553 0.38964908906250006 0.31905526562500003 0.4009981795408545 0.8610509290075445
0 0.493998509825562 0.8634644044598063 0.49027829843750004 0.37036122968749996 0.44585581747996406 0.3706963745983404 0.449576028868026 0.8637995493706467
0 0.5354182487210359 0.8645984795950419 0.5341491996812832 0.3702486083876086 0.4902782984374999 0.37036122968749996 0.49154734747725276 0.8647111008949333
0 0.5813506250000001 0.3673453296875001 0.5368949277524657 0.36727865495028456 0.5361533752036279 0.861712333746641 0.5806090724511623 0.8617790084838566
0 0.6249584730012251 0.37470125356933437 0.5821340153607191 0.3743019146500755 0.577588667359494 0.8617376579557414 0.620413125 0.8621369968750001
0 0.6752684656809271 0.3679596782666872 0.6310373141754801 0.36691699311050285 0.619188429744553 0.8695517523438155 0.6634195812500001 0.8705944375
0 0.7182004771348024 0.3231575622756627 0.6826576015625 0.32201521718750004 0.6648143576911163 0.8771891338074662 0.7003572332634187 0.8783314788956289
0 0.7555042703125001 0.32068734375000013 0.7211562167240145 0.3194231386536658 0.7008438573490146 0.8713035339661657 0.7351919109375001 0.8725677390625
0 0.7995650093750002 0.30918872968750005 0.7589441141821451 0.3074464893902439 0.7345267423071451 0.8767454003277437 0.7751476375000002 0.878487640625
0 0.8439601937500003 0.30820207968750013 0.8018428895011057 0.30606721521834857 0.7729859598136057 0.8753661589683484 0.8151032640625002 0.8775010234374999
0 0.8876154875000001 0.3585213921875002 0.8419506558965851 0.3558772098931212 0.8116139387090853 0.8797900598931214 0.8572787703125002 0.8824342421875004
0 0.9345407281250001 0.35866477343750003 0.8892858921113422 0.3556558900032571 0.8541993405488422 0.8833719587532569 0.8994541765624999 0.8863808421874999
0 0.9586478234375002 0.30721541250000006 0.9416422320216464 0.3060462068570466 0.90167395625 0.8873675265625002 0.9186795476658538 0.8885367322054536
0 0.9825550515625002 0.30658144062500015 0.9673572979522765 0.3053472421320959 0.9201719828125 0.8863808421875001 0.9353697364227237 0.8876150406804042