0 0.727021875 1.0000000000000002 0.24018103493182866 0.8984838607032737 0.23443750000000008 0.926028125 0.7212783400681715 1.0275442642967265
0 0.74679364416911 0.9787512108292432 0.24774218750000018 0.8713781250000002 0.24181792477309855 0.8989130693551669 0.7408693814422083 1.00628615518441
0 0.7658960707058478 0.936256378585583 0.24315896579042812 0.8190171926534001 0.2323203125000001 0.8673437500000001 0.7550574174154198 0.9845829359321829
0 0.7597234025470493 0.9046260349639275 0.313406935019266 0.8021623192567313 0.3078944699722167 0.8261737842928041 0.7542109374999999 0.9286375
0 0.7658383273782257 0.8824963693168615 0.32160781250000003 0.7782265625 0.31593509358348415 0.802394583156923 0.7601656084617098 0.9066643899737844
0 0.7741594702973265 0.841715387558714 0.2875593750000002 0.7271640625 0.2788862273617571 0.7640065387012458 0.7654863226590835 0.8785578637599599
0 0.782797566552395 0.8049561391482618 0.29836763425685564 0.6848776487289644 0.2892890625000001 0.7215031250000001 0.7737189947955394 0.8415816154192974
0 0.7914322895427833 0.7713212885992835 0.31260009710373654 0.6495589950872895 0.30380156250000007 0.6841593750000001 0.7826337549390469 0.8059216685119941
0 0.7966798951290424 0.7380619197391394 0.3210559559895573 0.6130121002905327 0.31243750000000003 0.6457921875 0.7880614391394852 0.7708420069486068
0 0.8042462510890079 0.7007619459086609 0.35946718750000006 0.579703125 0.3499341447509227 0.6147282292861863 0.7947132083399306 0.7357870501948472
0 0.810969711980799 0.6656671125420562 0.36933452475633277 0.5440912187507543 0.360115625 0.5775796874999999 0.8017508122244662 0.6991555812913021
0 0.8162756408036727 0.6325971977965748 0.3776918297922379 0.5077503945169937 0.36853437499999997 0.5399203124999999 0.8071181860114347 0.6647671157795809
0 0.8214184787169057 0.5991065941389806 0.38697586678690554 0.47440232152697687 0.3784078125 0.5042515625000001 0.8128504244300002 0.6289558351120039
0 0.8316004248728571 0.5801078801465243 0.3582625000000001 0.44308125 0.3533018640786657 0.4602170221527807 0.8266397889515227 0.5972436522993048
0 0.8363810101974097 0.5614611829522833 0.36468593750000006 0.42206875000000005 0.35906288494136074 0.4410968000114141 0.8307579576387705 0.5804892329636973
0 0.8492212256144821 0.5228333353593235 0.37625937500000006 0.38050468750000005 0.36451167878425106 0.41954259185885495 0.8374735293987332 0.5618712397181783
0 0.8565708753304933 0.482543670126004 0.3867937500000001 0.3386234375 0.3747913781955542 0.3778009709194506 0.8445685035260475 0.5217212035454546
0 0.884828565201216 0.43240912300602946 0.4029515625000001 0.2788640625 0.38787751534508824 0.3261715866733386 0.8697545180463042 0.479716647179368
0 0.8980865531085677 0.3808294642994241 0.41575625 0.22010625000000003 0.4005722656308489 0.26567338113965305 0.8829025687394166 0.42639659543907715
0 0.894633422602149 0.3473328923013264 0.4585156250000001 0.19836093750000006 0.4496807131410419 0.2242252842965263 0.8857985107431908 0.37319723909785263
0 0.8950581539620259 0.31961902922152385 0.46594687500000004 0.16879843750000006 0.4563722767709729 0.1960398641825812 0.8854835557329988 0.346860455904105
0 0.9008408332989518 0.28820572362776187 0.4411875 0.12342812500000004 0.43090628081104165 0.15210797414173677 0.8905596141099934 0.3168855727694986
0 0.9018733637014982 0.25838707220071233 0.44833906249999994 0.09278281250000005 0.4376063693108068 0.12217604498307635 0.891140670512305 0.2877803046837886
0 0.9144992025416947 0.21656756880917358 0.46213906250000003 0.04764531250000004 0.44658238821000495 0.08930482803195684 0.8989425282516995 0.2582270843411304
0 0.9279391310501757 0.17669758756521284 0.4725890625 0.0023328125000000367 0.45728750785024197 0.04229251167711703 0.9126375764004175 0.2166572867423298