0 0.19539780519803795 0.7811005500981182 0.16561047785996805 0.2903857630663824 0.135937 0.292187 0.1657243273380699 0.7829017870317357
0 0.23454373364852868 0.7686424114543744 0.207807528396435 0.2905271530120714 0.1779507947479064 0.2921967415576971 0.20468700000000006 0.7703120000000001
0 0.2548019966479862 0.7678723624888704 0.23276086900958468 0.33334727476038334 0.2125 0.334375 0.23454112763840151 0.7689000877284868
0 0.29226095075176955 0.7749032093568238 0.2670966865318491 0.2763157777171007 0.23125 0.27812500000000007 0.2564142642199204 0.776712431639723
0 0.32970238438232613 0.7660342895725838 0.31245373886827277 0.2752456974711482 0.275 0.27656200000000003 0.29224864551405333 0.7673505921014356
0 0.3610071757310609 0.7570235193951456 0.3468041645075384 0.27729441954637996 0.31875 0.278125 0.3329530112235225 0.7578540998487655
0 0.3906507415905644 0.7508638040853054 0.376563 0.278125 0.3499770617825426 0.2789172680015129 0.36406480337310704 0.7516560720868183
0 0.4406250000000001 0.7375000000000002 0.43436384397312067 0.30548023414531705 0.38125000000000003 0.30625 0.38751115602687947 0.7382697658546831
0 0.49220090791060744 0.7350823082335636 0.4843749999999999 0.30625 0.4374860920893925 0.3071056917664364 0.44531200000000004 0.7359379999999999
0 0.5328130000000001 0.2406250000000001 0.485938 0.2406250000000001 0.4859380000000001 0.748437 0.5328130000000002 0.748437
0 0.582812 0.2375000000000001 0.532813 0.2375000000000001 0.5328130000000001 0.746875 0.5828120000000001 0.746875
0 0.6187720069395093 0.3097529494667343 0.5812849566509983 0.3090562095684827 0.5732982508575166 0.7387689940251646 0.6107853011460277 0.7394657339234163
0 0.6781250000000002 0.23906300000000008 0.6297241196007314 0.23772261895139368 0.615583171738593 0.7483493000129179 0.6639840521378618 0.7496896810615243
0 0.7343750000000001 0.2375000000000001 0.6829073399929377 0.23529648946415227 0.6609522931621121 0.7481031528973655 0.7124199531691744 0.7503066634332133
0 0.7781250000000001 0.25781200000000015 0.7392444033520538 0.2558181273388186 0.714074347490565 0.7466352234400835 0.7529549441385113 0.748629096101265
0 0.8484370000000002 0.2093750000000001 0.7846568234368358 0.20513533626792987 0.7483826740425751 0.750832306417698 0.8121628506057392 0.7550719701497683
0 0.9109370000000002 0.2078130000000001 0.8503688172172332 0.20308662838672245 0.8078602816203789 0.7478310887302803 0.8684284644031459 0.7525574603435579
0 0.3578125000000001 0.671875 0.3343750000000001 0.671875 0.3343750000000001 0.7328125 0.3578125000000001 0.7328125
0 0.6078125 0.640625 0.584375 0.640625 0.584375 0.70625 0.6078125 0.70625
0 0.5328125 0.659375 0.496875 0.659375 0.496875 0.7234375 0.5328125 0.7234375
0 0.6640625 0.659375 0.628125 0.659375 0.628125 0.7203125 0.6640625 0.7203125
0 0.571875 0.653125 0.5390625 0.653125 0.5390625 0.7203125 0.571875 0.7203125
0 0.22656250000000008 0.678125 0.20312500000000008 0.678125 0.20312500000000008 0.7390625 0.22656250000000008 0.7390625
0 0.3890625000000001 0.665625 0.3656250000000001 0.665625 0.3656250000000001 0.721875 0.3890625000000001 0.721875
0 0.484375 0.653125 0.453125 0.653125 0.453125 0.7140625 0.484375 0.7140625
0 0.32500000000000007 0.671875 0.2953125000000001 0.671875 0.2953125000000001 0.7390625 0.32500000000000007 0.7390625
0 0.7140625 0.659375 0.678125 0.659375 0.678125 0.7203125 0.7140625 0.7203125
0 0.7578125 0.6468750000000002 0.728125 0.6468750000000002 0.728125 0.7015625000000002 0.7578125 0.7015625000000002
0 0.18906250000000008 0.690625 0.16562500000000008 0.690625 0.16562500000000008 0.7578125 0.18906250000000008 0.7578125
0 0.4328125 0.653125 0.403125 0.653125 0.403125 0.7140625 0.4328125 0.7140625
0 0.2515625000000001 0.678125 0.23437500000000008 0.678125 0.23437500000000008 0.7390625 0.2515625000000001 0.7390625
0 0.8078125 0.6593750000000002 0.771875 0.6593750000000002 0.771875 0.7140625000000002 0.8078125 0.7140625000000002
0 0.2875000000000001 0.684375 0.2578125000000001 0.684375 0.2578125000000001 0.75 0.2875000000000001 0.75