0 0.204486813062565 0.8273020789730052 0.1769715905764529 0.2060901749463841 0.12632775624999998 0.20833333281250002 0.15384297873611213 0.8295452368391212
0 0.2572061998541105 0.8233526698656188 0.22969865207369106 0.2023140023751883 0.18074797721958058 0.20448216532206948 0.208255525 0.8255208328125001
0 0.3003627439822342 0.826018136599226 0.2697042801440243 0.18104145907633443 0.22958012583183635 0.1829487294891864 0.26023858967004626 0.8279254070120781
0 0.34610305153902304 0.8233775601536593 0.31856264854933 0.17798524112243358 0.2774653402961739 0.1797389595936768 0.305005743285867 0.8251312786249023
0 0.3654739223292793 0.8170976872456291 0.33802136512409525 0.20122331022671514 0.3223732898536932 0.2019208220855313 0.3498258470588772 0.8177951991044454
0 0.3878984703125 0.8125000000000002 0.3566562187500001 0.20052083281250002 0.33718057035944105 0.2015150874194942 0.368422821921941 0.8134942546069943
0 0.42796904182336865 0.8094521719672285 0.3986079725905385 0.20120099141431771 0.3587504140625 0.2031249671875 0.38811148329533013 0.8113761477404108
0 0.4690383406941009 0.8079638312939442 0.43668725758681637 0.20131226914495012 0.399553811142066 0.20329249517080675 0.4319048942493505 0.8099440573198008
0 0.5080265591750016 0.8067780341996793 0.47674362343749993 0.20052083281250002 0.4387941818396869 0.20247902801424292 0.47007711757718856 0.8087362294014222
0 0.5382518046874999 0.8059895828125002 0.5070095546874999 0.20833333281250002 0.4806528635163169 0.20971111867978226 0.511895113516317 0.8073673686797825
0 0.5675472535752373 0.8022148274136909 0.5411331052330424 0.2072597899697925 0.514766618845305 0.20843037974360185 0.5411807671875 0.8033854171875001
0 0.6096542247953058 0.8034157189940633 0.5909298833460022 0.24088902130218287 0.5459389718761202 0.24238659500301174 0.564663313325424 0.8049132926948921
0 0.6524221714539163 0.7928730648157858 0.6339311999999999 0.23828124999999994 0.5909340758649853 0.2397148423714365 0.6094250473189018 0.7943066571872224
0 0.686757909942455 0.7949797003400885 0.6759015816463629 0.18555834985214514 0.638789989849261 0.18621946161630848 0.6496463181453531 0.7956408121042517
0 0.7237626671443259 0.7900887750836949 0.7178947515624998 0.18749999999999997 0.6778440560448578 0.18789000743128392 0.6837119716266837 0.7904787825149788
0 0.7667107687500001 0.1914062500000001 0.7267033803341071 0.1912752539305177 0.7247462879423648 0.7889890310811283 0.7647536763582579 0.7891200271506107
0 0.8116215046875002 0.19140625000000006 0.7728186332266926 0.190894690681566 0.7649535275699411 0.7874798232890969 0.8037563990307488 0.7879913826075311