0 0.8174054185881872 0.16870656474035542 0.342384375 0.047279687500000056 0.33696854595940007 0.06846637055756293 0.8119895895475873 0.18989324779791827
0 0.81253053493101 0.19268466077881766 0.3378828125000001 0.070440625 0.3317898817506682 0.09409818575276224 0.8064376041816781 0.21634222153157986
0 0.788946137657664 0.20623541712439253 0.334734375 0.09800937500000002 0.32795145613961074 0.1264764747023086 0.7821632187972747 0.2347025168267011
0 0.78131457920316 0.23301376927552417 0.32887421567999 0.12753223543726938 0.3229578125 0.15290937500000004 0.7753981760231702 0.25839090883825483
0 0.7966833975731251 0.2642027255510474 0.3215828124999999 0.15430000000000005 0.31297870759693264 0.1914948489264639 0.7880792926700577 0.3013975744775113
0 0.7873043025321115 0.3063550847217441 0.3144203125 0.1968359375 0.3061738062052394 0.23244286925044264 0.7790577962373509 0.3419620164721867
0 0.7785796875000002 0.34520000000000006 0.30647053669220864 0.24169701284663314 0.29967187500000003 0.2727078125000001 0.7717810258077915 0.376210799653367
0 0.7708832380284336 0.37771885798193217 0.29982656250000006 0.2719078125 0.2923405287027526 0.3052346374771431 0.7633972042311862 0.4110456829590752
0 0.7612968750000001 0.40567656249999995 0.2939062500000001 0.30805468750000004 0.28742869034718854 0.339067722791551 0.7548193153471885 0.436689597791551
0 0.7581721242207182 0.43988949994755344 0.2858546875000001 0.3437875000000001 0.27953402495301705 0.3748519849659414 0.7518514616737352 0.4709539849134948
0 0.7546466468761733 0.46818340222858656 0.283057471629109 0.38056950681685775 0.27234973427625153 0.4382048054560304 0.7439389095233159 0.5258187008677593
0 0.7492929309815017 0.5284879161558853 0.26415811217659685 0.44075367389531933 0.2537791986153917 0.49814486141994435 0.7389140174202966 0.5858791036805103
0 0.7297896521638466 0.5842199058038184 0.25695073339621793 0.49730591547012076 0.2540093750000001 0.5133078125 0.7268482937676287 0.6002218028336976
0 0.7255390625 0.6010093750000001 0.25530595460298383 0.5119038899499597 0.2521250000000001 0.5286906250000001 0.7223581078970163 0.6177961100500405
0 0.7193406131002303 0.6098467423901657 0.25315066274310755 0.5280642906155728 0.24105937500000002 0.5969890625 0.7072493253571229 0.6787715142745927
0 0.7137712794204992 0.6763854208729134 0.23803591060940463 0.5997977479911591 0.23454619044990377 0.6214746477409511 0.7102815592609983 0.6980623206227053
0 0.6963875000000002 0.6998015625 0.2352300795995994 0.6191337784172428 0.22934675381651717 0.6527672712961097 0.6905041742169179 0.7334350553788669
0 0.711609238122756 0.7532951389694658 0.22043046465379362 0.6717950831117437 0.2092429026448439 0.7392194907128486 0.7004216761138063 0.8207195465705706
0 0.6762031250000001 0.8150140625000002 0.21997187500000015 0.7395937499999999 0.21680329197143253 0.7587610876565788 0.6730345419714325 0.834181400156579
0 0.6404546875000001 0.8340109375000002 0.21744531250000007 0.7639671875000001 0.21239193773709025 0.7944856120574983 0.6354013127370902 0.8645293620574984
0 0.6302937500000001 0.8635390624999999 0.21458593750000005 0.7957359375 0.20881534739130392 0.831116008712355 0.6245231598913039 0.898919133712355