0 0.6095546875 0.22757499999999994 0.6093765624999999 0.1863046875 0.16485804780373972 0.18822325451909624 0.16503617280373978 0.2294935670190962
0 0.5985078125000001 0.22960781249999998 0.1628755251289254 0.22870104597641938 0.162796548721286 0.2666431978022703 0.5984288360923606 0.2675499643258509
0 0.6002700812007722 0.26986551588838303 0.172703125 0.2648078125000001 0.17228616879922795 0.3000563591116171 0.599853125 0.30511406250000006
0 0.6645043334906342 0.3094376488260326 0.15628281250000003 0.29657187500000004 0.1551222290093659 0.3424170386739675 0.6633437500000001 0.35528281250000004
0 0.6651362917754379 0.3608957127651649 0.15750937500000003 0.3388859375 0.15546058322456216 0.3861386622348352 0.6630874999999999 0.40814843750000007
0 0.6460043442739493 0.4109316698964539 0.16694375000000003 0.3823546875 0.16433315572605092 0.42611833010354616 0.6433937500000002 0.45469531250000006
0 0.6642165423999244 0.46890364029694087 0.17144062500000007 0.42692187499999995 0.1642381451000757 0.5114635472030591 0.6570140625 0.5534453125000001
0 0.663099547199664 0.5575668969389247 0.17932500000000007 0.5069328125 0.17065514030033607 0.5897674780610755 0.6544296875000001 0.6404015625000001
0 0.6605626860724231 0.6453572880411553 0.17830990244535555 0.5812208287495699 0.1735050288729325 0.6173494782084147 0.6557578125 0.6814859375000001
0 0.656689898043072 0.685231593472705 0.1727046875000001 0.6135984375 0.16750853945692817 0.6487059065272951 0.6514937500000001 0.7203390625000001
0 0.6469477323931743 0.7450438099572507 0.1465937500000001 0.654759375 0.14063976760682592 0.6877561900427496 0.6409937500000001 0.7780406250000003
0 0.648070591368468 0.7811071105085897 0.14671093750000005 0.6879515625 0.14042940863153205 0.7217585144914102 0.6417890625 0.8149140625
0 0.6430026774010091 0.8295337567069542 0.13683125000000007 0.7242218750000001 0.12307701009899111 0.7903303057930462 0.6292484375000001 0.8956421875000004
0 0.6376511062459151 0.8986434953024987 0.14120156250000013 0.7867031250000001 0.12729420625408508 0.8483815046975016 0.6237437500000002 0.9603218750000003