0 0.2365369359048568 0.9905597568148998 0.08443052056855453 0.41941470734604874 0.026912500000000006 0.43473281249999995 0.17901891533630226 1.005877861968851
0 0.32732667840586804 0.9709490548805494 0.1740760706412856 0.40752709636727424 0.08840468750000001 0.4308296875 0.24165529526458246 0.9942516460132753
0 0.38877031250000005 0.9583203124999999 0.22860965261650787 0.3433807479694032 0.16845622298718785 0.3590476745088286 0.32861688287068 0.9739872390394254
0 0.44764218749999996 0.94131875 0.2892618727708193 0.3309033600862168 0.23081205654792036 0.34606893494263224 0.3891923712771011 0.9564843248564154
0 0.5108046875000001 0.9238124999999998 0.3551926476858734 0.31830029592558845 0.29598710512104986 0.3335156709169108 0.4515991449351765 0.9390278749913221
0 0.5726765625 0.9139453124999999 0.41690883170535775 0.30547761408342844 0.36010230428629353 0.32002008510270885 0.5158700350809358 0.9284877835192804
0 0.6348484375 0.9000125000000001 0.4790597942663509 0.29009337841675353 0.4199079746514102 0.3052022369465405 0.5756966178850593 0.9151213585297869
0 0.7020593749999998 0.8890828125000002 0.5587625129566346 0.3096937347650989 0.4959968749999998 0.32521718750000006 0.6392937370433651 0.9046062652349013
0 0.7626640625000001 0.8751999999999999 0.6307087260967609 0.3037316608376239 0.5692406250000001 0.31792499999999996 0.7011959614032393 0.8893933391623762
0 0.8484125 0.865803125 0.7091578125 0.25346874999999996 0.6338884301330969 0.2705862184090226 0.773143117633097 0.8829205934090225
0 0.9294 0.8490046875000001 0.7869328125000001 0.23378125 0.7123479094489342 0.2510528634008557 0.8548150969489342 0.8662763009008557
0 0.9734277413108778 0.8387377196767861 0.8394228768501444 0.2522141611693392 0.7943140624999999 0.2625203125000001 0.9283189269607333 0.8490438710074472
0 1.0499446088152955 0.8213689689837445 0.9198375000000002 0.2301125 0.8444199236371045 0.24670828089910568 0.9745270324523997 0.8379647498828501