0 0.4672390625 0.116853125 0.4603424114245212 0.09733761716802011 0.0869580364245212 0.22928917966802018 0.09385468750000002 0.24880468750000007
0 0.47286406250000007 0.13525000000000012 0.4658296729145467 0.11568652424737758 0.09124062499999999 0.2503765625 0.09827501458545337 0.2699400382526226
0 0.5487030264879866 0.12985324265352766 0.5416046875000001 0.11036562499999995 0.09868893144324217 0.27169710407087017 0.10578727043122874 0.29118472172439785
0 0.5560390625 0.15082968750000003 0.5484835577595308 0.12983215972270284 0.10507458988692324 0.2893832551783437 0.11263009462739237 0.31038078295564087
0 0.5763205081171003 0.16932420974707058 0.5687374999999999 0.14849374999999998 0.11643886688289964 0.3131461027529294 0.12402187499999999 0.3339765625
0 0.5844780903492806 0.19224866813410518 0.5761703125000001 0.16943281249999997 0.11587853615790791 0.3370356359498755 0.12418631400718834 0.3598514915839807
0 0.6570744054638261 0.21815912766929751 0.6422421875 0.17631406249999995 0.1226606315792369 0.3604826581568918 0.137492849543063 0.4023277233261894
0 0.6698828124999999 0.2642171875 0.6547109374999999 0.2204734375 0.1321691901050531 0.4017093414578854 0.14734106510505315 0.44545309145788536
0 0.6446807962448939 0.3125178436756866 0.6342156250000002 0.28167343750000007 0.14994057621635276 0.44598268976062966 0.16040574746124664 0.47682709593631617
0 0.6566546875 0.3483171875 0.6461287715790223 0.31668839488653655 0.158042230412534 0.4791213387318984 0.16856814633351175 0.5107501313453618
0 0.6996206724685171 0.3760665447117149 0.6871522243018253 0.3388998404116322 0.16273311433330823 0.5148286081999173 0.17520156250000002 0.5519953125
0 0.7136619804860831 0.42613215268728516 0.6989625 0.3787109374999999 0.17008020701391696 0.5426522223127147 0.1847796875 0.5900734375
0 0.7778390624999998 0.4443484375000001 0.7675394965511956 0.410515644460836 0.17474292165537722 0.5909780558939423 0.18504248760418146 0.6248108489331063
0 0.7874953125000002 0.47930937500000004 0.777929932209809 0.44741806225693403 0.18709605859927084 0.6246309206595813 0.19666143888946191 0.6565222334026473
0 0.6602247850334637 0.5429869099623797 0.6537296874999999 0.5209796875000001 0.211807722202127 0.6514062450402077 0.21830281973559088 0.6734134675025873
0 0.666925 0.5641421875000001 0.6606777980052436 0.5428446800111743 0.22019585828981197 0.6720513326623437 0.22644306028456834 0.6933488401511696
0 0.760028125 0.5851968750000001 0.7493281071161106 0.5474976525805502 0.2192721678822706 0.6979412868327466 0.22997218576616013 0.7356405092521965
0 0.7723500821459404 0.628629104134572 0.7615421875 0.5901500000000002 0.22903547381829115 0.739718878724412 0.23984336846423143 0.7781979828589839
0 0.7870908661160343 0.6718506067416703 0.7763028320460471 0.632933904333963 0.2402704235886584 0.7815265529215365 0.2510584576586456 0.8204432553292438
0 0.8007765625 0.7151046875 0.7911702700448999 0.679056887519933 0.25473046989192194 0.8220114536147951 0.2643367623470219 0.8580592535948621
0 0.8132453125 0.7592640625000001 0.8039348829709688 0.723535276048344 0.26974612861633684 0.8627375061422562 0.27905655814536795 0.8984662925939123
0 0.8285031249999999 0.7855484374999999 0.821914888983233 0.7597685198063149 0.28115385303727813 0.8979637373323991 0.28774208905404514 0.9237436550260842
0 0.8374515625000001 0.811440625 0.8311213670544062 0.7870727751094223 0.28721722857149856 0.9283663039076053 0.2935474240170924 0.9527341537981829
0 0.8483531249999998 0.83683125 0.8425151166384094 0.8138689722998625 0.2986458083641198 0.9521441735138424 0.30448381672571045 0.9751064512139799