0 0.5593031226069269 0.05449695057473893 0.5475109374999999 0.01961406250000002 0.046265138098469424 0.1890605612517147 0.05805732320539643 0.2239434493264536
0 0.5684415259816913 0.09815870231358163 0.554825 0.05590781249999999 0.04926552409697326 0.2188384340631681 0.06288205007866454 0.26108932387674977
0 0.5556019077495765 0.14382038611179612 0.544659375 0.10837343750000003 0.06662934225042337 0.255942113888204 0.07757187500000001 0.2913890625000001
0 0.5642558557019364 0.1777589394765997 0.5537765625000001 0.14347812500000004 0.06994101929806368 0.2913816855234004 0.08042031250000001 0.3256625000000001
0 0.5734170681790359 0.20344608856764745 0.5656125 0.17719687500000006 0.0788016818209641 0.32193828643235267 0.08660625000000002 0.3481875000000001
0 0.5806858488838824 0.23070968165760047 0.5728984374999999 0.20437031250000004 0.08123446361611748 0.34973406834239956 0.08902187499999999 0.3760734375
0 0.539570289147407 0.2826454339280153 0.5302312499999999 0.24763437500000002 0.08454689835259296 0.36651862857198475 0.09388593750000002 0.40152968750000007
0 0.5470564392295123 0.31964908881065 0.5375921875000002 0.28390468750000003 0.07227168577048779 0.40711028618935 0.0817359375 0.4428546875
0 0.5465562229670093 0.3615609974963518 0.535671875 0.3238359375 0.11282148893320518 0.4458357630902129 0.12370583690021453 0.48356082308656473
0 0.5514944901830136 0.40357646051048457 0.5419796874999999 0.36870156249999997 0.10431019731698643 0.4881094769895154 0.11382500000000002 0.522984375
0 0.6267890625 0.43341250000000003 0.618425 0.39913124999999994 0.10787756611526686 0.5236964466082487 0.11624162861526688 0.5579776966082488
0 0.6338843749999999 0.4757421875 0.6255739748078151 0.4397686681429714 0.09073483068191916 0.5633242002558841 0.09904523087410404 0.5992977196129128
0 0.6388087424321331 0.5043186309696714 0.6332640624999999 0.4790000000000001 0.11956882771935687 0.5914972224182505 0.12511350765149015 0.6168158533879219
0 0.643990625 0.5342359375000001 0.6372558812500906 0.5031578924940648 0.1165793187500905 0.615990704994065 0.12331406250000003 0.6470687500000002
0 0.6569156249999999 0.5639062500000002 0.6504747919962103 0.5335100637260257 0.1277075776821158 0.6442823920998747 0.13414841068590538 0.674678578373849
0 0.6649062499999999 0.5985125 0.6587910759156449 0.5688307810829956 0.13419240011728156 0.6769111869348052 0.1403075742016367 0.7065929058518096
0 0.6747265624999998 0.6333546875 0.6688433036347445 0.6029867488951084 0.13598344999123027 0.7062190590849721 0.1418667088564857 0.7365869976898638
0 0.6840640625000001 0.6639515625000001 0.6786360390599938 0.6357420912882228 0.14149737420480696 0.739097494212271 0.14692539764481313 0.7673069654240482
0 0.6462484375 0.7125921875000001 0.6391272925179792 0.6744650289546933 0.1459363523543478 0.7665800546404131 0.15305749733636875 0.80470721318572
0 0.6589390625 0.7530921875000003 0.6525615813188017 0.7148404820240201 0.15639633112108567 0.7975631869734101 0.16277381230228397 0.8358148924493903
0 0.7083859375 0.7912296875 0.7017407508073157 0.7504203911368148 0.1605613252393439 0.8385434081360282 0.16720651193202835 0.8793527044992133
0 0.7195375 0.8395328125000001 0.7127378651764196 0.794305068857286 0.16650456750717563 0.8764269403787125 0.1733042023307561 0.9216546840214266
0 0.7312937500000001 0.8783734375000003 0.7268806931903045 0.8456990976245793 0.17426350569030435 0.9203365976245792 0.17867656250000002 0.9530109375000002
0 0.7395656249999999 0.9131265625000002 0.7353714226399678 0.8802621188241062 0.1777082350461756 0.951431808491623 0.18190243740620782 0.984296252167517