0 0.7065484375000001 0.16467812500000006 0.33623484072569504 0.09155671990952381 0.3320131607781177 0.112936854548388 0.7023267575524227 0.18605825963886424
0 0.7021296875 0.18796250000000012 0.32871757435450305 0.11086575576288238 0.32468281250000003 0.13040781250000005 0.6980949256454971 0.2075045567371178
0 0.804803125 0.23930156250000012 0.31259901841368815 0.13423878301289774 0.29380710712212943 0.22227620172069384 0.7860112137084412 0.3273389812077962
0 0.7738968749999999 0.34315000000000007 0.28290733212163566 0.22874457760398545 0.26098212972642065 0.32284016220205636 0.7519716726047849 0.4372455845980709
0 0.6954875 0.4315703125 0.2595539010458296 0.318334715769406 0.24835456685394086 0.36144983328652414 0.6842881658081114 0.4746854300171181
0 0.6822531249999999 0.47772500000000007 0.24429375000000003 0.3595796875 0.23248237489755588 0.4033639253025535 0.6704417498975558 0.5215092378025534
0 0.6684737566360257 0.5254131934348137 0.23314636191970833 0.40209254192114824 0.22454760528368264 0.4324465359863344 0.6598750000000001 0.5557671875000001
0 0.6688394522130404 0.5644661855354484 0.21986093750000008 0.43297968750000004 0.2116839852869596 0.46090100196455186 0.6606625 0.5923875000000002
0 0.6601700253115281 0.5949975899868866 0.21034663140317655 0.46239867273316787 0.20097191859164845 0.4942010827462814 0.6507953125000001 0.6268
0 0.6734908052049583 0.6361237867439099 0.19943556658757175 0.4896956032944564 0.17621819888261359 0.5648608790505467 0.6502734375000002 0.7112890625000002
0 0.618667187867368 0.7119179693090436 0.17502968750000006 0.5657046875 0.1648643711799463 0.596548092879287 0.6085018715473143 0.7427613746883306
0 0.6091188668487834 0.758211835737524 0.1582984375000001 0.6083046875 0.14632019565121687 0.644327226762476 0.5971406250000001 0.794234375
0 0.5961578745016661 0.8019858489258276 0.1505171875000001 0.6433140625 0.13834681299833407 0.6774954010741727 0.5839875000000001 0.8361671875000003
0 0.5650730935982511 0.8319539805028511 0.16685156250000005 0.6887046875 0.16032065640174897 0.7068600819971491 0.5585421875 0.8501093750000001
0 0.5591694499417637 0.8532165967607774 0.16087036248846856 0.7081196589300564 0.14843528754670493 0.7422546246692789 0.546734375 0.8873515624999999