0 0.8127203630580209 0.9120904789575679 0.8106878647425242 0.8723343931819594 0.2938065641845033 0.8987595392243917 0.2958390625 0.9385156250000002
0 0.8139738987538392 0.8756190010863456 0.8122688745469073 0.8374098652807882 0.2967106007930681 0.8604158641944428 0.298415625 0.8986250000000002
0 0.7983921875000001 0.8299062500000002 0.7972033379805049 0.7969910511025147 0.35946406249999996 0.8128015625 0.36065291201949523 0.8457167613974855
0 0.802792725341179 0.7968709386303476 0.80174375 0.7678312500000001 0.3591888155148027 0.7838172758593445 0.3602377908559816 0.812856964489692
0 0.8126117753323602 0.7690036123469461 0.8118348291927813 0.7450175936622444 0.2956574288604211 0.7617374188152983 0.29643437499999997 0.7857234375
0 0.8192671460356088 0.7470326520615578 0.8185437329254841 0.7212699802054119 0.2953656493898752 0.7359607656438542 0.2960890625 0.7617234374999999
0 0.8164031250000001 0.72125625 0.8156682200356677 0.6945435951972417 0.3019 0.708678125 0.3026349049643323 0.7353907798027584
0 0.8160249999999998 0.6981437500000002 0.815428041981671 0.6715561520070301 0.30441866698167114 0.68302958950703 0.30501562499999996 0.7096171875
0 0.8115984066363667 0.6730790521404827 0.8108736754993314 0.634137094249261 0.3455455813629648 0.6427971046087784 0.3462703125 0.6817390625
0 0.8146437499999999 0.6359031249999999 0.8141974267520317 0.6002610256265398 0.34417031249999996 0.606146875 0.34461663574796814 0.64178897437346
0 0.8100609375 0.597540625 0.8096873056048521 0.5521753608871998 0.33525625000000003 0.5560828124999999 0.3356298818951479 0.6014480766128003
0 0.8023521198784433 0.5279573902011864 0.35409062500000005 0.5256453125 0.35397124067025737 0.5487913331065065 0.8022327355487008 0.5511034108076929
0 0.8208283253796654 0.48490853457664745 0.3450126637148041 0.47735464022593754 0.344250651429867 0.5253533760727052 0.8200663130947282 0.532907270423415
0 0.8111212560148535 0.4518617604545205 0.36646875 0.44256406249999997 0.3657259925849613 0.4780856451082537 0.8103784985998148 0.4873833430627742
0 0.8130673846445624 0.415814027702361 0.3633171875000001 0.3971437500000001 0.36177147816346206 0.4343784976517858 0.8115216753080243 0.45304877535414667
0 0.8115698835082219 0.37196293879669523 0.37050000000000005 0.3485484375 0.3678682537608146 0.3981238690854063 0.8089381372690365 0.42153837038210157
0 0.8290499744740154 0.2812938776727387 0.34965156250000007 0.24562968750000008 0.3426779690971055 0.3393688019144238 0.822076381071121 0.3750329920871624
0 0.8397165588644049 0.2179584027655131 0.3133625 0.16529062500000002 0.3065696089366205 0.23317778360677083 0.8329236678010252 0.28584556137228384
0 0.8221513610096322 0.16586346584974065 0.36063281250000007 0.10880000000000008 0.3530931560064694 0.16977931959334921 0.8146117045161014 0.2268427854430898
0 0.8251447726802159 0.11152886394364936 0.3639093749999999 0.04089687500000003 0.3545654668234642 0.10191372116484787 0.8158008645036802 0.1725457101084972