0 0.2583511840265577 0.17250894992524862 0.2258046875 0.16354218750000005 0.07919924413412993 0.6956733321644554 0.11174574066068768 0.7046400945897039
0 0.28992917164517523 0.18165362829886153 0.25994843749999996 0.17339062500000002 0.11377082835482481 0.7037682467011384 0.14375156250000007 0.7120312499999999
0 0.35045782973477557 0.15608782616090228 0.30436562500000003 0.14300468750000003 0.14191084694129635 0.7153366855396748 0.1880030516760719 0.728419824200577
0 0.3973107808052126 0.17284656327626285 0.3529765625 0.16004531250000004 0.18895773025805596 0.7280872048019688 0.23329194856326857 0.7408884555782316
0 0.4219045335989162 0.1805946324426972 0.403165625 0.17510781250000002 0.23938385901498388 0.7344648854521022 0.2581227676139001 0.7399517053947994
0 0.4432347818666402 0.18381622301665967 0.4228406250000001 0.17776562500000007 0.25540304176581546 0.7421310527555629 0.2757971986324556 0.7481816507722227
0 0.48304999999999987 0.19359375000000006 0.4473667046562887 0.18270681381509118 0.2751072266190035 0.7473088034068451 0.3107905219627147 0.758195739591754
0 0.522146875 0.20256250000000006 0.48738805163816545 0.1917068596439484 0.31066017714642696 0.7575742586266688 0.3454190005082616 0.7684298989827205
0 0.5658639548221751 0.2202975389805145 0.5252718749999999 0.2073125000000001 0.3459805301431934 0.7677889523829187 0.38657260996536863 0.7807739913634331
0 0.6080557547603371 0.2341159111824232 0.5674937500000001 0.2210312500000001 0.38720131464643864 0.7799316692854201 0.42776331940677564 0.7930163304678433
0 0.6543593750000001 0.2467656250000001 0.6138675079613408 0.23347215525353268 0.43028111472874075 0.7926757316453861 0.4707729817674 0.8059692013918536
0 0.6989140625000002 0.25870156250000015 0.6560782542234629 0.24436387185854652 0.4684131644036018 0.8050389490903498 0.511248972680139 0.8193766397318034
0 0.7402205285567028 0.2674722231293945 0.6997645653566568 0.2540454530802799 0.514117474299954 0.8134154174508854 0.5545734375000001 0.8268421875000002
0 0.7867750000000002 0.2790343750000001 0.7463742728756577 0.2653678984130182 0.5556633353756575 0.8291460234130182 0.5960640625 0.8428125000000002
0 0.8322843750000001 0.29382187500000007 0.7887930169470807 0.27853241330085765 0.5921492669470807 0.8378917883008576 0.635640625 0.8531812500000001
0 0.8494375000000003 0.3295156250000002 0.8253819127907859 0.3210319182076472 0.6379025286193248 0.8526305208292676 0.6619581158285393 0.8611142276216205
0 0.8743390624999998 0.33691562500000005 0.8516302902390874 0.32897976517440186 0.6666593749999998 0.8582812500000001 0.6893681472609122 0.8662171098255982
0 0.8919453125000002 0.3693390625000001 0.8699767868237605 0.3618747437380162 0.6959656496135294 0.8740136619235794 0.7179341752897692 0.8814779806855635
0 0.9144234375000002 0.3773281250000001 0.8959499651928283 0.3709872909203771 0.7210343401928283 0.8805888534203771 0.7395078125000001 0.8869296875000001