0 0.7449556110073783 0.1589533408363218 0.7392842862970194 0.1078247358997682 0.013579687499999998 0.188321875 0.019251012210358798 0.23945047993655355
0 0.7473887835792479 0.21154841013006562 0.7415555800810015 0.1601746915722483 0.020882812500000004 0.242003125 0.026716015998246394 0.29337684355781735
0 0.7518097039338235 0.2915593882910933 0.74330724837399 0.2155916582432229 0.029291294440166503 0.2955057074521297 0.03779375 0.37147343750000006
0 0.6466478352795793 0.3407340310144983 0.6429765625000001 0.30978281250000006 0.05348546881439582 0.3797051842165966 0.05715674159397506 0.4106564027310949
0 0.6493687899183123 0.37353208428719065 0.6452218750000001 0.33909375 0.05360463220337567 0.41033373360735403 0.05775154712168784 0.4447720678945447
0 0.6797087358912834 0.4155608124089921 0.6743524700677425 0.370583448000393 0.05296875000000001 0.44458281250000004 0.05832501582354094 0.48956017690859915
0 0.6856997858787446 0.46214798083908254 0.6802203125 0.41625625 0.057258026621255474 0.4906379566609175 0.0627375 0.5365296875000001
0 0.706456658388252 0.5091979753500501 0.7010812500000001 0.4722843750000001 0.06529949170901982 0.5648677741863724 0.07067490009727173 0.6017813745364223
0 0.7093906964902252 0.5561603585901256 0.7021781249999999 0.5170578125 0.07321471576189661 0.6330718322369719 0.08042728725212195 0.6721743783270975
0 0.7739865016409715 0.5865015345387731 0.76712876685027 0.5498259114748143 0.0722359375 0.6797593749999999 0.0790936722907015 0.7164349980639588
0 0.7708243206526054 0.6400094403705247 0.7616103915637461 0.5901678796234726 0.07573125 0.7169625 0.08494517908885933 0.7668040607470519
0 0.7756449096827973 0.6941570238474215 0.767115625 0.6470125000000001 0.08303846186080283 0.7707742520180717 0.0915677465436002 0.8179187758654931
0 0.6895525547183283 0.7375022193845472 0.6852656249999999 0.7130156249999999 0.09233650778167164 0.8168212181154528 0.09662343749999998 0.8413078125
0 0.6939997660668149 0.7662444904615037 0.68929375 0.7384484375 0.09243773393318518 0.8394992595384962 0.09714375000000001 0.8672953124999999
0 0.6942578125000001 0.7925000000000002 0.6894803517769947 0.7650692398294934 0.09962187500000001 0.8678015625000001 0.10439933572300526 0.8952323226705069
0 0.7002033862532451 0.819558532163233 0.6954252622869592 0.792476110775252 0.10490312603371424 0.8966613286120191 0.10968125 0.9237437500000002
0 0.6997797642918387 0.8563501566086898 0.694303125 0.8230578124999999 0.1064483607081613 0.91976078089131 0.11192500000000005 0.953053125
0 0.7018611980521767 0.8856340764189369 0.6975203125 0.8585062499999998 0.11409036444782325 0.9518643610810628 0.11843125000000002 0.9789921874999999