0 0.07335463355223071 0.8444388046351243 0.06838212495807702 0.21790268513596733 0.032640153125 0.2181863515625 0.03761266171915369 0.8447224710616569
0 0.09772313432480752 0.840005541518619 0.08951782520628404 0.13981907719196415 0.05857896431897654 0.14018164192334537 0.06678427343750001 0.8403681062500002
0 0.14160561858779183 0.8410902174173067 0.1366636491462162 0.17447341111927955 0.08785687274592437 0.1748352405769729 0.09279884218750001 0.841452046875
0 0.16684858558827204 0.8434325414690458 0.16027152279739967 0.15612949483421013 0.1318206953125 0.1564017515625 0.13839775810337238 0.8437047981973358
0 0.19116920214770003 0.8370254451778549 0.18954051718749998 0.2539563828125 0.15701953378979994 0.25404722357214493 0.15864821875 0.8371162859375
0 0.222159647443308 0.8411366424076201 0.21392917500000003 0.159653571875 0.18781368693169206 0.1599689763423799 0.19604415937499997 0.841452046875
0 0.23831783281250005 0.8392841656250003 0.22612020934390195 0.14862757906169802 0.20582180270100175 0.14898606738434558 0.21801942616959985 0.8396426539476478
0 0.2578960568698142 0.8422472100918477 0.24888625156250005 0.1553178109375 0.22686916188018583 0.15560658834565216 0.23587896718749998 0.8425359874999998
0 0.28630598677745434 0.8370419741564994 0.28465628281250005 0.2409490984375 0.25294827114696206 0.24103685126041768 0.2545979751119164 0.8371297269794171
0 0.3098649815230696 0.09357422456384663 0.27246195312500004 0.09353321250000005 0.2716419122269305 0.8414110348111535 0.3090449406250001 0.8414520468750002
0 0.3473987876323446 0.8394077085141662 0.329368821875 0.149898109375 0.2926408842426554 0.150858507110834 0.31067085 0.84036810625
0 0.36516922689141257 0.8380147083456763 0.35944816562500004 0.26046002343749997 0.3358210966557262 0.2606940651874002 0.3415421579221387 0.8382487500955765
0 0.39771744212494853 0.8355175297384279 0.38708864531250003 0.16290539374999996 0.35368017859780465 0.16343332327360888 0.3643089754102532 0.8360454592620368
0 0.42938664592210046 0.8333833752823157 0.4211954177591456 0.265458153903964 0.3878399249620451 0.26593924268414837 0.39603115312500003 0.8338644640625
0 0.45537688593750003 0.8349484046875 0.45212506562500004 0.24853667968749998 0.41878290375777133 0.24872157148723764 0.4220347240702713 0.8351332964872377
0 0.48063067758010725 0.8347460160833846 0.4748878125000001 0.1412265875 0.4480441780726993 0.1414488730833911 0.4537870431528065 0.8349683016667756
0 0.5049824951039026 0.8380724186152996 0.5017040452022153 0.17036130932760857 0.4748878125 0.1704929765625 0.47816626240168725 0.8382040858501911
0 0.5561911841214076 0.8359629371734087 0.5553782318519693 0.16934161061038572 0.4984635180430617 0.16941101874947712 0.49927647031249994 0.8360323453125001
0 0.5748813078125001 0.8349484046875002 0.5708088579900478 0.1746683331880582 0.5448019640624999 0.17482873750000003 0.5488744138849523 0.835108808999442
0 0.5968311000000001 0.8360323453125001 0.591138613567609 0.17353525353340382 0.56675175625 0.17374479687500002 0.572444242682391 0.8362418886540963
0 0.6278750684186292 0.8334113312384192 0.6187379938748062 0.2730040925506146 0.5903274578125 0.2734673078125 0.599464532356323 0.8338745465003047
0 0.6700424399224646 0.8323235968827246 0.66349343125 0.27238336718749995 0.6138085362157184 0.2729644770831885 0.6203575448881831 0.8329047067784131
0 0.6984796188139036 0.24985755411256444 0.6651193421875 0.24962062031250007 0.6609780361519685 0.8327164677703092 0.6943383127783721 0.8329534015703736
0 0.7317816718750001 0.18241632031250007 0.6992634625 0.18241632031250007 0.6992634625 0.829528703125 0.7317816718750001 0.829528703125
0 0.7634959908346675 0.8283028991613699 0.7610529094843141 0.282138809568646 0.7293385905246466 0.28228067290727615 0.731781671875 0.8284447625
0 0.7821848984375 0.83061264375 0.7813719026715135 0.2821111169450667 0.7626739718750001 0.28213883125000006 0.7634869676409866 0.8306403580549333
0 0.8155206052492598 0.8293439176748322 0.8122689508247278 0.18551620099966368 0.7756814237004679 0.1857009864498314 0.7789330781249999 0.829528703125
0 0.8269057853377373 0.20632038972665181 0.8049476453125001 0.20626300781250015 0.803313386537263 0.8316392008983486 0.8252715265625001 0.8316965828125003
0 0.8472347853625719 0.8316455693847251 0.8455954078125 0.17808055781249998 0.8212041845513056 0.17814173982672227 0.8228435621013774 0.8317067513989473
0 0.8716099765625002 0.26154396406250013 0.8488505936899745 0.26147741614197345 0.8471833555787356 0.8316727011796619 0.8699427384512612 0.8317392491001886
0 0.8959986343749999 0.1975914843750001 0.8675452 0.1975914843750001 0.8675452 0.829528703125 0.8959986343749999 0.829528703125
0 0.9195743359374997 0.8219411203124999 0.9138836499999998 0.28213883125 0.8894977039378953 0.28239591196851505 0.8951883898753952 0.8221982010310149
0 0.9431500390625001 0.26262790468750014 0.921206773317824 0.2625637430749885 0.9195648694722995 0.8240947115023982 0.9415081352169757 0.8241588731149099
0 0.9651108969982577 0.8229917008837393 0.9642964033550042 0.26696365166745845 0.9415225907317465 0.26699701172121915 0.942337084375 0.8230250609375
0 0.9789501033551092 0.8196398496008859 0.9724164281250001 0.1412265875 0.958555717752269 0.14136007749067853 0.9650893929823781 0.8197733395915645
0 0.9911143984375002 0.8208571796875003 0.984588934450449 0.13785846781904726 0.9715828388545669 0.13798272985197393 0.978108302841618 0.8209814417204269