0 0.7539500000000002 0.8641984375000001 0.15027898987004337 0.7654737501808484 0.14713906250000008 0.7846734375 0.7508100726299569 0.8833981248191517
0 0.7560029563720192 0.841512743581222 0.15310579978019082 0.7427821849164625 0.14981428477321032 0.7628817879717442 0.7527114413650386 0.8616123466365038
0 0.7597874324804529 0.8215300253543543 0.15890332027871382 0.7263486966210023 0.156237762798261 0.7431764837666482 0.757121875 0.8383578125000002
0 0.7617395991107296 0.8053366134800115 0.161052379562819 0.7094006062765441 0.15850600693579775 0.725344291425065 0.7591932264837083 0.8212802986285324
0 0.7661434982867659 0.7689862470697932 0.16700026193402057 0.6756578973751344 0.16185249981505295 0.708705163999081 0.7609957361677984 0.8020335136937398
0 0.7713870282872998 0.7352024138705006 0.17438126926901304 0.6420996329277238 0.16923860080227376 0.675076120421176 0.7662443598205605 0.7681789013639528
0 0.7779831175911239 0.7008114176814035 0.17747364068353733 0.6137942694178388 0.17293114809241375 0.6451422267364353 0.7734406250000003 0.7321593750000001
0 0.7817961851343933 0.6660048820966071 0.18212843256800373 0.5832462144230963 0.1779044179440607 0.613853345102633 0.7775721705104502 0.6966120127761437
0 0.781784375 0.6553109375 0.18299531250000006 0.5727718749999999 0.18179380059741307 0.5814883804210864 0.780582863097413 0.6640274429210864
0 0.7597765625 0.6386734375000002 0.15506100670837936 0.5603189621645251 0.1537009977545299 0.5708150897550357 0.7584165535461506 0.6491695650905106
0 0.790175196701308 0.6055230758534466 0.18609687500000005 0.5297078125 0.1818419907986921 0.5636097366465536 0.7859203125 0.6394250000000001
0 0.7936927710581869 0.5649592880591786 0.19215500301231853 0.49602638416050493 0.1882637944541318 0.5299827211013265 0.7898015625000002 0.5989156250000003
0 0.7999093750000001 0.5254921875 0.19520832584574302 0.4602845665735291 0.19119622995484262 0.49749062562099355 0.7958972791090997 0.5626982465474645
0 0.8042533743715996 0.48339508088621413 0.20058763760816878 0.4232575860022408 0.19703738823656936 0.4588953176160267 0.8007031250000001 0.5190328125000001
0 0.8103078124999998 0.44971718749999995 0.20136827113856973 0.3905414996104952 0.19837890478482403 0.42130317626071345 0.807318446146254 0.48047886415021823
0 0.8147741586321213 0.415828954478176 0.20539286132844028 0.3574588821398384 0.20254328126503723 0.38720838777248306 0.8119245785687184 0.4455784601108207
0 0.8204989057681062 0.3583380162462637 0.21525223563477586 0.309531064295809 0.21119395486666961 0.35985711054954544 0.816440625 0.4086640625000001
0 0.8256765625000002 0.3245484375000002 0.20970000000000005 0.275146875 0.2075518299948566 0.30193190584662283 0.8235283924948567 0.35133346834662293
0 0.8286553729141678 0.3010276250808771 0.21628906250000002 0.25710312499999993 0.21488212708583196 0.2767176874191229 0.8272484374999998 0.3206421875
0 0.8328156250000001 0.26640625 0.21923972061065053 0.22315722734932927 0.2174116126503069 0.24909268036867788 0.8309875170396565 0.2923417030193486
0 0.834315625 0.24527812500000007 0.22296584133672423 0.1998973126273646 0.22158218811074662 0.2185372632175063 0.8329319717740222 0.26391807559014174
0 0.8537041248347592 0.1910706838373279 0.21096427924436822 0.13760331976987347 0.2078570294096088 0.17495607343254566 0.8505968749999997 0.2284234375000001
0 0.8571828125 0.1480812500000001 0.2159885707251695 0.08631883665000714 0.21200888322516948 0.12763446165000714 0.853203125 0.1893968750000001