0 0.09021143561060438 0.2294342586833674 0.06657191190411292 0.22892826113065504 0.05078802968750011 0.9663299656250001 0.07442755339399157 0.9668359631777124
0 0.11186146578737628 0.23017214769459837 0.09104107261235876 0.229769791473947 0.07682323906250013 0.965488215625 0.09764363223751765 0.9658905718456514
0 0.15825877995894982 0.199284912271373 0.11422008151438193 0.1986007789800198 0.10232816637749542 0.9641014076745609 0.14636686482206335 0.9647855409659142
0 0.18617773513657282 0.18637465816681825 0.15918935764954253 0.18601329628587526 0.14876865845046985 0.964285102181557 0.1757570359375001 0.9646464640625
0 0.21457880483282268 0.18625097835761784 0.18901140897597624 0.18601756776220676 0.18190525883065373 0.9644130534670892 0.20747265468750015 0.9646464640625002
0 0.29647151542871286 0.16922583539487118 0.22177067379455323 0.168691258876264 0.21606609787747563 0.9658392953854783 0.2907669395116353 0.9663738719040854
0 0.3850236494526792 0.9663274109036604 0.37599146562499997 0.1708754203125 0.2978959064440799 0.17176217835068563 0.30692809027175916 0.967214168941846
0 0.44757269535209765 0.9645114137497872 0.4338006421875 0.2230639734375 0.38078614467492006 0.22404869391604149 0.3945581978395178 0.9654961342283286
0 0.504377877050822 0.9636439123940356 0.49013136875 0.2230639734375 0.43801546513667794 0.22406652510596423 0.45226197343749996 0.9646464640624999
0 0.5654549014662964 0.9738143131831899 0.5511800134378367 0.1691455507338959 0.4985781182215403 0.17007871255070584 0.51285300625 0.974747475
0 0.6245810596698582 0.9721859259677228 0.6112997132766156 0.1700467218800218 0.5582692239192574 0.1709247693497989 0.5715505703125 0.9730639734375
0 0.683411265693578 0.9679235275752507 0.6700684527056059 0.2146091063050155 0.6174666213870278 0.2155407974797645 0.6308094343749999 0.9688552187499997
0 0.7401708607618269 0.9698841629980318 0.7301859977240822 0.21148042625651783 0.6804688697747554 0.2121349835709859 0.6904537328125001 0.9705387203125
0 0.7666955452681572 0.973706015001575 0.7595636017863898 0.21193131193590053 0.7382324127682326 0.2121310203718254 0.7453643562499999 0.9739057234374998
0 0.7941358528520716 0.9762242082995407 0.786545376091917 0.21108300557353193 0.7657025591773454 0.21128977383649122 0.7732930359375 0.9764309765625001
0 0.8547208851564172 0.9755535786958331 0.8466649906250003 0.22474747499999997 0.7898854986113809 0.22535669966793698 0.7979413931427979 0.97616280336377