0 0.38305291104396244 0.18571545612494178 0.30781562500000004 0.15871406250000003 0.0975680041926628 0.7445527272173779 0.17280529023662522 0.7715541208423196
0 0.41843464645043227 0.2521128833462676 0.37828648426343137 0.23777757797262025 0.1928112128129992 0.7572287571263527 0.23295937500000002 0.7715640625000001
0 0.471751927453794 0.27104510226462497 0.41786753247034153 0.2530072594772995 0.2437654906913541 0.7731017794958731 0.29764988567480655 0.7911396222831986
0 0.528125 0.29342656250000004 0.47510911875963907 0.27556525926379044 0.30314714502069495 0.7859824139941305 0.3561630262610559 0.80384371723034
0 0.5396406250000001 0.34998281250000013 0.5141018400924547 0.3420743299204781 0.3706843750000002 0.8052109375000001 0.39622315990754553 0.8131194200795221
0 0.5636703125000002 0.3620140625000001 0.5363814182386528 0.35384396756980774 0.39838906250000006 0.8147515625000002 0.42567795676134745 0.8229216574301926
0 0.6159521559860288 0.3264427561668968 0.5777059562635395 0.31499149006766736 0.424372221690298 0.8271123844618675 0.4626184214127873 0.8385636505610969
0 0.652953684250366 0.3386899187955159 0.6180613265765063 0.328244751251139 0.4638577434515366 0.84336588780809 0.4987501011253963 0.8538110553524669
0 0.7030781686202046 0.36861252082014395 0.661472772740041 0.35571218474258776 0.5071421875000001 0.8534499999999999 0.5487475833801636 0.8663503360775563
0 0.7445898057770047 0.38157215887475154 0.7038069817714143 0.3690128321961074 0.551115625 0.864834375 0.5918984490055904 0.8773937016786441
0 0.7904539320160996 0.39187587924955014 0.7505688636214917 0.37924565451918396 0.59278909862636 0.8774993952452601 0.6326741670209679 0.8901296199756263
0 0.8147312500000001 0.43468750000000017 0.7817732131115647 0.4240125055929602 0.6323546411669825 0.8853282326269009 0.6653126780554179 0.8960032270339408
0 0.8506107753965317 0.4477296200821822 0.8159832354341962 0.4364482662406184 0.667072149819335 0.8935232450401955 0.7016996897816703 0.9048045988817595
0 0.8873859375000002 0.4609562500000002 0.8545096283106318 0.45004296639383556 0.7034315033106318 0.9051664038938355 0.7363078125000001 0.9160796875000002