0 0.1772668096085362 0.13140572892312247 0.129271875 0.12251250000000002 0.01386368262296953 0.7453468714422428 0.061858617231505694 0.7542401003653653
0 0.2243030164371867 0.14944198162653324 0.17923593749999997 0.14092968749999998 0.06382722791946041 0.7519439860417825 0.10889430685664711 0.7604562801683157
0 0.27422097200506096 0.16007634716655014 0.22483281250000003 0.15062187500000004 0.10793215299493922 0.76128615283345 0.15732031250000014 0.7707406250000001
0 0.3208181414413141 0.17222163749571728 0.2750859375 0.16332031250000006 0.15686696564700317 0.770692151312194 0.20259916958831728 0.7795934763079113
0 0.3472302283512092 0.17607231675157875 0.3195943189040303 0.17081322467755333 0.2028203125000001 0.7844468749999999 0.230456221947179 0.7897059670740253
0 0.3748546875000001 0.1815015625000001 0.3491344575228578 0.17658367316311638 0.23136093750000017 0.7925312500000001 0.25708116747714244 0.7974491393368839
0 0.3826171875000001 0.25174218750000005 0.36440836355477496 0.24827345242734658 0.25958593750000003 0.7985296875000001 0.2777947614452252 0.8019984225726535
0 0.40039218750000005 0.26001093750000004 0.3823279694789371 0.25655237146543974 0.27799956328469994 0.8014634867803986 0.29606378130576294 0.804922052814959
0 0.4221781774873712 0.2647873106100277 0.4010993480445261 0.2607455394345305 0.2962921875000001 0.8073406249999999 0.31737101694284514 0.8113823961754972
0 0.44977804558658463 0.20622618296274 0.43450294489729374 0.2032870715556534 0.3187171875000001 0.805046875 0.333992288189291 0.8079859864070867
0 0.4689730037737655 0.2083059474119505 0.45303125 0.20517812500000004 0.3340934870082629 0.8113751152039257 0.35003524078202836 0.814502937615876
0 0.5094843750000002 0.21717812500000014 0.4695407539759701 0.20933215164650046 0.34979075397597004 0.8189759016465004 0.3897343750000002 0.826821875
0 0.5515368909285051 0.2257257006939947 0.51093125 0.21748593750000006 0.3865217508811937 0.8305772764592639 0.42712739180969894 0.8388170396532587
0 0.5781828125000003 0.19647656250000015 0.557871405335426 0.19232119729269495 0.42184052428367824 0.8572395556455197 0.44215193144825254 0.8613949208528249
0 0.5967117360041241 0.1982124220944586 0.5794948996754794 0.19474315911370846 0.44500937500000004 0.8621515625 0.4622262113286447 0.8656208254807503
0 0.6163437500000002 0.27317812500000016 0.586614232396368 0.2670518391870787 0.4661697247840186 0.8515425434519178 0.4958992423876508 0.8576688292648393
0 0.6448828125000001 0.28126250000000014 0.6187852290546488 0.27581867766857 0.498121875 0.8542765625 0.5242194584453512 0.8597203848314301
0 0.7097468750000001 0.2536921875000001 0.6586375 0.24279843750000007 0.5267898655666174 0.8613779157438234 0.5778992405666175 0.8722716657438234
0 0.7674671875000001 0.2670390625000002 0.7147329593793407 0.2551779737921279 0.5760445054008839 0.8717848258214419 0.6287787335215433 0.8836459145293141
0 0.8759578125 0.2617875000000002 0.7943796875000001 0.24343906250000008 0.6447406523865944 0.9087421386535295 0.7263187773865944 0.9270905761535296
0 0.9701750000000002 0.2801750000000002 0.8879290971455976 0.25950705690874926 0.7210446627301417 0.9236060879659689 0.8032905655845444 0.9442740310572197