0 0.04240766150413481 0.8683916175147713 0.034266064062500004 0.243116978125 0.0220596900583652 0.2432759152977289 0.030201287500000007 0.8685505546875001
0 0.05458994531250001 0.8707184359375002 0.048897996707650423 0.24080953618502243 0.033453109375 0.2409490984375 0.03914505797984959 0.870857998189978
0 0.06597131875 0.8685505546875 0.057811019104826514 0.23748742708848875 0.0415826609375 0.23769727656250006 0.04974296058267349 0.8687604041615111
0 0.07816564843749998 0.866382675 0.07572678125000006 0.23661333593749995 0.055394809510625774 0.2366920742558915 0.05783367669812571 0.8664614133183914
0 0.09767794856271653 0.24315215585202585 0.07084905000000002 0.24311697812499994 0.07003184554676675 0.8663720100561113 0.09686074410948325 0.8664071877831372
0 0.12125227656250004 0.2420330390625 0.09523770781250003 0.2420330390625 0.09523770781250007 0.8674666140625 0.12125227656250007 0.8674666140625
0 0.14726684375000004 0.316824921875 0.12125227656250004 0.316824921875 0.12125227656250007 0.865298734375 0.14726684375000007 0.865298734375
0 0.17409436718750007 0.3179088625 0.14482797812500006 0.3179088625 0.1448279781250001 0.8598790328125 0.1740943671875001 0.8598790328125
0 0.2001132388818135 0.31803276838428907 0.17246845781250003 0.31790886249999994 0.17002000643282295 0.8641856009969183 0.19766478750213645 0.8643095068812074
0 0.229375325 0.8620469125000001 0.22531054843749998 0.3244125046875 0.19930566282951073 0.3246091142199143 0.20337043939201074 0.8622435220324144
0 0.25376398281250007 0.3254964453125 0.22449759375 0.3254964453125 0.22449759375000006 0.860962971875 0.2537639828125001 0.860962971875
0 0.2838579401788841 0.32138029034799775 0.2545769375000001 0.3211606828125 0.25048791082209426 0.8663642016189321 0.2797689135009783 0.8665838091544298
0 0.3009153875 0.19542360312500004 0.27652672968750003 0.19542360312500004 0.2765267296875001 0.8674666140625 0.3009153875000001 0.8674666140625
0 0.3277429109375002 0.19433966406250008 0.3033814139513634 0.19419207824637785 0.2993158915036307 0.865274269339209 0.3236773884897675 0.8654218551553312
0 0.3545704343750002 0.2561242625000001 0.3236888842564042 0.2558752177551332 0.31880066746629543 0.8620141341774982 0.34968221758489143 0.8622631789223651
0 0.3789604871033368 0.2507413840109015 0.3513186140625 0.25070456093750004 0.35050566226036445 0.8609608059264797 0.37814753530120127 0.8609976289998812
0 0.40497366093750015 0.2539563828125 0.3773339788841632 0.2538080481649685 0.3740813609375001 0.8598790328125002 0.401721042990837 0.8600273674600316
0 0.4269234515625002 0.25504032187500003 0.3968485248570316 0.2549999709281565 0.39603115312500015 0.8642147937500001 0.4261060798304688 0.8642551446968436
0 0.44887324375000015 0.2539563828125001 0.42448767012729877 0.25389094744567503 0.4228587276823602 0.8609433389205826 0.4472443013050616 0.8610087742874077
0 0.4716387513294418 0.26161012525130284 0.44724733281250006 0.2615439640625 0.44562144580022534 0.8609541514442428 0.470012864317167 0.8610203126330456
0 0.4911469171875001 0.3525949531250001 0.46757302524148764 0.3525569307451562 0.4667600240270778 0.8566180352618874 0.49033391597309023 0.8566560576417313
0 0.5415501437500001 0.257208203125 0.49522342172697725 0.2568352687709083 0.4903456889144772 0.8627579187709082 0.5366724109375001 0.8631308531249999
0 0.5732619717272643 0.3528638058773529 0.5399242328125 0.3525949531250001 0.535815910423396 0.8620268930513824 0.5691536493381604 0.8622957458037351
0 0.5992968847507243 0.35061728812098514 0.5700035765625 0.35042707187500005 0.5666959299147135 0.8598047652974969 0.5959892381029379 0.8599949815434821
0 0.6236586234375001 0.3504270718750001 0.5952051906250001 0.3504270718750001 0.5952051906250002 0.8566272109374999 0.6236586234375002 0.8566272109374999
0 0.6529250125000001 0.3547628343750001 0.6236634952824247 0.3543852664021239 0.6171559285533028 0.8587216761832552 0.6464174457708782 0.8590992441561316
0 0.6740618500000001 0.8620469125000001 0.6724356575302449 0.3525067397083514 0.6391117500963454 0.3526130926324691 0.6407379425661005 0.8621532654241177
0 0.7041411937500002 0.34825919218750007 0.6700078948275999 0.3479868520170337 0.6659431182650998 0.8574388113920337 0.7000764171875 0.8577111515625001
0 0.7366830820021878 0.3440289830155484 0.7025324433032353 0.34392091134583114 0.7008828550510476 0.8651906627052831 0.7350334937500003 0.8652987343750003
0 0.76592579375 0.3504270718750001 0.7318138688211693 0.35026236838426106 0.72934280625 0.8620469125000001 0.7634547311788309 0.8622116159907393
0 0.792790804082269 0.32684257075262596 0.7642998828125 0.3265803843750001 0.759384664667731 0.8607007854973739 0.7878755859375 0.8609629718749998
0 0.8147031093750003 0.3276643250000001 0.7895051530215319 0.32736073515738606 0.7829985610688373 0.8674078547253723 0.8081965174223056 0.8677114445679862
0 0.8464083640625002 0.2745512484375001 0.8114644505218044 0.27387303940197294 0.8000830770843044 0.8602847628394729 0.8350269906250002 0.8609629718750001
0 0.8789529858818204 0.2752562864633542 0.8399047218750002 0.27455124843750006 0.8293098922431799 0.8613418744741459 0.86835815625 0.8620469125000001
0 0.9082297624550991 0.3534207183398128 0.8781136187499999 0.3525949531250001 0.8641782496600484 0.8608260708425943 0.8942943933651476 0.8616518360574071
0 0.938400152929268 0.3501485338745541 0.9025022765624999 0.34934313281250007 0.8909758795464411 0.8630911206553951 0.9268737559132092 0.863896521717449
0 0.9659428940992398 0.3586570556542843 0.9333945765625001 0.3580146546875001 0.9235972932681967 0.8544103703675061 0.9561456108049364 0.8550527713342904
0 0.9911143984375002 0.2897264140625001 0.9635838397116657 0.2892161043305945 0.9530154225241658 0.8593687230805946 0.9805459812500003 0.8598790328125002
0 0.999747984375 0.2869623656250001 0.9781071156250001 0.2869623656250001 0.9781071156250001 0.8598790328125 0.999747984375 0.8598790328125