0 0.7625077175923023 0.14954353192540273 0.4461796874999999 0.023823437500000065 0.43691728362669213 0.04712884451988832 0.7532453137189943 0.172848938945291
0 0.7541560287532592 0.17309845971391966 0.4394734374999999 0.05286875000000004 0.4307297741734775 0.0757539307026997 0.7454123654267367 0.1959836404166193
0 0.7928476487534959 0.21242541902192275 0.43430624999999995 0.07901250000000003 0.4251791197625324 0.10354126427513885 0.7837205185160283 0.23695418329706158
0 0.7910724104150031 0.23549420165180765 0.4336354759090074 0.10871248605684644 0.4249028641464519 0.13333242406597443 0.7823397986524475 0.2601141396609356
0 0.7348144337745673 0.25509042511155344 0.4096051680239432 0.18463034518179686 0.40477343749999994 0.20693125 0.7299827032506241 0.27739132992975657
0 0.7347015625 0.27789375000000005 0.40399182366794506 0.205451556465514 0.3992421875 0.2271343750000001 0.729951926332055 0.2995765685344862
0 0.7855671875000002 0.3169750000000001 0.39909940437800484 0.227751944597206 0.3941062500000001 0.2493796875000001 0.7805740331219955 0.33860274290279424
0 0.7798609375 0.3416937500000001 0.3939625 0.2499984375000001 0.388977599677678 0.2709773206405893 0.774876037177678 0.36267263314058934
0 0.7752312499999999 0.3692640625 0.38975283223304763 0.2737528513420726 0.3838015625 0.297771875 0.7692799802669523 0.39328308615792745
0 0.7603593749999998 0.393709375 0.3820109374999999 0.298009375 0.3750183679301762 0.32565438827954946 0.753366805430176 0.4213543882795494
0 0.7384953125 0.4193640625 0.37681093749999994 0.32805156250000006 0.36998141264487316 0.35510297855775236 0.7316657876448731 0.4464154785577524
0 0.7234390624999999 0.443225 0.3708686577571142 0.3559641259036785 0.36339999999999995 0.386140625 0.7159704047428856 0.47340149909632145
0 0.7178109375000001 0.47512187500000014 0.36421165370914405 0.38827462963187936 0.35694843750000005 0.4178468750000001 0.7105477212908562 0.5046941203681209
0 0.7142906250000001 0.5016468750000002 0.3559590032709021 0.41761768998067017 0.34871916871343617 0.44849103068283647 0.707050790442534 0.5325202157021665
0 0.7071890625000001 0.5286468750000001 0.3499422937545579 0.45007996110732423 0.34351406250000005 0.47930937500000004 0.7007608312454423 0.5578762888926759
0 0.7021312500000001 0.5580718750000001 0.3428570289214057 0.48034220285515855 0.33494531250000004 0.5169109375000001 0.6942195335785943 0.5946406096448416
0 0.6914171875000001 0.5894453125 0.33211105300905547 0.5169624177124789 0.32459375 0.5542265625 0.6838998844909446 0.6267094572875211
0 0.6929203125000002 0.6242906250000002 0.32368110492005886 0.5541195358309816 0.31931562500000005 0.5770906250000001 0.6885548325799413 0.6472617141690186
0 0.6872453125000002 0.6451109375 0.31995059038181367 0.5772464262810384 0.3156843750000001 0.6003359375 0.6829790971181865 0.6682004487189617
0 0.68949375 0.6729671875000001 0.30839461061412676 0.6079358049759429 0.30254531250000005 0.6422140625000001 0.6836444518858733 0.7072454450240573
0 0.6834374999999999 0.7067171875 0.2989009583433106 0.647412598143912 0.2939843750000001 0.6792921875 0.6785209166566895 0.7385967768560879
0 0.7137035384237262 0.7365782332356139 0.29264735948307896 0.6803876485289492 0.2887105885048177 0.7098872836390732 0.709766767445465 0.7660778683457379
0 0.7118951729295127 0.7669940739121748 0.28293597405612725 0.7103091756855113 0.27889375000000005 0.7408984375 0.7078529488733855 0.7975833357266635
0 0.6838437500000001 0.791428125 0.2752460174071069 0.7437394391657021 0.27041250000000006 0.7851531249999999 0.6790102325928932 0.8328418108342979
0 0.6491359375000001 0.8289781250000001 0.26696327677452314 0.785936477954046 0.26385000000000014 0.8135796874999999 0.6460226607254771 0.8566213345459541
0 0.6398468750000001 0.8541718750000001 0.2590602983897513 0.8136005384096983 0.25609687500000006 0.8414140625000002 0.6368834516102488 0.881985399090302