0 0.11481718750000003 0.8967296875 0.1030745409074871 0.281124967384819 0.058593749999999986 0.2819734375 0.07033639659251291 0.897578157615181
0 0.16982836161528417 0.897500589290393 0.15338105460656806 0.27755495884125375 0.10381363049128389 0.27886999455086053 0.1202609375 0.8988156249999999
0 0.20972025066558558 0.8938294425514222 0.19338281250000003 0.2964265625 0.15795006183441446 0.2973955574485777 0.17428749999999998 0.8947984375000001
0 0.24953653046480756 0.8889422994118619 0.22564375 0.29693125 0.18751190703519252 0.2984702005881381 0.21140468750000005 0.89048125
0 0.3326033806890715 0.8820554056733506 0.3138514389995937 0.3340722427770923 0.2323683708105222 0.3368605871037418 0.2511203125 0.8848437500000002
0 0.41818906250000004 0.8832015624999998 0.39625945773839083 0.32813449527345895 0.31459721875544094 0.3313608092282612 0.33652682351705016 0.8864278764548021
0 0.5001383668419664 0.8876092456256718 0.47489564911331417 0.30205761104612106 0.39237872942848795 0.3056148572195308 0.4176214471571401 0.8911664917990816
0 0.5825127567740799 0.8821706374928976 0.5594092454104521 0.3025020031119804 0.48132676208086156 0.30561409066322787 0.5044302734444893 0.8852827250441451
0 0.6354857921589486 0.8730270161923924 0.6047388016691461 0.27119775848981664 0.557840625 0.27359374999999997 0.5885876154898025 0.8754230077025758
0 0.6860170712105035 0.8702504552303232 0.6511752902984311 0.273180965429223 0.6051126880796373 0.2758689324450586 0.6399544689917096 0.8729384222461588
0 0.7815808025999652 0.8653423820020301 0.7509082111118444 0.280074032682293 0.6544703125 0.28512812499999995 0.6851429039881208 0.8703964743197371
0 0.8874328124999998 0.8621671875000002 0.8602217737286472 0.2748893044127948 0.7670648181872068 0.279205655499837 0.7942758569585596 0.8664835385870424
0 0.9263234375 0.8577578125000003 0.9013597541644416 0.27725837353292665 0.8640808762636356 0.2788615070427136 0.889044559599194 0.8593609460097872
0 0.9440562500000003 0.8568281249999998 0.9171687159303534 0.25845870446407104 0.8985156250000003 0.259296875 0.9254031590696471 0.8576662955359289