0 0.15657421718749998 0.85678126875 0.14397708223916172 0.2599685144124102 0.10256002187499999 0.2608427187499999 0.11515715682333824 0.8576554730875898
0 0.21872748593750005 0.8291549953124999 0.2102420796754038 0.3784953144892002 0.17063268593750003 0.3792411140625 0.1791180921995963 0.8299007948857998
0 0.28919137131313155 0.8228038870229162 0.2403627263496964 0.3835779678745338 0.21724765000000001 0.3861476656249999 0.26607629496343516 0.8253735847733823
0 0.3128022115838869 0.8252110621648905 0.26608239375000003 0.38417436562499996 0.24225427829561014 0.3866985211478573 0.288974096129497 0.8277352176877477
0 0.34754664653952055 0.8358187617103114 0.29559671424789824 0.30655215109535083 0.2586832125 0.3101753796875 0.3106331447916223 0.8394419903024606
0 0.38462105384712586 0.8356629566200455 0.3339345715590296 0.3085413084890093 0.29641915937499996 0.31214868125 0.34710564166309626 0.8392703293810364
0 0.42220558593749996 0.8350748968749999 0.3747115479037095 0.3145705199148222 0.33637483749999997 0.31806859843749996 0.38386887553379045 0.8385729753976776
0 0.46166934375366087 0.8377588434721608 0.41289359375000007 0.30983664843750003 0.37542338582024565 0.31329859323117726 0.4241991358239064 0.841220788265838
0 0.5000601576069519 0.8397863264404115 0.4510624656250001 0.31313533125 0.41319536268416834 0.31665834870005327 0.46219305466612015 0.8433093438904649
0 0.5356863913783446 0.8409737268501922 0.4869495828125001 0.31634706562500003 0.4532300026101275 0.31947954982129645 0.501966811175972 0.8441062110464888
0 0.5666867175300594 0.8402179598265518 0.519501665625 0.3163470656249999 0.4864253070993808 0.31932625326671926 0.5336103590044401 0.843197147468271
0 0.6066905166563565 0.8616312724074465 0.5590908562500001 0.30228214531250003 0.5233298849061436 0.30532534321755384 0.5709295453125 0.8646744703125002
0 0.641252913368817 0.8631615495426281 0.5983065890625 0.3032688125 0.5649792443099295 0.3058251717118955 0.6079255686162465 0.8657179087545238
0 0.6915825753167424 0.8516349782477753 0.6523207843750001 0.32004191562499995 0.6069232448922557 0.32339483504732475 0.646185035833998 0.8549878976701001
0 0.7393995604300646 0.8405886647826021 0.7011555281249999 0.32201521718750004 0.6549496500148967 0.3254228330292321 0.6931936823199614 0.8439962806243342
0 0.7895523721820852 0.8432944688244085 0.7455508140625 0.30030884375 0.7022949523776848 0.3038141396989974 0.7462965104972701 0.8467997647734059
0 0.8289978198230396 0.8522376344473359 0.7906858921875 0.3012954953125 0.7467627211550509 0.3043498656911411 0.7850746487905904 0.8552920048259771
0 0.8704287030849626 0.8509120099663526 0.835256875 0.3011560937500001 0.7919553565635493 0.30392640238577895 0.8271271846485119 0.8536823186021316
0 0.8951595930002751 0.8286460495195532 0.8669951562499998 0.3521543578125 0.8387364042613047 0.3538246740989729 0.86690084101158 0.8303163658060262
0 0.927289268580323 0.8243412725745243 0.900172798062292 0.35222938299735246 0.8678982466694691 0.35408312136032816 0.8950147171875 0.8261950109375