0 0.15428394036124832 0.21643707328075817 0.126 0.2157625 0.11445980963875177 0.6996269892192417 0.14274375000000009 0.7003015625
0 0.18880350080289607 0.22380627920332669 0.15867187500000005 0.2228718750000001 0.14348087419710406 0.7127343457966734 0.17361250000000011 0.71366875
0 0.23094090194005848 0.24844107955038713 0.189718348585937 0.2467958253695644 0.17071182164587867 0.7230125583191774 0.21193437500000015 0.7246578125000002
0 0.27869511049431006 0.26091998299389196 0.23479843749999998 0.25824687500000004 0.20576270200568997 0.735059704506108 0.24965937500000007 0.7377328125
0 0.30326950729140173 0.2896478520888427 0.28036562500000006 0.2882453125000001 0.2526462989264599 0.7409100263062226 0.2755501812178616 0.7423125658950652
0 0.3263054837365295 0.2927743850502961 0.30746562499999996 0.29150156250000003 0.2768929537634706 0.744027177449704 0.29573281250000016 0.7453000000000001
0 0.3598542761375233 0.2756207082145975 0.33546562500000005 0.27356718750000003 0.29487541136247686 0.7556371042854026 0.3192640625000001 0.7576906250000002
0 0.3994796255650141 0.28180483884914287 0.367953125 0.2783687500000001 0.3157973937153602 0.7569034340563074 0.3473238942803743 0.7603395229054503
0 0.4351090548943888 0.29139461231757896 0.4026734375 0.2871953125 0.3398956326056114 0.7720944501824211 0.3723312500000001 0.77629375
0 0.474126055343678 0.2971282718596659 0.44015312500000003 0.29229843750000006 0.37102081965632216 0.7785732906403342 0.40499375000000015 0.7834031250000001
0 0.5125093749999999 0.30514375 0.4801640625 0.30038437500000004 0.40908051667946843 0.7834771136837911 0.4414258291794684 0.7882364886837911
0 0.543990031220917 0.3129692433835104 0.5136171874999998 0.3077203125 0.429966218779083 0.7917651316164898 0.4603390625000001 0.7970140625000001
0 0.5820453125000002 0.3194390625000001 0.551529195604617 0.31379276067656103 0.46069169560461687 0.8047349481765609 0.49120781250000006 0.81038125
0 0.6328125000000001 0.328353125 0.5886596694032173 0.3191326558873883 0.48657373190321723 0.8079779683873882 0.5307265625000002 0.8171984374999999
0 0.6787484375000001 0.3245937500000001 0.6455419304557986 0.3168025640775717 0.5274216179557984 0.8202385015775716 0.560628125 0.8280296875000002
0 0.720257693648685 0.3319669494176489 0.6842261790668691 0.32274564092400626 0.5544279833601388 0.8299215568501179 0.5904594979419546 0.8391428653437604
0 0.7538984375000004 0.3517859375000002 0.7177186698626689 0.3420268121253067 0.5833079173165208 0.8403245189760344 0.6194876849538522 0.8500836443507278
0 0.8190857323330851 0.3728376271380619 0.7681718292343518 0.35662909171599744 0.6122033768029167 0.8465538422732604 0.6631172799016503 0.8627623776953248
0 0.955790625 0.4062906250000001 0.84008606379402 0.3589561654180918 0.6363266887940199 0.8570264779180917 0.7520312499999999 0.9043609375000002
0 1.0129848481570733 0.42132805535247025 0.964581504947837 0.39990581086663385 0.7469029572773467 0.8917482720592126 0.795306300486583 0.9131705165450489