0 0.16055 0.7389328125 0.12938793179962088 0.2752184964712626 0.0751625 0.27886250000000007 0.1063245682003791 0.7425768160287374
0 0.22319687500000004 0.7356765625000001 0.19697309579791394 0.2722607394668092 0.137825 0.2756078125 0.16404877920208608 0.739023635533191
0 0.25820574061025686 0.7382615830491035 0.23204274519268933 0.2650431334358726 0.1979765625 0.2669265625 0.22413955791756757 0.7401450121132309
0 0.29235312499999994 0.737846875 0.26546810832794837 0.2695456519872317 0.23548124999999995 0.2712671875 0.26236626667205154 0.7395684105127684
0 0.326525 0.741103125 0.3004494254863528 0.2705519110300584 0.26794531250000003 0.27235312500000003 0.29402088701364726 0.7429043389699416
0 0.36163371774619246 0.7435735106859417 0.33782721405522387 0.2705966161633871 0.30292968749999993 0.27235312500000003 0.32673619119096853 0.7453300195225546
0 0.39649375 0.7454421875 0.3728160910814625 0.2739368914171713 0.3395421875 0.2756078125 0.36321984641853744 0.7471131085828288
0 0.43151106588684296 0.746166975689688 0.4110236423486944 0.2729418002879329 0.3745265625 0.27452187499999997 0.3950139860381485 0.7477470504017553
0 0.44775156250000003 0.7508687499999999 0.42903906250000007 0.347221875 0.41693504544010074 0.34778300016474545 0.4356475454401007 0.7514298751647454
0 0.4730872614289182 0.74778286215375 0.44775042498270146 0.22675629560047547 0.4249703125 0.2278640625 0.4503071489462167 0.7488906290532745
0 0.5179616422938449 0.7485517094370766 0.4908718750000001 0.277778125 0.45662611004878206 0.27974873217507656 0.48371587734262683 0.7505223166121532
0 0.5551468749999999 0.7519531249999999 0.5331796875 0.26475624999999997 0.4917670590277874 0.2666235012513897 0.5137342465277873 0.7538203762513896
0 0.5950124999999999 0.7530375 0.578740625 0.2658421875 0.5357142922435625 0.2672792274106029 0.5519861672435625 0.754474539910603
0 0.6275936319519324 0.7555428325797475 0.6137250000000001 0.22895000000000004 0.5813407784410181 0.22980288826976839 0.5952094103929503 0.7563957208495159
0 0.662548462603924 0.7648774262437195 0.6609140625000001 0.224609375 0.6244751780614788 0.2247196086449029 0.6261095781654026 0.7649876598886225
0 0.7007812500000001 0.2267796875000001 0.6643577079852547 0.22644799973782184 0.6594639386608748 0.7638462185518767 0.6958874806756202 0.7641779063140549
0 0.7365886746782246 0.27953537648587456 0.7056625000000001 0.27886250000000007 0.6950769503217755 0.7653864985141257 0.7260031250000001 0.7660593750000001
0 0.8423468750000003 0.2788625000000001 0.7574825337230309 0.2721867957527338 0.7187032536055454 0.7651652052910409 0.803567594882515 0.7718409095383072