0 0.22241435578848642 0.17104122470675634 0.165484375 0.16160312500000001 0.07266958577600895 0.721455672820267 0.12959956656449537 0.7308937725270233
0 0.28843547775629225 0.14935480400950452 0.23953281249999997 0.14147187500000002 0.1449254597437078 0.7283795709904957 0.19382812500000007 0.7362625000000002
0 0.34693691132466276 0.15965116812366972 0.2931048033864682 0.15104952530480903 0.19912257956180557 0.7392233571811395 0.2529546875000001 0.7478250000000001
0 0.37642611370542167 0.2178357434724366 0.34423003728086704 0.21298550354038287 0.26353640045198345 0.7486329219595217 0.2957324768765381 0.7534831618915755
0 0.41080939013631507 0.22438901450563495 0.3794421440976215 0.21966122545977845 0.2982218164613066 0.7585300234541437 0.3295890625000002 0.7632578125
0 0.46903969962925907 0.21039141067555817 0.4160953125 0.20239375000000007 0.33082980018824043 0.7668500923908163 0.38377418731749946 0.7748477530663744
0 0.5592845274293319 0.13978012942609164 0.4836285905568995 0.12854901848191652 0.38436363114429567 0.7972258341854854 0.4600195680167281 0.8084569451296606
0 0.6430718750000001 0.15704843750000008 0.5674161288580619 0.14581608034444132 0.4687234375000001 0.8105625000000002 0.544379183641938 0.8217948571555589
0 0.6520428221755691 0.2569676367637606 0.631940810075757 0.25419219978888224 0.5532311753838597 0.8242725306591829 0.5733331874836718 0.8270479676340614
0 0.6747875000000002 0.2642406250000001 0.6529742556104687 0.2612977734533867 0.5770031250000002 0.8244171875000001 0.5988163693895316 0.8273600390466136
0 0.71768254701045 0.24809435779017125 0.678227153490633 0.24290202298122007 0.6011791180455541 0.8283728507047616 0.6406345115653712 0.8335651855137127
0 0.7766800835413544 0.2551184229327278 0.7258778009325205 0.2482228997196551 0.6466133423911662 0.8321982267869273 0.6974156250000002 0.8390937500000002
0 0.8426265652244085 0.2654144086195186 0.7935533790961911 0.25792011126124526 0.703946343264841 0.8446732833775457 0.7530195293930585 0.8521675807358189
0 0.9147750000000002 0.27808125000000017 0.8602165508131415 0.2685228457625672 0.7569236366507083 0.8581088340412071 0.8114820858375669 0.86766723827864
0 0.9814734375 0.2886453125000002 0.9265146326767422 0.2782459276613095 0.8144278907995067 0.8706034051139369 0.8693866956227646 0.8810027899526276