0 0.15742187500000016 0.22190468750000006 0.13576875580893033 0.21880208849918464 0.06623593750000006 0.7040734375000001 0.08788905669106989 0.7071760365008155
0 0.17768437500000023 0.2236781250000001 0.153460007795657 0.22049965246838327 0.08973657029565688 0.7061605899683833 0.11396093750000011 0.7093390625
0 0.20182500000000014 0.2464843750000001 0.1727559256860838 0.24301701029209619 0.1174859375000001 0.7063796875000002 0.14655501181391642 0.7098470522079041
0 0.2267609375000001 0.2508453125 0.20087790866180297 0.24784799352726558 0.14743415866180296 0.7093558060272657 0.17331718750000008 0.7123531250000001
0 0.2690828125000001 0.23385312500000008 0.23114654098468526 0.2294413042751541 0.17484375000000013 0.7135765625 0.212780021515315 0.717988383224846
0 0.3095140625000002 0.2384796875000001 0.27318304095998014 0.23431171936669584 0.21789375000000008 0.716253125 0.2542247715400201 0.7204210931333043
0 0.346796594393871 0.24235365764502942 0.31523379802623397 0.2389451525519255 0.2633293911323631 0.7195805574068961 0.29489218750000007 0.7229890625000001
0 0.3782171875000001 0.24666875000000005 0.3442350039263452 0.2431165899334497 0.29408125 0.72291875 0.3280634335736549 0.7264709100665503
0 0.4103249383228375 0.2531813519122118 0.37880340813644664 0.24998601756859112 0.3306484375000001 0.725028125 0.3621699676863909 0.7282234593436206
0 0.44062716834204496 0.25212810505460836 0.4090170820493305 0.24936248680237622 0.3670265625000001 0.7293000000000001 0.39863664879271454 0.7320656182522322
0 0.49758947805377307 0.25419949379290047 0.43909980608275817 0.24989769565698552 0.4039155090251335 0.7282832284996446 0.4624051809961484 0.7325850266355596
0 0.5604428058380136 0.25346068707795855 0.502278503535529 0.24907036656784518 0.4651736928550473 0.7406461912313342 0.5233379951575319 0.7450365117414476
0 0.5711171875000001 0.2635453125000001 0.5548856642720639 0.2624568419785018 0.5227169142720639 0.7421646544785018 0.5389484375 0.7432531250000001
0 0.5864349065456379 0.26577884042853295 0.569391309208771 0.26463748503786755 0.5373985901631333 0.7423773946093346 0.5544421875000001 0.7435187499999999
0 0.6561354769879739 0.27520065496655566 0.5863235199340067 0.27037922398025954 0.5537130429460329 0.7425629440137043 0.6235250000000001 0.7473843750000003
0 0.6749614188811068 0.27016404679934103 0.653039588058167 0.2689609347922836 0.6266339027718322 0.7500973229383779 0.6485557335947721 0.7513004349454354
0 0.7055021633156981 0.28527760280458314 0.6714354337112733 0.28343916630946886 0.64619299861966 0.7511883722834221 0.6802597282240848 0.7530268087785362
0 0.7961658080833285 0.266913281413244 0.7279302988847313 0.2630904481480529 0.7000744871596063 0.7603016434443617 0.7683099963582035 0.7641244767095529
0 0.8142851759430654 0.2931512760674249 0.7948703125000001 0.2918343750000001 0.7635774258823903 0.7531804361800347 0.7829922893254557 0.7544973372474595
0 0.8471936544346178 0.32708383891103326 0.8163076789694419 0.3253341043301674 0.7920562500000001 0.7534156250000001 0.822942225465176 0.755165359580866
0 0.8776715801603434 0.3336853050840952 0.8418440869381145 0.33216155765836697 0.8239484375000004 0.7529375000000001 0.8597759307222292 0.7544612474257284