0 0.7634907725893163 0.05777051157234776 0.7566805242085257 0.028574156007073005 0.07036250000000001 0.1886625 0.0771727483807906 0.2178588555652748
0 0.6980664675803724 0.1402216295590974 0.6866692000992437 0.09445749436650071 0.09789062499999998 0.24108906249999995 0.10928789248112869 0.28685319769259665
0 0.7035356128992116 0.19169379437845566 0.69228693410324 0.1492401765645955 0.1164109375 0.30182656249999995 0.1276596162959715 0.3442801803138601
0 0.6924796703675339 0.2409427623091324 0.6792126368520732 0.19309230592466284 0.131346875 0.34499375 0.1446139085154607 0.39284420638446954
0 0.7012146630737585 0.2959218321243921 0.6885817400431494 0.24876826287815978 0.14566249999999997 0.39422187499999994 0.15829542303060892 0.44137544424623226
0 0.6928047102565926 0.3478393941255953 0.680237126921718 0.30150505439240344 0.162909375 0.44182343749999997 0.17547695833487462 0.48815777723319187
0 0.7003451093923289 0.3972042352885687 0.688059190462535 0.3516355276991451 0.17470625 0.49004218749999995 0.1869921689297938 0.5356108950894235
0 0.7634164496262094 0.43092886571251315 0.751222935376596 0.38618141402923956 0.18691079266072622 0.5399543752727036 0.1991043069103396 0.5847018269559772
0 0.7699692170418888 0.47635137686721263 0.7588438859431529 0.43552905368004174 0.20294062499999996 0.5870296875000001 0.21406595609873585 0.6278520106871709
0 0.7170363801745412 0.5258978186999055 0.708358025358239 0.49451544574028006 0.21263749999999998 0.6315999999999999 0.22131585481630217 0.6629823729596254
0 0.7884154990729734 0.5733091990811906 0.7718981527734574 0.5137357791624783 0.225581091200484 0.6652078300812876 0.2420984375 0.72478125
0 0.799658666423573 0.6359769463858977 0.7836970217513709 0.5787603657305569 0.24336250000000006 0.7294968749999999 0.25932414467220216 0.7867134556553409
0 0.7922485718686245 0.67339197220963 0.7852995094219858 0.6474577646638778 0.26229937505336137 0.787595479954248 0.26924843750000005 0.8135296875
0 0.8002108277357323 0.7032826263943076 0.7935914623729018 0.6782742000680044 0.2711844847065171 0.816547700693223 0.27780385006934755 0.8415561270195262
0 0.8071624948508329 0.7385462471549021 0.8000479211543056 0.7102706980690459 0.2779774476571183 0.8416318556260027 0.28509202135364553 0.8699074047118589
0 0.7540379011538727 0.7713228679312027 0.7498218750000001 0.754021875 0.29335132569556277 0.8652577897242499 0.2975673518494354 0.8825587826554528
0 0.769405091239031 0.8025309909550978 0.7649669346564634 0.784511425069818 0.2961712184174322 0.89997418411472 0.30060937499999996 0.9179937499999999
0 0.7942804526911326 0.8379949622498254 0.7870631087341885 0.8087752354307067 0.30125156249999996 0.9287718749999998 0.308468906456944 0.9579916018191185
0 0.7950436161848293 0.8664366845289686 0.7888963839363285 0.8411444040091662 0.31218593750000007 0.9570078125 0.31833316974850084 0.9823000930198024