0 0.6811083159480585 0.06187854562015395 0.6793234375000001 0.036457812499999985 0.2350204541115633 0.0676538765831925 0.23680533255962163 0.09307460970334645
0 0.6774165578719367 0.09018706316345611 0.6758435263092977 0.06561430497956364 0.23180196843736112 0.09403974181610762 0.23337500000000003 0.11861250000000008
0 0.7319195456562768 0.10820446353746131 0.7308046874999998 0.08889687500000001 0.22924295434372302 0.1178580364625387 0.23035781249999995 0.137165625
0 0.7276135416674222 0.1524184633981502 0.725328125 0.110028125 0.22664279210255836 0.136914057376812 0.2289282087699806 0.1793043957749622
0 0.7248432990642086 0.1951629370117554 0.7225640625000002 0.15524218750000002 0.2286223259357915 0.18344331298824462 0.23090156250000002 0.22336406250000002
0 0.7240744888038843 0.23141205233964762 0.7220309947464361 0.19833454584159388 0.23071562499999998 0.22868750000000007 0.23275911905744814 0.26176500649805384
0 0.7191825907138367 0.2656159222696259 0.7174390624999999 0.234134375 0.22910803428616316 0.2611793902303741 0.23085156249999997 0.2926609375
0 0.721249446914799 0.2998022971851115 0.7197812500000002 0.26886562500000005 0.22699462811000673 0.29225236141378963 0.22846282502480553 0.32318903359890105
0 0.7164234245604348 0.3290847039639463 0.715146875 0.2998 0.22756095043956498 0.3210543585360537 0.22883749999999997 0.35033906249999996
0 0.7155296874999999 0.35667343749999997 0.7144178265589629 0.3294449479375039 0.22650156250000003 0.34936874999999995 0.2276134234410371 0.376597239562496
0 0.7406971337741599 0.38006161410908673 0.7401725269004267 0.36219608157836936 0.2184109375 0.37751718749999996 0.2189355443737333 0.39538272003071734
0 0.7159953125000003 0.41311406250000005 0.7154572636458651 0.3894817873866848 0.23040428087601272 0.4005252523227815 0.23094232973014775 0.4241575274360968
0 0.7139546875 0.435690625 0.713484375 0.4152390625 0.23202479032608608 0.4263109041217314 0.23249510282608607 0.4467624666217314
0 0.7084593750000001 0.5252312500000003 0.22080000000000005 0.5126437500000001 0.22004434558476169 0.5419189801768519 0.7077037205847618 0.5545064801768521
0 0.7133978908885921 0.5636096239921244 0.21847031250000004 0.5454343749999999 0.21739898411140796 0.5746075635078756 0.7123265625 0.5927828125
0 0.7108546875000001 0.5976171875000001 0.2173546875000001 0.5773796875000001 0.21613155092093064 0.6072063904905266 0.7096315509209307 0.6274438904905266
0 0.7096252801810852 0.6328078908205508 0.2149937500000001 0.611059375 0.21378093881340465 0.6386426205877086 0.7084124689944897 0.6603911364082594
0 0.7083578125000001 0.6638250000000001 0.2199500000000001 0.6387734375 0.21914101038159517 0.6545455814475228 0.7075488228815952 0.6795971439475229
0 0.7082985007511851 0.6824929616956283 0.22175781250000015 0.6548281250000001 0.22070099745472005 0.6734143008427093 0.707241685705905 0.7010791375383375
0 0.7085389186179859 0.7047099168192011 0.2174328125000001 0.6768890625 0.21626401662661582 0.697521167597807 0.7073701227446015 0.7253420219170081
0 0.7090698449513018 0.736784518756737 0.2116468750000001 0.7068937499999999 0.20952078004869845 0.7422748562432628 0.7069437500000001 0.7721656250000001
0 0.7067234772446949 0.7802829676599916 0.21268125000000015 0.7451328125 0.21023121025530545 0.7795685948400084 0.7042734375000002 0.8147187500000002
0 0.7068581624792087 0.8167250927082194 0.21614375000000008 0.7816796875000002 0.21532538014191754 0.7931387042159914 0.7060397926211263 0.8281841094242106
0 0.7080413642302023 0.8371813751831543 0.20833125000000008 0.8018421874999999 0.20766019826979792 0.8113311248168458 0.7073703125 0.8466703125
0 0.7129580188472399 0.848881786858388 0.2162109375000001 0.8136671874999999 0.21521600520773543 0.8277019833325664 0.7119630865549752 0.8629165826909542
0 0.7112763205933236 0.8656194461340746 0.21789531250000013 0.833271875 0.21680624784409624 0.8498828228693641 0.7101872559374197 0.8822303940034388
0 0.7111969661757696 0.8908829150931847 0.21951875000000012 0.8546515625 0.21692751196694413 0.8898160044154094 0.7086057281427135 0.9260473570085942
0 0.7088009032137498 0.9358011989792718 0.21812500000000007 0.8945828125 0.2153053467862504 0.9281488010207282 0.7059812500000001 0.9693671875
0 0.7073922722256649 0.9748237486358431 0.21909687500000014 0.9345968750000002 0.2183733527743354 0.9433793763641576 0.7066687500000002 0.9836062500000005
0 0.7080200386595366 0.9895364579088428 0.22345781250000013 0.945409375 0.2225793516737599 0.9550558076553435 0.7071415778332963 0.9991828905641862