0 0.17822740905214243 0.14449399818886777 0.14190628836189995 0.1297143356721832 -0.03632112069024238 0.5677093999833154 8.881784197001253e-17 0.5824890625
0 0.21424246547608763 0.16198889500837682 0.17869450850814808 0.14766447629048268 -0.0010088944679394808 0.593622456282106 0.03453906250000007 0.6079468750000001
0 0.2506440283902368 0.17863622622652978 0.21504082169279962 0.16435979076715337 0.035678043302562926 0.6116626270406236 0.07128125000000005 0.6259390625
0 0.2858611528860232 0.19606209536140828 0.2487445556038022 0.18119111786580758 0.06789277771777909 0.6325805850043994 0.10500937500000007 0.6474515625000001
0 0.32699043845706344 0.21617003132369303 0.2893662775495808 0.20067371974101417 0.10264302659251748 0.6540271259173213 0.14026718750000006 0.6695234375000001
0 0.3663531656105442 0.23633833693618156 0.3288001236916115 0.22079825558435567 0.14175008308106735 0.6728099186481742 0.17930312500000004 0.68835
0 0.40684121286062336 0.2536762962877128 0.3685640625 0.23761718750000002 0.1785322246393767 0.6905612037122871 0.21680937500000005 0.7066203124999999
0 0.44189028536584907 0.2692094121456577 0.401882998407043 0.2529870677113734 0.215119275541194 0.7135807805657158 0.2551265625000001 0.7298031250000001
0 0.4808054436596085 0.26460593744538524 0.4527420693253969 0.253237166799119 0.2558335006657885 0.7392984168537339 0.2838968750000001 0.7506671875000002
0 0.5091975551312433 0.27687732468384985 0.47963448627617067 0.2652232263768949 0.2872306811449275 0.7532959016930452 0.3167937500000001 0.76495
0 0.5248658776944664 0.3266223419993252 0.49995478170329094 0.31655101192146096 0.3171560915088246 0.7686974199221356 0.34206718750000004 0.7787687499999999
0 0.5474718824854935 0.33815672356590126 0.5263845644425175 0.3296686454599428 0.34475468750000005 0.7809 0.3658420055429761 0.7893880781059586
0 0.5990965089037099 0.2990397288463979 0.5672691018122792 0.2864749772989866 0.3635967435166062 0.8023915106492725 0.3954241506080369 0.8149562621966837
0 0.6303859375000003 0.33868593750000014 0.5989163758090245 0.32586060184164195 0.3964710633090243 0.822601226841642 0.4279406250000001 0.8354265625000001
0 0.6643933227287532 0.3571570247856323 0.6342842754136482 0.3446375837735079 0.43104718722710816 0.8334193990691343 0.4611562345422131 0.8459388400812587
0 0.7081640473794238 0.4152427090616862 0.6557775641726231 0.3929568488826837 0.4638463292931993 0.8441219523209973 0.5162328125 0.8664078125
0 0.7714054961598515 0.4415453263427304 0.7145593750000001 0.4166656250000001 0.5134320038401486 0.8762093611572699 0.5702781250000001 0.9010890625000002
0 0.8205697894216086 0.42058009275825936 0.7892567895147918 0.4068972423432088 0.5711432500931831 0.9060468370849495 0.60245625 0.9197296875
0 0.862339109170267 0.45092008454971755 0.8169237960931921 0.43082475759971217 0.5952382451577821 0.9318327145960421 0.640653558234857 0.9519280415460475
0 0.9057381147752006 0.47013324597131234 0.8638359375 0.45136718750000016 0.63952466879306 0.9522251892243301 0.6814268460682605 0.9709912476956422
0 0.9638946608415129 0.44326900954709103 0.9432171076998885 0.4338715668993539 0.6896203125000001 0.9918703125 0.7102978656416244 1.0012677551477371
0 0.9934310414329778 0.45453578550100493 0.9706609374999999 0.4440609375000001 0.7155015704879159 0.998723430529077 0.7382716744208937 1.0091982785300817