0 0.19148543125 0.8344184031250002 0.10934392198353153 0.3852667817615537 0.08004506406249999 0.390625 0.1621865733289685 0.8397766213634466
0 0.21914784062499998 0.8300781249999998 0.14063426626371545 0.3828760497872869 0.115038553125 0.3873697921875 0.19355212748628453 0.8345718674002128
0 0.2492510515625 0.8279079859375 0.1739662268032011 0.38263513222626677 0.1459630328125 0.3873697921874999 0.22124785757179893 0.8326426458987332
0 0.27528626093749997 0.8224826390625 0.20501339183261083 0.380035179538484 0.17932891875000004 0.38411458281250005 0.24960178785488923 0.826562042336516
0 0.30538947187500004 0.8213975703124999 0.2409007299648916 0.3804791202656781 0.20862579375 0.3851996531250001 0.27311453566010846 0.826118103171822
0 0.33549268281249994 0.8235677078125001 0.27921124275110093 0.377555851581759 0.24443308437499994 0.3819444453125 0.30071452443639907 0.8279563015432411
0 0.3665293284532225 0.8235201821056337 0.31507386425927775 0.3780068743197741 0.28098146406249996 0.38194444531249994 0.3324369282564447 0.8274577530983596
0 0.39767360975623645 0.8258820948196982 0.3517416848664741 0.3762939285561788 0.31767527187500005 0.3797743046875 0.3636071967647624 0.8293624709510194
0 0.42661591718749997 0.8224826390624997 0.3867495015625 0.3743489578125 0.3533664989844742 0.37731874274782057 0.3932329146094742 0.8254524239978205
0 0.456085157844697 0.8214207866619582 0.41926949663785384 0.3718855571156029 0.389190303125 0.3743489578125 0.42600596433184307 0.8238841873588554
0 0.48685549719988863 0.8186679687844727 0.45834632812500004 0.366753471875 0.4241456478952356 0.3689110326122956 0.45265481697012433 0.8208255295217682
0 0.5185527500000001 0.810546875 0.4957719421875 0.361328125 0.46077433841212423 0.36310292555208035 0.48355514622462437 0.8123216755520805
0 0.5356593231650877 0.8066866253116519 0.5161119500000001 0.3591579859375 0.4983258726731997 0.35993485485729976 0.5178732458382874 0.8074634942314518
0 0.5486559609375 0.8083767359375 0.5364519578125 0.3591579859375 0.5178548318318001 0.3596632172609576 0.5300588349568002 0.8088819672609577
0 0.5959375313660169 0.8979292947359658 0.5893359765625001 0.5479600703125 0.5503546674611036 0.5486953842498031 0.5569562222646205 0.8986646086732689
0 0.6365342130928223 0.8928519710455193 0.6348975921875001 0.5436197921875001 0.5943536166559451 0.5438097950622546 0.5959902375612673 0.8930419739202738
0 0.6340839921875 0.5078125 0.6324197875472911 0.40016720296384556 0.617968240625 0.400390625 0.619632445265209 0.5080359220361544
0 0.6544302396587293 0.8007003207922644 0.6519832000000001 0.4069010421875 0.6358522827400109 0.4070012785170503 0.6382993223987401 0.8008005571218145
0 0.6731368078125 0.8083767359375 0.6715093655586741 0.39815981671622397 0.6562169390625001 0.3982204859374999 0.6578443813163259 0.8084374051587762
0 0.6902224125 0.400390625 0.6757481890625 0.400390625 0.6757481890625001 0.8072916671874999 0.6902224125000002 0.8072916671874999
0 0.7544968359375002 0.3396267359375001 0.7003689837883209 0.337809460436114 0.6830602123441517 0.8533540880389896 0.737188064493331 0.8551713635403757
0 0.8155168593750002 0.33528645781250016 0.7606384634142589 0.3313043359885716 0.7230812833036178 0.8488871454585565 0.7779596792643588 0.8528692672824849
0 0.8448064703125002 0.34505208281250016 0.8152993756246918 0.342571266151611 0.775086175564022 0.8208713036338953 0.8045932702518306 0.8233521202947844
0 0.8846728843750002 0.34288194531250016 0.8520791200897635 0.33959739760027857 0.8035821221971322 0.8208507866049155 0.8361758864823688 0.8241353343171373