0 0.09198588750000007 0.9671891265625 0.07891227611641147 0.11304653553714905 -0.0038902155231001906 0.11431392064200407 0.009183395860488408 0.968456511667355
0 0.13358912873684697 0.9617022920275465 0.11387803861408426 0.22144131046900903 0.0706488864397373 0.2225923825039624 0.09035997656250001 0.9628533640624999
0 0.16352594999999998 0.9596015437499996 0.14970571093750001 0.22252211249999995 0.11390761721099132 0.2231933267440918 0.12772785627349129 0.9602727579940916
0 0.19441825000000001 0.9628533640624999 0.17975377211110663 0.15685024981189888 0.14482797812499998 0.15748569218750003 0.15949245601389336 0.9634888064381011
0 0.2221315922676721 0.9622860854166133 0.20661257812500006 0.15965357187499998 0.17727332491982797 0.16022085052088664 0.19279233906249998 0.9628533640624999
0 0.26189353593750003 0.970440946875 0.24807329687499996 0.1423105265625 0.20586564643904973 0.1430149081490032 0.21968588550154983 0.9711453284615033
0 0.2968506109375001 0.9661051859375 0.28621206315236236 0.22849912700023917 0.24969920625 0.22902575468749994 0.2603377540351377 0.9666318136247607
0 0.322052225 0.9574336625 0.31067085 0.23227757500000004 0.2797861579867319 0.23276231237947145 0.2911675329867319 0.9579183998794714
0 0.3562051844689512 0.9578967649802982 0.34230221962953095 0.22949043614030584 0.3097751695355798 0.2301112742850079 0.32367813437500004 0.9585176031250002
0 0.3928834272915188 0.958769007872475 0.37640514906979833 0.23262619491586173 0.3397180670907795 0.23345873079338678 0.3561963453125 0.9596015437500001
0 0.4229152221764886 0.9566501810316593 0.4040465072402191 0.13298979906182778 0.3698458397512304 0.13377328053016857 0.38871455468749994 0.9574336625000001
0 0.45134618612483307 0.9568312480467117 0.4334270937500001 0.1336390046875 0.4041509817951566 0.13427628153106458 0.4220700741699896 0.9574685248902762
0 0.4977021081570345 0.9527285643008774 0.49107919962615343 0.16460246662871528 0.43505300468749997 0.165073275 0.44167591321838107 0.9531993726721621
0 0.5237583840806745 0.9579537554896491 0.5082189781250002 0.14881416875 0.4781299135327931 0.14939202478026645 0.4936693194884675 0.9585316115199156
0 0.60170883125 0.9498460796875001 0.5813052479180632 0.20878792974606486 0.5058471453082103 0.2108655206676297 0.5262507286401472 0.9519236706090648
0 0.640730684375 0.9498460796874998 0.6317881765625 0.147730228125 0.5935356962860345 0.14815669158791928 0.6024782040985345 0.9502725431504191
0 0.6854432234375001 0.9541818421875001 0.6788641965128492 0.07368875800250425 0.6325445309282722 0.07403485762837902 0.6391235578529231 0.9545279418133749
0 0.722026209375 0.948762140625 0.7114577906250001 0.2507045609375 0.6846528218029918 0.2511103815221264 0.6952212405529916 0.9491679612096264
0 0.7505348669532508 0.9493575852101577 0.7366483702256119 0.2544881660452428 0.7090189250000001 0.25504032187500003 0.7229054217276389 0.949909741039915
0 0.7887357040619538 0.9523230333988444 0.774043265277716 0.18069795418919649 0.7333483393407622 0.18147282235285211 0.7480407781249999 0.9530979015624998
0 0.8342658867239046 0.9464445045814432 0.8170621775532396 0.2768651825301331 0.7690459658293352 0.27809887794869 0.7862496750000001 0.9476782000000001
0 0.892771219966108 0.9482909620868692 0.8854166935674144 0.1104196838549449 0.8317372392263065 0.11089086239307575 0.8390917656250002 0.948762140625
0 0.9464174213933608 0.9507737394824552 0.9439528819274212 0.11721167701410078 0.8870561265625 0.11737990000000002 0.8895206660284396 0.9509419624683544
0 0.9863428288410188 0.9468253119761 0.9707477700712215 0.27596419438238395 0.9340586224802025 0.2768170824062838 0.9496536812499998 0.9476781999999998