0 0.7115159919184089 0.06917163777607223 0.7107846802915846 0.02465315513135368 0.1658452508731757 0.03360495485528146 0.1665765625 0.0781234375
0 0.7056308057598404 0.11943787540643018 0.705446875 0.0726828125 0.16378013174015954 0.07481368709356984 0.16396406249999998 0.12156875
0 0.7000694099913456 0.1631107184372019 0.7000109375 0.12122812499999999 0.16121343917223202 0.12198034279437393 0.1612719116635776 0.16386293623157583
0 0.6580109375000001 0.16657500000000008 0.15872167796534914 0.16589495983348013 0.1586564766288976 0.21376614244927925 0.6579457361635485 0.2144461826157992
0 0.6558046874999999 0.21896875000000007 0.15785900106100328 0.21207576986180526 0.15720819053379548 0.2590900203333147 0.655153876972792 0.26598300047150947
0 0.6863140625 0.2777890625000001 0.16809531250000004 0.2645375000000001 0.16692101769710443 0.3104597514241668 0.6851397676971045 0.32371131392416685
0 0.6609046875 0.3236953125000001 0.15641930451664735 0.30099156771730373 0.15390211701664733 0.35692438021730377 0.6583875 0.3796281250000001
0 0.6284500000000001 0.3831765625000001 0.15202343750000008 0.3531515625 0.1463785359986999 0.4427229536045972 0.6228050984986999 0.4727479536045972
0 0.6827209120859987 0.4842626723843157 0.14495943647347037 0.4345031734113067 0.14111508688747168 0.4760498760269911 0.6788765625000001 0.525809375
0 0.6802069939493798 0.5268239042939589 0.1459078125000001 0.47739843750000005 0.14165550605062038 0.5233667207060413 0.6759546875000001 0.5727921875000002
0 0.6449781250000002 0.5736484375000002 0.14332519590051984 0.5193721309320357 0.13711582090051982 0.5767627559320359 0.6387687500000002 0.6310390625000002
0 0.6446815991817714 0.6379561708352156 0.14062343750000003 0.57854375 0.13377933831822886 0.6366094541647845 0.6378375000000002 0.6960218750000001
0 0.6398290928622145 0.7063407517504128 0.13213281250000009 0.6348437500000002 0.12449278213778565 0.6890951857495873 0.6321890625000001 0.7605921875
0 0.6007062785928978 0.7561486625411944 0.14667031250000007 0.6860281250000002 0.14342497140710245 0.707041962458806 0.5974609375000002 0.7771625000000002
0 0.6003666545533687 0.7793356514883685 0.1448906250000001 0.706371875 0.14068803294663165 0.7326065360116317 0.5961640625000002 0.8055703125000002