0 0.03833084062500001 0.9043205859375 0.033451671971198964 0.22774249405738872 0.0058126296875 0.22794181406249997 0.010691798341301044 0.9045199059426114
0 0.06028063281250005 0.9032366453124998 0.05702296937238453 0.2267287160268391 0.030201287499999997 0.22685787343749997 0.033458950940115514 0.9033658027231608
0 0.08141746875000003 0.136890825 0.05540290000000002 0.136890825 0.05540290000000007 0.9075724078125 0.08141746875000007 0.9075724078125
0 0.10743203750000001 0.9108242281250002 0.10580612656250002 0.1314711234375 0.07979845505701118 0.13152538145906345 0.08142436599451118 0.9108784861465636
0 0.1423967545140452 0.16986216304108895 0.10499317187500001 0.1694090359375 0.09604302204845491 0.9082032197714109 0.1334466046875001 0.9086563468749999
0 0.16677777031250013 0.16832509531249998 0.13751979294951983 0.16813232680489748 0.1326409324722694 0.9086349699797497 0.1618989098352497 0.9088277384873521
0 0.20093100532908253 0.13584983183301794 0.160274128125 0.13580688437500002 0.1594611736892769 0.9054028090491117 0.2001180508933594 0.9054457565071298
0 0.22206485191766193 0.13063828751105255 0.18791460781250002 0.1303871828125 0.18222453718388643 0.9042369039164276 0.21637478128904833 0.9044880086149802
0 0.2553898937500001 0.1325550640625 0.20826082188041833 0.13225844754353355 0.20336793375109297 0.909684051148824 0.2504970056206748 0.9099806676677906
0 0.28467109853078887 0.25632659167805444 0.25379689351499357 0.2560938715530432 0.24888625156250016 0.9075724078124999 0.2797604565782954 0.9078051279375112
0 0.3041805959576484 0.9053394566571284 0.3025547053439187 0.2549833814756354 0.2765267500112703 0.255048451381007 0.278152640625 0.9054045265625001
0 0.326117 0.9086563468749999 0.32203777496925 0.25380455017038406 0.2952653073316084 0.2539713221341658 0.29934453236235836 0.9088231188387816
0 0.3399418320089321 0.13800075278305926 0.31554858281250003 0.13797476562500002 0.3147298647268572 0.9064772020665639 0.33912311392328925 0.9065031892246231
0 0.35782225625 0.9054045265625001 0.3561870038870031 0.1379262853450008 0.33343359843750003 0.13797476562499997 0.335068850800497 0.9054530068424993
0 0.37896687594872636 0.14366774344824257 0.3505056578125 0.1433944671875 0.3431812771762737 0.9062151909267575 0.3716424953125001 0.9064884671875
0 0.39603115312500003 0.23769727656250011 0.36676476406249997 0.23769727656250011 0.3667647640625 0.9043205859375 0.3960311531250001 0.9043205859375
0 0.4309963126049114 0.23774410961630368 0.3935922875000001 0.23769727656250011 0.3927617034348255 0.9010575467651911 0.43016572853973695 0.9011043798189947
0 0.4675756025442773 0.8965410707461151 0.4643239379694896 0.23536944886416925 0.42529769792521244 0.2355613812430543 0.4285493625000001 0.8967330031250003
0 0.5122891117671592 0.8955930734134947 0.5114666555123568 0.23872422054418313 0.46594530468750006 0.23878121718749998 0.46676776094230243 0.8956500700568115
0 0.5358594562500003 0.1889199609375001 0.5122990852035164 0.1886526344698322 0.5041695320785162 0.9051372000948321 0.5277299031250001 0.9054045265624999
0 0.5626869796875001 0.18783602187500006 0.5365494711852907 0.1872973098404782 0.5219162758727905 0.8972782317154782 0.548053784375 0.89781694375
0 0.5854497265625 0.1520659906250001 0.5569998465181094 0.15174799647493492 0.5488064749700835 0.8847817257202351 0.5772563550144743 0.8850997198703003
0 0.6294043392232247 0.12222185943863557 0.6041476984374999 0.12171566093750008 0.5885712535467531 0.8988982729794877 0.6138278943324779 0.8994044714806233
0 0.6448024005358919 0.12294372084530832 0.6196261720530736 0.12275782040092313 0.6139031609375002 0.89781694375 0.6390793894203185 0.8980028441943853
0 0.673315399290771 0.11776412300458021 0.6504861468750001 0.11737990000000009 0.6373338819835845 0.8988437151958685 0.6601631343993555 0.8992279382004487
0 0.748040778125 0.18241632031250007 0.6675582078125 0.18241632031250007 0.6675582078125001 0.8891454218750001 0.7480407781250001 0.8891454218750001
0 0.7944232224787389 0.15157456144480078 0.7586091953125 0.15098205000000012 0.7463621956704188 0.8912451820209808 0.7821762228366577 0.8918376934657815
0 0.8277992308096469 0.1527545999829759 0.79112740625 0.1520659906250001 0.7772100187318042 0.8932351128340754 0.813881843291451 0.8939237221920513
0 0.8619518918550257 0.24151019866587276 0.8277103921875 0.2409490984375001 0.8169646188760717 0.8967167753421096 0.8512061185435975 0.8972778755704823
0 0.8911209031249999 0.2507045609375001 0.8651229689623567 0.25004694029691443 0.8487971048701036 0.895462722016703 0.8747950390327468 0.8961203426572887
0 0.9155548147082921 0.23815960970910582 0.8870561265625001 0.23769727656250011 0.876435395310861 0.8923700164317265 0.904934083456653 0.8928323495783325
0 0.9521000457515191 0.20135278592355815 0.9130706953125 0.20084330468750014 0.9040302656476668 0.8933950073529283 0.9430596160866859 0.8939044885889864
0 0.972416428125 0.1585696328125001 0.9447861611277644 0.15844646671591678 0.941524128125 0.8902293625000002 0.9691543951222356 0.8903525285965836
0 0.997629102781112 0.1600737830950393 0.9724164281250001 0.15965357187500012 0.9602060711641984 0.8922750317660334 0.9854187458203103 0.8926952429860725