0 0.8173923168011124 0.07862657467049725 0.8094175270328995 0.032912291097444556 0.22130192240774602 0.13550819635309885 0.22927671217595896 0.18122247992615154
0 0.8228447324270654 0.12603606346503732 0.815482152922711 0.08220846456598915 0.22908117049564564 0.18071771360095185 0.23644375 0.2245453125
0 0.7754956290394031 0.1622823762142388 0.7707010669338905 0.13397200286510585 0.23132781330771696 0.22531868101275537 0.2361223754132295 0.2536290543618883
0 0.7783817341815479 0.18963957097589737 0.7743395469541883 0.16493848947830062 0.2382783565320866 0.25266176172523513 0.24232054375944617 0.2773628432228319
0 0.8362711235310083 0.219106131267263 0.8307828125000001 0.18488125000000002 0.23940856396899174 0.279714181232737 0.244896875 0.3139390625
0 0.8424756044125962 0.258290215166418 0.8369390625000002 0.22284531250000006 0.24615252058740392 0.3151269723335821 0.2516890625 0.35057187500000003
0 0.8500697627969329 0.29543004695072456 0.8447749999999999 0.26105625 0.2506849247030672 0.3525668280492754 0.2559796875 0.386940625
0 0.8563015789953543 0.33460983438741854 0.8509515625000003 0.299153125 0.2546325264048768 0.3891309242577763 0.2599825429002307 0.4245876336451948
0 0.8626170847534208 0.38116579744783835 0.8566100021628891 0.3396465829945884 0.2596554174094683 0.42601516054675 0.2656625 0.46753437499999995
0 0.868765625 0.4259078125000001 0.8631171698990052 0.38541942158959647 0.2634140625 0.46908281250000006 0.26906251760099476 0.5095712034104036
0 0.8819328125000002 0.4728203125 0.8761768602347916 0.4293589154781568 0.2678627977347915 0.5099229779781569 0.2736187500000001 0.5533843750000002
0 0.8892781250000003 0.5192359375000001 0.8838955864504717 0.4769807268056919 0.2751565239504716 0.554522914305692 0.28053906250000005 0.596778125
0 0.9058312500000001 0.5902359374999999 0.8993083102338361 0.5301579272673168 0.2825083102338359 0.5971266772673167 0.28903124999999996 0.6572046874999999
0 0.915978125 0.6565921875 0.9099851586201202 0.5946993267064815 0.2897492211201202 0.6547555767064814 0.29574218750000003 0.7166484375
0 0.8599598413698007 0.7014447023441104 0.8573676986163001 0.6715271277430187 0.29701410724649924 0.7200777378989083 0.29960624999999996 0.7499953125000001
0 0.8671281249999998 0.7417140625 0.8648293782853923 0.7100844349567635 0.3018934407853924 0.7509969349567636 0.3041921875 0.7826265625000002
0 0.8720546874999998 0.7767625 0.8697921578186285 0.7456300120851405 0.3068562203186287 0.7865409495851405 0.30911875 0.8176734375000001
0 0.9058624999999999 0.8009718749999999 0.9041024746906359 0.7774668745876296 0.312875912190636 0.8217371870876296 0.31463593749999996 0.8452421874999999
0 0.9112546874999999 0.8334890625 0.9096370408089458 0.8070840062407726 0.3188212035656942 0.8432790165735001 0.32043885025674845 0.8696840728327275