0 0.11254752424873235 0.0958883948022143 0.06940715784945385 0.09538120789043034 0.062010698169555754 0.7245101803356221 0.10515106456883427 0.7250173672474061
0 0.1589163229051939 0.10247642530789132 0.11342923940112579 0.10182280965744324 0.1044360621348108 0.7276851264476304 0.1499231456388789 0.7283387420980785
0 0.20448595254696728 0.10591103264678776 0.168749490625 0.10525173593750001 0.15729956776614323 0.7258823662603093 0.1930360296881105 0.726541662969597
0 0.2468277583909244 0.10937601482213817 0.210253396875 0.10850694531250002 0.19552610879657564 0.728297597677862 0.23210047031250003 0.7291666671875001
0 0.27608182157706895 0.04819046318538327 0.2467822596664213 0.047700703420720005 0.2353449209018524 0.7319321152353366 0.2646444828125001 0.7324218749999999
0 0.30863117125501965 0.053700393107870746 0.2801240076490713 0.05315319128473343 0.26705413014405177 0.7340448122393629 0.2955612937500001 0.7345920140625002
0 0.3403651389973223 0.06023164214454609 0.3134605621863561 0.059675810234168604 0.2995424429431599 0.7333706831831648 0.3264470197541261 0.7339265150935422
0 0.371237316981113 0.06336002152427114 0.34354603513144766 0.06288965521734331 0.3321444353378347 0.7341216477555721 0.35983571718750007 0.7345920140625
0 0.4225799517341726 0.17856912338402525 0.3762530174874678 0.17780644387628028 0.3671581203125001 0.7302517359375 0.4134850545592048 0.731014415445245
0 0.4737774319980099 0.17974436630686746 0.4259109500000001 0.17903645781250008 0.4177110893716118 0.7334845033973829 0.46557757136962163 0.7341924118917504
0 0.5022157703125 0.12586805468750004 0.47718048125 0.12586805468750004 0.4771804812500001 0.7400173609375 0.5022157703125001 0.7400173609375
0 0.5656969548158085 0.16095599132856211 0.5128002697898884 0.16058322180250212 0.5087119055990799 0.74072966016144 0.5616085906250001 0.7411024296875001
0 0.6283411945911133 0.16081265078014848 0.5713901886496874 0.16057229801218026 0.5689309937500002 0.7432725703125002 0.625881999691426 0.7435129230804683
0 0.7000007386986191 0.16689653158462253 0.6375902040343299 0.1660085563348523 0.6293614703125001 0.7443576390625002 0.6917720049767894 0.7452456143122703
0 0.7724800252137496 0.17169342631215095 0.7074681290965812 0.17030330750133021 0.6951237906250001 0.7476128468750002 0.7601356867421686 0.7490029656858208
0 0.8131097506504983 0.13612889976673848 0.7903672060077988 0.13559227702056942 0.77567021875 0.7584635421875 0.7984127633926995 0.7590001649336691
0 0.844835135464599 0.17220710298914865 0.8173497515625001 0.1714409718750001 0.8010184205019393 0.7573366437022035 0.828503804404038 0.7581027748163521
0 0.880625562198896 0.17467136088124074 0.8515294390625 0.1736111109375001 0.8302592702259238 0.7573220134983719 0.8593553933623198 0.7583822634421125
0 0.9205544102859786 0.135251871751166 0.8896835457071601 0.13448566841243834 0.8741158546875003 0.7617187500000002 0.9049867192663188 0.7624849533387278
0 0.9554758859374999 0.13888888906250013 0.9229243936853011 0.1381208187650726 0.9082795874353012 0.7587805406400726 0.9408310796875 0.7595486109375001