0 0.13803805600427674 0.2309155049196026 0.08083750000000002 0.22500312500000003 0.03415100649572335 0.6766813700803974 0.09135156250000008 0.68259375
0 0.21105403146790805 0.2252903501509768 0.15112968750000003 0.21677968750000004 0.08507409353209207 0.6818830873490234 0.1449984375000001 0.69039375
0 0.26604587577331457 0.24517306391346563 0.210221875 0.23608437499999999 0.13525099922668551 0.6965659985865343 0.19107500000000008 0.7056546875
0 0.3288601799833709 0.2884156505465955 0.2622328125000001 0.27550937500000006 0.1769460700166292 0.7157937244534046 0.24357343750000005 0.7287000000000001
0 0.39808286063091736 0.312016122176298 0.33185937499999996 0.29679687499999996 0.23161713936908268 0.732980752823702 0.297840625 0.7482
0 0.4851109375000001 0.3300312500000001 0.41054531250000015 0.3097109375000001 0.2933218521684066 0.7398637997794545 0.3678874771684066 0.7601841122794545
0 0.5572296875 0.3507656250000001 0.4846078125 0.3286390625000001 0.3544932640230189 0.7556896933956382 0.4271151390230189 0.7778162558956382
0 0.5895187500000001 0.36814218750000016 0.5616693823745892 0.35911101477595847 0.42162752868276127 0.7909571532099435 0.44947689630817217 0.7999883259339852
0 0.6384203125000002 0.38433125000000024 0.5925200672283834 0.3679692936754705 0.44031295474112947 0.7949563639670376 0.4862132000127463 0.8113183202915675
0 0.6927812500000001 0.4017390625000002 0.6419202603566493 0.38257936488845307 0.48155107135915803 0.808292537720483 0.5324120610025089 0.82745223533203
0 0.7538078125000001 0.40475156250000016 0.7032062198026139 0.38321645717250885 0.5156669412184114 0.8238823394779452 0.5662685339157975 0.8454174448054363
0 0.819696875 0.3927062500000001 0.7770097594287607 0.37373825560328516 0.5684264504334621 0.8431510797053343 0.6111135660047013 0.8621190741020491
0 0.8453218750000003 0.4364437500000003 0.8113463388148613 0.4203349646119687 0.6066960836632214 0.8519691307961195 0.6406716198483604 0.868077916184151
0 0.8868937499999999 0.4515531250000001 0.8548411347507111 0.43547808855640185 0.6386934967750619 0.8664629327515836 0.6707461120243507 0.882537969195182
0 0.9429031250000002 0.47865937500000005 0.8944289807257219 0.4525098849290926 0.6679811492168636 0.8722834570099549 0.7164552934911418 0.8984329470808623
0 0.9982515625000001 0.4980562500000002 0.9532340207430865 0.4725416276594593 0.7152976993271385 0.8923522030176277 0.7603152410840521 0.9178668253581688