0 0.8155109375 0.15978125000000007 0.23178620368893416 0.04355938468537769 0.22275 0.08894375000000003 0.806474733811066 0.2051656153146224
0 0.8021634151047902 0.2140342935735514 0.22665858609574183 0.09042708597067894 0.21663281250000002 0.13710625000000004 0.7921376415090483 0.26071345760287246
0 0.7813375 0.2556265625000001 0.21614218749999997 0.13824062500000003 0.2108481509184613 0.1637306004077373 0.7760434634184613 0.28111653790773733
0 0.7771703125000002 0.2819359375000001 0.21169687500000003 0.16630312500000005 0.20654322200109282 0.19150577997281976 0.7720166595010929 0.3071385924728198
0 0.7097016565104994 0.3000232720591215 0.21420362442834578 0.19546438234710709 0.20802812500000006 0.22472968750000005 0.7035261570821536 0.3292885772120144
0 0.705904231829814 0.3326943673967382 0.20777239412482987 0.22399998553935596 0.2018703125 0.2510484375 0.7000021502049842 0.3597428193573822
0 0.7733019024931057 0.38355062947224144 0.20032788188411582 0.2516018217352854 0.19176184983612962 0.2887989280023202 0.7647358704451196 0.42074773573927626
0 0.766084375 0.42761093750000007 0.1945971271042676 0.29190357085818835 0.18514638412908369 0.3317022879588836 0.7566336320248161 0.4674096546006953
0 0.6893921875 0.45771562499999996 0.18716521891735352 0.33490230793260506 0.18100000000000002 0.3601140625 0.6832269685826465 0.48292737956739507
0 0.7589562500000001 0.5028953125000001 0.18390392668765726 0.36416625610534326 0.17661711314272552 0.39437116895817964 0.7516694364550685 0.5331002253528365
0 0.75456875 0.538159375 0.17550374789002524 0.398363424654945 0.16879063284395607 0.42617059624125736 0.7478556349539308 0.5659665465863124
0 0.7488848887368624 0.5761503086643376 0.1690834207185441 0.43228091776570043 0.16145500030912316 0.46302386680035196 0.7412564683274414 0.6068932576989892
0 0.688634375 0.598734375 0.16703429260684305 0.4737160197187108 0.15869531250000005 0.5085078124999999 0.680295394893157 0.6335261677812891
0 0.6821062499999999 0.6399515625000001 0.16029487152396577 0.5112231378871515 0.15127500000000008 0.5477859375 0.6730863784760343 0.6765143621128487
0 0.6215875000000001 0.6663265625000002 0.1532837294973705 0.5514146206417276 0.14599687500000005 0.5811109375 0.6143006455026296 0.6960228793582726
0 0.6167265625 0.6970203125 0.149248653727344 0.5841424920477437 0.14188906250000005 0.6146218749999999 0.609366971272656 0.7274996954522562
0 0.7858640625 0.7795453124999999 0.13175781250000007 0.6256031249999999 0.12808653355763003 0.6412025298200572 0.7821927835576299 0.795144717320057
0 0.6713203125000001 0.7685953125000001 0.1366760774611135 0.6442373549600413 0.13060476734084148 0.6703393513191701 0.6652490023797282 0.7946973088591288
0 0.6685203124999999 0.8014140624999999 0.14150095542211455 0.6744655072754755 0.13245625000000003 0.7120140625 0.6594756070778854 0.8389626177245246
0 0.6524390624999999 0.834825 0.13628370735528575 0.7123682433291963 0.12820937500000013 0.7464015625000001 0.6443647301447143 0.8688583191708037
0 0.6481921875000001 0.8692125 0.12406962450137853 0.7482575158834651 0.11722343750000006 0.7779234374999999 0.6413460004986216 0.8988784216165348
0 0.6573640625 0.9021296875000001 0.11675659929598863 0.8066044969123496 0.11211875000000013 0.8328515624999998 0.6527262132040116 0.9283767530876503