0 0.8306173039673425 0.13164103346047074 0.8275857186228197 0.08536670816938421 0.2699390625 0.12190000000000004 0.27297064784452285 0.1681743252910865
0 0.8299466279474625 0.18307165931943203 0.8269183959837427 0.13680548392227837 0.2745968750000001 0.17295624999999998 0.27762510696371995 0.21922242539715367
0 0.8313906121271261 0.24901911514832503 0.8270772570941549 0.18733516418612509 0.2772046875 0.22578593749999998 0.2815180425329712 0.2874698884621999
0 0.8350713719344718 0.3139805979974322 0.8305700286369364 0.25474644513249406 0.28620152087172973 0.2961142948492869 0.29070286416926516 0.3553484477142251
0 0.8354737399117184 0.35230716577207766 0.8330579594798865 0.31985798393532755 0.29080921956816796 0.3602273806632498 0.2932249999999999 0.39267656249999994
0 0.8390223456204497 0.39122615542187383 0.8370579893538606 0.36118183315936464 0.29580908123341076 0.3965697402374909 0.29777343749999996 0.4266140625000002
0 0.7601359412126729 0.4122251282283873 0.7590008874972807 0.39599297093465297 0.3032993212846076 0.4278584677062658 0.304434375 0.4440906250000001
0 0.7594703725897191 0.43429701509927643 0.7581984375 0.4156234375 0.3046043210885537 0.4465196206275528 0.3058762561782727 0.4651931982268292
0 0.8174307937133396 0.46856675319170893 0.8148921874999999 0.4330796874999999 0.30404195966952857 0.46962391952308824 0.30658056588286814 0.5051109852147972
0 0.8169643569384786 0.5093837441816427 0.8144671875 0.4736734375 0.3057276958216402 0.5092488449612679 0.3082248652601187 0.5449591516429105
0 0.7879238349903528 0.5309988934636551 0.7867296874999999 0.5125484375000001 0.31463338192032275 0.5431033798614995 0.31582752941067566 0.5615538358251546
0 0.7895687668097513 0.5545314789668512 0.7882546544681869 0.534234079422258 0.3150562499999999 0.5648703124999999 0.3163703623415643 0.5851677120445932
0 0.8431031250000001 0.6187375 0.31866698719978415 0.590363321105577 0.3169203125000001 0.622646875 0.8413564503002158 0.6510210538944231
0 0.8508626660928122 0.6997026783779291 0.8497562500000001 0.6672203124999999 0.3235435839071878 0.6851441966220707 0.32465 0.7176265624999999
0 0.8500436120113992 0.7339391315156085 0.8489386290365317 0.701355866628133 0.3270106420251325 0.7190557976125247 0.328115625 0.7516390625
0 0.8578641711374901 0.7578699264827689 0.8570833461689966 0.7392104406642577 0.3290675573158718 0.7613057928998617 0.3298483822843652 0.779965278718373
0 0.857859375 0.7831046875 0.8571369467189897 0.7652271815185299 0.33163906249999997 0.7864624999999998 0.3323614907810103 0.8043400059814699
0 0.8570332355945165 0.8248537611406214 0.8558059086981356 0.7900440843009099 0.3354664231036192 0.8083903231602886 0.33669375000000007 0.8432000000000001
0 0.8594781976375417 0.8687789929002847 0.8583734375000003 0.8371171875 0.3419014898624586 0.8551381945997154 0.34300625 0.8868