0 0.0904251699650456 0.9262325488070537 0.052763606761016865 0.1653598172338598 0.01367656179597127 0.1672945418643063 0.051338125 0.9281672734375002
0 0.12450409687499997 0.9259993937500001 0.08604246856381297 0.16440459499902402 0.04798537285765237 0.16632653284846072 0.08644700116883937 0.9279213315994367
0 0.15867500008507332 0.9221773956325972 0.11877282685134802 0.15670714033756042 0.08304337968749999 0.1585696328125 0.12294555292122529 0.9240398881075368
0 0.175720278125 0.9281672734375 0.13507011454655193 0.02735964366380097 0.109870903125 0.028496792187499998 0.15052106670344806 0.9293044219611991
0 0.19604415937500003 0.9292512140625 0.156836013244291 0.02419649249985209 0.13263365000000002 0.025244970312499993 0.17184179613070905 0.9302996918751478
0 0.226936459375 0.9325030343749999 0.19265861311988414 0.012986196924551604 0.15458344218749998 0.014405567187500001 0.18886128844261588 0.9339224046379483
0 0.2570499559530118 0.9289997723915413 0.21961508549576797 0.016457000306894516 0.18706272329275617 0.017792382602853343 0.22449759375 0.9303351546874999
0 0.2888310506787996 0.928547036924037 0.2675842218750001 0.017657387500000003 0.22040791790272748 0.01875779176381909 0.24165474670652703 0.9296474411878561
0 0.32367813437500004 0.9325030343750003 0.30579311875 0.012237685937499998 0.2659312365566081 0.013012386829021338 0.28381625218160816 0.9332777352665216
0 0.3513186140624999 0.93575485625 0.33262064218750004 0.029580731250000002 0.2984686964343831 0.030285421555705107 0.317166668309383 0.9364595465557052
0 0.3823292972624767 0.9341008612229323 0.3641619566352087 0.023531728975330148 0.3326206421875 0.024161029687499995 0.3507879828147681 0.9347301619351022
0 0.4049736609375 0.934670915625 0.3919663765625 0.023077089062500004 0.36264409160163374 0.02349548077150158 0.3756513759766337 0.9350893073340016
0 0.42936231718749995 0.934670915625 0.4228339781321431 0.022879362748019084 0.3895278042023014 0.023117831721946976 0.39605614325765826 0.934909384598928
0 0.47326190156250003 0.9335869750000001 0.47001008125000004 0.14664628906250002 0.42122016145782154 0.14684790025767724 0.4244719817703215 0.9337885861951772
0 0.5025327858838138 0.14777451388535345 0.4602546171875 0.14773022812500006 0.45943146075387176 0.9335707846987058 0.5017096294501855 0.933615070459059
0 0.5334205906250001 0.15314993125000007 0.4968785306721215 0.15288676823371966 0.4911878431721215 0.9430792760462197 0.5277299031250001 0.9433424390625001
0 0.5619075523695873 0.1425503621732553 0.5326076359374999 0.14231052656250007 0.5260704663804128 0.9409347222017448 0.5553703828125002 0.9411745578125
0 0.5862626828125 0.14664628906250007 0.5561833375 0.14664628906250007 0.5561833375 0.9411745578125 0.5862626828125002 0.9411745578125
0 0.6342411203639333 0.07431542183666633 0.5911243647248648 0.07399164143696998 0.5846066443609315 0.9419347180378035 0.6277234 0.9422584984374998
0 0.6781478687405638 0.07575411050541797 0.6317881765624999 0.07510622656250007 0.6195726046969362 0.9491981957445821 0.6659322968750001 0.9498460796874999
0 0.7147358946648702 0.152898551914107 0.6724359390625 0.15206599062500006 0.6568668688507918 0.9430840061657918 0.699166824453162 0.9439165674548988
0 0.7496666875000002 0.15098205000000015 0.7131817270216438 0.15011395958709747 0.6944138067844815 0.9389106309202347 0.7308987672628379 0.9397787213331373
0 0.7847307733847928 0.14753127660733903 0.747227821875 0.1466462890625001 0.7284228422402073 0.9435413905801612 0.76592579375 0.9444263781250003
0 0.8455954078125002 0.032832553125000115 0.7871410173035299 0.031166394786784613 0.7611131044326955 0.9443123714859315 0.8195674949416658 0.9459785298241469
0 0.9285293551391571 0.04225715888569248 0.8512860953124998 0.03933619531250011 0.8171294636108426 0.9425893551768079 0.8943727234375001 0.9455103187500002
0 0.9976743052424546 0.005668578604094182 0.9325816203124999 0.002482223437500125 0.8865855580471053 0.9421160785862513 0.9516782429770598 0.9453024337528454