0 0.17896777053722082 0.700650880945622 0.15855673536002093 0.26366235217215706 0.11546909049120875 0.26567490714147973 0.13588012566840862 0.7026634359149446
0 0.23607679181604885 0.6866350259535752 0.1869521421132488 0.32243232135908484 0.16874400468749995 0.32488828437500006 0.21786865439030006 0.6890909889694903
0 0.25612079815586436 0.6864228677802939 0.20810517501156706 0.32328545278160753 0.190386665625 0.325628271875 0.2384022887692973 0.6887656868736863
0 0.2902469591557137 0.6876990689612933 0.24774812499522564 0.2984628223697894 0.21201394531249998 0.302364465625 0.2545127794729881 0.691600712216504
0 0.3269135946087425 0.6942250360931859 0.2912958755414424 0.30247685055221835 0.2546439734375 0.3058092390625 0.2902616925048001 0.6975574246034676
0 0.36486326660819096 0.6946682787671697 0.3303233655146482 0.3061360894978503 0.29237990937499997 0.30950920312499997 0.32691981046854274 0.6980413923943194
0 0.39685590020243583 0.700900862997358 0.37009500000000006 0.30887488281250003 0.33342152567979055 0.31137832706355945 0.36018242588222626 0.7034043072484174
0 0.426814851564213 0.7018889958855294 0.40488503906249995 0.3235233203125001 0.37614111933619954 0.3251892979919167 0.39807093183791264 0.7035549735649461
0 0.4516477453124999 0.7009638890625001 0.4317405078124999 0.326778528125 0.40887722906115975 0.32799488976723873 0.42878446656115976 0.7021802507047388
0 0.47495524062499994 0.7009638890625001 0.4573752734374999 0.3275923312499999 0.4349599452533961 0.32864774301270167 0.45253991244089614 0.7020193008252018
0 0.507751936395994 0.7053039725312772 0.49715285781250007 0.2984093625 0.46163240640304587 0.2993346243406055 0.47223148498653983 0.7062292343718826
0 0.5448819824966697 0.29944408393185246 0.5098655078125 0.2991092578125001 0.5059737186717113 0.706116740347462 0.5409901933558812 0.7064515664668144
0 0.5765092796875 0.35464857656250004 0.5513859979798019 0.35389495001445626 0.5408206936782431 0.7061053611054693 0.5659439753859413 0.7068589876535131
0 0.6059211546875002 0.3553885890625001 0.5813324876858711 0.3541515382243853 0.563574378310871 0.7071267147868852 0.5881630453125001 0.708363765625
0 0.6608602406250002 0.3391088109375001 0.6118613152694633 0.3356056657910806 0.585553341063711 0.7035785617130703 0.634552266419248 0.7070817068594898
0 0.7135795734375001 0.3413287734375001 0.6655015162208283 0.33738751909302567 0.6352346681938058 0.7066027800293351 0.6833127254104776 0.7105440343738095
0 0.7373129286261361 0.3569038233014078 0.7149013472058575 0.35504849305103237 0.6858663096356261 0.7057791020164195 0.7082778910559047 0.707634432266795
0 0.7619407031250001 0.3585168093750001 0.74024687936152 0.356537749140189 0.7083204283182972 0.7065052691490771 0.7300142520817773 0.7084843293838883
0 0.8034446093750003 0.38211707031250014 0.7610746228680626 0.37753904797699434 0.7264133842870256 0.6983317622462687 0.7687833707939633 0.7029097845817746
0 0.8504416796875001 0.3861860812500001 0.8054982176505894 0.3806423524329322 0.766114747904008 0.6999273564157755 0.8110582099409187 0.7054710852328434
0 0.890050525 0.3220890187500001 0.8700713379596177 0.3195067276640162 0.8195440278421495 0.7104365438120211 0.8395232148825318 0.713018834898005
0 0.91613273125 0.32356901875000016 0.89467396955766 0.3206207644200743 0.8412086005918498 0.7097665039123653 0.8626673622841899 0.712714758242291