0 0.7265078125000001 0.8884578125000001 0.09099400557458474 0.8494115699399586 0.08929531250000011 0.8770593750000002 0.7248091194254155 0.9161056175600416
0 0.728509375 0.8502703124999998 0.09910543173330764 0.815647002344902 0.09754103366274672 0.8440855979049189 0.726944976929439 0.8787089080600168
0 0.7279072720455486 0.8029907073436957 0.19275442154191674 0.7724761177681148 0.19043750000000004 0.813109375 0.7255903505036321 0.843623964575581
0 0.7310517046210829 0.7591536190819328 0.20221981067478395 0.732258612334227 0.20024062500000012 0.7711750000000002 0.7290725189462991 0.7980700067477061
0 0.7402953125 0.7083124999999999 0.1516962440541312 0.6880697121442079 0.15027343750000008 0.729440625 0.7388725059458688 0.7496834128557921
0 0.7592300523424825 0.6530422523724229 0.10663591598694204 0.6238043599761095 0.10394593794678215 0.6838450726286692 0.7565400743023226 0.7130829650249826
0 0.7644627714752422 0.6004131049486618 0.0657122775735425 0.5621486512769657 0.06300468750000007 0.6115921874999999 0.7617551814016997 0.6498566411716961
0 0.7669343750000001 0.55246875 0.07563867991832177 0.5072288672485679 0.07240312500000008 0.5566703125 0.7636988200816783 0.6019101952514322
0 0.7755308089399789 0.49272903927748857 0.0840341058819754 0.4408156848095189 0.08001718750000004 0.49432187499999997 0.7715138905580037 0.5462352294679697
0 0.7418208467622368 0.46093510350502775 0.21353915823463532 0.4207431815382742 0.2112078936663227 0.45138526886048547 0.7394895821939242 0.491577190827239
0 0.7498234375000001 0.4228468750000001 0.2310478209514403 0.38422088204672905 0.2285094631765244 0.41831290192815745 0.7472850797250842 0.45693889488142847
0 0.761107131882401 0.3616213490717851 0.2104865200178883 0.3113647397236821 0.20517118749096155 0.3696004958999038 0.7557917993554744 0.41985710524800685
0 0.7653425721355717 0.3016051374832938 0.2211657947677459 0.25072106693130036 0.2158390625000001 0.3076875 0.7600158398678258 0.35857157055199346
0 0.7661366402693142 0.24864018660652798 0.21653634808028496 0.18713375009570984 0.21075781249999997 0.23876875000000003 0.7603581046890293 0.30027518651081814
0 0.765503125 0.22732187499999998 0.36273124999999995 0.179328125 0.3604175135639217 0.19874540251248934 0.7631893885639218 0.2467391525124893
0 0.7667796874999999 0.20294687500000003 0.3626045367298651 0.15812866256716762 0.36053177536109593 0.17682103321868126 0.7647069261312307 0.22163924565151372
0 0.766590625 0.18582812500000007 0.3636751945823438 0.13938380663844802 0.3618 0.15565156250000006 0.7647154304176561 0.2020958808615521
0 0.7685909861249385 0.16569729611586442 0.36809218750000006 0.11850468750000002 0.3661171378716788 0.1352658928363245 0.7666159364966172 0.1824585014521889
0 0.7695281250000001 0.12976718750000002 0.28594727338841053 0.08050642061323496 0.28306309324913176 0.1088197087753889 0.7666439448607212 0.15808047566215394
0 0.7755234375000001 0.09830625000000004 0.3339096847919988 0.05149569932203375 0.33107143820480534 0.07827190059135916 0.7726851909128065 0.12508245126932543
0 0.7772560595196045 0.07480504018107306 0.34030447233410355 0.02226040870243494 0.33686875 0.05083125000000003 0.773820337185501 0.10337588147863815