0 0.08467125958263692 0.9954618606498169 0.06673817748606325 0.17380064544318335 0.019632868749999997 0.1748287375 0.03756595084657367 0.9964899527066334
0 0.12954707679336985 0.9966949495551753 0.11219871118761846 0.17498818850353173 0.06841018437499999 0.175912678125 0.0857585499807514 0.9976194391766438
0 0.1692424414725362 0.9945763671093533 0.15369156780618803 0.1673790248907038 0.10336726093750001 0.1683250953125 0.11891813460384817 0.9955224375311496
0 0.21479433283384458 0.9993014171493251 0.20417371250000005 0.19975936562500002 0.1488737155023661 0.2004939364602111 0.15949433583621062 1.0000359879845362
0 0.26083669375 0.9996639781249999 0.24644738593750004 0.1943396640625 0.1995927861549872 0.19517684884250625 0.21398209396748719 1.0005011629050062
0 0.30579311875000004 0.996455515625 0.288721059375 0.061015001562500004 0.2465010127550856 0.061785529599157486 0.26357307213008563 0.9972260436616576
0 0.3456279265625 0.9932036937500002 0.33830832498321767 0.06063217995797552 0.28953401406249996 0.061015001562500004 0.2968536156417823 0.9935865153545246
0 0.3838368234375 0.9975394546875 0.37561502627884763 0.19289947520787384 0.34066160066690815 0.19325662869603047 0.3488833978255605 0.9978966081756566
0 0.42448458593750005 0.9953715749999998 0.4122473726979255 0.19587359735327514 0.3708295390625 0.19650754374999996 0.3830667523020746 0.9960055213967248
0 0.45461139962628383 0.9907497271179782 0.4472243700009506 0.19185627890910054 0.4131032125 0.19217178281250002 0.42049024212533326 0.9910652310213777
0 0.5058922358604232 0.9888106525502988 0.48685764677966875 0.07846078840294021 0.4322775202942454 0.0796020092901413 0.4513121093749999 0.9899518734374999
0 0.553904215388209 0.9918442716240305 0.53016876875 0.066434703125 0.4771669330492908 0.06779412525096933 0.5009023796874998 0.9932036937499997
0 0.6090254296875 0.9801964093750002 0.5935792796875001 0.06643470312500002 0.5342504980570637 0.06743759179292394 0.5496966480570636 0.981199298042924
0 0.6285363546875 0.9812803500000001 0.6154633560284174 0.04656085557793142 0.589514503125 0.046923776562500005 0.6025875017840826 0.9816432709845687
0 0.6456110821044125 0.9801281027520423 0.6431551472992444 0.044689769431867025 0.6171379120698318 0.0447580760548246 0.6195938468749999 0.980196409375
0 0.679784720314643 0.9757080562233531 0.675681410642843 0.16598833829718435 0.6423565953125001 0.1661572140625 0.6464599049843001 0.9758769319886686
0 0.7228498322675818 0.9736213961642838 0.7212132546875 0.15314993125 0.67405122707834 0.15324400437785024 0.6756878046584218 0.9737154692921338
0 0.7740572918326786 0.9682230013694172 0.7732373632746746 0.07614010777921991 0.7187674151919963 0.07619017203480297 0.7195873437500001 0.9682730656250002
0 0.834214034375 0.07619016562500008 0.7740641167301723 0.07596929694242072 0.7707798085624563 0.9703960825840436 0.8309297262072839 0.9706169512666231
0 0.8992939404069844 0.03001811570005749 0.8359721569360774 0.029564196095512075 0.8293363031250001 0.9552657828125002 0.8926580865959071 0.9557197024170454
0 0.9570042543491899 0.036820444523896066 0.9025022765624999 0.03608437343750011 0.890117823745373 0.9530843545728553 0.9446198015320629 0.9538204256592513
0 0.9935532656249999 0.1585696328125001 0.9684300555689003 0.15804768242783673 0.9520925468750001 0.944426378125 0.9772157569310996 0.9449483285096634