0 0.09767657343750026 0.104372615625 0.023734759547742828 0.10271602458464482 0.006577449015735459 0.8685312628069009 0.0805192629054929 0.8701878538472559
0 0.17503390442169517 0.10390208190302179 0.09375262123510501 0.10215534950177088 0.07735269218750013 0.865298734375 0.15863397537409027 0.8670454667762509
0 0.2172210709263372 0.059466522469147486 0.17653323437499996 0.05884712031250002 0.1642069262805403 0.8685485455438139 0.2048947628318775 0.8691679477004615
0 0.25794797466382996 0.1461516854129779 0.2179939515625 0.14556234843750002 0.2072818441859606 0.8717882656881907 0.24723586728729058 0.8723776026636685
0 0.2992894765625001 0.1574856921875 0.2562354949540139 0.1572376854586504 0.25213807187500004 0.8685505546874998 0.2951920534834863 0.8687985614163495
0 0.34163046298850064 0.157004834555236 0.298476521875 0.15640175156250002 0.2885704003374509 0.8652398230113617 0.33172434145095153 0.8658429060040976
0 0.37735285735970736 0.14057640521418896 0.33912428437500003 0.14014264687500005 0.3309090704248475 0.8641769251914833 0.3691376434095549 0.8646106835306722
0 0.40985139218750016 0.13580688437500002 0.37085746080419046 0.13550087814858347 0.3651388531250001 0.8642147937500001 0.40413278450830986 0.8645207999764166
0 0.4423757204102225 0.8674315022473635 0.441551679990145 0.14227542734477824 0.4106532611424226 0.14231053915991462 0.4114773015625001 0.8674666140625
0 0.5204186810497923 0.03940975894904357 0.4358703298802616 0.03932475731485721 0.43505200039296926 0.8532903889908138 0.5196003515625 0.853375390625
0 0.6065865640625002 0.04909165781250007 0.5236753503054306 0.04817104204752673 0.5147226203125002 0.8544593312500002 0.5976338340695699 0.8553799470149736
0 0.6870969064215886 0.05334885024107616 0.6057736078124999 0.05234347968750007 0.5959518975502676 0.8468106278115368 0.6772751961593563 0.8478159983651128
0 0.7635568476842247 0.06201830565468337 0.6846302671875 0.061015001562500094 0.6747100083693404 0.841408615283348 0.7536365888660651 0.8424119193755313
0 0.8114512875000004 0.1553178109375001 0.7610606201842123 0.15489722117030355 0.7553699342467121 0.8366956961703036 0.8057606015625003 0.8371162859375
0 0.8456225469953503 0.8337069868368185 0.8431480490650337 0.1562444044872771 0.8000342817571834 0.1564018817129586 0.8025087796875002 0.8338644640625
0 0.8821783953125 0.8327805234375003 0.8698755644701274 0.05196091416706668 0.8341314859821173 0.052524108720627335 0.8464343168244899 0.8333437179910609
0 0.9090807954027044 0.8323525987767842 0.8975538544415578 0.06388985959376677 0.8690255434138534 0.0643177842544825 0.880552484375 0.8327805234375001
0 0.9415241281249997 0.8316965828124998 0.926890934375 0.0967850328125 0.885532945823193 0.09760853253785998 0.9001661395731928 0.8325200825378598
0 0.9748610809385647 0.8293115547924271 0.9699775625000001 0.09786897343749999 0.9333817339001728 0.09811330759071643 0.9382652523387375 0.8295558889456437