0 0.1466471156267778 0.7237232463552161 0.12690013883295034 0.12705206179501582 0.08052185357928374 0.12858696233377187 0.10026883037311118 0.7252581468939722
0 0.19054621875 0.72265625 0.17460670488837987 0.12825110874275664 0.1301818661016245 0.1294424011534245 0.14612137996324462 0.7238475424106678
0 0.2193026881365053 0.727021649523981 0.20391132423204258 0.18018483710456215 0.1752088408052564 0.18099270218853283 0.19060020470971914 0.7278295146079516
0 0.2436682002094602 0.72418660556342 0.2314034870251806 0.1811339239755301 0.20637966363518406 0.1816990809613219 0.21864437681946364 0.7247517625492118
0 0.2802456515625 0.7267252609374999 0.2686388270993241 0.12790901683493863 0.23398399374999995 0.12858072968749998 0.24559081821317585 0.7273969737900613
0 0.31746786562499996 0.72509765625 0.3083064401654091 0.12721727972002422 0.2724361421874999 0.12776692656250002 0.2815975676470908 0.7256473030924757
0 0.35407987812499997 0.7259114578125 0.3461412098635992 0.12486620390562361 0.3113658625 0.12532552031249997 0.31930453076140075 0.7263707742193763
0 0.39191696664246073 0.7271865882660572 0.38580660930782323 0.1241484053299255 0.349950790625 0.12451171874999997 0.3560611479596375 0.7275499016861317
0 0.43523650781249995 0.7275390624999999 0.43278853938779455 0.1243730628887438 0.3908378678858663 0.12454332102547247 0.39328583631057173 0.7277093206367287
0 0.47795052343750005 0.12451171875000007 0.43707044972440123 0.12447029653141442 0.4364569093750002 0.7299804687500002 0.477336983088099 0.7300218909685858
0 0.5262400328125002 0.11800130156250006 0.48239985439342636 0.11765252713271798 0.4775182512684263 0.731259299007718 0.5213584296875002 0.7316080734375001
0 0.5732254484375002 0.11718750000000004 0.5306324923147601 0.11663686567417819 0.52269989075226 0.7302436359866781 0.5652928468750001 0.7307942703125
0 0.6458392765625001 0.11067708281250006 0.5854380911332704 0.10877515491431618 0.5659116833207702 0.7288923424143161 0.62631286875 0.7307942703125001
0 0.7129613000000001 0.10986328125000008 0.6508364241824696 0.10718404918250372 0.6239876148074694 0.7297426429325038 0.686112490625 0.7324218750000001
0 0.7495803750886275 0.17157963181386066 0.7195922576601459 0.1699828346338976 0.6896853856965184 0.731638879382537 0.7196735031250001 0.7332356765625001
0 0.7904567296875001 0.17008463593750012 0.7588144518709529 0.1679589118068873 0.7209820378084528 0.7311099524318873 0.7526243156250001 0.7332356765625001
0 0.8258483421875003 0.17008463593750012 0.7947046719203625 0.167992408197559 0.7568722578578625 0.7311434488225589 0.7880159281250001 0.7332356765625
0 0.8545277531250001 0.1399739578125001 0.8310071262387799 0.13844565781294577 0.79256451061378 0.7300797734379458 0.8160851375 0.7316080734375002
0 0.8874785640624999 0.13916015625000008 0.8611059142444611 0.1370872344424457 0.8147230817632931 0.7271906305940636 0.8410957315813319 0.729263552401618