0 0.09690119174949433 0.8508423932578744 0.09599233726026044 0.30791863259311836 0.0462535625 0.3080018953125 0.047162416989233895 0.850925655977256
0 0.14483829522684064 0.3134768108204613 0.09782392271661192 0.3133939917659331 0.0968874546875001 0.8450042234374999 0.14390182719772882 0.8450870424920283
0 0.19899642187500002 0.28971578437500006 0.14927585904061402 0.28963507972656777 0.14838593905347353 0.8378974598710236 0.19810650188785953 0.8379781645194558
0 0.2474254375 0.289715784375 0.19810855000000005 0.289715784375 0.19810855000000008 0.8390842828125 0.24742543750000007 0.8390842828125
0 0.30377058062341056 0.28978007649803195 0.2520642255770544 0.2897155266097283 0.25138283125000005 0.83553238125 0.30308918629635623 0.8355969311383035
0 0.3348480369660546 0.831952784159695 0.33433950000000007 0.29237689531250005 0.3028804383588111 0.2924065447021274 0.30338897532486564 0.8319824335493223
0 0.3675433041517902 0.8319396253059448 0.3668102974784682 0.29204275879870273 0.33662163593749994 0.2920837453125 0.33735464261082193 0.8319806118197421
0 0.399662865625 0.2932677250000001 0.3694740890625 0.2932677250000001 0.3694740890625 0.8343483609375 0.39966286562500003 0.8343483609375
0 0.4310191875000001 0.2944517062500001 0.40143866875 0.2944517062500001 0.4014386687500001 0.8288352296875001 0.4310191875000002 0.8288352296875001
0 0.4749645000000001 0.8301373125000001 0.46980731093750006 0.29563568593749995 0.42895609181998573 0.2960298427556514 0.4341132808824858 0.8305314693181515
0 0.51065085 0.8319804015625 0.5101207499999999 0.27544981249999995 0.47691049974386274 0.2754814455386986 0.4774405997438628 0.8320120346011987
0 0.5443064914887876 0.8295207474810267 0.5426079304919305 0.2718613861697601 0.511538840625 0.27195601875 0.5132374016218572 0.8296153800612667
0 0.5825710984375 0.8236924984375001 0.5814098125 0.2975852296875 0.5443905505374633 0.29766694296326573 0.5455518364749634 0.8237742117132658
0 0.64738813125 0.29445170625000006 0.5879070189128648 0.2942556403127905 0.5861312751628648 0.8329683559377903 0.6456123875 0.8331644218750001
0 0.7024503010316419 0.8471634135483864 0.6988852283501918 0.21014181777424837 0.6615812132560499 0.210350588600862 0.6651462859374999 0.8473721843750001
0 0.7484020000000001 0.2115728437500001 0.7077656875 0.2115728437500001 0.7077656875 0.8426362640624999 0.7484020000000002 0.8426362640624999
0 0.8148082499999999 0.29888731250000006 0.7486110023564223 0.29866318261083713 0.7468334047774626 0.8236804731851899 0.8130306524210402 0.8239046030743529
0 0.8995684900416506 0.18722816737032524 0.8357830091391696 0.18669568139904552 0.8304332499999998 0.8275331453125002 0.8942187309024808 0.8280656312837799
0 0.9671520000000001 0.24680397968750012 0.9013351421995445 0.24628611180558285 0.8967733561614342 0.8260525608752239 0.9625902139618898 0.8265704287571412