0 0.23126757458827965 0.9038643620154414 0.1057623417104622 0.4305113596827913 0.06714197256197525 0.44075119844988936 0.1926472054397927 0.9141042007825394
0 0.2690457831284693 0.8930220099919464 0.14583212286726613 0.4190565101786107 0.10614084874087774 0.42937478686218605 0.2293545090020809 0.9033402866755218
0 0.29229687499999996 0.8865515624999999 0.17979507764894548 0.46667073115396407 0.15651539014894555 0.47290823115396396 0.2690171875 0.8927890624999998
0 0.3174125 0.8798218750000002 0.20235468750000002 0.4603062500000001 0.17789101956348977 0.46701574054281664 0.29294883206348976 0.8865313655428168
0 0.39826307213066126 0.8544838071361133 0.22621406249999992 0.43409531250000005 0.2064056778693387 0.44220213036388667 0.3784546875 0.8625906249999999
0 0.4263725175134028 0.8462747084807626 0.24542031250000002 0.393053125 0.21891582082026068 0.4036352472709086 0.39986802583366343 0.8568568307516712
0 0.4527049372350381 0.8417984638730814 0.2756082694150253 0.38348063263014476 0.2483078125 0.3940296875 0.4254044803200127 0.8523475187429368
0 0.48576080833495866 0.8400951832079671 0.28264195004752085 0.3188898708367724 0.2547546875 0.32975781249999997 0.45787354578743783 0.8509631248711946
0 0.5198881394826793 0.8331783706320642 0.31376250000000006 0.30995000000000006 0.28382592301732085 0.32174350436793586 0.4899515625000001 0.8449718750000003
0 0.5517833560609808 0.8240375899299192 0.3484187499999999 0.2971625 0.3188353939390191 0.30858116007008096 0.5222 0.83545625
0 0.5834941179530941 0.8128861377920382 0.3815203125 0.28808750000000005 0.3514246320469058 0.29967011220796175 0.5533984375 0.82446875
0 0.6207377623338791 0.7984293615669399 0.4566375000000001 0.3285765625 0.4229044251661209 0.34035813843306 0.5870046875 0.8102109375
0 0.654959375 0.7893765625 0.5126031249999999 0.31445625 0.47933052943245497 0.32442963249827406 0.6216867794324549 0.799349944998274
0 0.6773171875 0.7649999999999999 0.5657640625000001 0.404334375 0.5396998997487661 0.41239596613558094 0.651253024748766 0.7730615911355809
0 0.7096097057002178 0.7653078679659265 0.5970234375000001 0.3942734375 0.5679070772044952 0.4031084729578344 0.6804933454047128 0.774142903423761
0 0.7529328124999999 0.7604984375 0.6233175121074401 0.31586802599610253 0.5861675121074402 0.32669771349610255 0.7157828125 0.7713281249999999
0 0.793602400009544 0.7505436236306829 0.6642249999999998 0.302846875 0.6258304124904557 0.31394231386931704 0.7552078124999999 0.7616390624999999
0 0.8161992942413219 0.7390047980094507 0.6807309878608989 0.2648419670890208 0.6575211395934462 0.27147302003350193 0.7929894459738691 0.7456358509539318
0 0.8420026666142311 0.7319910345036283 0.7064188003152891 0.2562609646410031 0.6819084359946179 0.2632464595035665 0.8174923022935598 0.7389765293661916
0 0.8774251729649156 0.7203110932135438 0.7436453125 0.257803125 0.7107373270350842 0.26732171928645626 0.8445171874999999 0.7298296875
0 0.9129093749999999 0.7106281250000002 0.7803157833241068 0.24524094720774584 0.746164350971482 0.25497104140155746 0.8787579426473752 0.7203582191938118
0 0.948956557924129 0.7103528402796855 0.8110298688433051 0.22023036947513805 0.7921265625 0.22554999999999997 0.9300532515808237 0.7156724708045474