0 0.17666787070945222 0.8647833118389251 0.1358107654789615 0.3097859761920695 0.11006562499999997 0.31168125 0.1509227302304907 0.8666785856468555
0 0.2026102038785834 0.8590187673613242 0.1627279467323564 0.309466665796907 0.13923125 0.31117187500000004 0.17911350714622698 0.8607239765644172
0 0.26272370562754527 0.8552288471366877 0.2245107230304587 0.3044833528939644 0.16617031249999997 0.30853125000000003 0.20438329509708658 0.8592767442427233
0 0.3384552355061373 0.851803413799952 0.260478125 0.3112265625 0.22944632699386255 0.31570283620004796 0.30742343749999995 0.8562796874999998
0 0.3805814471595131 0.8433376079493854 0.3182359375 0.3568828125 0.2831946691857768 0.36137380683822584 0.34554017884528987 0.8478286022876113
0 0.4232119462215233 0.8620662590357796 0.359703125 0.3550734375000001 0.3173262204236165 0.3603818109963163 0.3808350416451398 0.8673746325320957
0 0.4742122861124809 0.849536910338888 0.39377343749999993 0.3023875 0.3636590035724229 0.3068147557842118 0.4440978521849039 0.8539641661230997
0 0.5147915013581804 0.8442259441282907 0.43365312500000003 0.30277656249999996 0.4027334986418197 0.30740999337170916 0.483871875 0.848859375
0 0.5529928255242872 0.8405896663715 0.47718437500000005 0.3258921875 0.4438263992557404 0.33080539682704707 0.5196348497800276 0.8455028756985472
0 0.5882733143994332 0.8366038103109478 0.5154359375 0.326309375 0.4832011596155331 0.33091043764848793 0.5560385365149663 0.8412048729594357
0 0.6094205762573617 0.8393447467866549 0.5395187499999999 0.3074406250000001 0.5228809862426382 0.30962712821334537 0.5927828125 0.8415312500000003
0 0.6307743903291069 0.8386959670963602 0.5614640625 0.305971875 0.5421818596708932 0.30848059540364 0.6114921875000001 0.8412046875000001
0 0.6566764424775021 0.8403286120357247 0.5906546875 0.30003593749999996 0.5691001200224978 0.3026698254642751 0.635121875 0.8429625
0 0.6819284453483113 0.8424565129872562 0.621528125 0.2973265625 0.6016043671516885 0.2995341120127438 0.6620046874999999 0.8446640624999999
0 0.7406392043766065 0.8391188944980348 0.6912421875000001 0.3286671875 0.6340397526200612 0.33420273494241104 0.6834367694966675 0.8446544419404457
0 0.8394625000000001 0.3282515625000001 0.7842545312781408 0.32474011859571406 0.7517917598730688 0.8351294960733213 0.8069997285949283 0.8386409399776074
0 0.9094203125 0.3270296875000001 0.850281592782608 0.3238518992745116 0.822978262910244 0.8319675627797499 0.882116982627636 0.8351453510052386