0 0.8697655013460015 0.7678431946210263 0.8568312499999999 0.7376015624999999 0.35616320892146147 0.9517357156536447 0.3690974602674631 0.9819773477746712
0 0.8625606080852307 0.731779576595267 0.8403094391264698 0.6804698051132737 0.4032082060412391 0.8700246035180067 0.42545937499999986 0.921334375
0 0.8248283085610282 0.6800838438732597 0.8101038043555349 0.644007549051981 0.3520551832945066 0.8309596426787215 0.3667796875 0.8670359375000002
0 0.8175538400085554 0.6413963383056436 0.8015636089941183 0.6016093434134387 0.34125312500000005 0.7866062500000001 0.35724335601443696 0.826393244892205
0 0.8099795952298943 0.5992809989781234 0.792619557948983 0.5558229790517263 0.35591965021908883 0.730270105073603 0.37327968750000007 0.7737281250000001
0 0.8069173165067728 0.5574876686442589 0.780114827042093 0.48679282283181796 0.3252943855353201 0.6592285916875589 0.352096875 0.7299234374999999
0 0.781107352641001 0.4945769450789955 0.7646733027067628 0.4486467618488616 0.32778313756576194 0.6049682542698662 0.3442171875000001 0.6508984375000001
0 0.756059375 0.4505968750000002 0.7466003746229207 0.4227803284452377 0.31251093750000003 0.5703921875 0.3219699378770793 0.5982087340547625
0 0.752261159423194 0.4257493385853201 0.7448749999999998 0.403 0.30463571557680585 0.54593503641468 0.31202187499999995 0.568684375
0 0.7496718750000001 0.40254843749999997 0.7336916565616894 0.35171491124523535 0.23203853156168938 0.5094164737452354 0.24801875000000004 0.56025
0 0.7406090022682958 0.35061047280150115 0.7238878451830271 0.29611287143685716 0.21106406249999998 0.453459375 0.22778521958526884 0.507956976364644
0 0.7245766782497729 0.3025998031330592 0.7099277717142068 0.251001580753753 0.191678125 0.39813437500000004 0.20632703153556609 0.4497325973793062
0 0.7107468749999999 0.25391250000000004 0.7036823833765534 0.22825606084193958 0.21482031250000003 0.36286406250000003 0.22188480412344652 0.3885205016580605
0 0.7078457279408035 0.23259205211279665 0.70092167492913 0.20620160808820484 0.20585468750000002 0.3360921875 0.21277874051167353 0.36248263152459187
0 0.697371875 0.2115640625 0.6886733682176229 0.17633194518904824 0.22150468750000002 0.2916718749999999 0.2302031942823771 0.3269039923109517
0 0.6905062500000001 0.1747375000000001 0.6833197935433137 0.14553267049925223 0.15757499999999997 0.27490312499999997 0.16476145645668638 0.30410795450074785
0 0.686618095799139 0.1491369413983941 0.6798800803050943 0.11707045986535787 0.13411562500000002 0.23174999999999998 0.14085364049404467 0.2638164815330362
0 0.6777783292997377 0.11652190828917822 0.6707629986040116 0.08182022669400857 0.12171875000000001 0.19281562500000002 0.128734080695726 0.22751730659516967
0 0.6696349947188762 0.08510693701932932 0.6621715925276298 0.045570765335266786 0.10400000000000002 0.15093906250000003 0.11146340219124644 0.19047523418406256
0 0.6561578124999998 0.050651562500000025 0.6504576159855763 0.014822674474346842 0.09008593749999999 0.10397500000000001 0.09578613401442364 0.1398038880256532