0 0.12547080799640534 0.9588214628208871 0.09442475312499998 0.021993149999999996 0.03341235113791761 0.02401507264474115 0.06445840600932295 0.9608433854656282
0 0.1919793828125 0.944426378125 0.176481812762533 0.04284836237291317 0.12771890691460602 0.043686566650318705 0.14321647696457304 0.9452645824024055
0 0.23994467201970887 0.9541375643625486 0.23912493688209543 0.03603356899390394 0.1822239203125 0.0360843734375 0.18304365545011342 0.9541883688061447
0 0.304167209375 0.18783602187500004 0.2431955640625 0.18783602187500004 0.24319556406250004 0.960685484375 0.3041672093750001 0.960685484375
0 0.3716562478750703 0.19555522632027947 0.3090730213475138 0.1954201545730503 0.3074190296875001 0.9617694234375002 0.37000225621505656 0.9619044951847293
0 0.4391642881585206 0.19906993888251373 0.37814613750000003 0.19867542500000004 0.37321941862088254 0.9606746553001628 0.43423756927940305 0.9610691691826766
0 0.4814132469316836 0.1728576846616321 0.43424005 0.17266085625000005 0.4309250812467922 0.9671481587731281 0.4780982781784758 0.9673449871847601
0 0.5228762357875649 0.17190497218986792 0.4765230846845057 0.17152346476470642 0.4699953785844408 0.9646397378873386 0.5163485296875001 0.9650212453125
0 0.5627000382404742 0.9681624722905646 0.5602476869646233 0.17469054760139033 0.515535575 0.17482873750000003 0.5179879262758509 0.9683006621891742
0 0.6163948791065204 0.06248096167211511 0.564312890625 0.06209894218750006 0.5577297898130795 0.9595949979309285 0.6098117782945999 0.9599770174155436
0 0.6651193421875001 0.07185440468750008 0.6179917590187137 0.07120625634036219 0.6057587031342491 0.9606852793901076 0.6528862863030355 0.9613334277372454
0 0.7171484781250003 0.0653507625000001 0.6700212399429436 0.06428356961299889 0.6496266258180438 0.9649097349504319 0.6967538640001004 0.965976927837433
0 0.7562513312214776 0.07518741536563461 0.7106448359374999 0.07402228593750007 0.6877782869077498 0.9690843582738233 0.7333847821917274 0.9702494877019581
0 0.7855031044705614 0.17529844686157112 0.7465028030611511 0.1747754029847181 0.7358464484375001 0.9693570062499999 0.7748467498469103 0.969880050126853
0 0.8237158110099857 0.1799339206398866 0.7846237640625 0.1791644984375001 0.7690722423144012 0.9692909288886687 0.8081642892618868 0.9700603510910553
0 0.8708546683646018 0.10993872664974029 0.8277103921875002 0.10870837656250013 0.8032001732520115 0.9682000496081766 0.8463444494291131 0.9694303996954169
0 0.9091498564663624 0.1172482260160114 0.8660921750134006 0.11613181364428693 0.8439694984375004 0.9693570062500001 0.8870271798904621 0.9704734186217246
0 0.9375601829779624 0.22005885552029483 0.909129720924193 0.2192507010133884 0.8878690812500001 0.9671891265625001 0.9162995433037695 0.9679972810694066
0 0.9675386968750003 0.19759148437500013 0.9423263206937371 0.19690000567446095 0.921189483193737 0.9675815869244608 0.9464018593750001 0.9682730656250002
0 0.9935979157413353 0.2027928315331189 0.9659156510971096 0.20184372529459466 0.9398564322307743 0.9619042578239757 0.967538696875 0.9628533640624999