0 0.727178125 0.8095796875 0.0963548083907825 0.8049851679260621 0.09607600060026669 0.8432652214287923 0.7268993172094842 0.8478597410027302
0 0.7314015625000001 0.7742359375000001 0.09826406250000011 0.7651156250000001 0.09773996550588926 0.801498749000286 0.7308774655058893 0.8106190615002861
0 0.7319390625000002 0.741365625 0.10787676634955345 0.7294831088132638 0.10726933022907799 0.7613852728121469 0.7313316263795246 0.773267788998883
0 0.7374671118127625 0.7113827187447379 0.10974531250000008 0.6953078125 0.1088555732716366 0.7300519472927178 0.736577372584399 0.7461268535374558
0 0.7403320663716577 0.6830851881461582 0.10747968750000007 0.663896875 0.10655542721088115 0.6943800299396848 0.7394078060825388 0.7135683430858428
0 0.7449522011196357 0.6184486487001799 0.19930806155783426 0.5996557446210168 0.19814687500000008 0.6333703125000001 0.7437910145618015 0.6521632165791632
0 0.7402265625 0.651109375 0.19954981100876054 0.635241686026871 0.19865468750000004 0.6657421875 0.7393314389912395 0.6816098764731289
0 0.7453578125000002 0.5758031250000002 0.11415659337457433 0.5507329912948891 0.11240937500000006 0.5947234375 0.7436105941254259 0.6197935712051111
0 0.7495786483611024 0.5342242321130634 0.11670585274709822 0.5064060610700333 0.11483437500000009 0.5489828125 0.7477071706140043 0.57680098354303
0 0.7614829442159048 0.4717097222374457 0.10527136348512403 0.4373413232466511 0.10211346425294872 0.49763653942734487 0.7583250449837295 0.5320049384181396
0 0.7511 0.4436250000000001 0.2378625000000001 0.41850624999999997 0.236647161166758 0.4433385949385847 0.749884661166758 0.4684573449385848
0 0.7535414878815548 0.4188562037426985 0.23920937500000003 0.39279218750000006 0.23790614042344985 0.41850945943137896 0.7522382533050047 0.4445734756740774
0 0.7650895945190478 0.3590329678636848 0.18593246116493248 0.3250719428779526 0.18506601963732205 0.33984787474575195 0.7642231529914374 0.3738088997314842
0 0.7590207896772996 0.3151171542406811 0.16910303984947836 0.284201641524514 0.16691905373306123 0.3258756123649925 0.7568368035608825 0.3567911250811596
0 0.76500465175837 0.26206662336537917 0.16888033176049838 0.23587232000605646 0.1670475550021285 0.2775822591406774 0.763171875 0.3037765625000001
0 0.7756828125 0.17817656250000002 0.7737364182007517 0.1409093759607408 0.17644688133637348 0.17210467288310927 0.17839327563562182 0.2093718594223685