0 0.9044300515625002 0.2045849140625001 0.8428958272864501 0.20101736866949743 0.8111340005743285 0.7488560512982065 0.8726682248503786 0.7524235966912093
0 0.8418915421875003 0.2055776796875001 0.7806088713564875 0.20274694472074342 0.7553302038543153 0.7500056170355132 0.8166128746853281 0.7528363520022698
0 0.7725941140625 0.2544981078125001 0.7331587891044824 0.2529912450127716 0.7143549385614875 0.745097066961941 0.7537902635195051 0.7466039297616694
0 0.7270211968750001 0.23388178906250007 0.67697335227204 0.23267563539978017 0.6645511868749184 0.7481179232633948 0.7145990314778785 0.7493240769261147
0 0.6731896187500002 0.2351772781250001 0.6228934442428345 0.23444912723276662 0.6154847000005917 0.7461995037842637 0.6657808745077574 0.7469276546764971
0 0.6176956375 0.30818962187500004 0.5784872270752788 0.30805349020835127 0.5769900437305673 0.7392696833662653 0.6161984541552885 0.739405815032914
0 0.579267483320029 0.7470878066844836 0.5756524640833227 0.2358333835470082 0.5289051671875 0.236163928125 0.5325201864242063 0.7474183512624755
0 0.534933833981421 0.749751680955279 0.5274253812499999 0.2391238875 0.48041472515466427 0.23981514891132352 0.4879231778860853 0.7504429423666025
0 0.49197823318532236 0.7353035977383094 0.48155030937499993 0.304243003125 0.4299832948990085 0.3054904771571922 0.4404112187093309 0.7365510717705017
0 0.44085468906249997 0.7383704468750001 0.4282760078125 0.30720295468750003 0.3778978009109145 0.30867266522468967 0.3904764821609145 0.7398401574121898
0 0.3891311239946859 0.754446256539234 0.3742618625 0.27957666406250004 0.3439239456160234 0.28052661416774705 0.35879320711070933 0.755396206644481
0 0.36168317968749997 0.7561302187499999 0.34243451245191653 0.279310445868736 0.31198213437499994 0.28053977343750003 0.3312308016105834 0.7573595463187639
0 0.3391718535882987 0.7666719534987454 0.31203377194178816 0.27823092207487465 0.270478228125 0.28053977343750003 0.2976163097715106 0.7689808048613708
0 0.2951903069482903 0.7775016715839869 0.2647391382210239 0.2783523704728039 0.22690328596023362 0.2806605895138171 0.25735445468750007 0.779809890625
0 0.2551942339608385 0.7709095907200775 0.22836132490049907 0.335579563419553 0.20851971093750005 0.33680256250000007 0.23535261999783946 0.7721325898005245
0 0.23517656631819017 0.7712259040247739 0.20326793282742753 0.29329314983908317 0.1722635984375 0.29536311875 0.2041722319282627 0.7732958729356907
0 0.19763500128212863 0.7839311394196368 0.16403002627650096 0.2920072366419638 0.1293482 0.29437646875 0.16295317500562767 0.786300371527673