0 0.14103589160613023 0.13103060823777463 0.1110709133735153 0.13005221243785486 0.08807243437500012 0.8344184031249998 0.11803741260761505 0.8353967989249196
0 0.20374473964730155 0.21556492694619123 0.15658996436399933 0.21472920859222264 0.14583805468750005 0.8213975703124998 0.1929928299708023 0.8222332886664685
0 0.25487842115453174 0.22360372909789356 0.21095946945583405 0.22348130877841435 0.2092988781250001 0.8192274296875001 0.2532178298236978 0.8193498500069791
0 0.30450392750655225 0.815745785387227 0.3019106119795293 0.24719305437781106 0.252267179785477 0.2474194908655841 0.2548604953125 0.815972221875
0 0.35493333125000004 0.2528211796875 0.30611731406250003 0.2528211796875 0.3061173140625001 0.814887153125 0.3549333312500001 0.814887153125
0 0.404566798215115 0.8104581173935589 0.403575762803031 0.27443747732070956 0.3555694974004161 0.27452623492715067 0.3565605328125 0.810546875
0 0.4533805085367389 0.8116151215374993 0.45319095858492187 0.27993122856494335 0.4060006000481831 0.2799480523399441 0.40619015000000014 0.8116319453124999
0 0.5039291691994887 0.8126670224439154 0.5031125215889356 0.22780209910746615 0.4567358797349759 0.22786685486942818 0.45755252734552904 0.8127317782058775
0 0.5494901699992805 0.8092812045327102 0.5470308463697334 0.23310988434413643 0.5047197701204529 0.2332904844989261 0.5071790937499999 0.8094618046874998
0 0.5852999904651461 0.8113716744679808 0.5811887267489605 0.2970621105426471 0.5486294472213145 0.29732238138716627 0.5527407109375 0.8116319453124999
0 0.650372746875 0.8072916671874998 0.645458599788434 0.24038611010123562 0.5836390273038823 0.24092198502470458 0.5885531743904483 0.8078275421109687
0 0.7146520516312137 0.8066827597808807 0.708901681752925 0.2457456459083728 0.6495039785592114 0.24635455331499218 0.6552543484375 0.8072916671874999
0 0.7431231812500001 0.26258680468750006 0.7162743703125001 0.26258680468750006 0.7162743703125002 0.8040364578125001 0.7431231812500002 0.8040364578125001
0 0.7740563925673951 0.2626314923885512 0.7481866010871453 0.2625526406584646 0.7465394666638192 0.8029469227445734 0.7724092581440691 0.80302577447466
0 0.8099170248844574 0.2650444978189638 0.7807642921761226 0.26459839324120804 0.7725273561603863 0.8028784423061073 0.8016800888687209 0.8033245468838629
0 0.827827227620966 0.32484119280403345 0.8100255328125 0.3244357640625001 0.7993280868790634 0.794142640335964 0.8171297816875296 0.7945480690774974
0 0.8619498634208368 0.3180749056530748 0.8433960351902956 0.3176980590574315 0.833591792081959 0.8004044034043568 0.8521456203125002 0.8007812500000002
0 0.9026431134542872 0.30322693417860985 0.8725515165712989 0.3026357612372904 0.8627224250000001 0.8029513890625001 0.8928140218829883 0.8035425620038195
0 0.9303132039109553 0.3098500086303552 0.9042922176337072 0.3092416509794433 0.8928256359375 0.7996961796875002 0.9188466222147481 0.800304537338412