0 0.06368725246327372 0.41349145305869517 0.0422420618070953 0.4120290518846786 0.012264062500000094 0.8516375000000002 0.03370925315617852 0.8530999011740166
0 0.08740542579146326 0.4157039117372848 0.06873125000000002 0.414259375 0.03445238670853686 0.8573976507627151 0.053126562500000106 0.8588421875
0 0.22017885797750947 0.24864586895909652 0.15797031250000004 0.24158593750000007 0.09526020452249068 0.7941556935409037 0.1574687500000001 0.801215625
0 0.28314278869953124 0.26588726478085895 0.22114375000000006 0.258234375 0.15339627380046894 0.8070830477191411 0.2153953125000001 0.8147359375000001
0 0.3309368029028728 0.24792541515421362 0.2859625 0.24211875000000008 0.21114288459712735 0.8216183348457866 0.2561171875000001 0.8274250000000001
0 0.37939568539361035 0.2591251871626264 0.33447343749999997 0.252875 0.25389650210638975 0.8320091878373737 0.29881875000000013 0.838259375
0 0.4344094876219189 0.2704691873846489 0.38557656249999994 0.26298750000000004 0.29763582487808116 0.8369761251153509 0.3464687500000001 0.8444578125
0 0.4848708684642335 0.2844060519709596 0.4361156249999999 0.27630625000000003 0.34149259970116963 0.8458718581848969 0.3902478431654033 0.8539716601558563
0 0.5250762918301938 0.30064116874990743 0.48658906250000006 0.29402187500000004 0.38800699146402107 0.8672175842643377 0.42649422079421484 0.8738368780142451
0 0.5627062500000001 0.3074421875000001 0.5267734375000002 0.3011062500000001 0.42596832898392056 0.872799241502905 0.46190114148392053 0.8791351790029049
0 0.5734373749964019 0.37781443507048196 0.5535593750000001 0.37414218750000006 0.4620964462325152 0.8692341067717667 0.48197444622891694 0.8729063543422486
0 0.597684375 0.38082031250000004 0.5778574941426291 0.3770970111033078 0.48270896851228196 0.8837706000594322 0.502535849369653 0.8874939014561244
0 0.6594687500000002 0.32560625000000015 0.6181211541716467 0.31741418875248806 0.5044819015859252 0.890982884613692 0.5458294974142788 0.8991749458612042
0 0.7059875 0.33821562500000013 0.6597046875 0.3289531250000001 0.5436659474566822 0.9087749061779892 0.5899487599566822 0.9180374061779892
0 0.7604718750000001 0.3478234375000001 0.722587508556437 0.3394585756390599 0.5944584634274329 0.9197535976521793 0.6323428298709961 0.9281184595131196
0 0.814390625 0.3606359375000001 0.7752307541734054 0.3513826289727384 0.638073455429661 0.9318303775705168 0.6772333262562558 0.9410836860977785
0 0.8689234375000003 0.3746593750000001 0.8329998390755357 0.36535463692102804 0.6851861175014318 0.9360317188964821 0.7211097159258965 0.9453364569754541
0 0.9147828125000002 0.38164375000000017 0.8775997645334384 0.37140558435241366 0.7210622577587606 0.9399196935513533 0.7582453057253224 0.9501578591989397
0 0.9685124999999999 0.3955250000000001 0.931108363934619 0.3841619703285889 0.7600683645293472 0.947181129424288 0.7974725005947281 0.9585441590956993
0 1.0154411868630695 0.4080527241978433 0.9783386225111659 0.3961409010867574 0.7992999170201165 0.9538049152359394 0.8364024813720199 0.9657167383470252