0 0.546875 0.14583333281250005 0.474609375 0.14583333281250005 0.474609375 0.6744791671875 0.546875 0.6744791671875
0 0.418144939497191 0.660826115923557 0.4043810840292834 0.18941393337253049 0.3220281963614625 0.19181839656881633 0.3357920518293701 0.6632305791198428
0 0.48260888164509774 0.14202311007241414 0.4052020972548974 0.1413515821590981 0.4006324536139803 0.6680927838849267 0.4780392380041806 0.6687643117982427
0 0.622695990088897 0.2027910615229776 0.5547886046875 0.2011287031250001 0.543705827098603 0.6538604666020226 0.6116132125 0.655522825
0 0.7009715062586263 0.20743373582783514 0.629064696875 0.2044140343750001 0.6103401477551047 0.6502934053620152 0.6822469571387308 0.6533131068148502
0 0.7667989459166584 0.19901769084937213 0.6958507039945149 0.19670496747028393 0.6810687876255199 0.6501751006056292 0.7520170295476636 0.6524878239847174
0 0.8399302330675186 0.20261275098142054 0.775207870352472 0.19913260955659412 0.7510791728286699 0.6478690608503997 0.8158015355437167 0.6513492022752262
0 0.8892019443400413 0.20368838409132276 0.834213349484726 0.20101555119794745 0.8126608604752205 0.6444181631624819 0.8676494553305357 0.6470909960558572
0 0.29742089531250004 0.6575150468750001 0.28769841250000006 0.20667989375 0.2646136357992487 0.20717772836459858 0.27433611861174867 0.6580128814895986
0 0.22294034335528573 0.6756649491203219 0.20259439013742112 0.16446353215558138 0.0988213984375 0.16859372500000003 0.11916735165536459 0.6797951419647407
0 0.2757969527505162 0.6511889099486543 0.262463792245435 0.2383279565592157 0.21646968906250003 0.23981331562499997 0.22980284956758124 0.6526742690144386
0 0.31464786229835084 0.6574860018317328 0.30291405086799345 0.2689102971175143 0.28615003390758664 0.2694165197439994 0.29788384533794404 0.6579922244582178
0 0.1300120320065988 0.6597492623680785 0.09802196698554326 0.19601898823360356 0.0483507578125 0.19944551718749998 0.08034082283355556 0.663175791321975
0 0.08511323538142279 0.6594564944808468 0.047725319843789166 0.18011776598584028 -0.017487843520711404 0.185204323985168 0.019900072016922222 0.6645430524801744