0 0.23023275463750123 0.9126814565792151 0.07932649360061053 0.44070950034778855 0.046071875000000005 0.4513421875 0.19697813603689068 0.9233141437314265
0 0.2665837737441048 0.9059971279776613 0.12362576112944697 0.4297888430269352 0.08706093749999999 0.44076562499999994 0.2300189501146578 0.9169739099507261
0 0.32917742332216593 0.8788696325245546 0.1638322155864525 0.42005709228164567 0.13446739880835576 0.43063947899610866 0.29981260654406916 0.8894520192390175
0 0.34845941202405445 0.8520875191131585 0.2042830188868212 0.4463781545346289 0.180509375 0.4548265625 0.32468576813723327 0.8605359270785298
0 0.3693376607397023 0.8411642909129954 0.23306249999999995 0.4404671875000001 0.2075399077622735 0.4491472985616096 0.3438150685019758 0.8498444019746051
0 0.3971578815617495 0.8434187733662645 0.26056406249999997 0.43300312500000004 0.23653401406966315 0.4410007637362533 0.37312783313141273 0.8514164121025176
0 0.4265029110176222 0.8399270964730727 0.29089919911331613 0.42700389478380263 0.26589316309569394 0.4352158608107299 0.40149687500000014 0.8481390625000002
0 0.4534666856183917 0.8340933080331215 0.32264375000000006 0.419784375 0.2969565310924256 0.42789541755165184 0.42777946671081724 0.8422043505847734
0 0.5093235295276377 0.8181298934284664 0.37002911682131384 0.3288953837044709 0.312253125 0.3453453125 0.45154753770632394 0.8345798222239953
0 0.5996730078759442 0.7957144239981031 0.42856250000000007 0.36860468750000003 0.3956716400075396 0.38178156284807924 0.5667821478834839 0.8088912993461823
0 0.6323984342679737 0.7738959169593252 0.46667500000000006 0.356465625 0.4331417031985487 0.3697786336994388 0.5988651374665224 0.7872089256587641
0 0.6570443402983343 0.7722798812238152 0.5598776738836566 0.3659469773309328 0.537884375 0.37120625000000007 0.6350510414146775 0.7775391538928825
0 0.6806076162425574 0.7659641529138662 0.5879703124999999 0.357415625 0.5643353017191163 0.3627748015067599 0.6569726054616737 0.7713233294206261
0 0.7099370995979413 0.759273559620427 0.6187031249999999 0.34586562500000007 0.5924961057591563 0.35164918725770605 0.6837300803570978 0.765057121878133
0 0.7462990146820052 0.7575698230768412 0.652303125 0.3358812500000001 0.6278957684704205 0.34132173698081675 0.7218916581524258 0.7630103100576578
0 0.7614160989330299 0.736192315236274 0.6649218750000001 0.30735468750000006 0.6434917224131155 0.3121767595591934 0.7399859463461452 0.7410143872954673
0 0.8126281249999998 0.7554484375 0.7185249999999999 0.29720781250000006 0.6837204154315015 0.3043551931413878 0.7778235404315016 0.7625958181413879
0 0.8804673708204295 0.7465411622434637 0.787309375 0.2768734375 0.7292923123978742 0.2883810480737402 0.8224503082183036 0.7580487728172038