0 0.12195575414740575 0.2929688060121739 0.07820188921512812 0.29080366970344407 0.04902031250000012 0.8805156250000001 0.09277417743227777 0.8826807613087299
0 0.17486673622618537 0.23688716424765727 0.12906710509329097 0.2343202203074822 0.09308474386710569 0.8763205560598252 0.1388843750000001 0.8788875000000003
0 0.2228222285823736 0.24056419154226455 0.17778437500000002 0.23772656250000002 0.13718870891762655 0.8820467459577355 0.18222656250000013 0.8848843749999998
0 0.26852158717793595 0.28618410867282806 0.22049258828573431 0.2832441903288375 0.1833578125000001 0.889909375 0.23138681139220174 0.8928492933439905
0 0.32377936055254863 0.29256930084835686 0.27285625 0.2888828125000001 0.22918630136434204 0.8921153232412855 0.28010941191689065 0.8958018115896424
0 0.3721556046339906 0.2979609866881875 0.32586406250000005 0.29456718750000005 0.2818577247238698 0.8948152064213367 0.3281492668578604 0.8982090056095242
0 0.4156089793498608 0.31590053111406446 0.373546875 0.3127375 0.3292363331501393 0.9019807188859357 0.37129843750000013 0.90514375
0 0.44361786638967915 0.3435015560430023 0.4163186437898208 0.341437257850301 0.3732421875000001 0.9110999999999999 0.40054141009985844 0.9131642981927012
0 0.4723546875000003 0.3465968750000001 0.4454915090219608 0.3446333872562135 0.4039305096958278 0.9132442920895183 0.4307936881738673 0.9152077798333048
0 0.5314280439058856 0.3249533580824303 0.4790421875 0.32095937500000005 0.43395254561470403 0.9123638593070957 0.48633840202058964 0.916357842389526
0 0.5955398061046413 0.3097167585435894 0.5365301323314843 0.30515917344299964 0.4890516321089532 0.9198906041315464 0.5480613058821102 0.924448189232136
0 0.6291875000000001 0.35538906250000013 0.5955691277339558 0.35260919881780184 0.5490613152339557 0.915052948817802 0.5826796875000001 0.9178328125000002
0 0.6639140625000002 0.36073593750000016 0.6312610978163039 0.3581200379208479 0.5861640625000001 0.9210437500000002 0.6188170271836964 0.9236596495791524
0 0.7482921875 0.3102593750000001 0.6834086334927421 0.3042107326974105 0.6237470424026086 0.94419833222835 0.6886305964098666 0.9502469745309396
0 0.8092875000000002 0.2759515625000001 0.7621561997043331 0.27150596501375646 0.6985656672715058 0.9456795691979153 0.7456969675671729 0.950125166684159
0 0.8274408005673454 0.3668800956672031 0.8023562500000002 0.3644828125000001 0.7473352470824196 0.940208345817949 0.7724197976497648 0.942605628985152
0 0.8551094718156784 0.3678207925894278 0.8282578125000001 0.3653046875000001 0.7743037578914764 0.9410977651162977 0.8011554172071549 0.9436138702057253
0 0.8761109375000002 0.38244375000000014 0.8539292284670814 0.3803001847878328 0.7999042284670814 0.9393533097878327 0.8220859375000001 0.9414968750000001
0 0.8960093750000002 0.38290000000000013 0.8761058788026862 0.38106228071620646 0.8241640625000002 0.9436203125000002 0.8440675586973143 0.9454580317837937