0 0.19075817619961635 0.1825420069097889 0.14089611247600772 0.18058663186180424 0.11562142072936651 0.8250912714011518 0.16548348445297514 0.8270466464491365
0 0.22971295303022918 0.19300103546072594 0.19236708331917546 0.19170693082063153 0.17045401220563186 0.8240844630700769 0.20779988191668558 0.8253785677101713
0 0.27505976836926044 0.10928454702417334 0.23131050579969054 0.10770215883015159 0.2046356599643256 0.8451980772546659 0.2483849225338955 0.8467804654486877
0 0.32043787106745036 0.10984512359187056 0.2782408432573368 0.10858556926311488 0.2562409721898865 0.8456154456712444 0.2984380000000001 0.846875
0 0.36886496795912804 0.11178178536629875 0.32813617598759237 0.11056340270048357 0.3060785678861417 0.8479177306632606 0.34680735985767736 0.8491361133290758
0 0.412505574115089 0.17329601012124135 0.37656300000000004 0.17187500000000006 0.34994077950800506 0.8452489041252719 0.385883353623094 0.8466699142465132
0 0.4453839002397092 0.17576329376078256 0.4094316382798235 0.17466875617178337 0.3890477380401144 0.8442184624110007 0.425 0.845313
0 0.4859491501813272 0.17467665140174607 0.45000000000000007 0.17343700000000004 0.42650816753993775 0.8546861091865695 0.46245731772126486 0.8559257605883156
0 0.5250000000000002 0.17656300000000008 0.4889987155404188 0.17540433711906614 0.4671237155404186 0.8550913371190662 0.503125 0.8562500000000002
0 0.5813474443994494 0.17304688385172345 0.534465135748927 0.17174760412983942 0.5156176913494777 0.8518257202781159 0.5625000000000001 0.853125
0 0.6375793932667484 0.1775543091318741 0.5938318051644595 0.17592648947735964 0.5685865675973895 0.854391239282864 0.6123341556996783 0.8560190589373784
0 0.6798007365757228 0.19670647888955234 0.639062 0.19531200000000007 0.6170742634242773 0.8376685211104478 0.6578130000000001 0.8390630000000001
0 0.7344474173463582 0.19772158100553353 0.6876693521530114 0.1962347853997681 0.6671896081306061 0.8405754044520632 0.7139676733239531 0.8420622000578286
0 0.7719587115287835 0.19016411416554307 0.745313 0.1890620000000001 0.7184310187078838 0.8389851578962496 0.7450767302366674 0.8400872720617926
0 0.806271989858313 0.19008949235417422 0.7796896311208142 0.18899792567569046 0.7529984824721947 0.8389936634340621 0.7795808412096937 0.8400852301125459
0 0.8407638136886042 0.28374144494992126 0.811290120275596 0.2826529010693786 0.7906250000000002 0.842187 0.8200986934130083 0.8432755438805426
0 0.8565463003844812 0.2928464621461028 0.8406250000000002 0.2921870000000001 0.8184296140859839 0.828047031352674 0.8343509144704649 0.8287064934987768
0 0.8704241004844666 0.24725957984545724 0.860938 0.2468750000000001 0.8373888995155335 0.8277404201545429 0.8468750000000002 0.828125
0 0.8906559045270133 0.24904711041709243 0.8688545284726074 0.24834003876127383 0.8499135632935408 0.8323531317824935 0.8717149393479466 0.8330602034383121
0 0.9156725297545659 0.24725290153199458 0.9062490416476789 0.2468749615641639 0.882764511893113 0.8324340600321694 0.892188 0.832812
0 0.9360280963937834 0.2491489476469441 0.9141852006066247 0.24832468671760788 0.8921491361373939 0.8322798914707515 0.9139920319245526 0.8331041524000877