0 0.99496875 0.821765625 0.986748899288972 0.7721087838122574 0.34787988578348766 0.8778627502206756 0.35609973649451543 0.9275195914084182
0 0.9836991298753753 0.770107453009152 0.9758734375 0.7235312500000001 0.34118114450476894 0.8301716868992116 0.34900683688014433 0.8767478899083635
0 0.9738384654281307 0.7189727400678123 0.9652458910741629 0.6701012289116642 0.33146055064603225 0.7815331763438519 0.34005312499999996 0.8304046875000001
0 0.9636312499999999 0.6662359375000003 0.954987312656687 0.6181966087986906 0.3237857501566871 0.7317716087986905 0.3324296875 0.7798109375000001
0 0.9556536912588742 0.6172473397534182 0.9466671874999999 0.5675875 0.31453218679599787 0.6819794027558171 0.32351869055487203 0.7316392425092353
0 0.9475219181610222 0.5624648952533206 0.9389376990664289 0.5160652310499646 0.2990814059054068 0.634442523296644 0.307665625 0.6808421874999999
0 0.9347882316348907 0.5135421286230165 0.9262728677264199 0.46813265087238154 0.2918144706338328 0.58710878545153 0.3003298345423035 0.632518263202165
0 0.929659375 0.45734375000000005 0.9233880188545875 0.42457420754779973 0.3713380188545875 0.5302242075477998 0.377609375 0.5629937500000001
0 0.9188021436390154 0.4246735156531319 0.9121452672108349 0.3886534536274984 0.3666735235804591 0.48946221930445344 0.37333040000863943 0.5254822813300869
0 0.9110722613473076 0.3847067037539044 0.9040007663180292 0.3479598295302587 0.3605643363460699 0.45253764994260487 0.3676358313753483 0.4892845241662506
0 0.9000031249999998 0.3445859375000001 0.893071102431018 0.30863984083752694 0.3528459028235226 0.41281953275721783 0.35977792539250436 0.448765629419691
0 0.8911063520598199 0.30238255650478385 0.88015036715054 0.24923117863612107 0.26545964009072 0.3759361221313373 0.276415625 0.42908750000000007
0 0.8789109375 0.2474421875000002 0.8689229939595728 0.195641752372283 0.25416049395957285 0.31417768987228284 0.2641484375 0.365978125
0 0.8649812499999999 0.18715937500000007 0.8553960378871006 0.135994693447627 0.2428669379431124 0.250746142497038 0.25245215005601185 0.3019108240494111
0 0.8354078125 0.13737499999999997 0.832824269889367 0.12394815442978566 0.3288046875 0.22092968750000003 0.33138823011063306 0.23435653307021434
0 0.8409114689248052 0.09735122148341083 0.8378200974482757 0.08154755253771002 0.3032273785234705 0.18611976855429918 0.30631875 0.2019234375
0 0.8386765625000001 0.07457812500000012 0.8354218660399475 0.05780583137922579 0.29643124103994734 0.1623980188792257 0.2996859375 0.1791703125