0 0.0840954375000002 0.210503471875 0.06051129878206013 0.21001134612825526 0.04829702500000009 0.7953559031250002 0.07188116371794016 0.7958480288717449
0 0.13453865625000008 0.209418403125 0.09385864218750005 0.209418403125 0.09385864218750009 0.7996961796875001 0.1345386562500001 0.7996961796875001
0 0.18010321467072749 0.21055539701895495 0.13861118571032052 0.21049778351109416 0.1377930578125001 0.7996961796875001 0.17928508677290705 0.7997537931953608
0 0.25423805237348124 0.22300896013799038 0.18838074688433726 0.22207016293667578 0.1801002734375001 0.8029513890624997 0.2459575789266441 0.8038901862638144
0 0.32087851105844983 0.1784992389914998 0.26068682826826833 0.17755734180070815 0.25089823752231866 0.8030945606217085 0.3110899203125001 0.8040364578125001
0 0.39004861003857216 0.18245147495477 0.3266270953125 0.18120659687500001 0.31438363058642793 0.80496171879523 0.3778051453125001 0.806206596875
0 0.4355774733679979 0.2230876851092399 0.39246682792184284 0.2224255348435821 0.38350034687500006 0.8062065968750002 0.4266109923211552 0.806868747140658
0 0.47950518281250004 0.2235243046875001 0.43720467233334614 0.22299173441783657 0.4298755640625 0.8051215281250002 0.4721760745416539 0.8056540983946636
0 0.5250880596662101 0.2272736610043819 0.48440082690447167 0.22675755059021047 0.47705716411326166 0.8056904864608286 0.5177443968750001 0.8062065968750002
0 0.5576108109375001 0.22786458281250005 0.5292718598922279 0.22738707849337964 0.5195086567672279 0.8068141628683796 0.5478476078125001 0.8072916671875001
0 0.6186797280037358 0.22038704645849472 0.5618711879746855 0.21903353380434937 0.5479504789897673 0.8033022890173116 0.6047590190188177 0.804655801671457
0 0.6512568466714075 0.23501545550202346 0.630056032353965 0.2343505758585458 0.6120748247450576 0.8077118562940224 0.6332756390625001 0.8083767359375003
0 0.6781406217846382 0.24763098412802656 0.6513491769702193 0.2468676173251189 0.6356376985728528 0.7982843213691655 0.6624291433872715 0.7990476881720732
0 0.7157193221537693 0.24561054811253175 0.6791298216218752 0.24466641765917502 0.6648821686115386 0.7968300572775184 0.7014716691434327 0.7977741877308752
0 0.7439252796875003 0.24522569531250019 0.7113915968443003 0.24464603080234534 0.7015995117385704 0.7942270136338655 0.7341331945817704 0.7948066781440203
0 0.7919276968750003 0.25499132031250005 0.7530720209789404 0.25429069033658697 0.7432963888516677 0.7964296319674833 0.7821520647477276 0.7971302619433964
0 0.8350559214504397 0.25328374388116376 0.7960086385572048 0.2528190104833704 0.7894868953125 0.80078125 0.8285341782057347 0.8012459833977934
0 0.865968295771545 0.7930877553241207 0.8643411252819458 0.25273297083574126 0.8317941420104008 0.2528309795741206 0.8334213125 0.7931857640625
0 0.9058317390624999 0.80078125 0.903380525838051 0.2548425534033678 0.8692148739553538 0.2549959539559186 0.8716660871798029 0.8009346505525506
0 0.9660381609375002 0.8127170140625 0.9530060893700021 0.23699109547085428 0.9237314782675863 0.23765375250031479 0.9367635498350844 0.8133796710919604