0 0.2672095120489 0.8810355291055068 0.027762421875000033 0.14122658749999997 -0.025001753415941137 0.15830427814188802 0.2144453367579588 0.8981132197473949
0 0.3316909709963416 0.883193410226897 0.08141746875 0.12279960156250003 0.023814361816158394 0.14175889758560306 0.2740878640625 0.9021527062500001
0 0.36188703125 0.8934811828125 0.14482797812499998 0.23878121718749998 0.11636324163966578 0.24821840837943937 0.3334222947646658 0.9029183740044393
0 0.3946497893683639 0.9009840319612736 0.1741744288614934 0.2398352772120364 0.15116713480562938 0.2475075921257628 0.37164249531249993 0.9086563468750001
0 0.42520265964540815 0.8904521506910944 0.2074255328125 0.24203303906250007 0.17581516066709196 0.2526496539964057 0.3935922875000001 0.901068765625
0 0.47261142549451235 0.8879684702282347 0.2545769375 0.235529396875 0.20888896356798764 0.2507975719592652 0.42692345156249994 0.9032366453125
0 0.5156248266020375 0.8786288245183831 0.29847652187500007 0.223606053125 0.25350485021483465 0.23851472911037433 0.47065315494187204 0.8935375005037575
0 0.5771470032112992 0.8760122536092855 0.3318076875000001 0.14773022812499997 0.2737397741229352 0.1672918012988521 0.5190790898342345 0.8955738267831375
0 0.629480577013442 0.8861034879191567 0.3976570625000001 0.14339446718749999 0.33500749759933524 0.16294942331783294 0.5668310121127771 0.9056584440494897
0 0.673151651334746 0.8968973179792151 0.46431939375000003 0.28213883125 0.4420681148054184 0.2896975472603602 0.6509003723901643 0.9044560339895753
0 0.7077880391219025 0.8772850089005569 0.4691971249999998 0.18458419999999995 0.4379098015030973 0.195360672349443 0.6765007156249999 0.88806148125
0 0.7550282914052839 0.8827515257240451 0.5407371875000001 0.2647957859375 0.5004185085947161 0.2787772633384549 0.7147096125 0.896733003125
0 0.784771526603064 0.8886231769458434 0.5651258453125 0.28213883125000006 0.5465629045825834 0.2888616259805069 0.7662085858731473 0.8953459716763502
0 0.8142186708828113 0.8879781365063713 0.5911404140625001 0.27888700937499994 0.5672361947421888 0.2876418759936287 0.7903144515625 0.896733003125
0 0.850742772309901 0.8888867183991913 0.6269104453124998 0.28322277187500006 0.5998132901900987 0.29323693785080873 0.8236456171874998 0.8989008843749999
0 0.8872676836285265 0.8831430456496967 0.6618675203125003 0.28539065156250004 0.631576617933974 0.29681272935030334 0.8569767812500002 0.8945651234374999
0 0.9292127736613118 0.8775463572419273 0.6862561781250001 0.257208203125 0.6400347544636883 0.2753109099455725 0.88299135 0.8956490640624999
0 0.9728903951748056 0.8804382801189721 0.722026209375 0.2723833671875001 0.6825303907626941 0.2886780901935283 0.9333945765624998 0.8967330031250003