0 0.8084671875 0.9701875000000001 0.8078846480527806 0.9382881939368468 0.1601877730527806 0.9501163189368469 0.1607703125 0.9820156250000002
0 0.8006703125 0.9119140625 0.799704002595102 0.8906275967655505 0.165578125 0.9194140624999999 0.16654443490489795 0.9407005282344494
0 0.803090625 0.8922265625 0.801976708755787 0.8652232262086438 0.1644173337557872 0.8915232262086438 0.16553125 0.9185265625
0 0.8003875 0.8612500000000003 0.7984314800062929 0.8194433891037283 0.16568148000629285 0.8490480766037282 0.16763750000000002 0.8908546875000001
0 0.7969734375 0.81875 0.7943007231592215 0.7548086738937305 0.1276507231592215 0.7826742988937305 0.1303234375 0.8466156249999999
0 0.8008625 0.7571968749999999 0.7984968835821933 0.6903552192180638 0.1192171960821933 0.7143958442180638 0.12158281250000003 0.7812375
0 0.7951455116932749 0.6828202347949113 0.7939411287610194 0.647524782538736 0.20699375 0.667553125 0.20819813293225548 0.7028485772561752
0 0.7956076499095996 0.6401165429435054 0.7941453124999999 0.6063984375000001 0.20298922509040013 0.6320365820564948 0.2044515625 0.6657546875
0 0.7949093749999999 0.59835625 0.7923943497581951 0.5478868587923877 0.10180216225819516 0.5823009212923876 0.10431718749999999 0.6327703124999999
0 0.7975088121636515 0.5466564657994126 0.7952906249999999 0.49253125 0.09434900033634834 0.5212575967005872 0.09656718749999997 0.5753828124999999
0 0.7964734375 0.49246875 0.7951501452584342 0.46168928310511503 0.2285204577584342 0.48605022060511505 0.22984374999999999 0.5168296875
0 0.7960296875000001 0.46137187500000004 0.7948585559392771 0.42945223550511474 0.22922418093927707 0.4502053605051147 0.2303953125 0.482125
0 0.794309375 0.42856562499999995 0.7903328124999999 0.32894218750000004 0.09937911813067539 0.35652224917239056 0.10335568063067542 0.45614568667239047
0 0.7927733355627522 0.3255101024412467 0.7885828125000001 0.2288125 0.10212017458531786 0.25856129876310285 0.10631069764807004 0.35525890120434955
0 0.7787357966879938 0.22669893191917057 0.7764402561794082 0.17079815345003557 0.14611852199141434 0.19668203403086498 0.14841406249999997 0.2525828125
0 0.7746581688087011 0.17532125488431402 0.7730768343093926 0.12378183863058363 0.19943116550069145 0.1413824587462697 0.20101249999999998 0.19292187500000008
0 0.7747517568101971 0.11931255171970498 0.7729467044950016 0.0657562607924893 0.20110119768480444 0.08502964657278435 0.20290625000000007 0.13858593750000003