0 0.8316843749999998 0.9441656250000001 0.8305911601850144 0.8864788750367467 0.29326459768501456 0.8966616875367466 0.29435781250000004 0.9543484375
0 0.8331515625 0.8935625 0.8325673840601923 0.8377383173945248 0.2951908215601923 0.8433617548945247 0.29577499999999995 0.8991859374999999
0 0.8383562500000001 0.794253125 0.3137590626514005 0.7872087672731369 0.3130312500000001 0.8414093749999999 0.8376284373485998 0.848453732726863
0 0.8385222635839996 0.7393421521042738 0.3149777836364521 0.7277528414245525 0.3137796875000002 0.7818765625000001 0.8373241674475477 0.7934658731797214
0 0.8421587258220423 0.6867003793213076 0.3132992705603821 0.6653993987564786 0.31112031250000005 0.7194984375000001 0.8399797677616603 0.740799418064829
0 0.8431022840823935 0.6317890938161741 0.3144440280586817 0.6062930024726194 0.3116843750000001 0.6635140625000001 0.8403426310237119 0.6890101538435548
0 0.8437671874999999 0.5968703125000001 0.3277835406863265 0.5656575787103704 0.32553125000000005 0.6028906250000001 0.8415148968136735 0.6341033587896299
0 0.8480734375000001 0.563590625 0.3279827856104055 0.5258229863220181 0.3251640625 0.5646390625 0.8452547143895947 0.6024067011779819
0 0.8488930206330989 0.5218711705575425 0.33071562500000007 0.4813515625000001 0.3272747688503109 0.5253543049713004 0.8454521644834099 0.5658739130288428
0 0.8509011101304186 0.49974519517433647 0.32967968750000004 0.4545359375000001 0.3275252167199275 0.47937501654646997 0.848746639350346 0.5245842742208063
0 0.8522956164020391 0.4742192204762242 0.32990937500000006 0.42885156249999995 0.32798994297806583 0.45095287705519266 0.850376184380105 0.49632053503141693
0 0.8584046874999999 0.4343203125 0.2910359375 0.37880156249999997 0.28701383349804227 0.41990508374211666 0.8543825834980421 0.4754238337421167
0 0.8570754299508316 0.3908212581796648 0.2920109375 0.327390625 0.2872648054819601 0.3696709956260048 0.8523292979327917 0.4331016288056696
0 0.8597836079603642 0.35638706995638886 0.33076420791729944 0.29454658882760854 0.32693125000000006 0.3273359375000001 0.8559506500430649 0.38917641862878044
0 0.8576204897498763 0.32527253219789076 0.3315046875 0.26266875000000006 0.32794546706482086 0.29258007562437294 0.8540612693146971 0.3551838578222636
0 0.8524366206029397 0.2777113910823106 0.27540781249999996 0.20193593750000005 0.269369928521768 0.24791432272521674 0.8463987366247077 0.3236897763075273
0 0.8537525770448052 0.2291509983424766 0.27342031250000004 0.14937343750000004 0.2670205689418273 0.19592760175871685 0.8473528334866325 0.2757051626011934
0 0.8579472633234326 0.1601711533380183 0.27075312500000004 0.06126406250000003 0.25702686260876756 0.14275448698757356 0.8442210009322002 0.2416615778255918