0 0.10878882187500005 0.8689231062499998 0.05237672091842467 0.3268387680550269 0.008091416420725538 0.3314473259715597 0.06450351737730092 0.8735316641665326
0 0.1522960953125 0.8677390859375 0.10296363345495232 0.3283201424459223 0.056402410937499994 0.33257839062499994 0.10573487279504765 0.8719973341165776
0 0.19317541868259092 0.8669701433615048 0.14696522368105955 0.33017022859741185 0.10523715468749997 0.333762371875 0.15144734968903134 0.8705622866390929
0 0.24019863437500005 0.865371125 0.2018259027191393 0.36796583978560904 0.15407189843750002 0.37164986093749997 0.1924446300933607 0.8690551461518912
0 0.28281803593750005 0.8630031640625001 0.25342266577373107 0.3665013769952422 0.206458309375 0.3692819 0.23585367953876898 0.865783687067258
0 0.33841089229478283 0.8485980981871108 0.30827379079314043 0.3310906891869811 0.2623962671875 0.333762371875 0.29253336868914237 0.8512697808751298
0 0.3833690620381976 0.8575987523240661 0.3662810953125 0.352706096875 0.3103270273040406 0.3545998484318444 0.32741499402973817 0.8594925038809105
0 0.46485583868023694 0.858997763425025 0.4621747203125001 0.3811217421875 0.3724220973120481 0.3816252983304843 0.3751032156797849 0.8595013195680095
0 0.5101215921875001 0.3195545671875001 0.4684027209595678 0.31920924807461193 0.46393183580815095 0.8593481368458281 0.5056507070360833 0.8596934559587162
0 0.5571804734375002 0.3183705875 0.5110294979425584 0.3178334028298939 0.5047808236435528 0.8546737679734677 0.5509317991384945 0.8552109526435737
0 0.6184459000000001 0.3503381359375001 0.5607320796875002 0.3491541546875001 0.5503829412519421 0.8536286267781614 0.6080967615644421 0.8548126080281614
0 0.6832629343750001 0.3456022140625001 0.62491379124663 0.34314851633258914 0.6035613746612605 0.8509108198505311 0.6619105177896305 0.853364517580442
0 0.7480799687500002 0.34560221406250013 0.6935185520993485 0.3419177302624744 0.6589238517636261 0.8542108929868284 0.7134852684142777 0.8578953767868542
0 0.767613865625 0.37875374218750013 0.7463976475258634 0.37734498666932614 0.715958841520823 0.8357611834820444 0.7371750596199597 0.8371699390002183
0 0.7960268406250001 0.3775697625 0.7695535292741791 0.3754873798605004 0.7333673267157022 0.8355222402954811 0.7598406380665232 0.8376046229349807