0 0.10677494999999997 0.8029513890625 0.04083286942663874 0.21231125225580608 0.008430481250000002 0.2159288203125 0.07437256182336124 0.8065689571191939
0 0.12874215781250004 0.7986111109375 0.06690853593750001 0.2159288203125 0.049895680464763094 0.21773420635089646 0.11172930233976312 0.8004164969758966
0 0.1783717765625 0.8279079859374999 0.11903652057646374 0.1662657090965724 0.061327615625 0.171440971875 0.12066287161103625 0.8330832487159274
0 0.23072583347074133 0.8090276596751746 0.19278685568003967 0.28654986949173916 0.149218240625 0.2897135421875 0.18715721841570168 0.8121913323709353
0 0.27231647619102545 0.8072301789147003 0.24161956277070348 0.28718954438998445 0.19886016874999998 0.2897135421875 0.22955708217032197 0.8097541767122157
0 0.3120161525813471 0.8079072863693083 0.28970836525925026 0.2911197715743094 0.24687449062500005 0.29296875000000006 0.26918227794709687 0.8097562647949988
0 0.35090983079040833 0.7443557160701244 0.3361674084202644 0.32430059497431607 0.30139923125000007 0.3255208328125 0.316141653620144 0.7455759539083083
0 0.38666032202854245 0.7479114044967223 0.37684558015922337 0.3214096253987023 0.339647928125 0.322265625 0.3494626699943191 0.74876740409802
0 0.41350226093750014 0.746527778125 0.41022009985409796 0.33287276280292855 0.37952423125 0.3331163203125 0.38280639233340213 0.7467713356345715
0 0.44849273412589996 0.7855366817845003 0.4460462734375 0.33962673593750003 0.4102429854846129 0.3398231687314038 0.4126894461730129 0.7857331145784041
0 0.5005574937499999 0.2463107640625001 0.4549958765625 0.2463107640625001 0.45499587656250007 0.7931857640625 0.50055749375 0.7931857640625
0 0.5444919093750002 0.2973090281250001 0.5089413707076051 0.2964125160176266 0.4966351624971339 0.7844062946148627 0.532185701164529 0.7853028067222361
0 0.576222321875 0.2701822921875 0.5453695256760993 0.2692183813322341 0.5297251240237271 0.7699633757448227 0.5605779202226278 0.7709272866000886
0 0.6225975390625 0.2962239578125001 0.5844481990166941 0.2943723006022839 0.5607715644783441 0.7821774824471143 0.5989209045241501 0.7840291396573305
0 0.6665319546875001 0.29622395781250016 0.6276629902607364 0.29355074907554934 0.594234104408067 0.779613119392308 0.6331030688348307 0.7822863281292587
0 0.7154601656249999 0.278862846875 0.6721122126258676 0.27503897577594333 0.6272930671527176 0.7831152579264156 0.6706410201518499 0.7869391290254724
0 0.8025153968750003 0.26258680468750006 0.7253924203746365 0.25349436919649604 0.663283547888259 0.7803082374906596 0.7404065243886228 0.7894006729816636
0 0.8822482265625002 0.2604166671875001 0.8118462016513414 0.25068659699635665 0.7393153991981242 0.7754839788061675 0.809717424109283 0.785214048997311
0 0.9367594468750001 0.29622395781250016 0.8908168001196964 0.2887522637927301 0.8120907903681971 0.7728300709001267 0.8580334371235008 0.7803017649198967