0 0.24172532550946108 0.8678509589491548 0.173357265713904 0.34602024915042584 0.1290116277044429 0.35183022770127115 0.19737968749999996 0.8736609375000001
0 0.28560108855737903 0.8584623014628271 0.21877756475340723 0.34189173392578814 0.17522022619602823 0.3475263074629612 0.24204374999999997 0.8640968750000002
0 0.33282340608373784 0.849444258978248 0.2646238822002015 0.3407420452201141 0.2186614136164636 0.34690403624186594 0.28686093749999997 0.8556062499999998
0 0.3773102901716086 0.8387207496039639 0.30924201032314197 0.33658334448938615 0.266609375 0.3423625 0.3346776548484666 0.8444999051145778
0 0.420684485036226 0.8316043231002299 0.353680164236826 0.33124326582309516 0.3109488042006 0.3369655052228654 0.377953125 0.8373265625000001
0 0.4638733325734992 0.8231921869038507 0.39572283505706857 0.32653643232720614 0.3554245024835694 0.33206612042335554 0.42357500000000003 0.8287218749999999
0 0.49887560149768906 0.8150558500843028 0.43023296456199833 0.3031497920203927 0.3963578125 0.30769218749999994 0.46500044943569074 0.8195982455639099
0 0.5333686197247941 0.8090497367927412 0.46422067156468005 0.29939437211372305 0.4345359375 0.303421875 0.503683885660114 0.8130772396790181
0 0.5719007748559343 0.8026877254736494 0.501510686224665 0.27236993510775814 0.4644192863687307 0.2772931471341088 0.5348093749999999 0.8076109375
0 0.6094576170027597 0.7952485138080483 0.5404873990832592 0.2691412780882114 0.505153125 0.27377343750000005 0.5741233429195006 0.7998806732198369
0 0.6493040635029137 0.7864103914731285 0.5810639314671071 0.2654735736565837 0.5423536179641932 0.2705444321834551 0.6105937499999998 0.79148125
0 0.68797749954342 0.7809923481388801 0.6208606965559794 0.2622534412633841 0.5861785095125595 0.2667407806245041 0.6532953125000001 0.7854796875000002
0 0.7113331364749003 0.7777803804101903 0.6554308366388795 0.30349345001317696 0.6352602001639792 0.3058708821029868 0.6911625 0.7801578125
0 0.7342739244088083 0.7713118587503898 0.6791543654359642 0.3024139717158387 0.657416378527156 0.3049693004654491 0.7125359375 0.7738671875000002
0 0.7731914158278606 0.7670994341826918 0.7099440756742886 0.2466083518027486 0.6752214098464281 0.2508276676200567 0.73846875 0.7713187499999998
0 0.8044343749999999 0.7554734374999997 0.7421904143924032 0.2418863569635407 0.7082521315393487 0.2459994922448808 0.7704960921469454 0.7595865727813399
0 0.8408757760354529 0.7521559939468092 0.7802065747028243 0.23812474100992603 0.7439968749999999 0.24239843749999998 0.8046660763326285 0.7564296904368832
0 0.8756859375000001 0.742171875 0.811759994543792 0.2344078602837895 0.7810583574355363 0.23827310288776066 0.8449843003917443 0.7460371176039712