0 0.24575262782624244 0.19860861619541065 0.20905144374999995 0.1845842 -0.0357662856387424 0.8252597494295892 0.0009348984375000758 0.8392841656249999
0 0.2783962890233616 0.22276659363501686 0.248073296875 0.21059876875 -0.030201048398361508 0.904076104802483 0.00012194375000009749 0.9162439296874998
0 0.3731657139293284 0.13245946321678598 0.33018177656250003 0.11412807812500006 -0.005466052991828363 0.9011643664707141 0.03751788437500005 0.9194957515625001
0 0.41586565569211 0.12992280561998015 0.3846497796875 0.11629595937500006 0.04044613024539001 0.9047849646925199 0.07166200625000001 0.9184118109375001
0 0.4415045267720969 0.2018915710854825 0.4065995703125 0.1856681406250001 0.07443719343242225 0.9003205275388932 0.10934214989201915 0.9165439579993757
0 0.4893077599026512 0.2125997425982984 0.46328721607851014 0.19965026633612729 0.11149083742585911 0.906546275300329 0.13751138125000012 0.9194957515625001
0 0.5459050942573591 0.22808201942454992 0.502528290625 0.20517906718750006 0.138034161992641 0.89550885870045 0.18141096562500011 0.9184118109374999
0 0.6116178032931223 0.23928153849906747 0.5727218693511757 0.21729550091275396 0.19129234730805353 0.8920900124136866 0.2301882812500001 0.91407605
0 0.6427403179929263 0.2865072192600643 0.6106513390625 0.26696366562500007 0.23305637731957368 0.8869449135524358 0.26514535625 0.9064884671875
0 0.6893728210675032 0.27620812613811063 0.6561768343750002 0.2561242625000001 0.27604714975184097 0.8844286654551563 0.3092431364443441 0.9045125290932668
0 0.6982083288687948 0.3594605973190683 0.661054565625 0.33633584843750003 0.3312044356205838 0.8662950578924027 0.36835819886437865 0.889419806773971
0 0.7695999150208674 0.319797391253584 0.7260909859375 0.2962300546875001 0.42650115216663276 0.8493189790589162 0.47001008125000016 0.872886315625
0 0.786249675 0.07944198750000009 0.7513519557458224 0.07844604802933688 0.7308497115034764 0.7968446904423412 0.765747430757654 0.7978406299130044
0 0.8455954078125003 0.07402228593750011 0.8051316787605837 0.07247166864376561 0.7764942109375003 0.8197732390625001 0.816957939989417 0.8213238563562347
0 0.9008763656250004 0.13580688437500013 0.8531053786620483 0.13484770316141143 0.8392028374502875 0.8272487902241075 0.8869738244132396 0.8282079714376962
0 0.9472329060471232 0.826225320617799 0.9464161104830382 0.14338375336850337 0.9033113919359149 0.14343531400070425 0.9041281874999999 0.8262768812499999