0 0.7111785398197192 0.11642052309554 0.38043281249999994 0.03594843750000004 0.3745041203318152 0.06031576424081063 0.7052498476515344 0.1407878498363506
0 0.7061862877859444 0.14090912188315471 0.377834375 0.06564375000000004 0.37236052515759077 0.0895239092430632 0.7007124379435352 0.16478928112621788
0 0.7499751055977182 0.17446707639590744 0.3763546875 0.09225312500000003 0.3707306451081652 0.11781152517611874 0.7443510632058834 0.20002547657202613
0 0.7514288247071967 0.1975583669562621 0.37982436009142767 0.12175602921142618 0.37460319501653533 0.14735165475607642 0.7462076596323043 0.22315399250091236
0 0.6984450598874073 0.22479383592735389 0.36659340168633947 0.200280535366434 0.3649125000000001 0.22303593750000003 0.696764158201068 0.24754923806091997
0 0.7015062500000001 0.24739062500000006 0.3639326236408024 0.22167950099947994 0.362246875 0.24381250000000004 0.6998205013591977 0.26952362400052016
0 0.7573171874999999 0.27901250000000005 0.3621908765214797 0.24444339086802072 0.36025625 0.26655625 0.7553825609785203 0.30112535913197935
0 0.7551062500000001 0.30428437500000005 0.3602015625 0.2671890625000001 0.35818493285213937 0.28865744885991146 0.7530896203521393 0.3257527613599115
0 0.7543578125 0.3322312500000001 0.3593378264634831 0.2912988787803334 0.3567875000000001 0.31591093750000004 0.7518074860365169 0.35684330871966663
0 0.7430328125 0.3585078125000001 0.35504687500000004 0.3163953125000001 0.3519698250334363 0.34474442775109115 0.7399557625334363 0.38685692775109115
0 0.7249515625000001 0.38695625000000006 0.3540796875000001 0.34687031250000006 0.3510816775048303 0.374607660246385 0.7219535525048304 0.4146935977463849
0 0.7133625000000001 0.41268125000000005 0.3520788810159209 0.3753382554336309 0.34888281250000003 0.406259375 0.7101664314840792 0.44360236956636906
0 0.7122281250000001 0.4450515625000001 0.34998334317547614 0.40825892591587437 0.3469062500000001 0.4385546875000001 0.709151031824524 0.47534732408412583
0 0.7124343750000002 0.47180781250000015 0.3458961565378021 0.43846597657758457 0.3430234413652861 0.47004671808004705 0.7095616598274842 0.5033885540024626
0 0.7091593750000001 0.49953281250000003 0.344455390073378 0.47145050241686315 0.3421578125000001 0.5012890625 0.7068617974266223 0.5293713725831369
0 0.708246875 0.529375 0.34165009588513834 0.5024026950199667 0.3389046875 0.5397171875000001 0.7055014666148618 0.5666894924800334
0 0.7020031250000001 0.5619343750000001 0.3361064869186951 0.540161862488751 0.3338484375000001 0.578109375 0.699745075581305 0.599881887511249
0 0.7083406250000002 0.59623125 0.3329291032700299 0.5781322850739538 0.3318031250000001 0.6014875 0.7072146467299703 0.6195864649260463
0 0.70561875 0.6176390625 0.3324534258056742 0.6015526656555548 0.33144218750000004 0.6250109375 0.7046075116943259 0.6410973343444452
0 0.7117218750000002 0.6449109375000001 0.32528127699380804 0.6335502693051959 0.3242593750000001 0.6683109375 0.7106999730061923 0.6796716056948042
0 0.7105124224400604 0.704844482530917 0.7103987914317252 0.6726329519450053 0.32082855649166486 0.6740072194140884 0.3209421875 0.7062187500000001
0 0.7447429300150413 0.7342962526666434 0.7445751007318097 0.7045422049041672 0.31980560821676834 0.7069381397375238 0.31997343749999996 0.7366921875000001
0 0.7474202240253416 0.7623761222137152 0.7469254540798698 0.7315567063840795 0.31407710505452824 0.7385055841703645 0.31457187500000006 0.7693250000000001
0 0.7238476774112106 0.8009272181234748 0.7224914320284471 0.7592893631395728 0.31097656711723654 0.7726933950160981 0.3123328125 0.8143312500000001
0 0.6943516894701691 0.829551599101553 0.6933517484759094 0.8017713519433611 0.30879068400574033 0.8156135028418084 0.309790625 0.8433937500000003
0 0.6888522804243372 0.8537461573341494 0.687520146701949 0.8258626337221721 0.3046553662776118 0.8441539763880229 0.3059875 0.8720375000000002