0 0.8102280914559394 0.8685535386590117 0.14480406131486223 0.8106347169053063 0.13894224024738988 0.877980641435164 0.8043662703884671 0.9358994631888695
0 0.8167218974451986 0.7957991596248475 0.1478920108481181 0.7422809855878093 0.14265653990364313 0.8077099637075061 0.8114864265007237 0.8612281377445443
0 0.8210639431883944 0.7386841954709127 0.15834263070722437 0.692506060298298 0.15483806251883017 0.7428015523273855 0.8175593750000001 0.7889796875000002
0 0.8244932655361957 0.6785526414856116 0.1594332296372978 0.6404186454519497 0.15649875757875847 0.6915960801711897 0.8215587934776565 0.7297300762048515
0 0.8316082217468759 0.6023255363618212 0.1673370265347389 0.5683362527987137 0.1640522422878629 0.6325325914368928 0.8283234374999999 0.6665218750000002
0 0.826359116382082 0.5442055245074349 0.18335950167889709 0.5203168725989802 0.18148632279681526 0.5707363480915455 0.8244859375000001 0.5946250000000001
0 0.8375590213443621 0.4852724140759407 0.12905995640384288 0.46708074595136867 0.12776343505948082 0.5175755193754281 0.8362625000000001 0.5357671875000001
0 0.836465625 0.4282359375000001 0.1445111018354735 0.4148377120811747 0.14350361892163868 0.4668694056410902 0.8354581420861651 0.4802676310599156
0 0.8383058767792747 0.38593980020634616 0.21519403175702267 0.37707171143058954 0.21464909247774816 0.4153615987242435 0.8377609375000002 0.4242296875000001
0 0.8415497936969937 0.3436595145725593 0.21948187455190063 0.3357103287320089 0.21899145585490704 0.3740883141594497 0.841059375 0.3820375000000001
0 0.8447375805551989 0.2965455147293171 0.20949684299803306 0.2921060247654289 0.20920613744283406 0.33370269753611187 0.8444468749999998 0.3381421875000001
0 0.8470601386426397 0.2518560175844613 0.21611731467982298 0.2483153538111324 0.21588842603718356 0.28910308622667125 0.8468312500000001 0.29264375000000015
0 0.8438354287374645 0.20915963128025444 0.24701219391364515 0.20729404221789913 0.24688926517618062 0.2466203484376448 0.8437125 0.2484859375000001
0 0.8462249999999999 0.2005484375 0.8461389074082672 0.15151074788137925 0.18666172280255505 0.15266855324400536 0.18674781539428767 0.2017062428626261
0 0.8479093750000001 0.14768125000000001 0.8478859733831818 0.13044526802644935 0.30239378588318183 0.13118589302644934 0.30241718749999996 0.14842187499999998
0 0.8369265625000002 0.12918125000000003 0.8369032730392287 0.12262244173990149 0.31556828599001424 0.12447363333571852 0.3155915754507857 0.13103244159581706