0 0.39911631590526797 0.845286997249033 0.010658666128650985 0.18966227077774644 -0.03223825206938212 0.2150786947670536 0.3562193977072349 0.8707034212383402
0 0.44670917385365055 0.8486027215467852 0.07572678124999999 0.1813323796875 0.03006306397348827 0.20672004346889042 0.4010454565771388 0.8739903853281756
0 0.4837859761278577 0.8455278358282987 0.20498241923161312 0.24852758356704752 0.17246845781250003 0.26371184531249997 0.4512720147087446 0.8607120975737512
0 0.5319555095737349 0.853699255600797 0.22056539490255345 0.16573797888487002 0.176533234375 0.18566814062500003 0.48792334904618145 0.873629417340927
0 0.5778987285116637 0.8370916368812086 0.2675842218750001 0.15640175156250002 0.2242040954632932 0.17617798566796505 0.5345186020999568 0.8568678709866736
0 0.6224131548575235 0.8548524302241527 0.3163615375 0.137974765625 0.2799490843044644 0.1535200821312411 0.5860007016619878 0.8703977467303938
0 0.6632131011869473 0.8454046908094229 0.36188703124999994 0.14231052656250004 0.3255843753755525 0.1578688076280772 0.6269104453125 0.8609629718750001
0 0.7052297629199497 0.8464341017927917 0.4285493625000001 0.17157691562499996 0.3923406073406727 0.1864219125836598 0.6690210077606222 0.8612790987514515
0 0.7456603803809425 0.8485310254922774 0.482204409375 0.17266085625 0.43989350927001214 0.18915375648229174 0.7033494802759547 0.8650239257245692
0 0.7808076281328538 0.8560027047503752 0.5350465015624999 0.21493452968749996 0.5040483005944358 0.22681805953332096 0.7498094271647897 0.867886234596196
0 0.8115392660436587 0.8524909638618908 0.5748813078124999 0.22468999218749994 0.542812745531845 0.23677866489615695 0.7794707037630036 0.8645796365705479
0 0.8417442421455951 0.8519209035847182 0.6391047734374999 0.3005658171875001 0.6091951265168771 0.31155850612929614 0.8118345952249723 0.8629135925265142
0 0.8688484174375514 0.8450820605618947 0.6740618500000002 0.31140522031249995 0.6476908888962185 0.32103035036505084 0.8424774563337698 0.8547071906144454
0 0.8892255729489487 0.8367273184241595 0.6781266265625 0.2225221125 0.6484691641119193 0.2327152189983293 0.8595681104983679 0.8469204249224888
0 0.9169396134143971 0.8356011311251719 0.7033282390625001 0.23444545624999993 0.6807613490856028 0.24246425168732832 0.8943727234374999 0.8436199265625003
0 0.9485849509045238 0.8467757807013465 0.7350334937499999 0.23552939687499994 0.7068358350329762 0.24538082711115344 0.9203872921875 0.8566272109375002
0 0.9913588253411421 0.8131750553456445 0.8065735562499998 0.26913154687500007 0.7556616589345337 0.28642385621956906 0.9404469280256759 0.8304673646902136