0 0.14152851796893487 0.8305885318640689 0.1055711220093766 0.32723661674332544 0.05071638593749998 0.3311552140625 0.08667378189705828 0.8345071291832434
0 0.21698992610288256 0.8255686280820207 0.19531145983761333 0.3257124089933578 0.12441249843749999 0.32878725468750003 0.14609096470276925 0.828643473776163
0 0.28698090085583144 0.8488227667656313 0.27088057882258715 0.3311768989434149 0.19544481406249997 0.33352317499999995 0.21154513609574432 0.8511690428222163
0 0.36328823973004515 0.8373241508811405 0.3578887237339545 0.2925201508241083 0.28245948125 0.293267725 0.28785899724609065 0.8380717250570322
0 0.4427379375000001 0.2962831453125001 0.37036202031250004 0.29563568593750006 0.36555904649163673 0.8325336735718963 0.43793496367913687 0.8331811329468964
0 0.5088849968039892 0.33797208075044327 0.4484976093750001 0.3358911359375001 0.431178675071011 0.838473034874557 0.4915660625000001 0.8405539796875002
0 0.555053878963556 0.3337539084912939 0.5186420546875 0.33233919531250006 0.49910039291144415 0.8353016086962063 0.5355122171875001 0.8367163218750001
0 0.5958896531250002 0.3335231750000001 0.5595086532880674 0.33184059768806184 0.5362397501630674 0.8349651523755618 0.5726207500000002 0.8366477296875001
0 0.6332138893871192 0.3317942860865791 0.595889653125 0.32997123437500014 0.5709961012378808 0.8396291920384211 0.6083203375 0.84145224375
0 0.6660341578125002 0.33470715625000014 0.6368546125562612 0.3328257934263278 0.6039880797437611 0.8425788668638278 0.6331676250000001 0.8444602296875001
0 0.6946954253134388 0.3365852757233599 0.6678100203125001 0.3347071562500001 0.6320455387490613 0.8466780852141402 0.65893094375 0.8485562046874999
0 0.7521608328125001 0.3276032734375001 0.6972877927281455 0.32383970760397984 0.6612405183356389 0.849411364954685 0.7161135584199936 0.8531749307882054
0 0.7903941874999999 0.3301373125000001 0.7531642439132735 0.32728220060769775 0.7140430173507735 0.8374131912326976 0.7512729609374998 0.8402683031250001
0 0.8143498332309698 0.33665213520474363 0.791228628125 0.3347071562500001 0.7494615167690305 0.8312194429202565 0.7725827218750001 0.8331644218750001
0 0.8411754375000001 0.33664772968750006 0.8161045682872985 0.3345342835477628 0.7739860686400463 0.8341672650737266 0.7990569378527479 0.8362807112134638
0 0.8812145000000002 0.32753314531250016 0.8490387496667354 0.3242821584486102 0.7969725898063873 0.8395926874102277 0.8291483401396521 0.8428436742741177
0 0.9128716109375002 0.3264192937500001 0.8828666072544769 0.3234052162163725 0.8313197776946047 0.8365515415966108 0.8613247813776281 0.8395656191302383