0 1.0353503975551004 0.7555061099843181 0.7848478987069022 0.2604576465129101 0.741358858133904 0.2824638017480044 0.9918613569821023 0.7775122652194124
0 0.976799848373226 0.7534752054472541 0.6675582078125001 0.12279960156249996 0.6083237746654385 0.1518442533157161 0.9175654152261645 0.7825198572004703
0 0.9200326187918829 0.745685496464241 0.5935792796875001 0.126051421875 0.545534153836382 0.1513639287318657 0.8719874929407648 0.7709980033211067
0 0.8687882667240509 0.7587845850706628 0.5830108609375001 0.22577393281250005 0.5509770710383736 0.2429490743150189 0.8367544768249241 0.7759597265731817
0 0.8349511770499495 0.7651132245121535 0.5553703828125001 0.23336151562500002 0.5240837895135054 0.24981116770383008 0.803664583750955 0.7815628765909834
0 0.805079001382159 0.7628402630600661 0.5212262609374999 0.247452740625 0.49264147049284085 0.2631959838149339 0.7764942109374999 0.7785835062500002
0 0.7680306338977226 0.7564733557218474 0.45049915468750007 0.18458419999999998 0.4010528178437272 0.2120384161228995 0.7185842970539498 0.7839275718447469
0 0.7056758620130263 0.7581138148889556 0.37814613750000003 0.18350025937500009 0.323879579371065 0.21443219730734242 0.6514093038840915 0.789045752821298
0 0.6488834795887986 0.7666065091148577 0.3114838062500001 0.18566814062499995 0.261042936031444 0.21496338786250901 0.5984426093702425 0.7959017563523668
0 0.5952569123263869 0.7659660784931599 0.27083604375000003 0.2409490984375 0.2398920220486131 0.26007016838184016 0.5643128906249999 0.7850871484374999
0 0.5336701934945223 0.741053593307673 0.14482797812500015 0.10545655624999992 0.09185453469184053 0.1378643711064949 0.4806967500613627 0.7734614081641679
0 0.486486981589071 0.7558525860992864 0.1139356796875 0.17049297656249998 0.08256754103293916 0.19045718438208858 0.45511884293451016 0.775816793918875
0 0.4469380969959899 0.7450412441000811 0.07816564843750008 0.17157691562499994 0.04907699202480707 0.1902826912381234 0.41784944058329687 0.7637470197132046
0 0.4049583232112225 0.7281254449552138 0.06353245312500003 0.2171024109375 0.018835251788777586 0.24696560660728623 0.3602611218750001 0.757988640625
0 0.3408393521384192 0.7371373367518149 0.0033737640625000286 0.23444545625000007 -0.04393620757892569 0.2662054428761838 0.2935293804969935 0.7688973233779987
0 0.25746943592969906 0.7455364411833149 0.0033737640625000286 0.36126647656250005 -0.06222324079851842 0.4046420108410736 0.19187243106868057 0.7889119754618884