0 0.6310698097706317 0.6051747051845455 0.49383423002037363 0.29915513591507104 0.4327465459312835 0.32655012820781765 0.5699821256815415 0.6325696974772921
0 0.4972062182051672 0.6746282686583566 0.4293298055965263 0.23887845864854856 0.39403828439773847 0.24437579174990232 0.46191469700637944 0.6801256017597104
0 0.4244888202862473 0.6892849987020646 0.37875412525074614 0.27074324524347115 0.32491641556310047 0.2766261738010826 0.3706511105986017 0.695167927259676
0 0.46196800379537706 0.6887793924170993 0.3974617626004199 0.2710246887641622 0.35902840452180795 0.27695925142610833 0.42353464571676513 0.6947139550790454
0 0.3860236142707726 0.6919254456625474 0.3532320699277805 0.2711006260476234 0.2900251467328982 0.2760258408356334 0.32281669107589034 0.6968506604505575
0 0.35344177281054046 0.7079043340164041 0.29426918079202746 0.30926792462852715 0.25774086395715134 0.3146900966587041 0.31691345597566434 0.713326506046581
0 0.31343872311132565 0.7017110262791326 0.294801006740456 0.29030069508920286 0.21105404440324843 0.2940946011062158 0.22969176077411807 0.7055049322961456
0 0.2626106270639465 0.7019153436826095 0.2498610346488655 0.2910951447744069 0.16653611573697163 0.29368109054087516 0.17928570815205264 0.7045012894490779
0 0.12204926201484215 0.682926963876945 0.0642409363570163 0.2821225757324631 0.020528863205925903 0.2884272017162136 0.07833718886375174 0.6892315898606955
0 0.16885810210704638 0.6891868797968782 0.15397832855811183 0.24704503719996737 0.061234810445766855 0.2501662132902867 0.07611458399470139 0.6923080558871975
0 0.2421875 0.24479166718749998 0.12304687500000004 0.24479166718749998 0.12304687500000007 0.6822916671875 0.24218750000000006 0.6822916671875
0 0.6864876805027553 0.6208590194143473 0.5457871535237249 0.26650213665234457 0.5206785697307584 0.2764717213936695 0.6613790967097889 0.6308286041556722
0 0.6795442671874999 0.6657795171875002 0.5368480984375 0.3195388234375002 0.524733236837405 0.32453172105605177 0.667429405587405 0.6707724148060518
0 0.7477678578125002 0.2893518515625001 0.7008572646104639 0.28886097803980404 0.6971613998228393 0.6420582917383302 0.7440719930248756 0.6425491652610262
0 0.856894840625 0.27612433906250006 0.8127658717635459 0.27341375898782977 0.7914055144853139 0.6211660906784118 0.8355344833467682 0.623876670753082
0 0.8088069484375001 0.2796576265625001 0.7520957957502946 0.2765627576289008 0.7329535594618595 0.6273298848382216 0.789664712149065 0.6304247537718208