0 0.1652625 0.7360015625 0.11551888902739918 0.1401046315718293 0.09071718749999999 0.142175 0.14046079847260082 0.7380719309281707
0 0.19245937500000004 0.7318859375 0.14259685108350553 0.14351349354915133 0.12330468750000001 0.14514843749999995 0.17316721141649455 0.7335208814508486
0 0.21078593750000002 0.7368203125 0.17119378614134464 0.14512440153006806 0.14636249999999998 0.14678593750000002 0.18595465135865535 0.7384818484699319
0 0.23267343750000005 0.7407000000000001 0.19881964861484971 0.1480705133598678 0.1701578125 0.14970781250000004 0.20401160138515034 0.7423372991401324
0 0.25207812500000004 0.7431421875 0.22329211034929092 0.14906179044422357 0.2023171875 0.150078125 0.23110320215070917 0.7441585220557766
0 0.27130624999999997 0.7466359375 0.2494367414017636 0.15330993154572609 0.2259671875 0.154175 0.2478366960982364 0.7475010059542739
0 0.2879912813477891 0.7489504004422483 0.2673001630548691 0.15676131495984935 0.25152499999999994 0.15731250000000002 0.27221611829292 0.7495015854823989
0 0.30259843750000004 0.7540578124999999 0.28745494407437805 0.1581020917726193 0.27105781249999994 0.15851874999999999 0.28620130592562193 0.7544744707273805
0 0.32016093749999996 0.7568703125 0.3113796875 0.15952812500000002 0.29046291379188377 0.1598356127732864 0.29924416379188373 0.7571778002732864
0 0.33583567308565604 0.7579786512820978 0.32962635482357167 0.16221519899469694 0.3118953125 0.16240000000000002 0.3181046307620844 0.758163452287401
0 0.3522609375 0.7614453125 0.35117968750000006 0.16424062500000003 0.3339250546593336 0.16427186482806813 0.33500630465933356 0.7614765523280681
0 0.37141562500000014 0.16471406250000006 0.35473913357357645 0.16459228452060387 0.3503656960735765 0.7634985345206039 0.36704218750000017 0.7636203125000002
0 0.3941397811634275 0.16624861437809224 0.37333125 0.16596718750000006 0.36520659435962366 0.7666992541418884 0.3860151255230512 0.7669806810199806
0 0.4170218750000002 0.16835000000000006 0.39537791658206467 0.16794018531644564 0.3839607290820645 0.7709276853164456 0.40560468750000006 0.7713375000000001
0 0.4266169551718956 0.1688753927183408 0.419959375 0.16870937500000005 0.40493046695641055 0.7713929993519157 0.4115880471283061 0.7715590170702564
0 0.43538281250000016 0.17060312500000008 0.4279264670808634 0.17039915026118485 0.4114349317400798 0.7732511735412781 0.41889127715921654 0.7734551482800934
0 0.4704890625000001 0.17250625000000008 0.4367576501183935 0.17112007509559438 0.4117842126183934 0.7788278875955944 0.4455156250000001 0.7802140625000001
0 0.5072343750000001 0.17373750000000004 0.47390113395306377 0.17180530629612545 0.4385011339530638 0.7825084312961254 0.4718343750000001 0.784440625
0 0.5329250000000002 0.1776093750000001 0.5098617478882457 0.17603733527461732 0.4679992478882455 0.7901982727746173 0.49106250000000007 0.7917703125000001
0 0.5591234375000002 0.1828156250000001 0.5339781702827027 0.18086239429134862 0.48639097793376374 0.7934846833199399 0.5115362451510613 0.7954379140285914
0 0.5915578125000002 0.1858031250000001 0.5635177432921309 0.18317828451799315 0.5058933290918866 0.79875571610437 0.5339333982997558 0.801380556586377
0 0.6173812500000003 0.1879796875000001 0.5938024856618676 0.18550864532837863 0.5290373448183573 0.8034997143650665 0.55261610915649 0.8059707565366881
0 0.6485875000000003 0.19109375000000012 0.6203881882241518 0.1877542727162108 0.546865849553518 0.808593755807463 0.5750651613293665 0.8119332330912522
0 0.6708734375000001 0.19554218750000013 0.6525382955767246 0.19314818000702322 0.571788448956399 0.8115923170491172 0.5901235908796745 0.8139863245420941
0 0.7466109375000001 0.19191875000000008 0.6847544922268243 0.18192048298482258 0.5822168003537814 0.8162921312069065 0.6440732456269573 0.8262903982220839
0 0.826128125 0.20086718750000015 0.7635601077134091 0.1882010174494928 0.6349749195476468 0.8233827846193345 0.6975429368342378 0.8360489546698417
0 0.9196765625 0.2091921875000001 0.8348786868175161 0.18801858039028801 0.6762126377498988 0.8234579665161992 0.7610105134323827 0.8446315736259112
0 1.0186063934803435 0.2170926239994117 0.9323421852536706 0.19244594345836505 0.7491793934243589 0.833521855787755 0.8354436016510318 0.8581685363288016