0 0.6374418309563372 0.1091029660164129 0.6126545505659038 0.031705468475359974 0.00011159241485884098 0.22787814249265664 0.024898872805292294 0.30527564003370955
0 0.6058254106851334 0.18881204911585775 0.5944641694728968 0.15403055581318786 0.05378910911883291 0.33063998786570914 0.06515035033106951 0.365421481168379
0 0.5857275324295774 0.24562941046541215 0.5714234375 0.20150312499999998 0.05789792773224317 0.367968930199835 0.07220202266182055 0.4120952156652472
0 0.62481875 0.2665843750000001 0.620708097220809 0.25423226658494386 0.09856718749999997 0.42799531249999995 0.102677840279191 0.4403474209150562
0 0.6477546875000001 0.2698734375000001 0.6438247557433232 0.25830598277634487 0.08080756824332312 0.4495856702763449 0.08473750000000004 0.46115312500000016
0 0.68393125 0.2849515625000002 0.6768735818375475 0.2626634603529622 0.08573161770460022 0.4498522928622042 0.09278928586705276 0.4721403950092422
0 0.6649343749999999 0.2897718750000002 0.6609607435732867 0.2782316394482134 0.07514199357328681 0.4799457019482132 0.07911562500000002 0.49148593749999997
0 0.7064734375 0.30042343749999995 0.6981743979254583 0.2766097903029645 0.07929314792545827 0.49228947780296456 0.08759218750000002 0.516103125
0 0.71251875 0.3379796875000001 0.7061395738715575 0.31952946251425257 0.10109269887155747 0.5287247750142525 0.10747187500000002 0.5471750000000001
0 0.7240390625 0.3581062500000002 0.7173934077699425 0.3388847165106436 0.10721684526994246 0.5498472165106435 0.1138625 0.56906875
0 0.6838374999999999 0.43132343750000024 0.6679443456587786 0.385166274349102 0.11392872065877868 0.5759287743491018 0.12982187500000003 0.6220859375000001
0 0.7089640625000001 0.47430000000000005 0.6915636319876614 0.425268550168458 0.12093550698766112 0.627774800168458 0.1383359375 0.67680625
0 0.8410203125000001 0.4778765625 0.8276465291361799 0.4394424955942805 0.11848246663617971 0.6862081205942804 0.13185625 0.7246421875
0 0.8594640625000001 0.5214390625 0.8459555126247595 0.48220650389295444 0.1329148876247595 0.7277205663929543 0.1464234375 0.766953125
0 0.7564976225709786 0.5913079213762547 0.7444761666821552 0.557602754047069 0.18422135217894478 0.7574260770785904 0.19624280806776823 0.791131244407776
0 0.7531468150085725 0.6285738624711215 0.7432479307199047 0.6009805840890442 0.20178722514345773 0.7952256026455615 0.21168610943212562 0.8228188810276386
0 0.7735 0.678390625 0.7599933265576063 0.6400268749594986 0.20422457655760634 0.8356956249594987 0.21773125 0.8740593750000001