0 0.178780277858332 0.18019631942297956 0.13578831182955536 0.16875136266287755 -0.0226060285287766 0.763745668239898 0.020385937500000083 0.7751906249999999
0 0.22812240763492636 0.19063080113171577 0.18011304230601405 0.17823240285264869 0.02504375000000012 0.7786953125 0.07305311532891245 0.791093710779067
0 0.2613718750000002 0.21979687500000006 0.2270460174471974 0.21096213009655088 0.07808437500000007 0.7897265625000001 0.11241023255280287 0.7985613074034493
0 0.29224531250000013 0.22917500000000005 0.25516704243241095 0.22014388095141188 0.11495312500000003 0.7958078125 0.1520313950675892 0.8048389315485881
0 0.3667974153359899 0.2891902725880074 0.28770060383747076 0.269410590835489 0.1546828125000001 0.801334375 0.23377962399851926 0.8211140567525185
0 0.44765162952356086 0.30619799422417315 0.3682643023629002 0.2867900586086597 0.2363454853393395 0.8263983143844866 0.3157328125000001 0.8458062500000001
0 0.5304285258362463 0.302805985684205 0.4501286473244265 0.28348087156408 0.31299334619605557 0.8533066408630179 0.3932932247078754 0.8726317549831428
0 0.6115448239771912 0.3265274639639947 0.5356302220307538 0.30799685853590447 0.3980612011728007 0.8715778758491091 0.47397580311923804 0.8901084812771993
0 0.6637470431667977 0.3089312592454891 0.61800625 0.29830781250000005 0.48167612066364374 0.8852969882140794 0.5274169138304414 0.8959204349595684
0 0.7078388182796811 0.32363747154320005 0.6628189304700078 0.31352457510625126 0.5317363375678162 0.8970689298864019 0.5767562253774894 0.9071818263233506
0 0.8017687499999999 0.3579203125 0.7077140625000001 0.33602968750000006 0.5748608387124833 0.9068433781416545 0.6689155262124831 0.9287340031416544
0 0.9083163263052869 0.38290051950658877 0.8175782947835257 0.3613719853372757 0.681858843478239 0.9333995908306874 0.7725968750000002 0.9549281250000003
0 0.9472074352998018 0.3965166315798654 0.9109302713935754 0.3877820931273083 0.7749197110937736 0.9526748365474432 0.8111968749999999 0.9614093750000002
0 0.9675861118277492 0.38280285045962265 0.949425 0.37846718750000014 0.8103388881722507 0.9610674620403776 0.8285 0.9654031250000001