0 0.1494297983573581 0.08358611700197843 0.07220262740153972 0.06619023547029534 -0.07629227251831829 0.725417593468317 0.0009348984375000758 0.7428134750000001
0 0.1635255697601019 0.25909828278063946 0.13669842656250003 0.25178850156250004 -0.026705199447601767 0.8514853109693608 0.00012194375000009749 0.8587950921875
0 0.19910253458665822 0.26358262685312556 0.16921663593750005 0.25504032187500003 -0.025699179899158108 0.9369680137718746 0.004186718750000073 0.94551031875
0 0.22886842517608486 0.2626865294867594 0.20336075781250001 0.2550403218750001 -0.0026229767385846704 0.9421998720757407 0.022884690625000113 0.9498460796875001
0 0.29321575194229793 0.2562849256868713 0.24075669843749997 0.23986515781250003 0.02437176058030035 0.93118729583133 0.07683081408509831 0.9476070637057014
0 0.3600936599467538 0.2550662919920622 0.30904494062500004 0.23769727656250006 0.0767071994282463 0.9205537220704378 0.12775591875000009 0.9379227374999999
0 0.42181180249132993 0.24752245273837975 0.3667647640624999 0.22794181406249997 0.12212893266036366 0.9156863884440684 0.17717597108919372 0.935267027119948
0 0.48408356410658804 0.2555873019788828 0.4399307359375001 0.23878121718750006 0.18928727339341211 0.8972699652086173 0.23344010156250006 0.9140760500000003
0 0.5721294123185721 0.16414589233137922 0.5326076359374999 0.14881416875000006 0.247573372056428 0.8835691607936209 0.28709514843750006 0.8989008843749999
0 0.6131043215278977 0.1651025612472626 0.5821979062499999 0.15314993125000004 0.3000883175346022 0.8826124934402373 0.33099473281249997 0.8945651234374999
0 0.7495216923832401 0.040954883610998215 0.6813784468749999 0.014405567187500079 0.35471543105426 0.8528406413890022 0.42285867656250015 0.8793899578125002
0 0.7628645320585989 0.1252384103860111 0.7390982703125 0.11521201875000006 0.42185516169140114 0.8671956864889891 0.44562142343750005 0.8772220781250002
0 0.7969771660016121 0.11791437880655556 0.7724294359374999 0.10762443593750007 0.4527789480608879 0.8701839555684444 0.477326678125 0.8804738984375
0 0.7867256394486652 0.24271004398980117 0.753598780764018 0.2287373795648529 0.4905382694403528 0.8524100105750518 0.5236651281250001 0.866382675
0 0.8429894556458368 0.22616838318601404 0.8050410415679442 0.21036762060065267 0.543176053125 0.8392841656250001 0.5811244672028927 0.8550849282103614
0 0.9167939416451822 0.20448475017403728 0.8748617968750001 0.1856681406250001 0.5839703905596629 0.8339092879065404 0.6259025353298453 0.8527258974555775
0 0.9706915235070681 0.19536083383922653 0.9338327412372545 0.17862520625965747 0.6380160224176865 0.8301361208579312 0.6748748046875003 0.8468717484375002
0 1.0170108987998803 0.19672047872567786 0.9716034734375001 0.1748287375000001 0.6710749766401969 0.7981791209581057 0.7164824020025773 0.8200708621837833