0 0.24031740101600169 0.8563984670880721 0.14801966837547292 0.2414660815184862 0.09788750000000002 0.24899062500000002 0.19018523264052878 0.8639230105695859
0 0.29233611393177494 0.8469596454956893 0.20006237796792403 0.23219918479577223 0.15160595153614906 0.23947235180008275 0.2438796875 0.8542328124999999
0 0.3355341267326314 0.8451003579023906 0.2376257119270441 0.20686044274939047 0.1979207386793521 0.21295133568523555 0.29582915348493943 0.8511912508382358
0 0.3807479945086195 0.8376919732418576 0.2858975206443845 0.19871529700480872 0.24520786032377515 0.20475531960080215 0.34005833418801024 0.8437319958378511
0 0.3993560423371812 0.829421867617009 0.30767790156218966 0.21979133837469775 0.2921878693489833 0.22212077774122108 0.3838660101239748 0.8317513069835323
0 0.42117812500000007 0.82250625 0.3261375000000001 0.21714531250000002 0.3068716855342166 0.220170012203162 0.40191231053421655 0.825530949703162
0 0.46071056367977914 0.8152864707006255 0.36793009496938467 0.21343593030115007 0.32849218750000003 0.21951562500000002 0.42127265621039445 0.8213661653994755
0 0.5013986046848548 0.8095136039985169 0.4058131182746612 0.20956578532520082 0.3690899215164054 0.2154166352081746 0.4646754079265989 0.8153644538814906
0 0.540049479201172 0.8042582603476083 0.4455671875 0.20459218750000002 0.40803058199182 0.21050638653789852 0.5025128736929918 0.8101724593855067
0 0.5700265625000001 0.8003156249999999 0.47648437499999996 0.20919843749999995 0.45041657750692227 0.21332357351765213 0.5439587650069223 0.804440761017652
0 0.5987678990944476 0.7934983177178656 0.5103076060785728 0.20456413153403688 0.48420689448412535 0.20848456381617134 0.5726671875 0.7974187500000001
0 0.640768294612559 0.7902915199904339 0.5633479552595839 0.23280451315017187 0.5187601292504329 0.2389965940027916 0.596180468603408 0.7964836008430537
0 0.6821929771134717 0.7753371774122949 0.6058406250000001 0.225715625 0.5632294486512862 0.23163508635712246 0.6395818007647578 0.7812566387694174
0 0.7165685570168472 0.7738416960458155 0.6420701456338731 0.16889393583527262 0.6052309857330784 0.1734306232483104 0.6797293971160525 0.7783783834588534
0 0.7528594259272127 0.765110446276503 0.6840359375000001 0.16643593750000002 0.6442456234924661 0.17101022315182993 0.7130691119196786 0.769684731928333
0 0.793525115180125 0.7598612350677764 0.7329921875000001 0.1652171875 0.6931914110174241 0.1692687836343378 0.7537243386975491 0.7639128312021141
0 0.8321954072697062 0.7546625591946031 0.7776578124999999 0.16052343750000003 0.73901421027842 0.16407063552390927 0.7935518050481263 0.7582097572185124