0 0.180098151517535 0.3457869054146585 0.15489945346205264 0.34502707949868927 0.14262925781250008 0.751953125 0.1678279558679824 0.7527129509159692
0 0.2052764796875001 0.346137153125 0.18001552858399414 0.34548053129592904 0.16943872545899413 0.7523815734834289 0.19469967656250006 0.7530381953124998
0 0.22643008906250012 0.34505208281250005 0.19957083431037462 0.34462697572177053 0.1930620311853746 0.7558682960342705 0.2199212859375001 0.756293403125
0 0.2662965031250001 0.3515625 0.2428102331214746 0.3512284285458578 0.2371104217903528 0.7519430248755408 0.26059669179387834 0.752277096329683
0 0.2931495134621308 0.3614131179888956 0.2703691060554817 0.3613174257593278 0.26873730312500005 0.7497829859375 0.29151771053164915 0.7498786781670678
0 0.31593208329743394 0.35928369043635117 0.29234532721755035 0.35913712398188213 0.2898909109375001 0.7541232640625 0.31347766701738367 0.754269830516969
0 0.3387069296875001 0.34613715312500004 0.316863596486834 0.3459216473607618 0.3127831486123348 0.7595095754873284 0.33462648181300086 0.7597250812515667
0 0.3680013527248587 0.7605800237461762 0.3670565916156205 0.3450505202532137 0.3434573701407618 0.3451041761945376 0.34440213124999997 0.7606336796875001
0 0.39403175 0.3493923609375001 0.3712509406250001 0.3493923609375001 0.3712509406250001 0.7584635421875 0.39403175000000007 0.7584635421875
0 0.419259082777666 0.7626830642257759 0.41681255781250004 0.3504774296875 0.39579457215361213 0.35060217574219565 0.3982410971187781 0.7628078102804715
0 0.4420341671875 0.7660590281249999 0.43552536406250003 0.31792534687499996 0.41600307454874363 0.31820889337978364 0.42251187767374354 0.7663425746297837
0 0.45993878823906204 0.7659657144155688 0.45749203988672643 0.31782762353335625 0.4395933656250001 0.317925346875 0.4420401139773357 0.7660634377572126
0 0.4802803605955613 0.7648429694143989 0.47701897968750007 0.3190104171875 0.4591127940919388 0.31914140558560117 0.462374175 0.7649739578125001
0 0.49817649640275075 0.7660262866564661 0.49735892273513205 0.31897500359917286 0.47799468593749983 0.31901041718749995 0.4788122596051186 0.7660617002447931
0 0.5339710000000001 0.30924479218750006 0.5006133890625001 0.30924479218750006 0.5006133890625002 0.766059028125 0.5339710000000002 0.766059028125
0 0.5673373148739396 0.7689305038513428 0.5616157178108232 0.3078188780033586 0.5306902044993835 0.30820261008951605 0.5364118015624999 0.7693142359375001
0 0.6051475829043659 0.7637728032611982 0.6018360038069117 0.3221194654737271 0.562976401149162 0.32241084026224665 0.5662879802466162 0.7640641780497178
0 0.6641470484374999 0.7628038203125 0.6616675110737202 0.3251948398072152 0.6031024656523458 0.3255266753608779 0.6055820030161255 0.7631356558661627
0 0.735743875 0.2734375000000001 0.674120584375 0.2734375000000001 0.6741205843750001 0.7823350703124999 0.7357438750000002 0.7823350703125
0 0.765041908146432 0.3146965701448002 0.7367861775013947 0.314659868072879 0.7361855246306965 0.7770829640242158 0.7644412552757338 0.777119666096137
0 0.8048999000000002 0.3092447921875001 0.7668982902735368 0.3091116420477975 0.7652706408068021 0.77364964361873 0.8032722505332656 0.7737827937584327
0 0.8520933552278969 0.7767091919108943 0.8496468934055403 0.31013490947471845 0.8114030413026436 0.31033543943882413 0.813849503125 0.776909721875