0 0.11485384687500003 0.7382812500000002 0.08936564517977394 0.3297151543286108 0.06267547656250001 0.33138020781250005 0.08816367825772609 0.7399463034838895
0 0.14267897812500002 0.7376302078125001 0.11572224312449411 0.3290935486251799 0.09093399843749998 0.3307291671875 0.1178907334380059 0.7392658263748201
0 0.17196858906250004 0.7350260421874999 0.15139187260985093 0.35867277726103514 0.1266403203125 0.3600260421875 0.14721703676514913 0.7363793071139647
0 0.1988173984375 0.7343749999999999 0.18007476526883243 0.35679818383994527 0.15439482187499998 0.35807291718749995 0.17313745504366757 0.7356497333475546
0 0.2246898875 0.736328125 0.20648141857162705 0.3412212085320866 0.1798629765625 0.3424479171875 0.19807144549087294 0.7375548336554134
0 0.25105053750000006 0.7343750000000001 0.23143299219490152 0.3432349582894278 0.20656672173131008 0.34448212077694756 0.22618426703640862 0.7356221624875199
0 0.27645194237596576 0.7362052794889845 0.26374270156250007 0.34309895781250005 0.23746553344474175 0.34394850624021356 0.25017477425820744 0.7370548279166981
0 0.3038760134554176 0.7333938460657533 0.29250335369000463 0.3430005592867886 0.26677703906249994 0.34375000000000006 0.2781496988279129 0.7341432867789648
0 0.34626861301567347 0.7215819429501305 0.33647856875000004 0.4010416671875 0.2989987953155406 0.4021863864903015 0.308788839581214 0.7227266622529319
0 0.38534906874999997 0.7167968750000002 0.37557163767653406 0.3999295758282767 0.33897437992069396 0.40105884087431 0.34875181099415986 0.7179261400460335
0 0.41566604130760937 0.7316172574684925 0.4073158936282593 0.3307107817860978 0.3745691267753323 0.3313928369681144 0.3829192744546824 0.7322993126505091
0 0.44737675660017817 0.7290874969035869 0.4424589334733204 0.3329405627897513 0.41082000781250005 0.3333333328125 0.4157378309393579 0.7294802669263356
0 0.48153353639281765 0.7264764384364455 0.4795639828125 0.35742187500000006 0.44597374004217116 0.3576011378772722 0.4479432936224888 0.7266557013137177
0 0.5152004907014686 0.35616279255986105 0.4830856328125 0.3561197921875 0.4825896603918968 0.7265371381299295 0.5147045182808654 0.7265801385022905
0 0.5411266468750001 0.3938802078125 0.5202022066685557 0.39369917583344444 0.5172732457310556 0.7322408430209444 0.5381976859375001 0.732421875
0 0.5626056953125003 0.39388020781250016 0.5421116680555172 0.3936725496369199 0.5386858468750002 0.7317708328125001 0.5591798741319832 0.7319784909880804
0 0.5938479468750001 0.3404947921875 0.5695283322475978 0.339853353381553 0.5592769681850979 0.7285252283815531 0.5835965828125002 0.7291666671875002
0 0.6206967562500002 0.3411458328125001 0.5965066999200493 0.3403559012960484 0.5838145358575492 0.7290277762960484 0.6080045921875 0.7298177078125001
0 0.6446166046875001 0.369140625 0.6227679741691257 0.368279955007168 0.6085810770435547 0.7284229553212093 0.6304297075619292 0.7292836253140413
0 0.6704890953125001 0.3691406250000001 0.6490175719544041 0.3682978635521993 0.6348534015625 0.7291666671875001 0.656324924920596 0.7300094286353008
0 0.699805006329665 0.34387227949539156 0.6838969866690187 0.3430810319459183 0.6641430125000002 0.7402343750000001 0.6800510321606466 0.7410256225494732
0 0.7105182296875 0.3424479171875 0.6990119387683217 0.34181698883947914 0.6779961743350652 0.725083171467823 0.6895024652542435 0.7257140998158439
0 0.7354143984375001 0.38736979218750006 0.7132321150076749 0.38599440515763783 0.6920897601807341 0.7269789403921425 0.7142720436105592 0.7283543274220048
0 0.7583579265625 0.38606770781250016 0.7385263087800336 0.38489300447012714 0.7183264763606154 0.7259113206371264 0.7381580941430819 0.7270860239794994
0 0.7905764984375001 0.3691406250000001 0.769303708081109 0.3674295567275866 0.7404319073420462 0.7263771067673391 0.7617046976984373 0.7280881750397528
0 0.8140081875000001 0.3678385421875001 0.7931774095692972 0.36613152472776644 0.76370455288222 0.72578955231919 0.7845353308129228 0.7274965697789236