0 0.68148075036808 0.1599449403200638 0.6778453124999999 0.1220578125 0.10961924963192009 0.17658162217993625 0.1132546875 0.21446875000000004
0 0.6810454605709341 0.2089947542524258 0.6780046875 0.17099375000000006 0.10974828942906596 0.21646462074757428 0.11278906250000001 0.25446562500000003
0 0.6866484598536112 0.2665474747603838 0.6833484375000001 0.21630312499999998 0.10429060264638883 0.2543353377396162 0.10759062500000001 0.30457968750000003
0 0.6888886745196808 0.33336493977821846 0.6865796875 0.27807812500000006 0.10355976298031914 0.30242724772178164 0.10586875 0.35771406250000004
0 0.6828003171146368 0.37288278849844214 0.6812656249999999 0.34208124999999995 0.11025404482108592 0.37053200318271107 0.11178873693572285 0.4013335416811533
0 0.617546875 0.41083281250000014 0.613565385634925 0.38427872320183415 0.11410132313492494 0.45916778570183414 0.11808281249999997 0.48572187500000014
0 0.6418062499999999 0.4466531250000001 0.636474821794361 0.4117476509804062 0.111984375 0.4918578125 0.11731580320563899 0.5267632865195939
0 0.6426290971257853 0.48380312662565955 0.6376556303668242 0.4517570237087707 0.11753122074103876 0.5324788970831112 0.12250468750000001 0.564525
0 0.6922625 0.514896875 0.6874656309618165 0.4815748937551776 0.11240116200150492 0.5643583550940432 0.11719803103968843 0.5976803363388657
0 0.6953719554698538 0.554620128169939 0.6906850525324262 0.5208097027254603 0.11928460007838873 0.6000189532405737 0.1239715030158163 0.6338293786850524
0 0.7349281208642519 0.6113621224383321 0.7295203124999999 0.565496875 0.09296353899593186 0.6405510224502002 0.09837134736018376 0.6864162698885323
0 0.7394782809488577 0.6714409797124035 0.7348410489021349 0.6229570369148117 0.09373775253971207 0.6842751678177128 0.09837498458643493 0.7327591106153044
0 0.693353125 0.7015890625 0.691221017426588 0.6790293921206778 0.11903386589504861 0.733106625461268 0.12116597346846056 0.7556662958405902
0 0.6931171875000002 0.7293359374999999 0.6907974451668208 0.7041312118191546 0.13328646216272502 0.755442297084006 0.13560620449590438 0.7806470227648513
0 0.6518593749999999 0.7770781250000001 0.6498156249999999 0.7478609374999999 0.12484048605193535 0.7845830874408558 0.12688423605193533 0.813800274940856
0 0.6558937499999999 0.8192062500000002 0.6544036210733765 0.7859467484557223 0.13115148224905213 0.8093900687635068 0.13264161117567566 0.8426495703077848
0 0.7070953125000001 0.8670078125000001 0.706017507973425 0.824295561093854 0.1354675724120134 0.8386928659171907 0.13654537693858862 0.8814051173233368
0 0.7082601509547393 0.8869149341290063 0.13837656250000013 0.8848328125000002 0.13822578654526096 0.9261006908709941 0.7081093750000002 0.9281828125000002