0 0.21853031874999998 0.8852596343749995 0.203352031749117 0.2923572600747846 0.15172231249999996 0.29367897968749995 0.16690059950088293 0.886581353987715
0 0.27599909858989113 0.88400707431366 0.2593360707804494 0.2966696389197751 0.2123150359374999 0.298003646875 0.22897806374694163 0.8853410822688847
0 0.32330307968750005 0.8840756937500001 0.3197346122722057 0.31069601756387716 0.266477190625 0.31102746875 0.27004565804029446 0.884407144936123
0 0.37829222418511765 0.8838450504151982 0.37568835759913166 0.313160502718958 0.3241909515625 0.3133954703125 0.326794818148486 0.88408001800874
0 0.4114879375000001 0.31841856250000006 0.37747743922740407 0.3180819748201612 0.3718676501649041 0.884923046695161 0.40587814843750014 0.8852596343749998
0 0.4440580718750001 0.31931537187500003 0.4147588796928214 0.319095187490955 0.4105041750389744 0.8852543630026529 0.43980336722115315 0.8854745473866981
0 0.49466855937500015 0.3193153718750001 0.44583976400847847 0.31877913201270996 0.43958007653697323 0.8887721894089763 0.4884088719034949 0.8893084292712665
0 0.5461670375000002 0.32049935156250003 0.4955774189970101 0.319471852366743 0.4840347268095101 0.887784116429243 0.5346243453125001 0.8888116156250001
0 0.5683764401602562 0.3219769067077827 0.545656987934926 0.32167658914905983 0.5381759515625002 0.8876276750000003 0.5608954037878305 0.887927992558723
0 0.5950816875000001 0.32102272968750006 0.5701642826369633 0.32051584315537907 0.5585416841994633 0.8918567103428792 0.5834590890625001 0.8923635968750002
0 0.6483041956808008 0.28166249969204876 0.6003292515624999 0.28024390156250006 0.5821299317532482 0.8957186668631725 0.6301048758715491 0.8971372649927212
0 0.6966441875000001 0.28196022968750006 0.6509916220884029 0.28013218508610327 0.6264383031605553 0.8933130656668359 0.6720908685721525 0.8951411102682328
0 0.7264117125 0.3240512937500001 0.695383545514588 0.3228240279393413 0.6730906131390242 0.8864418052260721 0.7041187801244362 0.8876690710367308
0 0.7699189875000001 0.31931537187500003 0.7272995843750001 0.31813139062500007 0.7115464512704095 0.8851920009736348 0.7541658543954094 0.8863759822236348
0 0.8365117640625002 0.26722007812500004 0.7815016309612676 0.2662157797544873 0.7699189875000001 0.9006514984374998 0.8249291206012325 0.9016557968080127
0 0.8880102437499999 0.3204993515625001 0.8445345073055192 0.3193284143324351 0.8288806221446308 0.9005416238135018 0.8723563585891115 0.9017125610435668
0 0.9329723124999999 0.3197206453125001 0.8889709661407815 0.3186602843850729 0.875003324419116 0.8982695714866761 0.9190046707783344 0.8993299324141034