0 0.1346510353086812 0.13735134562837542 0.10467316159071187 0.13689608813632748 0.09397187500000012 0.84155625 0.12394974871796945 0.842011507492048
0 0.19882556318643166 0.22077805421298816 0.15166357595810562 0.22076546138646153 0.1515015625000001 0.8275296875000002 0.19866354972832614 0.8275422803265267
0 0.258828223674427 0.8236074947190242 0.2500916266638832 0.2279243374963758 0.2061774654894561 0.22856840527735156 0.21491406249999995 0.8242515625
0 0.3100519334500668 0.8189061598383492 0.2952025197111058 0.25056669563143974 0.245563086261039 0.2518636607930906 0.26041250000000005 0.8202031250000001
0 0.36045719966270323 0.8172284150147309 0.3490027750133853 0.2552834470857341 0.300187762850682 0.2562784695710033 0.31164218749999995 0.8182234375
0 0.41000088786461253 0.8120180101468408 0.3990022275575452 0.2761127063533032 0.3510029021929327 0.2770978212064623 0.36200156250000004 0.813003125
0 0.4588295430903943 0.8123250303180557 0.44872584580955294 0.2807380354460928 0.4015400527191586 0.28163488012803733 0.41164375 0.8132218750000002
0 0.5093922765551053 0.8124483687777897 0.49670807275949674 0.22769816736280246 0.45033881221931094 0.2287039936953461 0.4630230160149195 0.8134541951103333
0 0.5548805859467881 0.8083700344284648 0.5423660001510684 0.23232911327987896 0.5000635392042801 0.2332481413514144 0.5125781249999999 0.8092890625000001
0 0.590720464165638 0.8098356529225565 0.5776343574516928 0.2956765668768745 0.5450857682860548 0.29650497645431806 0.558171875 0.8106640625000001
0 0.6557125 0.8046203125 0.6409050688468583 0.237887669999995 0.579105232778615 0.23950235874250195 0.5939126639317567 0.8062350012425069
0 0.7199710177863501 0.8028906246453593 0.7044328745796223 0.2421386147851814 0.6450556067932721 0.24378392763982207 0.6605937499999999 0.8045359374999999
0 0.7483921908731039 0.7997470682573546 0.7389431890495836 0.25837946952073637 0.7120978731764797 0.25884802626338205 0.721546875 0.8002156250000002
0 0.7776557637049049 0.7982250809510737 0.7698725058015852 0.2578841447013693 0.744004170561225 0.2582567611573844 0.7517874284645447 0.7985976974070889
0 0.8069281412240923 0.7980130939930131 0.8057686222856448 0.25967202090217245 0.7766137364633766 0.2597348168580246 0.7777732554018241 0.7980758899488652
0 0.8247209343977625 0.31914625855768813 0.8069140625 0.3190515625000001 0.8044155745090101 0.7888731863338141 0.8222224464067727 0.7889678823915023
0 0.858717818702807 0.3117776965574076 0.8401613375317114 0.3117433361579255 0.839267330634736 0.7945555968009475 0.8578238118058316 0.7945899572004296
0 0.8991482430619152 0.29622994636422467 0.8690511003338743 0.2961640027823821 0.8679546875000002 0.796575 0.898051830228041 0.7966409435818427
0 0.9269297638971079 0.30236896965381627 0.9009021193898221 0.30221483252184467 0.8979968749999999 0.7927953125 0.9240245195072857 0.7929494496319716