0 0.9484546875000002 0.23517343750000022 0.350799810219782 0.07198955313098043 0.3319335259066623 0.14108661427454963 0.9295884031868804 0.30427049864356936
0 0.9255937499999998 0.310075 0.33256562500000003 0.14378906250000006 0.3130097575133954 0.21353145685207564 0.9060378825133952 0.3798173943520756
0 0.9399609375000002 0.3877250000000002 0.3064988340765036 0.21953760012945672 0.288942976405003 0.28566009525425373 0.9224050798284995 0.45384749512479716
0 0.9186062500000002 0.4512828125 0.28557343749999997 0.29910468749999997 0.26979476319541174 0.36474104997032863 0.9028275756954119 0.5169191749703288
0 0.9640000000000002 0.5344265625000002 0.26556250000000003 0.37130468750000006 0.2524253674037963 0.42755383279495873 0.9508628674037964 0.5906757077949589
0 0.94535 0.591090625 0.2518359375 0.4307609375 0.23827473313163755 0.4894206035951877 0.9317887956316374 0.6497502910951878
0 0.8676765625 0.63329375 0.23067630423991559 0.49193683675043437 0.22186562500000004 0.5316406250000001 0.8588658832600844 0.6729975382495658
0 0.8528718750000002 0.6733062499999999 0.22138110447670128 0.532365823970794 0.21216562500000005 0.57365625 0.843656395523299 0.714596676029206
0 0.908025 0.7334734375 0.20559687500000004 0.577984375 0.19187979379076428 0.6399518438325824 0.8943079187907642 0.7954409063325825
0 0.8900281250000003 0.796953125 0.18678374448146534 0.6421292214069083 0.17314218750000004 0.7040921875 0.8763865680185349 0.8589160910930917
0 0.7781140625 0.8331109375000001 0.17377371807281355 0.7034298102124584 0.16541406250000007 0.7423875000000001 0.7697544069271866 0.8720686272875418
0 0.7621906218495818 0.8728537846695209 0.16706605770698718 0.7428007574270714 0.15856093750000005 0.7817203125 0.7536855016425947 0.9117733397424495