0 0.6750625 0.07837343750000006 0.6728423674362726 0.05684140240575214 0.23505955493627254 0.1019804649057521 0.2372796875 0.12351250000000003
0 0.6768803971930477 0.09564122251502737 0.6747370525217161 0.07623373662526466 0.23585509282866837 0.12470345161023728 0.2379984375 0.14411093749999998
0 0.725246975634825 0.12378043790410768 0.7218453125000001 0.09148749999999997 0.22774208686517503 0.14353518709589236 0.23114374999999998 0.17582812500000006
0 0.7291546875 0.15572343750000012 0.7257997869177191 0.12397710284870875 0.21954666191771902 0.17747710284870863 0.2229015625 0.2092234375
0 0.8535167032209964 0.19253900236960428 0.8487458644746615 0.14269497544611912 0.20152698720646867 0.2046437602377332 0.2062978259528035 0.2544877871612184
0 0.8161444366922224 0.29665952716924693 0.8083792232826422 0.2077848228185098 0.21054758566921644 0.2600189234321858 0.21831279907879675 0.34889362778292293
0 0.8187479876765948 0.3858968536354293 0.8132791204321335 0.29831794164991793 0.21481315944197318 0.3356891628352834 0.22028202668643457 0.42326807482079476
0 0.7999332437086799 0.46539417369376146 0.7957527562596063 0.38905780831531656 0.21479763736249974 0.42087325526493197 0.21897812481157328 0.4972096206433768
0 0.8043125 0.5461343750000001 0.8011858069472055 0.4707597124555936 0.2194951478747038 0.4948894144164605 0.22262184092749832 0.570264076960867
0 0.859990625 0.5859796875000001 0.8584420647785336 0.5496512097900459 0.22459518977853357 0.5766699597900458 0.22614375 0.6129984374999999
0 0.8235052941724934 0.640458491584891 0.8220971618972179 0.5939550970987477 0.22763764534688752 0.6119554525749198 0.2290457776221631 0.6584588470610631
0 0.8216056837743206 0.6917490036467532 0.820735273969021 0.6423132039641561 0.235830620064479 0.6526115454331449 0.23670102986977865 0.702047345115742
0 0.825984375 0.7521578125000001 0.8246432626909963 0.6932637464265236 0.2425349587610889 0.7065192857978366 0.24387607107009263 0.7654133518713132
0 0.8552 0.8011453124999999 0.8543453666498475 0.7557416152949615 0.24745786664984742 0.7671650527949614 0.24831249999999994 0.8125687499999998
0 0.7404156249999999 0.8512859375000001 0.7391588015926271 0.8003111952992287 0.26329473909262724 0.8120440077992285 0.2645515625 0.86301875
0 0.7441515625000001 0.9168265625 0.7431562709351586 0.8579230681023656 0.26137658343515846 0.8660636931023656 0.26237187500000003 0.9249671875000001