0 0.14510937500000004 0.828778125 0.0491365899776219 0.2930012980892583 0.01591216607602048 0.2989527322171325 0.1118849510983986 0.8347295591278743
0 0.1935024546691006 0.8202502114053066 0.09276690005590502 0.2475763004331541 0.04524569538680442 0.2559354640278474 0.14598125 0.8286093749999999
0 0.2439144542784621 0.81148862078373 0.14144843750000005 0.24013124999999996 0.09429335822153792 0.24858794171627002 0.196759375 0.8199453125
0 0.2858078125 0.8036703125000002 0.18926250000000003 0.2834625 0.14914551966519718 0.29090780610635514 0.24569083216519716 0.8111156186063553
0 0.32643281250000006 0.7983578125 0.23095156250000004 0.2757921875 0.19012543061140835 0.28325178667548656 0.2856066806114084 0.8058174116754865
0 0.3687600543025324 0.7902997956914504 0.2699 0.27019999999999994 0.23018682069746763 0.2777486418085495 0.32904687499999996 0.7978484374999999
0 0.4079421875000001 0.7849250000000001 0.30878215521608565 0.26162677034048487 0.26967343750000006 0.2690375 0.3688334697839145 0.7923357296595153
0 0.4299558488021675 0.7818223476279582 0.31793593750000004 0.2102046875000001 0.29876290119783255 0.2139620273720419 0.41078281250000004 0.7855796875000001
0 0.4485220055832594 0.7758049400892181 0.337557833315834 0.2087824906854196 0.3176702027325747 0.2126744255962015 0.428634375 0.779696875
0 0.4891932846164515 0.7701387814122274 0.3744892209202688 0.1954043724596351 0.3361724988038174 0.20305152854740802 0.4508765625000001 0.7777859375000002
0 0.5312499999999999 0.7612656250000002 0.41459017876423543 0.18637693642284653 0.376821374236542 0.1940412061711248 0.4934811954723065 0.7689298947482784
0 0.56899375 0.7572390625 0.46346858741221997 0.23351473014101093 0.42614062500000005 0.24103593749999996 0.5316657875877802 0.764760269858989
0 0.6083407844756473 0.7502184844404334 0.4994716573232013 0.23229110254512006 0.462965247847554 0.2399648056046869 0.5718343750000001 0.7578921875000002
0 0.6351144093418485 0.7388255893808895 0.521465625 0.2381859375 0.4988918406581515 0.24331034811911034 0.6125406250000001 0.7439499999999999
0 0.6975299016268703 0.7304068658991284 0.5638515625 0.21426718750000004 0.5165982233731296 0.22650563410087168 0.6502765624999999 0.7426453125
0 0.7344537390190279 0.728133739858819 0.5747000000000001 0.17235625000000002 0.555699385980972 0.17781782264118084 0.715453125 0.7335953124999998
0 0.7582269487420621 0.7208054120043201 0.5926144315946846 0.1670886371750413 0.5729218578526225 0.17297853767072124 0.7385343749999999 0.7266953125000001
0 0.7898093338318306 0.7149909212851803 0.6253345670790224 0.1632105790421641 0.5969455457471918 0.17167278275698378 0.7614203125000001 0.723453125
0 0.8214054888602991 0.709999034096924 0.6527201305163415 0.1540991299992636 0.6243812499999999 0.16269843750000004 0.7930666083439575 0.7185983415976606
0 0.8438712933931765 0.7092889121233663 0.6984953125 0.21824843750000006 0.6769823069642671 0.2246175138660905 0.8223582878574437 0.7156579884894567
0 0.865566555277289 0.6996835920544522 0.7157328125 0.2185171875 0.695905319722711 0.2246914079455479 0.8457390624999999 0.7058578125
0 0.9465866056049494 0.7068930467117157 0.7653546875 0.10152499999999995 0.7206758943950506 0.1149007032882843 0.9019078125 0.72026875
0 1.0043593258275192 0.7015229855467733 0.8362659720808778 0.08525141251225347 0.7891140625000002 0.09811249999999998 0.9572074162466413 0.7143840730345198