0 0.21718800000000002 0.754687 0.13658110217914646 0.43226143177897464 0.10937499999999997 0.439063 0.18998189782085353 0.7614885682210254
0 0.242188 0.757812 0.1681135948301331 0.43314766867220095 0.142187 0.439063 0.21626140516986686 0.763727331327799
0 0.279687 0.746875 0.214902631478653 0.41346941027339346 0.17968800000000001 0.42031200000000013 0.24447236852134707 0.7537175897266065
0 0.31406300000000004 0.7406250000000001 0.2575219443846005 0.4108080389894761 0.220312 0.41718700000000003 0.2768530556153996 0.747003961010524
0 0.359375 0.7375 0.32304722678426956 0.4421430129568186 0.271875 0.44843700000000003 0.3082027732157304 0.7437939870431814
0 0.407813 0.732812 0.38405223860949417 0.433433300121467 0.33281299999999997 0.4375 0.3565737613905058 0.736878699878533
0 0.4422698550339743 0.7360052772438538 0.42342192846491955 0.3606179090215559 0.3859370000000001 0.36250000000000004 0.4047849265690548 0.737887368222298
0 0.47656200000000004 0.7296879999999999 0.4702763545773071 0.35406008267569555 0.4328120000000001 0.35468700000000003 0.43909764542269303 0.7303149173243042
0 0.5125 0.38750000000000007 0.47656200000000004 0.38750000000000007 0.4765620000000001 0.739062 0.5125000000000001 0.739062
0 0.556252731185464 0.38899341426553136 0.5187500000000002 0.38750000000000007 0.5046852688145362 0.7406945857344688 0.5421880000000001 0.7421880000000001
0 0.5984370000000001 0.3812500000000001 0.5610668996374394 0.37969341075289825 0.5461642955789635 0.7374703967918491 0.5835343959415242 0.739026986038951
0 0.646875 0.37187500000000007 0.604936743715703 0.36777045622233695 0.5688694919766102 0.7362883059126915 0.6108077482609071 0.7403928496903547
0 0.6968750000000001 0.36875000000000013 0.6526447230769231 0.3632212153846155 0.6056735692307693 0.7389904461538463 0.6499038461538463 0.744519230769231
0 0.7515630000000001 0.35937500000000006 0.7101857943347927 0.3543119173636693 0.6642234788038122 0.7299313411763486 0.7056006844690196 0.7349944238126793
0 0.8187500000000002 0.34843800000000014 0.7785211372770902 0.3409881478200836 0.7071201885124176 0.7265500216359098 0.7473490512353278 0.7339998738158263
0 0.8734370000000002 0.3453130000000001 0.8339973824182598 0.33634947899598544 0.7456966912009666 0.7248737533579923 0.7851363087827069 0.733837274362007
0 0.8812500000000002 0.4203120000000002 0.8618162909360614 0.4153264296860546 0.784289385625649 0.7175256220664625 0.8037230946895878 0.7225111923804082
0 0.9406249999999998 0.3437500000000001 0.910973468436536 0.33550667847137317 0.8036866413389212 0.7214213524266793 0.8333381729023849 0.7296646739553061
0 0.985938 0.34062500000000007 0.9569340115807737 0.33156121494700735 0.8362984834744831 0.7175932578170874 0.8653024718937093 0.72665704287008
0 0.7140625 0.678125 0.684375 0.678125 0.684375 0.7140625 0.7140625 0.7140625
0 0.2112659982935153 0.08752026450511946 0.19374999999999998 0.003125 0.16373400170648464 0.009354735494880546 0.18125 0.09375
0 0.4546875 5.2908568744412996e-17 0.409375 5.013397834009477e-17 0.409375 0.07343750000000006 0.4546875 0.07343750000000007
0 0.2750000000000001 0.703125 0.2468750000000001 0.703125 0.2468750000000001 0.7390625 0.2750000000000001 0.7390625
0 0.79375 0.6781250000000002 0.765625 0.6781250000000002 0.765625 0.7140625000000002 0.79375 0.7140625000000002
0 0.3078125000000001 0.696875 0.27812500000000007 0.696875 0.27812500000000007 0.7390625 0.3078125000000001 0.7390625
0 0.5078125 0.690625 0.484375 0.690625 0.484375 0.7234375 0.5078125 0.7234375
0 0.8468990384615387 0.6716826923076924 0.8234375 0.66875 0.8187259615384616 0.7064423076923078 0.8421875000000002 0.7093750000000002
0 0.3328125 3.8174536942171404e-17 0.290625 3.559129760021995e-17 0.290625 0.09375000000000004 0.3328125 0.09375000000000004
0 0.50625 0.00937500000000006 0.465625 0.009375000000000059 0.465625 0.07031250000000007 0.50625 0.07031250000000007
0 0.4015625000000001 0.690625 0.37187500000000007 0.690625 0.37187500000000007 0.7265625 0.40156250000000016 0.7265625
0 0.6562500000000001 0.696875 0.628125 0.696875 0.628125 0.7328125 0.6562500000000002 0.7328125
0 0.6140625000000001 0.690625 0.584375 0.690625 0.5843750000000001 0.7265625 0.6140625000000002 0.7265625
0 0.24537259615384616 0.08155048076923077 0.22968750000000004 0.0031249999999999945 0.19993990384615387 0.009074519230769223 0.21562500000000004 0.0875
0 0.3734375 0.0984375 0.3624969015580736 0.006223884560906517 0.3359375 0.009375 0.3468780984419263 0.10158861543909348
0 0.7578125 0.6718750000000001 0.721875 0.671875 0.721875 0.7125000000000001 0.7578125 0.7125000000000001
0 0.4390625000000001 0.690625 0.415625 0.690625 0.4156250000000001 0.7265625 0.4390625000000002 0.7265625
0 0.8830928481806776 0.6712123588456714 0.8625000000000002 0.6625000000000002 0.8450321518193226 0.7037876411543289 0.865625 0.7125000000000001
0 0.540625 0.009375000000000066 0.515625 0.009375000000000064 0.515625 0.08281250000000007 0.540625 0.08281250000000007
0 0.3515625000000001 0.696875 0.3218750000000001 0.696875 0.3218750000000001 0.7328125 0.3515625000000001 0.7328125
0 0.4046875 0.09375 0.3999969100197759 0.007755850362557684 0.3703125 0.009375000000000003 0.37500308998022414 0.09536914963744232
0 0.475 0.684375 0.453125 0.684375 0.453125 0.7203125 0.475 0.7203125
0 0.28920673076923076 0.09334134615384618 0.27807692307692305 0.004302884615384616 0.2373076923076923 0.009399038461538467 0.2484375 0.09843750000000002
0 0.17529097919655665 0.09528425394548065 0.15776318149210905 0.0028649569583931167 0.12343749999999998 0.009375000000000005 0.1409652977044476 0.10179429698708753
0 0.5765625000000001 0.690625 0.553125 0.690625 0.5531250000000001 0.7265625 0.5765625000000002 0.7265625
0 0.8171875 0.6656250000000001 0.803125 0.6656250000000001 0.803125 0.7015625000000002 0.8171875 0.7015625000000002
0 0.7453125 0.05312500000000009 0.721875 0.05312500000000009 0.721875 0.0828125000000001 0.7453125 0.0828125000000001
0 0.58125 0.009375000000000069 0.5515625 0.009375000000000067 0.5515625 0.07500000000000007 0.58125 0.07500000000000007
0 0.23750000000000004 0.7437500000000001 0.22631650086505192 0.7070042171280276 0.203125 0.7140625 0.21430849913494812 0.7508082828719724
0 0.5437500000000001 0.690625 0.521875 0.690625 0.5218750000000001 0.7265625 0.5437500000000002 0.7265625
0 0.21093750000000006 0.7390625000000002 0.19660121681415926 0.7040182522123895 0.17834900442477877 0.7114850663716815 0.19268528761061954 0.7465293141592922
0 0.6234375 0.009375000000000078 0.5906268545994064 0.007774480712166238 0.5874999999999999 0.07187500000000006 0.6203106454005934 0.0734755192878339
0 0.6640625 0.08437500000000007 0.634375 0.08437500000000006 0.634375 0.10781250000000009 0.6640625 0.10781250000000009
0 0.7703125 0.05312500000000009 0.753125 0.05312500000000009 0.753125 0.08125000000000009 0.7703125 0.08125000000000009
0 0.13594824252320384 0.09849443537298039 0.12009227827432105 0.014457824853901683 0.08726903575111719 0.02065088948092128 0.10312499999999998 0.1046875