0 0.14580851328991973 0.8147343119447745 0.1268163485181453 0.24219102527042297 0.09416434756873754 0.24327414369411696 0.11315651234051198 0.8158174303684685
0 0.17574153562789732 0.8134933032232556 0.15512278407968086 0.2411691762668598 0.12518437345178354 0.24224774804360427 0.145803125 0.8145718750000002
0 0.20308597982832471 0.8093464962963687 0.17866619710523088 0.23908406847384348 0.15283897409406105 0.24019004204583888 0.17725875681715483 0.8104524698683641
0 0.22983906790668254 0.8063037135302389 0.20636638938191143 0.2356918503739292 0.18047575897522886 0.23675688684369015 0.20394843749999997 0.8073687499999999
0 0.2559709970820093 0.8043362146724464 0.22960551881004446 0.23302090244108795 0.20682514672803518 0.2340721877686415 0.23319062500000004 0.8053874999999999
0 0.2793751097957228 0.8018817099014461 0.25201875000000007 0.22951718749999994 0.22849051520427724 0.23064172759855378 0.2558468749999999 0.8030062499999999
0 0.3233110510587931 0.7997150912811283 0.2937 0.1902234375 0.2457686364412069 0.19255209621887176 0.27537968749999997 0.8020437499999999
0 0.37677048727941165 0.7955233674805322 0.33991103662403865 0.18604294516181558 0.2910877157896166 0.1889956253779928 0.3279471664449896 0.7984760476967094
0 0.42650045681197063 0.7917695397682467 0.39019062648971337 0.15643636889455298 0.3414573571777427 0.15922151662630632 0.3777671875 0.7945546875
0 0.47898899867995687 0.7859286157696915 0.4394791080041437 0.15185282077530038 0.39167968750000004 0.15483125 0.43118957817581316 0.7889070449943911
0 0.5293089851904857 0.7814803390932187 0.4863046875 0.14597656250000002 0.43925663980951424 0.14916028590678143 0.4822609375 0.7846640625000001
0 0.5812340924039877 0.776872150960079 0.5350796875 0.14303281249999997 0.48465710147025165 0.14670444395407978 0.5308115063742394 0.7805437824141588
0 0.6109140625 0.7711421875 0.56985 0.20920468750000004 0.5449014631625196 0.21102782312625354 0.5859655256625197 0.7729653231262535
0 0.6421156250000001 0.7722265625000001 0.5966953125000001 0.19219999999999998 0.5690698283093345 0.19436327700492823 0.6144901408093346 0.7743898395049283
0 0.6634096417682042 0.7725440272800078 0.6089015625 0.098178125 0.5934981707317959 0.09942316021999227 0.64800625 0.7737890625000001
0 0.685458587425617 0.7722586842463504 0.6241625 0.09548281250000004 0.6087836000743828 0.09687569075364993 0.6700796874999999 0.7736515625000002
0 0.7039813101215573 0.7615254677563883 0.6559886393632924 0.25810275625632456 0.6389807667417351 0.2597241634999364 0.6869734375 0.7631468750000001
0 0.7331363544653661 0.7585121000416483 0.6841988678224812 0.25410411877578193 0.6574765758571152 0.2566967062341336 0.7064140625 0.7611046874999999
0 0.7794640625 0.7556078125000001 0.7144967165382959 0.12967998916607282 0.6740303750849577 0.13388013925845965 0.7389977210466617 0.7598079625923869
0 0.8546015625000001 0.7466203124999999 0.789065625 0.16979843749999998 0.7187727447937906 0.17778480210153166 0.7843086822937907 0.7546066771015316
0 0.9316215144961081 0.7399336222877742 0.8595956623578227 0.15685247100282287 0.7853991878468708 0.16601768632582042 0.8574250399851563 0.7490988376107717
0 0.970483035816847 0.7358022443990274 0.8898937458007878 0.11818528908061465 0.8575794599839408 0.12240179468158723 0.93816875 0.74001875
0 1.0074730679538753 0.7298256943587326 0.9250818783642609 0.11751252805033326 0.8929042059234034 0.12184226789017841 0.9752953955130177 0.7341554341985776