0 0.19466445365254392 0.18247938702369088 0.15888719687500003 0.18172359062500004 0.14782884909499744 0.7051943940660277 0.18360610587254134 0.7059501904647185
0 0.23676240224878212 0.20875678743354179 0.1993570871590451 0.20835257090072856 0.19400152031250006 0.7039450296874998 0.23140683540223708 0.7043492462203131
0 0.27328484542970427 0.21440228215010185 0.23713169947229767 0.21426082864695833 0.2352229227925935 0.7021121746218564 0.2713760687500001 0.702253628125
0 0.3557548750418663 0.18739758014443844 0.27999144808329557 0.18673800919073483 0.2754693999345282 0.7061754748621479 0.351232826893099 0.7068350458158515
0 0.4363648749798035 0.18922690554787086 0.36092742287564844 0.18798459884847488 0.35248268805588084 0.7007800935586406 0.4279201401600359 0.7020224002580365
0 0.484473078125 0.2218614734375001 0.4369068078125 0.2218614734375001 0.4369068078125 0.6963337562499999 0.484473078125 0.6963337562499999
0 0.5136493011683779 0.6979926122472173 0.5130093968116486 0.21160137281404415 0.4882727034557707 0.21163391681682664 0.4889126078125 0.69802515625
0 0.5517001359375 0.6980251562500001 0.5466139000355191 0.2198726268176549 0.5123700935215176 0.2202368873148623 0.5174563294234985 0.6983894167472073
0 0.5878505687499999 0.69802515625 0.5814686818430838 0.2206169141303321 0.547861115554859 0.22106617258116207 0.554243002461775 0.6984744147008299
0 0.6287628613437162 0.6972353143376205 0.6189271921875 0.21935736406250003 0.5805517620937839 0.22014720597487952 0.59038743125 0.69802515625
0 0.674086624645189 0.6954625091320548 0.662587160915371 0.2185493029345405 0.626454236270182 0.21942055005248567 0.6379537 0.6963337562499999
0 0.7503655509803623 0.7024393911957354 0.7342146870248885 0.1554125630489068 0.6682885171091018 0.15735902078485087 0.6844393810645756 0.7043858489316794
0 0.7895316562499999 0.6937966265625 0.7767556027293814 0.15033575191274923 0.7444483270816408 0.1510952536580164 0.7572243806022592 0.6945561283077673
0 0.8460142877276834 0.6881925997045337 0.8365074804054611 0.1754261342935495 0.7805786691518183 0.17646306722153096 0.7900854764740405 0.6892295326325153
0 0.9000862500000002 0.686891234375 0.8883838031513329 0.19034511351216254 0.8381045074238107 0.1915300805497004 0.849806954272478 0.6880762014125379