0 0.7737140625000001 0.0686546875 0.7732692966199886 0.05309282733246836 0.20240760443093656 0.06940834489642983 0.202852370310948 0.08497020506396148
0 0.7794069719007567 0.09455163471507869 0.7786140625 0.06571562500000001 0.18582896559924333 0.08201555278492131 0.186621875 0.11085156249999997
0 0.8303626443691033 0.15373128213151585 0.8289328125000001 0.0967921875 0.17927173063089677 0.11310621786848411 0.18070156250000002 0.17004531249999996
0 0.8308678480503129 0.21346200004662808 0.8299187500000003 0.158946875 0.17868077236579585 0.1702848054245118 0.1796298704161086 0.22479993047113983
0 0.8328468657205155 0.2735846210236522 0.8318667676139269 0.21590399157036252 0.17577458939341137 0.2270521830467104 0.17675468750000004 0.28473281250000004
0 0.8323078125000001 0.3380234375000002 0.8316662613445306 0.28105722512289166 0.17611313634453057 0.2884400376228915 0.17675468750000004 0.34540625
0 0.7352000000000001 0.36168437500000017 0.7349951240910141 0.33947873119223343 0.17279416175573778 0.34466576536193994 0.17299903766472374 0.3668714091697067
0 0.8620668620689733 0.3957103907038834 0.8614404938711718 0.3594308834593611 0.16963251616050756 0.3713749959662567 0.17025888435830905 0.40765450321077906
0 0.7480265625 0.44751562500000014 0.7476854304188467 0.41124558511146353 0.19550156249999998 0.4164390625 0.19584269458115328 0.4527091023885366
0 0.7481720531188225 0.45439907543852287 0.19254218750000007 0.45195468749999995 0.19239570706494474 0.4852509180871798 0.7480255726837672 0.4876953060257027
0 0.7361875 0.4926500000000001 0.18958125000000003 0.49265 0.18958125000000006 0.5518437500000001 0.7361875 0.5518437500000002
0 0.7367664873304449 0.5555587021754917 0.1925421875000001 0.5503640625000001 0.19196320016955545 0.6110225478245084 0.7361875000000003 0.6162171875000001
0 0.6980746728477909 0.6169725128713843 0.2043812500000001 0.6110375000000001 0.20406595215220924 0.6372649871286159 0.6977593750000001 0.6432000000000001
0 0.69968125 0.6487734375 0.20536718750000005 0.6391546875 0.20484867659192146 0.6658013134568969 0.6991627390919214 0.6754200634568969
0 0.7016546875000002 0.6754109375 0.2073406250000001 0.6650515625 0.20677015108786073 0.6922726329854187 0.7010842135878608 0.7026320079854188
0 0.7016546875 0.7072265625 0.20635468750000005 0.6931687500000001 0.20568239110149605 0.7168558212409232 0.7009823911014961 0.7309136337409231
0 0.6924438496572382 0.7324067946237601 0.21523437500000014 0.7161062499999999 0.21433533079067724 0.7424263776231739 0.6915448054479153 0.758726922246934
0 0.6927750000000001 0.7545812500000001 0.2172078125000001 0.7442234375 0.21653175602894176 0.7752638019140495 0.6920989435289417 0.7856216144140497
0 0.6790935927147409 0.7938248751913688 0.2064874332792192 0.7826549331583589 0.20536718750000005 0.8300531250000001 0.6779733469355218 0.84122306703301
0 0.7211884234355594 0.8493054737622019 0.1890341473978375 0.8403199708304842 0.18824728646227795 0.8869207470682821 0.7204015625 0.8959062499999998
0 0.7376043963517381 0.9102263820175219 0.17543983498849253 0.8912226052725858 0.17402293863675447 0.9331368482550639 0.7361875000000001 0.952140625