0 0.1812738748912344 0.24681871137392525 0.14048341307532453 0.24582391865675285 0.1261883015625001 0.8319804015625 0.16697876337840997 0.8329751942796724
0 0.23180043750000007 0.31841856250000006 0.18478999375000008 0.3169474109375 0.1687096264960649 0.8307933120259214 0.21572007024606493 0.8322644635884215
0 0.2754206397990989 0.32159629371060866 0.23100602957206268 0.3204306230283202 0.2176424468750001 0.8296124406250002 0.2620570571020363 0.8307781113072886
0 0.318967300117982 0.258019170948308 0.2895626953125 0.2565642359375 0.2610372360747514 0.833070986788915 0.2904418408802334 0.834525921799723
0 0.36186279826340184 0.2573063558623276 0.33447694824823443 0.2553539371712737 0.2931143015625001 0.83553238125 0.32050015157766754 0.837484799941054
0 0.38204274517070014 0.29392235826239843 0.37214926530015596 0.2931256419987688 0.3293918310669559 0.8240798024863704 0.33928531093750014 0.82487651875
0 0.409458865435263 0.29644374129102946 0.3828514410429623 0.29438763435585047 0.34191176310769944 0.824174955564821 0.3685191875000001 0.8262310625000001
0 0.4271129375000002 0.2962831453125001 0.4147626790806108 0.2952868879453777 0.37213782343750007 0.8236924984375001 0.38448808185688943 0.8246887558046225
0 0.4529897685057696 0.298482964763889 0.4231971736477272 0.2962558441267353 0.3836484676419577 0.8253060246753463 0.4134410625000001 0.8275331453125
0 0.4857066875000001 0.2676373125000001 0.4584125215672021 0.2654082823834679 0.4123243668797021 0.8297513714459678 0.4396185328125001 0.8319804015625
0 0.5133145843750002 0.26840405937500006 0.48586608033219003 0.2662463619934912 0.44139433593750005 0.8319804015625 0.4688428399803103 0.8341380989440088
0 0.5382249146790213 0.26773880244305437 0.5123636302318659 0.26583540388684046 0.4705875905528446 0.8334422467562861 0.496448875 0.8353456453125
0 0.5491832500000002 0.3184185625000001 0.5348807686423893 0.31740193971154934 0.49812423114238935 0.8345157584615492 0.5124267125000002 0.8355323812500002
0 0.5621848830774555 0.3187672601528492 0.5476316481411134 0.3178232198134058 0.514122202563658 0.8344016049730566 0.5286754375000001 0.8353456453125
0 0.6323200385076985 0.301877803779914 0.5620003465932286 0.29778844347510997 0.5308974315230303 0.8326269615701959 0.6012171234375001 0.8367163218749999
0 0.7078327076848833 0.3037789218644904 0.6349107606281997 0.3001005612503377 0.6080972404433165 0.8316672846983474 0.6810191875000001 0.8353456453125
0 0.7486092265625001 0.25893219687500013 0.7159519951056224 0.25786922346281826 0.6971108671875001 0.8367163218749999 0.7297680986443779 0.8377792952871819
0 0.7699674968326111 0.16452949666579753 0.7566004312499999 0.1642134921875001 0.7405342171394835 0.843818220692053 0.7539012827220948 0.8441342251703505
0 0.7874756594148657 0.16687053784805217 0.7714750461309544 0.16651790656624427 0.7565821085910887 0.8422836327806922 0.772582721875 0.8426362640624999
0 0.810794211210324 0.337322302312752 0.7791495403729917 0.33701889474024044 0.7743584656250002 0.8367163218750001 0.8060031364623326 0.8370197294475117
0 0.8353391867789334 0.3373278003897425 0.8122570160489427 0.33705039278992255 0.8063230468750001 0.8307963812500002 0.8294052176049908 0.8310737888498201