0 0.6052673045913195 0.11785357322305587 0.5945046875 0.08897500000000005 0.13137641714769255 0.2615760561348492 0.14213903423901209 0.290454629357905
0 0.6158664862884695 0.1583450428372149 0.6056234374999999 0.13037343750000002 0.15605571528256953 0.29500267693330745 0.16629876407103922 0.32297428227052233
0 0.5828606507044486 0.19540969194277885 0.5756859375000001 0.17556093749999996 0.16565873496354816 0.32377313855786694 0.17283344816799667 0.34362189300064583
0 0.647419333768936 0.21243765208548532 0.6348578125000002 0.1772140625 0.1635029917021393 0.34530975281282605 0.1760645129710753 0.38053334239831144
0 0.6615210267481036 0.2552692687042806 0.649353125 0.21989062500000003 0.18270299333056444 0.3803872511667717 0.1948708950786681 0.4157658948710522
0 0.6688796904256475 0.28817525552899353 0.6596531250000001 0.2610609375000001 0.20496264478160606 0.4157847797027839 0.2141892102072535 0.4428990977317773
0 0.6771609375 0.3168687499999999 0.6683265625000001 0.2913078125 0.22054577985186047 0.4460698728394207 0.22938015485186042 0.47163081033942067
0 0.6681439437074173 0.37866293365554077 0.6523812499999999 0.33018125 0.23973105629258265 0.46434487884445935 0.25549374999999996 0.5128265625000001
0 0.6827249999999999 0.4281250000000001 0.6678709873722029 0.3822877513682405 0.25832318214376027 0.5150057580579961 0.2731771947715573 0.5608430066897556
0 0.7598703124999999 0.45572187500000017 0.7460790616055467 0.41109379523706524 0.2592409200560465 0.5615395905920064 0.27303217095049975 0.6061676703549413
0 0.77625625 0.5023703125000001 0.7628297540150916 0.45666197075453063 0.272263287175457 0.6007623350606999 0.2856897831603654 0.6464706768061694
0 0.7187265625 0.5589296874999999 0.708487839723418 0.5230495205987822 0.29457241900204034 0.6411639445752961 0.30481114177862234 0.6770441114765139
0 0.8035640624999999 0.5949781250000001 0.7908545975032653 0.5484207145322675 0.29619376129263736 0.6834555998472849 0.308903226289372 0.7300130103150175
0 0.8214453125000001 0.6468406250000001 0.8088266674565328 0.5986285790842916 0.3108295126494573 0.728970472065847 0.32344815769292456 0.7771825179815554
0 0.8150921875 0.6955421874999999 0.805753547546607 0.6583624189816291 0.3259288135285721 0.7788825461984767 0.3352674534819651 0.8160623147168475
0 0.8813640625 0.7482000000000001 0.8670955405416834 0.6881692070760861 0.3341770427937465 0.8148368540743043 0.348445564752063 0.8748676469982183
0 0.9014875 0.8078828125000002 0.888107295468591 0.7484414012629771 0.3541333919818392 0.8686384136555363 0.3675135965132483 0.9280798248925592