0 0.7976019653124079 0.14465035647870883 0.13373804757736768 0.14049923295314531 0.13334888252880428 0.20273603033916668 0.7972128002638446 0.20688715386473017
0 0.7222203125 0.21804375000000004 0.1392325551474839 0.216127895565482 0.13916671914155176 0.2361615603157398 0.7221544764940678 0.23807741475025784
0 0.7632722376025598 0.2530607661354768 0.1375880247127695 0.2431045690614954 0.13638052111985502 0.3189885566403182 0.7620647340096454 0.3289447537142996
0 0.7025554292473286 0.3351664389396418 0.14515468750000005 0.31514531250000005 0.14405300015725458 0.3458169804439221 0.7014537419045832 0.3658381068835639
0 0.7005812499999999 0.36933906250000004 0.14510961963240235 0.34533418143837474 0.14384449154543072 0.37460917594011345 0.6993161219130284 0.39861405700173874
0 0.698028125 0.3985171874999999 0.13965824304555355 0.37149870684756237 0.13814441305612474 0.4027838513888117 0.6965142950105712 0.4298023320412493
0 0.6931218750000001 0.4332625000000001 0.13626361383402005 0.39838767918818635 0.13444419902742058 0.4274389013008294 0.6913024601934006 0.46231372211264327
0 0.6633953125000001 0.4635718750000001 0.12473830458394042 0.42624144817476894 0.1223404558506737 0.4608410532139423 0.6609974637667333 0.49817148003917344
0 0.65986875 0.5038750000000001 0.11891252382032816 0.46272419759797084 0.11638883431468114 0.49589987027833454 0.6573450604943529 0.5370506726803639
0 0.731712196032778 0.5470716441148926 0.10353057457491024 0.49212508528580506 0.10122150354213225 0.5185237536709125 0.7294031249999999 0.5734703125
0 0.7310404676030856 0.577326535219246 0.10033044260788668 0.5191296185209696 0.09823528750480097 0.5418358958017236 0.7289453124999999 0.6000328125000001
0 0.6855007233451011 0.5983427917674162 0.11518468903967324 0.5428278545405797 0.1123480281945722 0.5719694377731634 0.6826640625 0.6274843750000001
0 0.6840732091962833 0.6283207723755546 0.12454958610366451 0.5667242867401644 0.12187950190738146 0.59097851436461 0.6814031250000002 0.6525750000000002
0 0.7365986815165353 0.6618555453418536 0.12136685633637487 0.5930550370634264 0.11711973731983974 0.631033866721573 0.7323515625000001 0.6998343750000002
0 0.7586158867519763 0.7093093697260597 0.11080548738046865 0.627687926183418 0.10158022562849241 0.7009066814573582 0.749390625 0.782528125
0 0.7253072057865982 0.7821062222104667 0.11784200276635617 0.6912289025727937 0.10847698447975798 0.7538289303623271 0.7159421875000002 0.8447062500000001
0 0.7263556838981117 0.8552437238686398 0.09848660998888796 0.7541129490344902 0.08389342609077635 0.8447145376658505 0.7117625000000001 0.9458453125