0 0.17881144950438907 0.3442416194727949 0.14046521334380288 0.34394338613678227 0.13691394136265342 0.8005587192189723 0.1752601775232396 0.8008569525549849
0 0.21715933526355852 0.3462465829657858 0.18022872702196707 0.3458469176631307 0.17530670462789383 0.8006606820411426 0.21223731286948527 0.8010603473437976
0 0.23875052343750017 0.39899553593750003 0.21504167156311338 0.3987897809055632 0.21155302656250008 0.80078125 0.23526187843688687 0.800987005031937
0 0.2617637890625001 0.3999255953125 0.23943352244489363 0.3997331406934664 0.2359466630698936 0.8043090344434664 0.2582769296875001 0.8045014890625002
0 0.33727482978368944 0.7996959150883953 0.28965865625 0.3831845234375 0.26975443004538924 0.38546000283136717 0.31737060357907865 0.8019713944822625
0 0.3639751373029284 0.7989521587677119 0.3168561515625001 0.35156249999999994 0.2906583158220717 0.35432165060728804 0.33777730156249997 0.8017113093749998
0 0.3926341965779688 0.8016908117633752 0.34754050625 0.34970238125 0.31963274887187376 0.35248666439531845 0.3647264391998425 0.8044750949086937
0 0.42235183776719765 0.8111135438469953 0.37187063970601597 0.296825685434312 0.3444805816263182 0.29951422439981673 0.3949617796875 0.8138020828125001
0 0.45294765917846097 0.810224581350911 0.40327594843816816 0.2979892241825886 0.3759744236347071 0.30063666626917773 0.4256461343749999 0.8128720234375002
0 0.48380923386452207 0.8103199860711928 0.4359606420223797 0.295116227017732 0.40848189722035755 0.2976682643840391 0.4563304890624999 0.8128720234375001
0 0.5137174267608613 0.8096078907576842 0.46888317812500013 0.2966889890625 0.44026570168522383 0.2991904430931302 0.485099950321085 0.8121093447883145
0 0.5499409619962884 0.8082811460530847 0.5238808099775459 0.35176311338381805 0.4923364167312575 0.35356381264323333 0.5183965687499998 0.8100818453124999
0 0.5818647669339897 0.8068405934280312 0.5748836749999999 0.35342261875000003 0.5455866893160103 0.35387369250946876 0.55256778125 0.8072916671874999
0 0.6027885246034203 0.7893012191094753 0.59719956875 0.44735863125 0.5755564257177567 0.4477123823627049 0.5811453815711769 0.7896549702221801
0 0.6334628953125 0.7989211312500001 0.6306642592361149 0.4452723173010315 0.6020811703125 0.44549851250000005 0.604879806388885 0.7991473264489686
0 0.67321308125 0.805431546875 0.6711209671875 0.3841145828125 0.637611006012988 0.3842809816689121 0.639703120075488 0.8055979457314122
0 0.710871153125 0.8082217265624999 0.7094698999706552 0.3840040353167021 0.6753021323898348 0.3841168964563658 0.6767033855441796 0.8083345877021637
0 0.7324896750000001 0.35621279687500007 0.71296326875 0.35621279687500007 0.71296326875 0.801711309375 0.7324896750000002 0.801711309375
0 0.7582982016739941 0.3571775871744062 0.7373743186167118 0.3571113888288183 0.7359706494466949 0.800781231386386 0.7568945325039772 0.800847429731974
0 0.7910745565256713 0.3646772046547938 0.7603875367038695 0.36457887318260257 0.7589871333031983 0.8016129779028089 0.7896741531250001 0.8017113093750001
0 0.825248784995072 0.3646776172434848 0.7945647480740065 0.3645788733474644 0.7931610109375 0.80078125 0.8238450478585657 0.8008799938960205
0 0.8601086937500002 0.35342261875000014 0.8426763870630186 0.3532366493547054 0.8377928000000001 0.8110119046875003 0.8552251066869816 0.8111978740827951