0 0.15001064950290913 0.29204430540220416 0.11828957343831163 0.290733326251025 0.09546122343750008 0.8430989578124999 0.12718229950209756 0.844409936963679
0 0.1833300562500002 0.2929687500000001 0.15079031304947982 0.2917680237915998 0.1304460375000001 0.8430989578125002 0.16298578070052053 0.8442996840209005
0 0.21506046718750021 0.29730902812500004 0.1817438895253775 0.2965625768867955 0.1694988515625001 0.8430989578125001 0.20281542922462284 0.8438454090507047
0 0.30130209999999996 0.8463541671875001 0.22156927031249998 0.23654513906250002 0.20863098134156038 0.23823682669483875 0.2883638110290604 0.8480458548198389
0 0.3135061046875001 0.8463541671874999 0.23154864029104943 0.2331602996182447 0.22129994765499883 0.23453010598170185 0.30325741205144946 0.8477239735509571
0 0.3610111490174073 0.8449484506187848 0.2749458240338425 0.20812781325457025 0.23312331987960194 0.2137800600576251 0.3191886448631667 0.8506006974218396
0 0.40652176185869865 0.8451926954633464 0.32510546483993574 0.2024750834874251 0.27918116675576915 0.20829254705700723 0.36059746377453206 0.8510101590329284
0 0.45644203320365373 0.8481052716621246 0.3863550348405468 0.21689092057672488 0.34349194226189317 0.22165023172710038 0.41357894062500006 0.8528645828125001
0 0.5021383434657078 0.8469047927633848 0.42961753778455136 0.21933432404151 0.38743335213134344 0.224209045340625 0.4599541578124999 0.8517795140625
0 0.5367900032623456 0.848519673225724 0.46864416566388095 0.22875887065816208 0.43730417812500005 0.23220486093749998 0.5054500157234647 0.851965663505062
0 0.5726786789052974 0.8491985540933271 0.502243542828189 0.23096328632784288 0.4700654514228916 0.23462931504701573 0.5405005875 0.8528645828125001
0 0.6165128803479992 0.846040787705553 0.5436878251575887 0.2294660774008525 0.5042875448095895 0.23411973500779962 0.5771126 0.8506944453125002
0 0.6571128956892142 0.8486347050141074 0.5842514356572657 0.2273844726862903 0.5481855571555515 0.23161435048468304 0.6210470171875 0.8528645828125001
0 0.6969579688117419 0.8450408047058854 0.6192593027701492 0.23202353533361073 0.5832147652084074 0.2365921056277253 0.66091343125 0.849609375
0 0.7228664459456813 0.8451060803975146 0.6527774281250001 0.3038194453125 0.6346206447714764 0.3061704937765573 0.7047096625921577 0.8474571288615719
0 0.7448261918415425 0.8439308903600533 0.672303834375 0.3049045140625 0.6542926972209575 0.30732779088994666 0.7268150546875 0.8463541671874999
0 0.784068616180299 0.8432158208880525 0.7030896453674699 0.22904115766986405 0.6708653765625001 0.2332899296875 0.7518443473753292 0.8474645929056883
0 0.8229598877840237 0.844143420028136 0.7403719978265768 0.22798855566348591 0.707687988167553 0.23236944032284992 0.790275878125 0.8485243046875001
0 0.8612496119127495 0.8422969037150196 0.7764339885132865 0.23321319838528992 0.7432662367354135 0.23783184688825063 0.8280818601348766 0.8469155522179804
0 0.8976711171874999 0.8485243046875001 0.8788941721000029 0.23335876991006335 0.8416026617381013 0.23449703368251051 0.8603796068255983 0.8496625684599473