0 0.16418222915718533 0.29730359745725166 0.11639843750000008 0.29139687500000006 0.053936279705818616 0.7966988857337397 0.1017200713630039 0.8026056081909914
0 0.1957716509392402 0.3169747133376521 0.16270625000000005 0.31282343749999997 0.1016674115607599 0.799004974162348 0.13473281250000008 0.80315625
0 0.23175003645749848 0.3248575058060287 0.19831562500000002 0.32039218750000004 0.13350737458489698 0.8056489064429021 0.16694178604239543 0.8101142247489307
0 0.26796634634365457 0.31625845525398033 0.23879374999999997 0.31208749999999996 0.1673801046028322 0.8115705497431815 0.19655270094648683 0.8157415049971618
0 0.2979512256316949 0.3250548929391579 0.2689738092784026 0.3208897511919182 0.1976664752040174 0.8169838660887605 0.22664389155730974 0.8211490078360001
0 0.33082031250000016 0.3461375000000001 0.30268806850069413 0.34160174583488023 0.22538847505986936 0.8210393309772325 0.2535207190591754 0.8255750851423524
0 0.36455360648035373 0.3494108151945055 0.33217968750000004 0.3440046875000001 0.25210420601964645 0.8235266848054948 0.28447812500000014 0.8289328125000001
0 0.3993196901692608 0.3569576720431744 0.36605156250000004 0.3512046875 0.2828521848307394 0.8323267029568255 0.3161203125000001 0.8380796875
0 0.41894218750000023 0.38423437500000013 0.39206804719800775 0.3799096140169681 0.3166647920374549 0.848466758877023 0.3435389323394474 0.8527915198600551
0 0.45860625000000016 0.3684562500000001 0.42264900963469715 0.36235424193631405 0.3399740096346971 0.849532366936314 0.3759312500000001 0.855634375
0 0.49582031250000014 0.3727359375 0.46072888267945256 0.36661105935994986 0.3751706230390953 0.8568023080813825 0.4102620528596429 0.8629271862214326
0 0.5476855465599638 0.35931982358879055 0.502134375 0.3507578125000001 0.40495507844003614 0.8677661139112096 0.4505062500000001 0.876328125
0 0.5932984374999999 0.36682500000000007 0.5470203124999999 0.35819999999999996 0.45001482554679945 0.8786906725688206 0.49629295054679934 0.8873156725688206
0 0.6325859375 0.3758234375 0.596525 0.36872187500000003 0.4941498499282644 0.8885713994236737 0.5302107874282644 0.8956729619236736
0 0.6708406250000001 0.38209687500000006 0.6354506612869322 0.37480212256120093 0.5279328125000001 0.8964171875 0.5633227762130678 0.903711939938799
0 0.7338234375 0.3676453125000001 0.6818054661694353 0.35572367756305745 0.5566851536694353 0.9016643025630575 0.608703125 0.9135859375000001
0 0.788525 0.37079843750000013 0.7367324407428502 0.3586830561651192 0.6070375390897651 0.9131213106077037 0.658830098346915 0.9252366919425846
0 0.8224796874999999 0.4288546875 0.7872590397109156 0.4200742493862412 0.6610578740564887 0.9263003338365596 0.6962785218455732 0.9350807719503184
0 0.8591312500000001 0.4372890625000001 0.8245022548258408 0.42832606407267626 0.695725595779847 0.9258611624894684 0.7303545909540066 0.9348241609167921
0 0.9058562500000005 0.44657656250000033 0.8685089418057863 0.43657442213814035 0.7332996803425477 0.941436559229826 0.7706469885367617 0.9514386995916858
0 0.9480953125000002 0.45087343750000014 0.907446702529664 0.4395019313739181 0.7655795150296639 0.9466206813739181 0.8062281250000002 0.9579921875000001