0 0.8358020689888379 0.12826592513226776 0.8324675081138155 0.07180517715006693 0.18235547998341364 0.11020066801512685 0.18569004085843596 0.1666614159973277
0 0.8318648357062279 0.19449162820688654 0.8289055795019825 0.13617930568058273 0.17798322973402037 0.16921256380821165 0.18094248593826592 0.22752488633451545
0 0.7939373625035179 0.2946993208469774 0.7927515625 0.214321875 0.18392669999648206 0.2233038041530226 0.18511249999999996 0.30368125
0 0.7629623089706513 0.33214802001355265 0.7623703125000001 0.296359375 0.17150019102934874 0.3061332299864473 0.17209218750000002 0.34192187500000004
0 0.8233805243995767 0.34270551571891417 0.8231162373867814 0.33050655392133793 0.14578571298720483 0.34518072570242386 0.14604999999999996 0.35737968750000004
0 0.8718881389718419 0.40936414933967685 0.8697921875000001 0.35819375 0.15263529852815816 0.38756866316032335 0.15473125000000004 0.43873906250000017
0 0.8661053471141802 0.46145469222344077 0.8643656249999999 0.41533124999999993 0.148080232112819 0.4423486944490354 0.14981995422699929 0.48847213667247624
0 0.8654515624999999 0.5152187500000001 0.8630285326243732 0.4664524050573896 0.1394295703118827 0.5024055179207598 0.14185260018750948 0.5511718628633702
0 0.8578562499999999 0.5762375000000001 0.8550551447510593 0.5175341724660278 0.13261106478037768 0.5520065267512406 0.13541217002931835 0.610709854285213
0 0.7994911833198968 0.6152153140913027 0.797325486878597 0.5774111011220489 0.1518225678994403 0.6143901377077011 0.15398826434074014 0.652194350676955
0 0.7645406249999999 0.7081375000000001 0.7618946436889089 0.6232998221971608 0.109766518688909 0.6436388846971608 0.1124125 0.7284765625
0 0.8329000000000001 0.76915625 0.8318223095488477 0.7228220651793053 0.0919956257420756 0.740029752240849 0.09307331619322792 0.7863639370615437
0 0.7934806178078211 0.8341973811317525 0.7925002257310374 0.7748934778555573 0.09340571621058254 0.7864506719050752 0.09438610828736622 0.8457545751812704
0 0.8470821542301386 0.8482831886428986 0.0962075058652894 0.8464379426151192 0.09613003913515102 0.8779610039722205 0.8470046875000001 0.87980625
0 0.8483683167217902 0.8830823764169278 0.09857175956235806 0.8765158738110014 0.09829406784056767 0.9082241223940738 0.8480906249999999 0.9147906250000002
0 0.8443313793847029 0.9223575634612715 0.09664234209143963 0.9098451841824418 0.09606096270673678 0.9445860582211703 0.8437500000000002 0.9570984375