0 0.8485765625000001 0.09029375000000003 0.2982557304428186 0.03050948808701463 0.29379984423594446 0.07152642007637627 0.8441206762931259 0.13131068198936166
0 0.8401390624999999 0.13188906250000001 0.29408749999999995 0.06687656250000003 0.2898977282991212 0.10206720097388029 0.8359492907991211 0.16707970097388028
0 0.8301500000000003 0.1697937500000001 0.28083762682035773 0.10097728115117484 0.2755005061587007 0.14357967656093276 0.8248128793383431 0.21239614540975804
0 0.8199578125000002 0.21509843750000007 0.2735466503080718 0.14365350135667737 0.2679864529831948 0.18617791311075582 0.8143976151751232 0.2576228492540785
0 0.8684234774319609 0.2681643738645662 0.2563203125 0.1998359375 0.2516913844025768 0.24130302923260935 0.8637945493345377 0.3096314655971756
0 0.858578125 0.30850937500000014 0.25252343750000006 0.2338656250000001 0.2476637194917371 0.2733231131197146 0.8537184069917372 0.34796686311971464
0 0.8571890625 0.3538796875000002 0.24562152857267544 0.2731758688198253 0.24243125000000004 0.29735156250000006 0.8539987839273246 0.3780553811801749
0 0.8515984375000002 0.3793375000000001 0.24122187500000009 0.29796406250000007 0.23842296659544657 0.3189584820945236 0.8487995290954468 0.40033191959452363
0 0.8464312500000002 0.40239062500000006 0.23013345093223428 0.318435160526002 0.22137420621655357 0.3827347659607608 0.8376720052843195 0.4666902304347588
0 0.77758125 0.4679281250000001 0.22213508662671932 0.3848049508685435 0.2173588484098347 0.4167207579902721 0.7728050117831153 0.4998439321217287
0 0.7703328124999997 0.502790625 0.21668916609220049 0.4176362034996039 0.2119901315971358 0.4481876481175626 0.7656337780049352 0.5333420696179587
0 0.8032703125000001 0.5534406250000002 0.2091380922490742 0.4486742813955809 0.1964615297490743 0.5205633438955808 0.7905937500000001 0.6253296875000002
0 0.7870812500000002 0.6390062500000001 0.19396863781444523 0.515155996089133 0.17834806464582592 0.5899621322359596 0.7714606768313809 0.7138123861468267
0 0.7691686557812016 0.7277018997840966 0.17904786492590657 0.5867074725872607 0.15828389664470485 0.6736133853031643 0.7484046875 0.8146078125000003
0 0.751977260476005 0.8308038135348518 0.15997084876795914 0.6696369761126216 0.13547171329195443 0.7596284750777699 0.7274781250000002 0.9207953125000001
0 0.7424871729585275 0.9372882941424221 0.13439375000000012 0.7600937499999999 0.1169222020414725 0.820052330857578 0.7250156249999999 0.9972468750000001
0 0.7093078125000002 1.0000000000000002 0.12244687500000011 0.8215999999999999 0.10497052320587459 0.8790898441590823 0.6918314607058746 1.0574898441590825