0 0.10580612656250006 0.8360323453125 0.04360336354709078 0.055769623434990166 0.004999675 0.0588471203125 0.06720243801540927 0.8391098421900098
0 0.14076320312500004 0.841452046875 0.08884276608744296 0.05577771081374616 0.0423956171875 0.0588471203125 0.09431605422505707 0.8445214563737539
0 0.17002959218750002 0.8425359875 0.13314749474888105 0.06664595862549068 0.0919858875 0.068602584375 0.12886798493861895 0.8444926132495093
0 0.20661257812499997 0.8479556890625 0.17215498729551276 0.07457419706521944 0.13588547031250003 0.076190165625 0.17034306114198725 0.8495716576222806
0 0.24156965468750005 0.8522914500000001 0.21368428906816317 0.07368832902684225 0.16841096970274522 0.07530977521591962 0.19629633532208213 0.8539128961890775
0 0.2692188830614186 0.8572138942996821 0.25765736476418244 0.08204161180719649 0.21392917500000003 0.0826938078125 0.2254906932972362 0.8578660903049855
0 0.3098578953125 0.8642147937500001 0.3008713095584217 0.101716609697442 0.2578289851876411 0.10222389423542881 0.26681557094171937 0.8647220782879869
0 0.33912888505283556 0.10440828160978559 0.3057931187499999 0.10437261562500003 0.30498016436116215 0.864213054185846 0.33831593066399773 0.8642487201706317
0 0.3887389644699319 0.10510642045315792 0.3456279265625 0.10437261562500004 0.3325962339675682 0.869984631109342 0.3757072718750001 0.8707184359374999
0 0.4246944278036864 0.10966319837488059 0.3846497796875001 0.10870837656250006 0.3665355211663102 0.868409400314967 0.4065801692824965 0.8693642221273474
0 0.45304064060125293 0.21472006633295768 0.42367163124999985 0.21385058906249999 0.40405808439874696 0.8763526008545423 0.43342709375000005 0.8772220781249999
0 0.48711579396556604 0.21967219019739068 0.457002796875 0.21818635156250005 0.424450934159434 0.8779041191776095 0.45456393125000005 0.8793899578125
0 0.5236651281250002 0.1477302281250001 0.48644878802947417 0.14563063368220716 0.4449880692794741 0.8805421852447074 0.48220440937500014 0.8826417796875002
0 0.5626954006216762 0.14761677593598893 0.5204133062500002 0.14447840781250004 0.4656387734535957 0.88243580278101 0.5079208678252718 0.8855741709044989
0 0.610531272184279 0.2567470891722211 0.5529315171875 0.2517885015625001 0.4985835825032211 0.8831028936402788 0.5561833375000002 0.8880614812499997
0 0.6598751243546499 0.2577733331159918 0.6065865640624999 0.25287244218750005 0.5484202709578502 0.8853284715715084 0.6017088312500001 0.8902293625000002
0 0.7155225671875 0.27021548750000013 0.6586420204776526 0.2645323532786486 0.5960444657901526 0.8910498689036487 0.6529250125000001 0.8967330031250003
0 0.7708035250000002 0.27455124843750006 0.7213468299815305 0.2687079061047303 0.6465549471690305 0.9017290654797303 0.6960116421875001 0.9075724078125003
0 0.8285233484375002 0.2756351890625001 0.7775501975382997 0.2684833439092326 0.6876229836251232 0.9094191229293918 0.7385961345243238 0.9165709680826593
0 0.8764877078125002 0.27997095000000016 0.82120675 0.2723833671875001 0.7335035989275125 0.91136343689748 0.7887845567400127 0.9189510197099799
0 0.9244520687500002 0.2843067109375002 0.8745138780140774 0.2760681768533923 0.7688296936390773 0.9166769190408921 0.8187678843750001 0.9249154531249999
0 0.975230374070148 0.29638351855514367 0.9220132031249999 0.28647459218750015 0.805385521242352 0.9128386455073565 0.8586026921875 0.922747571875
0 1.024222216065709 0.3045773268533617 0.9732293828125 0.2940621750000002 0.8434588441423806 0.9233795193300309 0.8944516773955897 0.9338946711833925