0 0.16531044473015638 0.1931980020261462 0.08238637500000003 0.1921164796875 0.07522875370734372 0.7409161354738538 0.15815282343750006 0.7419976578125
0 0.2549718905908115 0.19897715507323957 0.17147137812500002 0.197365040625 0.16098014288472937 0.7407653680140444 0.24448065535054084 0.7423774824622839
0 0.3260074742447304 0.1996086837066586 0.2558237333334169 0.19846200185778093 0.24690399658868664 0.7444028775261224 0.31708773750000013 0.7455495593750001
0 0.3623763709814376 0.24961711653991778 0.3259259164954017 0.2494220897638232 0.3232796705139641 0.7440047857239055 0.35973012500000007 0.7441998125
0 0.3988437040395691 0.2439810527791982 0.36325874687500004 0.24354041249999997 0.356974635022931 0.7510288597208017 0.3925595921875001 0.7514695
0 0.44317717430112846 0.24745947546561986 0.40055073750000003 0.24709235312500005 0.3962052506988717 0.7516451901593802 0.4388316875000001 0.7520123125
0 0.49113712030514545 0.25231363460262146 0.44583387500000005 0.25182829531250006 0.44048635625735455 0.7509841607098785 0.4857896015625 0.7514695
0 0.5106508500000001 0.25301227500000006 0.49111695156250007 0.25301227500000006 0.4911169515625001 0.7538374609375 0.5106508500000002 0.7538374609375
0 0.5328484812500001 0.25301227500000006 0.513314584375 0.25301227500000006 0.5133145843750001 0.7562054218750001 0.5328484812500002 0.7562054218750001
0 0.5790194906249999 0.7692292453125 0.57635575625 0.247092353125 0.5302161488982591 0.2473277390170731 0.5328798832732591 0.769464631204573
0 0.6517223125000001 0.7637310625 0.6296156657658363 0.1958103047757485 0.5889554507094663 0.19739302736188566 0.6110620974436302 0.7653137850861372
0 0.6944471312499999 0.7668612843749999 0.6771129375 0.19862689531249994 0.6363433378990988 0.19987058656419962 0.6536775316490988 0.7681049756266997
0 0.7454843171851604 0.7694580709085352 0.7326060190895016 0.21303706931602479 0.6913357831543413 0.21399226403248953 0.7042140812500001 0.770413265625
0 0.7921662535516046 0.7697582683815409 0.7825816875 0.21034564531249997 0.7443521292608953 0.2110006425559589 0.7539366953125 0.7704132656249999
0 0.8245965347825619 0.7664165248703505 0.8160445498329448 0.24431790693420408 0.788891985362883 0.24476266643885364 0.7974439703125 0.766861284375
0 0.8542699187500002 0.766861284375 0.8489629809767747 0.24565502639626752 0.8240812 0.2459083734375 0.8293881377732255 0.7671146314162326
0 0.8764746737974788 0.7690899654373152 0.8729148758054375 0.24695312908840497 0.8524858645079588 0.24709240896358992 0.8560456625 0.7692292453125001
0 0.9004508576300791 0.7678257844486339 0.8950868194537367 0.2468732106333745 0.8737671290111576 0.24709273087224054 0.8791311671875001 0.7680453046874999
0 0.9235264312499998 0.7692292453124998 0.920862113891243 0.24934655765826436 0.8986650640624998 0.24946031406249997 0.9013293814212566 0.7693430017167355
0 0.9495738749999999 0.2494603140625001 0.927965909375 0.2494603140625001 0.927965909375 0.7704132656250001 0.9495738749999999 0.7704132656250001