0 0.7395321343960014 0.9296598512544703 0.7383979487296629 0.8862040280444903 0.18967987683366144 0.9005254267900202 0.1908140625 0.9439812500000002
0 0.742562363167742 0.8870675280524557 0.7415648335218614 0.8400041927768221 0.1938125 0.8516140624999998 0.1948100296458806 0.8986773977756334
0 0.7450578496716069 0.8355622094773425 0.7443414639072716 0.7915273644386497 0.1942804892356647 0.8004760924613071 0.19499687500000001 0.8445109375
0 0.7532535269525187 0.7921022180870941 0.7526531249999999 0.7450656250000001 0.19380155917607184 0.7521991257335153 0.19440196112859057 0.7992357188206094
0 0.751764100353629 0.7397158851331695 0.7514687499999999 0.703334375 0.2012165979787246 0.7078014014397978 0.20151194833235367 0.7441829115729675
0 0.7550218750000002 0.67048125 0.2025328125000001 0.6695671875 0.20247254124034098 0.7059970943660879 0.7549616037403409 0.7069111568660879
0 0.755021875 0.64118125 0.22487527579813316 0.6363540918327037 0.22459687500000008 0.6669296874999999 0.7547434742018668 0.6717568456672962
0 0.7572203125 0.6012078125 0.20565312500000005 0.5967859374999999 0.20533994625858942 0.635850614268255 0.7569071337585893 0.640272489268255
0 0.7621250000000002 0.5630453125000001 0.2064390625000001 0.5514031250000001 0.2055813134093817 0.5923438079738889 0.7612672509093816 0.6039859954738889
0 0.7641862004112393 0.48404701316699106 0.17358380796901962 0.4671147238238683 0.17131718750000008 0.5461750000000001 0.7619195799422197 0.5631072893431227
0 0.7704125000000001 0.40677343750000017 0.17722565202359272 0.3819120034318693 0.17388750000000006 0.4615593750000001 0.7670743479764074 0.486420809068131
0 0.7645979767979447 0.3580124301315597 0.21749218750000004 0.32686250000000006 0.2146122731354471 0.377444244962981 0.7617180624333917 0.40859417509454066
0 0.7741484375000001 0.30726249999999994 0.16539687500000003 0.2647093749999999 0.1617972514054385 0.3162044529196876 0.7705488139054385 0.35875757791968754
0 0.7775171875 0.25671875 0.16895000000000004 0.210546875 0.16531276401437095 0.2584873685157624 0.773879951514371 0.3046592435157624
0 0.7704647176784805 0.20966353106489882 0.22987656250000005 0.1666375 0.22627278232151954 0.21191615643510123 0.7668609375 0.2549421875000001
0 0.7782215380719149 0.1668786373969978 0.24203661830237735 0.11462197364618361 0.23762031249999999 0.15993593750000004 0.7738052322695376 0.21219260125081424
0 0.77495282511406 0.14583076961973468 0.2533140625 0.09241875000000002 0.25104562794343144 0.11457300298619803 0.7726843905574916 0.16798502260593268
0 0.773965625 0.12086875000000001 0.25656406249999997 0.06670625000000004 0.254030348598813 0.090910220115894 0.771431911098813 0.14507272011589398
0 0.7812774271690022 0.08955498572971991 0.2577484375 0.03385468750000003 0.25493299895285637 0.060317089765466084 0.7784619886218584 0.11601738799518597
0 0.78106875 0.06226718750000004 0.25964006398794376 0.0025538213573646773 0.25656406249999997 0.029414062500000032 0.7779927485120562 0.0891274286426354