0 0.0677072425442283 0.8857271976446575 0.0440215265625 0.22143817187499998 0.008954437143271706 0.22268851485534258 0.032640153125 0.8869775406250001
0 0.10594230346637308 0.8837984873501661 0.08944297468294633 0.21832554231051438 0.048659035279073226 0.21933671433534818 0.0651583640625 0.884809659375
0 0.14320206875000002 0.886977540625 0.13263365 0.22577393281250005 0.09190966510757345 0.226424848990855 0.10247808385757348 0.8876284568033549
0 0.19452995188585828 0.8796227982978879 0.18378073020068084 0.23136207223369648 0.1285688734375 0.232277575 0.13931809512267745 0.8805383010641915
0 0.23344529111223475 0.8807675404532388 0.22040072097455937 0.1426622971387099 0.1756829923623246 0.14345259574797103 0.18872756249999997 0.8815578390625
0 0.27414650509640526 0.8827685476587037 0.2553393960347184 0.14683817113660327 0.2178848128133132 0.1477953437903996 0.23669192187500004 0.8837257203125001
0 0.2960502202850718 0.8811492704208836 0.28059150625000007 0.05017559843750001 0.25537845470441795 0.05064464019770931 0.2708371687394896 0.881618312181093
0 0.3172177326288962 0.8823303079936531 0.3049801640625 0.0501755984375 0.27732972540056283 0.05058222251248344 0.289567293966959 0.8827369320686366
0 0.3505432930563525 0.8810431273944154 0.34155562015555785 0.22739418901204309 0.30172834374999996 0.22794181406249994 0.3107160166507946 0.8815907524448722
0 0.37248960697882316 0.8799239808889585 0.35697483802094754 0.14501387954440284 0.33092611229212443 0.1455637970929443 0.34644088125 0.8804738984375
0 0.4066941585797509 0.8818805507501202 0.3934655369912327 0.2303708727602541 0.35294452343750005 0.23119363437499998 0.36617314502601817 0.8827033123648661
0 0.4481475746271083 0.8786802538633751 0.4342258158618185 0.12745121785037142 0.39277933125 0.12821930312500002 0.4067010900152897 0.8794483391380037
0 0.4904119873706497 0.8765532239054679 0.47810955953634726 0.12747211550953702 0.43261413906250007 0.12821930312500002 0.4449165668968025 0.8773004115209307
0 0.51556344304478 0.8767177047109664 0.5049414755432603 0.2426679781640389 0.47483426374848026 0.24317235157807243 0.48545623125 0.8772220781250001
0 0.5376438350461294 0.8757932274624768 0.5269169484374999 0.23878121718749995 0.5049368832464031 0.2391513478336292 0.5156637698550326 0.8761633581086059
0 0.5602481140625001 0.872886315625 0.5537417937013817 0.24177325622795864 0.528542859375 0.24203303906249998 0.5350491797361184 0.8731460984595414
0 0.5854497265624999 0.87397025625 0.5748813078125 0.243116978125 0.5480794650817397 0.2435659780859611 0.5586478838317397 0.8744192562109612
0 0.6123571143732928 0.8769181270378837 0.6041476984375 0.12821930312500002 0.5732353443995961 0.1285582543344134 0.5814447603353888 0.8772570782472972
0 0.6374920159106114 0.8759666517956483 0.6325784369126861 0.13019450840719093 0.6033347421874999 0.13038718281249997 0.6082483211854253 0.8761593262009573
0 0.6911457930437883 0.8768510081613095 0.6870524503150881 0.2579373927848351 0.6309466541462998 0.2583084627485258 0.635039996875 0.8772220781250001
0 0.7431688735548523 0.8701802609803486 0.7366297771776067 0.25768491340349636 0.6797525359375 0.25829214375 0.6862916323147454 0.8707874913268523
0 0.7716382870690515 0.871413448980886 0.7626698189119826 0.13980386577114098 0.7309427568429311 0.1401927933527553 0.739911225 0.8718023765625003
0 0.7976310484375 0.8718023765625003 0.7968168466594057 0.13902167296186743 0.7618610176323017 0.13906051281942478 0.7626752194103961 0.8718412164200575
0 0.83015879610241 0.8716566132134262 0.8268967139891135 0.18009505472122028 0.7943792265624999 0.18024843906250002 0.7976413086757963 0.8718099975547059
0 0.8643028174549962 0.875989937963614 0.8610415578124998 0.17808055781249998 0.8285189934551163 0.1782325324522251 0.8317802530976126 0.876141912603339
0 0.8984375000000002 0.16832509531250012 0.864304112392535 0.1681675566345877 0.8610516686675123 0.8728638496895815 0.8951850562749775 0.8730213883674939
0 0.9244629705490789 0.8738484637626518 0.9220132031249999 0.17049297656249998 0.8870452247634211 0.17061476904984815 0.8894949921874999 0.87397025625
0 0.9586068866008535 0.2562988362944468 0.9260779781249999 0.2561242625000001 0.9228029348912212 0.8663738245476249 0.9553318433670748 0.8665483983420715
0 0.9911143984375004 0.09028139062500014 0.9512843223476874 0.09019771405301098 0.9496559815149277 0.8652884918800856 0.9894860576047406 0.8653721684520747