0 0.9687812662442667 0.772101243445268 0.9524148225952146 0.7431154364761173 0.5254330743845258 0.9842049023896055 0.5417995180335777 1.013190709358756
0 0.9543123574222914 0.7390323389219668 0.9350385678366262 0.705349820465293 0.5084012104143346 0.9494799815433265 0.527675 0.9831625000000003
0 0.9367627665446466 0.7075922876771926 0.9219308972422049 0.6813228301908698 0.5213275056975579 0.9075055425136771 0.5361593749999999 0.933775
0 0.92705 0.6818953125000002 0.9142833968250045 0.6586664777523226 0.5121568343250046 0.8796758527523224 0.5249234375 0.9029046875000001
0 0.9221890625 0.6581531250000002 0.9057130369454658 0.627012206213647 0.4936708494454658 0.845015331213647 0.510146875 0.8761562500000002
0 0.905590625 0.6263984375000001 0.8881545126848035 0.5930961673875885 0.47965295018480364 0.8069758548875885 0.49708906250000007 0.8402781250000002
0 0.889803125 0.5934046875000001 0.8699305741227643 0.554228258340393 0.44129932412276435 0.771654820840393 0.46117187500000006 0.8108312500000002
0 0.8722937500000001 0.559146875 0.855371862691434 0.52363035405742 0.42605000000000004 0.7281812499999999 0.44297188730856607 0.7636977709425798
0 0.8619656250000001 0.5203859375000002 0.8537165837185672 0.5027652020556361 0.4274087712185673 0.7023386395556361 0.43565781250000013 0.7199593750000002
0 0.8536671874999999 0.504509375 0.845169475234208 0.4859137266190084 0.417165625 0.6815 0.425663337265792 0.7000956483809917
0 0.8682281250000001 0.4822015625000001 0.843136763819223 0.4245699005156548 0.28736176381922285 0.6665402130156549 0.312453125 0.7241718750000002
0 0.8199910711847282 0.43639821114567817 0.8097708694435175 0.4117234552665569 0.39410937499999993 0.5838890625000002 0.4043295767412106 0.6085638183791213
0 0.8173281250000002 0.40812812500000006 0.8068575216617019 0.38251036670067534 0.38375624999999997 0.5554421875000001 0.39422685333829827 0.5810599457993249
0 0.8045765625 0.3834781250000001 0.7957289549323118 0.3612464084029924 0.35110395493231195 0.5381948459029924 0.35995156250000004 0.5604265625000001
0 0.7913187500000001 0.36090156249999994 0.7816484225855368 0.33608832043345344 0.34137342258553677 0.5076742579334534 0.35104375 0.5324875
0 0.7825124999999999 0.33670468750000004 0.7736185236069785 0.3134919424321526 0.3302060236069786 0.4833856924321527 0.33910000000000007 0.5065984375000001
0 0.7775906261625751 0.3139346802898332 0.7566871334412619 0.255313380182548 0.25593281249999994 0.4338750000000001 0.27683630522131325 0.4924963001072852
0 0.759225 0.2554171875000002 0.7371450773349981 0.1910706428834092 0.280459375 0.3477781250000001 0.302539297665002 0.4121246696165911
0 0.7400173309320025 0.19081569638810256 0.7220503926179188 0.13604136423647173 0.1874203125 0.311409375 0.2053872508140837 0.36618370715163084
0 0.7184655434381939 0.14015658836194228 0.7000352398054959 0.08081456996672372 0.1618109375 0.24797500000000006 0.180241241132698 0.30731701839521863
0 0.6880734375 0.0980062500000001 0.6749547393685205 0.050399186846526264 0.15760000000000002 0.19296249999999998 0.17071869813147952 0.2405695631534738
0 0.6651 0.05912187500000003 0.6581217004639474 0.03261500184294515 0.18656875 0.15675781249999998 0.19354704953605265 0.18326468565705487
0 0.6556859374999999 0.03325781250000004 0.6479493048028646 0.002418871848725357 0.18295918971460717 0.11907196213857744 0.19069582241174252 0.14991090278985214
0 0.6439453125 0.004459374999999999 0.6358911576534345 -0.02891941351822471 0.16856100295337487 0.08384529717127683 0.17661515779994033 0.11722408568950153