0 0.2482431513022909 0.9412204863175881 0.23215372580960522 0.316031381458944 0.16168683942110276 0.3178448675057069 0.17777626491378842 0.9430339723643512
0 0.18371914718366744 0.9165963777640938 0.1816279296506982 0.2446184782852913 0.12099249510700216 0.24480717777069896 0.1230837126399714 0.9167850772495015
0 0.37890625000000006 0.09895833281250005 0.3046875 0.09895833281250005 0.30468750000000006 0.9322916671874999 0.3789062500000001 0.9322916671874999
0 0.4551766406870814 0.1043368496708017 0.37896054420906794 0.10415004551276734 0.3769181432176433 0.9374496500140138 0.4531342396956567 0.9376364541720481
0 0.49950409412086216 0.16957581797802163 0.45916472290755783 0.168567333697689 0.43998705235009367 0.9356741559962524 0.48032642356339805 0.9366826402765849
0 0.5412677175204653 0.1419247146780796 0.4967282110836799 0.14048795640592524 0.4711988505765984 0.9318981321254549 0.5157383570133838 0.9333348903976091
0 0.5874421894893901 0.22419786413710216 0.5531154614311907 0.2229106118349197 0.5277220936671088 0.9000670855437664 0.5620488217253083 0.9013543378459488
0 0.6353085438196564 0.1259660897205944 0.6107956987723164 0.12496692486147369 0.577008928125 0.9538690484375 0.60152177317234 0.9548682132966206
0 0.6606576696691855 0.1358399762549531 0.6369984363481385 0.13447502048643115 0.5903318512716549 0.94336249514548 0.6139910845927019 0.9447274509140019
0 0.6849835909223104 0.13341940114598044 0.6580217116431604 0.13181184139681976 0.6089435986667148 0.9549465074708439 0.6359054779458649 0.9565540672200046
0 0.7488775808242047 0.32607592798583535 0.69791833052144 0.3236316616224112 0.6703803478536846 0.8977568766965349 0.7213395981564494 0.9002011430599591
0 0.8257399582198446 0.16446275129499038 0.8035285445038911 0.1630745379377433 0.756962599270428 0.9081296616731518 0.7791740129863814 0.9095178750303988
0 0.8013527735022807 0.2259651842794969 0.757637434375 0.22334807968750003 0.7174453749352192 0.8947043235330032 0.7611607140624999 0.8973214281249999
0 0.3024553562500001 0.9508928578125 0.2901291749778037 -0.0008377278776361304 0.2254464296875 0 0.2377726109596964 0.9517305856901361
0 0.8410386385796528 0.16228478157376142 0.8248608718733219 0.1613336535669015 0.7798488661061692 0.9269443001181401 0.7960266328125001 0.927895428125
0 0.8612747171875 0.1594953171875001 0.8474330185053937 0.15860327745939892 0.7974094872553936 0.9348138258968989 0.8112511859374999 0.935705865625
0 0.8837490578125002 0.15176221093750014 0.870042117648784 0.15079922335910453 0.8141511015625001 0.9463388859375002 0.8278580417262165 0.9473018735158958
0 0.9250728453125003 0.14789565781250014 0.9129036278093722 0.1469212542802154 0.8476555434343723 0.9617973339677153 0.8598247609375005 0.9627717375
0 0.9004235687500003 0.15369548906250013 0.8874344813687289 0.15280879467192388 0.833061076681229 0.949318744671924 0.8460501640625004 0.9502054390625002