0 0.24201173335943005 0.8036139184038561 0.21253052894391597 0.28155796769696556 0.183397928125 0.283203125 0.21287913254051408 0.8052590757068906
0 0.26788697812499995 0.8029513890624997 0.2385973671875 0.277777778125 0.21345396478263207 0.27918005816867725 0.24274357572013203 0.8043536691061771
0 0.298041175232556 0.7994621879369743 0.2727685796875 0.3776041671875 0.246772775780686 0.37916151920095303 0.272045371325742 0.8010195399504273
0 0.3248389984375001 0.7964409718749998 0.2955493890625 0.3743489578125 0.27287774936704084 0.3759221775097398 0.3021673587420409 0.7980141915722395
0 0.3622646124999999 0.7996961796874998 0.3248389984375 0.26475694531249994 0.2875201361392419 0.26736786118457656 0.3249457502017418 0.8023070955595765
0 0.40294462812500004 0.7996961796875002 0.3695057368793449 0.2612780906337111 0.33218421722778035 0.2635959738217452 0.3656231084734355 0.8020140628755342
0 0.455015046875 0.7986111109375 0.4224339502990714 0.26632122602489505 0.371275130462164 0.2694526220875696 0.40385622703809265 0.8017425070001746
0 0.48674545781250006 0.8040364578125001 0.4566422468750001 0.2625868046875 0.42657165924234297 0.26425865217561995 0.456674870179843 0.8057083053006201
0 0.51770174514136 0.8070642197813902 0.49236846212006674 0.2566779498326256 0.46079923505463827 0.2581310241691028 0.4861325180759315 0.8085172941178673
0 0.5616666519960869 0.8036541631657732 0.5412566781250001 0.28211805468750006 0.5015279976166742 0.28367281056715254 0.5219379714877611 0.8052089190454257
0 0.6015851918555144 0.8073296939968951 0.5868056518827616 0.277324375311365 0.5463119869015443 0.2784535672630938 0.5610915268742971 0.808458885948624
0 0.6413310081635404 0.8062558366692846 0.625871109375 0.2962239578125 0.5916984027739596 0.29725978833071537 0.6071583015625001 0.8072916671874999
0 0.679646956465329 0.8064578770989602 0.6674369640624999 0.2940538203125 0.6309839176040867 0.29492245399020467 0.6431939100069158 0.8073265107766648
0 0.7349657890625001 0.8181423609375 0.7081169781250001 0.28862847187499996 0.6707413954701867 0.29052358732542694 0.6975902064076868 0.8200374763879269
0 0.7854090062500002 0.2842881953125001 0.7496388005348426 0.2840669912507475 0.7463561921875 0.814887153125 0.7821263979026577 0.8151083571867528
0 0.8285298234375003 0.30381944531250005 0.7938104075758541 0.3032643684300493 0.7856320257792035 0.8148126739900603 0.8203514416408495 0.8153677508725112
0 0.8732778390625002 0.3016493046875001 0.8407570778127175 0.301343861823271 0.835852225 0.8235677078125002 0.8683729862497828 0.8238731506767294
0 0.9082626515625002 0.2094184031250001 0.8879520949211978 0.20901622511330537 0.8756327305771368 0.8311614941709292 0.8959432872184392 0.831563672182624
0 0.9294162593750002 0.20507812500000008 0.9115431546907118 0.20474838673158913 0.9001266484375001 0.8235677078125002 0.9179997531217886 0.8238974460809112