0 0.3194632833720827 0.8264150596032478 0.18296470783162516 0.3029701546668616 0.14916236195954252 0.3117847825636139 0.28566093750000005 0.8352296875
0 0.3536125 0.8171968750000002 0.22570503572322478 0.2949699582050823 0.18787343750000002 0.3042359375 0.3157809017767752 0.826462854294918
0 0.3778886498143106 0.8115279056765672 0.25972968750000003 0.3155984375 0.23546989908623037 0.32137851633958847 0.3536288614005409 0.8173079845161556
0 0.3987421875 0.8120437500000002 0.2852760639537873 0.3098810548263049 0.26147343749999996 0.315259375 0.3749395610462127 0.8174220701736952
0 0.440640625 0.8120406250000001 0.3290287223862074 0.30463721407970595 0.2856828125 0.314171875 0.3972947151137926 0.8215752859202942
0 0.4772484375 0.8064328125 0.3699140501177777 0.2947806924759054 0.33055468750000006 0.3030375 0.4378890748822224 0.8146896200240945
0 0.503800185338241 0.8312218006256449 0.37484843749999996 0.20517187500000006 0.3522255951700483 0.20983165521896713 0.48117734300828935 0.8358815808446121
0 0.5323203125 0.7872843749999999 0.429754680499295 0.25963121398458167 0.3948921875 0.26640781249999995 0.497457819500705 0.7940609735154183
0 0.5659002350992404 0.7831684876731309 0.462424100844642 0.25086918530102664 0.431046875 0.25696875 0.5345230092545985 0.7892680523721042
0 0.5842572552271816 0.7475327907444795 0.5085736303487146 0.31605473517878424 0.4779484375 0.3214265625 0.553632062378467 0.7529046180656952
0 0.6088281249999998 0.743465625 0.5358396361140869 0.31206420329260165 0.5086796875 0.316659375 0.581668176385913 0.7480607967073983
0 0.63888625258208 0.7420427883913566 0.5670765624999999 0.3053078125 0.5381761590648138 0.3100597310054784 0.6099858491468938 0.746794706896835
0 0.668096875 0.7319453125000001 0.5994468750000002 0.2983421875 0.5685856992903158 0.3032282678585533 0.6372356992903156 0.7368313928585534
0 0.7129234375000001 0.7644203125000002 0.6344500000000001 0.23311093750000006 0.5949098524148323 0.23895094606424844 0.6733832899148323 0.7702603210642485
0 0.7529296875000001 0.7588765625 0.6771578125000001 0.22480937499999998 0.6384673373214379 0.23029866533188467 0.7142392123214379 0.7643658528318846
0 0.7912796874999999 0.751421875 0.7149258922991988 0.2003333364048344 0.6761578124999998 0.2057046875 0.752511607700801 0.7567932260951655
0 0.8285640624999999 0.7477921874999999 0.753753125 0.1914140625 0.717005625608232 0.19635515338181503 0.7918165631082318 0.7527332783818149