0 0.09367796240505924 0.7941514639691218 0.07394435528119217 0.33769859891916343 0.033535571001132934 0.3394455724500416 0.053269178125000004 0.7958984375
0 0.13517404623291587 0.795627276846038 0.11847558776409331 0.3362026830306914 0.076513290625 0.3377278640625 0.09321174909382257 0.7971524578778466
0 0.17556239574406246 0.7965954805710251 0.15944401718750006 0.3377278640625 0.11791588382930948 0.3391865988917474 0.1340342623858719 0.7980542154002725
0 0.21512061925210504 0.7962226155420474 0.1995865512603561 0.33630018343216384 0.160995555445751 0.3376036100776164 0.17652962343749998 0.7975260421874999
0 0.25412652097546223 0.7962474255024559 0.24359273050562513 0.3376040395710841 0.2027682328125 0.3385416671875 0.2133020232823371 0.7971850531188717
0 0.29189158448833974 0.7952641543810708 0.2833146625 0.3409830734375 0.24674641315769885 0.34167348964679406 0.25532333514603855 0.7959545705903649
0 0.32974747080118255 0.7965115190081069 0.32295828560622575 0.34049442008507375 0.2857443201202295 0.3410484618175435 0.29253350531518624 0.7970655607405768
0 0.36813701203824317 0.7938750764539269 0.36324662811235575 0.34140249490034513 0.32663009576161256 0.3417982512589183 0.3315204796875 0.7942708328125
0 0.4048031712215293 0.794191821676848 0.4029695984375 0.3409830734375 0.36636476998522105 0.34113116770415947 0.36819834276925023 0.7943399159435074
0 0.4457091895083202 0.7973673351109529 0.44323730201908396 0.3407787314892473 0.40549278281250006 0.34098307343749995 0.4079646703017364 0.7975716770592054
0 0.48229562812500004 0.3393554687500001 0.44690401406250013 0.3393554687500001 0.4469040140625002 0.7918294265625 0.48229562812500015 0.7918294265625
0 0.5243994437500001 0.3417968750000001 0.48728381662038045 0.34164589942105417 0.48544599885938505 0.7934524712225567 0.5225616259890048 0.7936034468015026
0 0.5677458613364685 0.3405823943986973 0.5300045015625 0.3401692703125001 0.5250354982007529 0.7941174903739927 0.5627768579747215 0.79453061446019
0 0.6079968734375003 0.3442382812500001 0.5713703379120812 0.34378559298409217 0.5658237792331544 0.7925518716727471 0.6024503147585734 0.793004559938655
0 0.6525767206365122 0.34131618229152777 0.6172113045959485 0.3403536602467111 0.6048446961889198 0.7947331247800319 0.6402101122294834 0.7956956468248486
0 0.6891535031250002 0.34016927031250016 0.656859137084115 0.3395148171153301 0.6476171954617098 0.7955636942131293 0.679911561502595 0.7962181474102993
0 0.7330879187500001 0.34098307343750006 0.6984717923435878 0.3398545666459654 0.6836879391302452 0.7933385292111843 0.7183040655366575 0.794467036002719
0 0.7739713343750002 0.34179687500000017 0.7412369381616916 0.3405073884567483 0.7233950008963089 0.7934357627111637 0.7561293971096175 0.7947252492544156
0 0.8142482930843183 0.3400837820262092 0.7790279390624999 0.3385416671875 0.7594260292620812 0.7862295989451538 0.7946463832838996 0.787771713783863
0 0.8563483640625004 0.3393554687500001 0.8209790159920727 0.3373376096742696 0.7953283421875001 0.7869466140625001 0.8306976902579277 0.7889644731382306
0 0.8941807781250002 0.3377278640625002 0.8576297207451009 0.3357738361040671 0.8336113397882338 0.7850495062591105 0.870162397168133 0.7870035342175437
0 0.9413566026650113 0.3381449494675496 0.9061363915102133 0.33599596690712474 0.8784613940166655 0.7895684031760262 0.9136816051714634 0.791717385736451