0 0.20591426716309905 0.1959220372429705 0.16603866790066418 0.19393631636878966 0.13689056792506524 0.7792642791258193 0.1767661671875001 0.7812500000000002
0 0.24022698906250023 0.20182291718750003 0.2020557628480248 0.200211961096608 0.17757976718750007 0.7801649296875002 0.2157509934019755 0.7817758857783922
0 0.2779071218587491 0.19973803398681392 0.23977073316216485 0.19822734423619134 0.21663258125 0.7823350703125 0.2547689699465844 0.7838457600631226
0 0.3143414333789251 0.20188501084579474 0.2793240395734064 0.20060899240037502 0.2580839054716149 0.7834956606881655 0.29310129927713363 0.7847716791335851
0 0.3492810176292488 0.20139981425329245 0.31024532747742106 0.20058223020795576 0.29799261093750007 0.7855902781250002 0.33702830108932785 0.7864078621703368
0 0.4030467116589927 0.20631785022591095 0.3501586825093546 0.2054885382103912 0.3410679956869535 0.7852323507392099 0.39395602483659153 0.7860616627547297
0 0.45176776823226217 0.20750104161458244 0.4029533083963049 0.20722532205717997 0.39969264843750013 0.7845052078125001 0.4485071082734574 0.7847809273699025
0 0.4989518843750001 0.19422742968750004 0.4493222656250001 0.19422742968750004 0.4493222656250002 0.7899305546875001 0.49895188437500015 0.7899305546875001
0 0.5445135015625 0.19965277812500007 0.4989518843750001 0.19965277812500004 0.49895188437500015 0.7888454859375 0.5445135015625001 0.7888454859375
0 0.5860071156250001 0.7888454859375 0.5794819337224658 0.20252118899890242 0.5412474551468156 0.20294669912863322 0.5477726370493499 0.7892709960672308
0 0.6242463296874999 0.7888454859374999 0.616905105716409 0.2035776619053562 0.5802988526918103 0.20403682725011169 0.5876400766629011 0.7893046512822554
0 0.6909615546875 0.7899305546875 0.6808341734977346 0.2128125841478882 0.6190386203423439 0.21389698483298886 0.6291660015321094 0.7910149553726006
0 0.7577385249999999 0.7921006953124998 0.7477027966366762 0.21268154625598984 0.6850931494689158 0.21376596573526027 0.6951288778322395 0.7931851147917702
0 0.80980894375 0.7921006953125 0.7876487075225257 0.24808246773932238 0.7461797029121742 0.24977168124671353 0.7683399391396485 0.7937899088198912
0 0.8635065640624999 0.7942708328125001 0.8381543100864384 0.24456309263547854 0.7991344487277805 0.24636266968883574 0.8244867027038421 0.7960704098658573
0 0.9058137796875002 0.7996961796875001 0.8789649703125001 0.22786458281250002 0.8489279764862306 0.22927488879392316 0.8757767858612308 0.8011064856689233
0 0.9327053208277997 0.7950431948261102 0.9016844229908072 0.2343510972883775 0.8764200818505076 0.23574887433726738 0.9074409796875 0.796440971875