0 0.168575 0.7565953125 0.1610518005905903 0.23226430306595564 0.0992140625 0.23315156250000002 0.10673726190940971 0.7574825719340443
0 0.2316153003699725 0.7671604975803292 0.22964511170479146 0.23410310002711104 0.16528104740524147 0.23434099063797215 0.16725123607042242 0.7673983881911903
0 0.2706121366085895 0.7688133081504743 0.26823125 0.1869421875 0.2314305680441669 0.18709276766757674 0.23381145465275646 0.7689638883180511
0 0.3057921875 0.7751359375 0.3040828125 0.18789999999999998 0.26972443675334634 0.18800001320558132 0.2714338117533463 0.7752359507055814
0 0.3424203125000002 0.19778906250000006 0.31143185534423207 0.19752557113916613 0.3064743408126178 0.7805645223056441 0.33746279796838596 0.780828013666478
0 0.3829921221807059 0.19793235077709553 0.3497910658516512 0.1971358680644939 0.3358014409055895 0.7802876659728373 0.3690024972346442 0.7810841486854389
0 0.41591875000000017 0.2445203125000001 0.381814212708794 0.24364242061605842 0.3678201474818343 0.7872869491946227 0.4019246847730404 0.7881648410785644
0 0.45981827048272245 0.19985089952739363 0.4250484375000001 0.19848281250000005 0.40166297951727775 0.7928225379726065 0.4364328125000001 0.794190625
0 0.5030343750000003 0.2009500000000001 0.46741415201139197 0.1990026247273175 0.43475946451139186 0.7963026247273175 0.4703796875000002 0.7982500000000001
0 0.5392640625000001 0.2629359375000001 0.5053834059715299 0.26057914014099415 0.4672357384794152 0.8089792877921191 0.5011163950078854 0.8113360851511249
0 0.5775747266542234 0.2637487850352699 0.5410734375 0.2609171875000001 0.4963127733457767 0.8379137149647301 0.5328140625000002 0.8407453125
0 0.6093453125000001 0.26471093750000013 0.5803822729468043 0.2623054246644424 0.5343174376035095 0.8169387769948997 0.5632804771567053 0.8193442898304575
0 0.6369968750000001 0.26604062500000014 0.6112927376139791 0.26386814526913893 0.5647786751139791 0.814208770269139 0.5904828125000001 0.8163812500000001
0 0.7749171875000002 0.2029515625000001 0.6566488960003789 0.1885373650174939 0.5784957710003787 0.8297826775174938 0.6967640625 0.8441968750000001
0 0.9142687500000001 0.20642968750000018 0.7900245532305522 0.18615801977642224 0.6833257774782195 0.8401103176533834 0.8075699742476676 0.8603819853769613