0 0.1736957631190138 0.2306499772277876 0.12942343750000004 0.2304421875 0.1270219808029554 0.7421040197932965 0.17129430642196913 0.7423118095210841
0 0.19294717204860112 0.23552947699084842 0.17473503230041196 0.2352069478842636 0.1658218750000001 0.738503125 0.18403401474818926 0.7388256541065849
0 0.22437048272803417 0.23724328653269447 0.20207343750000004 0.23634375 0.18220361213266073 0.728862262351703 0.20450065736069484 0.7297617988843975
0 0.2762953125 0.23981250000000004 0.2289234375 0.23747187500000005 0.2044549165432031 0.7326899112938425 0.25182679154320314 0.7350305362938425
0 0.3136262896009432 0.22642637003021543 0.2793359375000001 0.22382187500000006 0.24073377953165104 0.7320515215282404 0.2750241316325942 0.7346560165584558
0 0.3514411624477852 0.23217603365730494 0.3161046875000001 0.22879843750000012 0.2678825030635922 0.7332998440933598 0.3032189780113773 0.7366774402506646
0 0.3978359375 0.2408062500000001 0.3552468750000001 0.23690312500000008 0.31012840390200463 0.7292146408999417 0.3527174664020046 0.7331177658999417
0 0.4199593750000002 0.2891906250000001 0.3978190180567437 0.2865601975581787 0.3436665449314463 0.7423625760202783 0.3658069018747029 0.7449930034620998
0 0.44447500000000006 0.29392812500000015 0.4204664410532519 0.2908793562401407 0.36254951745415565 0.7469657254495105 0.3865580764009038 0.7500144942093698
0 0.48894374999999995 0.3229234375 0.4447483808835285 0.31669345889463113 0.38324712774524433 0.7529823702609751 0.42744249686171576 0.759212348866344
0 0.5325031250000002 0.32586562500000005 0.4938226954961669 0.31991384153064306 0.4280333600472098 0.7474763973660883 0.46671378955104315 0.7534281808354454
0 0.5765843750000001 0.3264250000000001 0.5337131588369743 0.31895638493870454 0.4593529384888749 0.7457976472490684 0.5022241546519007 0.753266262310364
0 0.6251328125000001 0.27607500000000007 0.5946323887952685 0.27033980314480904 0.4989549971721363 0.779162962515136 0.5294554208768679 0.784898159370327
0 0.659548343906342 0.2827363688855363 0.6278029763117547 0.27642973216546274 0.5269708997817173 0.7839825652917435 0.5587162673763046 0.7902892020118172
0 0.7250093750000001 0.2944734375000001 0.6697580178100069 0.2815989427585799 0.5547931519839073 0.7749747989482374 0.6100445091739005 0.7878492936896577
0 0.7945109375000002 0.30233437500000016 0.7400895305122643 0.2883199670085365 0.6135766705204906 0.7796006437940641 0.6679980775082264 0.7936150517855278
0 0.8692546875000001 0.3744234375000001 0.8054641855636575 0.35495929413742405 0.6760331522466597 0.7791480409848994 0.7398236541830023 0.7986121843474754
0 0.9108625 0.34809843750000014 0.8896655887039857 0.3413440464815834 0.7480218750000001 0.7858562500000001 0.7692187862960143 0.7926106410184169
0 0.9541875 0.3613265625000001 0.9332772100878257 0.3539081698517343 0.7744191949277482 0.8016826823866442 0.7953294848399224 0.8091010750349101