0 0.17437166343616511 0.21851500010843158 0.1166661578125 0.21809895781250002 0.11257476861225628 0.7855789587932483 0.1702802742359214 0.7859950010891799
0 0.23618741965494325 0.18676774612429908 0.1866531375 0.1866319453125 0.1850233334700569 0.7811141991882008 0.23455761562500008 0.7812499999999999
0 0.29557902950515474 0.18778588231994525 0.24106494346627777 0.18771129200921838 0.24024995146112316 0.7833455487517733 0.29476403750000013 0.7834201390625001
0 0.3379011175543315 0.782316498322295 0.3338067999863165 0.240640461034966 0.3012482443952022 0.2408865584381546 0.3053425619632172 0.7825625957254836
0 0.3728696671875001 0.7866753468750001 0.3687917771587984 0.2417341279724424 0.3370712606993411 0.24197149812042973 0.34114915072804275 0.7869127170229875
0 0.4282002098046315 0.7896452809362187 0.42411598168863174 0.21880093915686838 0.3705724078125 0.21918402812499999 0.3746566359284998 0.7900283699043502
0 0.5087655357121931 0.8109130725826212 0.5022043221637443 0.13494054511098022 0.4257225660051639 0.1356829024026201 0.43228377955361263 0.8116554298742612
0 0.5941722811711925 0.8108907872610734 0.5876601453124999 0.13888888906250002 0.5111783844538075 0.13963004711392663 0.5176905203125001 0.8116319453124999
0 0.6235922961300878 0.8115502421096614 0.6121530187226478 0.23617536744677223 0.5918641759542986 0.23657873872856322 0.6033034533617386 0.8119536133914524
0 0.6488106367715686 0.8078709886285823 0.635754778125 0.239800346875 0.6137493163534314 0.24030609418391777 0.626805175 0.8083767359375003
0 0.6910839818292425 0.807458738920262 0.6755960900111534 0.21714213592786386 0.6358139973246244 0.21818588218995924 0.6513018891427136 0.8085024851823575
0 0.7480316203124999 0.8040364578125001 0.7355597380620928 0.21488661137755996 0.684302919312093 0.21597168169005992 0.6967748015625 0.805121528125
0 0.8049949515554482 0.8082506115651522 0.8017104540204516 0.21470428554580706 0.7520703464698146 0.21497897819192363 0.7553548440048113 0.8085253042112688
0 0.8749532671875002 0.21592882031250013 0.8195722636880974 0.21502281030991227 0.8097812987234265 0.8135078859958101 0.8651623022228293 0.814413895998398
0 0.9424820906250002 0.2159288203125001 0.8865730389332012 0.21425500796757452 0.8685323521205179 0.8168540356445411 0.924441403812317 0.8185278479894667