0 0.15379727067904242 0.8940703708582424 0.06164784953709131 0.32001224852566107 -0.013086042133139752 0.33200874258991064 0.07906337900881137 0.9060668649224921
0 0.22030612187499998 0.8911795765624999 0.1358511607822765 0.3174242475206524 0.06669867656250002 0.3276032734375 0.15115363765522352 0.9013586024793476
0 0.25447089413084056 0.8911442110897765 0.19268647145307433 0.37919002497570675 0.15904075468750004 0.38325050781250003 0.22082517736526625 0.8952046939265698
0 0.28957918381775194 0.8849264640325188 0.22822481182116605 0.351837398470513 0.19189320781250002 0.35601888125 0.2532475798090859 0.8891079468120058
0 0.32330307968750005 0.8781557531249999 0.270429625810846 0.3466145268880629 0.23540054062500002 0.35009893906249995 0.28827399450165403 0.881640165299437
0 0.35993187011569167 0.8988038931482271 0.3110953727224307 0.3516450118457469 0.2753562078125 0.3548349 0.32419270520576093 0.90199378130248
0 0.41225434765977986 0.8593185817573064 0.37568942968749997 0.29681966562500006 0.3351835346209558 0.29945272799725464 0.3717484525932357 0.8619516441295609
0 0.4532904734298618 0.8593372516907076 0.4201197418298916 0.2919063134945242 0.3765773015625 0.29445170625 0.4097480331624702 0.8618826444461833
0 0.48865655303295047 0.8465957006367922 0.4706951828125 0.2873478234374999 0.43293338314611185 0.28856061957254325 0.4508947533665624 0.8478084967718356
0 0.5390935525772955 0.8579843303663452 0.5239694046875001 0.2778759421875 0.4706079817567702 0.2792671409159788 0.48573212964656565 0.859375529094824
0 0.5905623015625 0.2755079609375001 0.5372880796875 0.2755079609375001 0.5372880796875001 0.8603960078125 0.5905623015625001 0.8603960078125
0 0.6500518671875001 0.2755079609375001 0.597709416257415 0.27399208934069896 0.5806664975349374 0.862477379796171 0.6330089484650223 0.8639932513929722
0 0.7104294218750001 0.2695880593750001 0.6574156730126197 0.2672446830390614 0.63138997039504 0.8560191113609603 0.6844037192574204 0.858362487696899
0 0.7855113750000002 0.2663352296875001 0.7294846178623108 0.2619686086890999 0.682153790615381 0.8692557454159221 0.7381805477530705 0.8736223664143223
0 0.8498303203124999 0.25064431406250004 0.7841846346748398 0.24439446697145972 0.725425763748748 0.8615721855700107 0.7910714493864083 0.8678220326610511
0 0.8986650640624999 0.24590837343750013 0.8513710707748825 0.2409126919109293 0.7866508577748297 0.8536173455037558 0.8339448510624472 0.8586130270303265
0 0.9525035625000002 0.24550189531250016 0.8993783275248399 0.23894520918376533 0.8233052506867855 0.8553236666782535 0.8764304856619459 0.8618803528069883