0 0.14345344251855552 0.17455964987490755 0.09143829375000004 0.17252604218750003 0.06862000115003766 0.7561670716648006 0.12063514991859314 0.758200679352208
0 0.19472482193112373 0.1784727927202112 0.14751822486025218 0.17680630639054945 0.1271583185541285 0.7535418464828383 0.1743649156250001 0.7552083328125
0 0.23138462518608974 0.16831343759623557 0.19396415066645484 0.16707328750977063 0.17436491562500012 0.7584635421875002 0.211785390144635 0.7597036922739651
0 0.26799456832520085 0.17134411270302172 0.23219474209763896 0.1703078857647733 0.21504351752243817 0.7628526621242515 0.25084334375000006 0.7638888890625
0 0.3021610693526102 0.1733353463342368 0.26879712708885084 0.17250453163683238 0.2540914139862407 0.7630580743650955 0.28745535625000007 0.7638888890625
0 0.33545777500000024 0.17578125000000006 0.3012993287013802 0.17512089130635283 0.2898961578125002 0.7649739578125001 0.3240546041111202 0.7656343165061472
0 0.36638479511503286 0.180595028906512 0.3346451139854401 0.180065184218462 0.3248717016829073 0.76552918343695 0.35661138281250004 0.7660590281249999
0 0.3997321984375001 0.18771701406250002 0.36881839657161664 0.18741201923671505 0.36312018437500004 0.7649739578125 0.3940339862408834 0.7652789526382849
0 0.4322833582651051 0.1879567154854967 0.4005643915899034 0.18768848249403616 0.3956641968750001 0.7671440968750001 0.42738316355020184 0.7674123298664606
0 0.46482304732320834 0.1899717657365099 0.43486277187500005 0.1898871531250001 0.4332325177448781 0.7671399044287053 0.4631927931930864 0.767224517040215
0 0.5079410375000001 0.19097222187500004 0.4680746234375001 0.19097222187500004 0.4680746234375002 0.7703993046875001 0.5079410375000002 0.7703993046875001
0 0.5551298546875 0.7725694453124999 0.549434653125 0.19205729218750003 0.5055151099507597 0.19248817145430558 0.5112103115132596 0.7730003245793056
0 0.5917418687499999 0.7736545140625 0.5860315348247692 0.2427338325293944 0.5551182999751068 0.24306632078958218 0.5608286339003374 0.7739870023226877
0 0.6283632436166877 0.7764364794427712 0.6202108739169523 0.24368290325488995 0.5892847006127646 0.24415614568711894 0.5974370703125 0.7769097218750001
0 0.66333869375 0.7769097218749998 0.652761890625 0.1866319453125 0.6210416640126628 0.18720031939887144 0.6316184671376628 0.7774780959613714
0 0.6999578750160881 0.7793874242945946 0.6861195031250001 0.18554687499999997 0.6527547234214122 0.18632438039290541 0.6665930953125001 0.7801649296875001
0 0.7463785604965443 0.7813854702796573 0.721104315625 0.19531250000000003 0.6990844723159557 0.19626210003284278 0.7243587171875 0.7823350703125
0 0.7764795019471082 0.7835858468539154 0.7528347265625001 0.1963975703125 0.7300035527403917 0.1973169312710845 0.7536483281249999 0.7845052078125
0 0.8032809464217621 0.7813249428299539 0.7796461224265182 0.19112297382558346 0.7544215119422562 0.19213310130812955 0.7780563359375 0.7823350703124998
0 0.8342357833143561 0.7847071620982131 0.8154819500000002 0.19639757031250002 0.787778513560644 0.19728068633928714 0.806532346875 0.7855902781250002
0 0.8643061329248469 0.7847992472881826 0.8480259625000002 0.1985677078125 0.8195417873876535 0.19935873864931736 0.8358219578125002 0.785590278125
0 0.9155547859375 0.7845052078125 0.9000617335516807 0.19834191901923998 0.8504667625000002 0.19965277812499999 0.8659598148858194 0.78581606691826
0 0.9692722224733418 0.7860820893650733 0.9619224654487291 0.20122310447566355 0.9141921999999998 0.20182291718750003 0.9215419570246125 0.7866819020769097