0 0.8174835429707084 0.8730521162167687 0.8032982270510898 0.817591577991687 0.36226624658038126 0.9303957117749182 0.3764515625 0.9858562499999998
0 0.8060982496208794 0.8219468271086685 0.7932853376467018 0.7630407567470711 0.3329777130258223 0.8631642421384027 0.34579062499999996 0.9220703125000002
0 0.8039680974117311 0.7716608776083255 0.7933153762710745 0.716235950210683 0.33415196635934336 0.8044875726023577 0.34480468750000004 0.8599125000000001
0 0.8090607015744802 0.7243244782108371 0.7979997972400786 0.6575895956883243 0.3540890956655985 0.7311651174774869 0.36515 0.7978999999999998
0 0.8078088635296309 0.6615262181443016 0.7982358841436075 0.594525443304996 0.35303483311397665 0.6581351626606944 0.36260781249999996 0.7251359374999999
0 0.7931156250000001 0.6026 0.7855083437133457 0.5257330991946177 0.3415942812133457 0.5696659116946178 0.34920156250000006 0.6465328125
0 0.790471599148339 0.5404036532385993 0.7854058074907246 0.4646901660797088 0.3379201458423855 0.49463026284110956 0.3429859375 0.57034375
0 0.8005796875 0.4770687500000002 0.7999023854323238 0.4477911920774167 0.34618125 0.45828749999999996 0.34685855206767624 0.4875650579225835
0 0.7984359375000001 0.44960312500000005 0.7977917663305043 0.4008094462096907 0.34556718750000004 0.4067796875000001 0.3462113586694958 0.4555733662903094
0 0.7979453125 0.40164375000000013 0.7976478828655025 0.3472344189908831 0.34432812500000004 0.3497125 0.34462555463449757 0.404121831009117
0 0.8050231608060308 0.3248843080181885 0.32730937500000007 0.29103125 0.32342212391379055 0.3458857754545116 0.8011359097198213 0.37973883347270004
0 0.8062155294295484 0.2770452282207536 0.29446874999999995 0.2326515625 0.2904316971439182 0.27918857997636704 0.8021784765734667 0.32358224569712063
0 0.8022264461339091 0.2471586123081023 0.32748125 0.19418437500000005 0.3233113763918937 0.23155400153035166 0.7980565725258029 0.28452823883845396
0 0.8061085019070141 0.21401399386005818 0.3282328125 0.1499578125 0.32346898954085435 0.185497164557508 0.8013446789478685 0.2495533459175662
0 0.8062551915272076 0.16561926376947897 0.3356265625 0.08817500000000003 0.3266834657613731 0.14252218018478233 0.7973120947885807 0.2199664439542613
0 0.8103504720353992 0.1178241090460503 0.33594843750000003 0.02952656250000003 0.3264800400835685 0.0803980439154228 0.8008820746189678 0.1686955904614731