0 0.152943121875 0.9700176359374998 0.038762651990466614 0.32654725469147794 -0.0024561737821442884 0.33386132078056807 0.11172429610238913 0.9773317020265899
0 0.18826659375000002 0.9720218046875001 0.09521669818082487 0.1920297757431937 0.041711760937499995 0.1984126984375 0.13476165650667513 0.9784047273818064
0 0.24548286887755583 0.963177381629883 0.16503882853647495 0.1989590402003934 0.11311026875000003 0.20442520468750006 0.1935543090910809 0.9686435461169897
0 0.26116822968750003 0.9730238890624999 0.19950935918518253 0.0045284496811686895 0.1604587546875 0.007014590625 0.2221176251898175 0.9755100300063313
0 0.28596981718750014 0.9740259734375 0.25134684908578403 0.007593554909509565 0.2115650546875 0.009018759375000001 0.2461880227892161 0.9754511779029904
0 0.3431145764800344 0.9839608578437276 0.34157112654485916 0.21429385398694706 0.265677609375 0.21444604687500002 0.26722105931017526 0.9841130507317806
0 0.4131529346067711 0.22150920282780118 0.352858946875 0.2194564703125001 0.3271368685182291 0.974979494047199 0.3874308562500001 0.9770322265625
0 0.44981060625000013 0.21745230156250006 0.42510240795097093 0.21635380563847062 0.3905304985759709 0.9939712493884706 0.4152386968750001 0.9950697453125
0 0.484493681827712 0.12147980181591285 0.4648418703125001 0.12025012031250007 0.41132867639460907 0.9754562834797437 0.430980487909821 0.9766859649831565
0 0.5144742657654227 0.1288900214031154 0.493401275 0.12726471093750008 0.4279149415386388 0.9763288925123053 0.4489879323040615 0.9779542029779206
0 0.572620052461698 0.13231802005818372 0.5234638046875001 0.12726471093750008 0.43640715539621927 0.9741114247943262 0.4855634031704172 0.9791647339150098
0 0.5768247953125001 0.39582331250000014 0.5522262561768538 0.39303191304546903 0.4865177723748301 0.9720721889631274 0.5111163115104762 0.9748635884176584
0 0.6106451421875 0.39682539687500007 0.585512530099176 0.3935743577376939 0.5107985474104335 0.9711612354046997 0.5359311594987574 0.9744122745420059
0 0.7181186875000003 0.007014590625000117 0.672702995325462 0.00015961516970348645 0.5270486103902661 0.9651513577699425 0.5724643025648044 0.9720063332252391
0 0.7564484125 0.1422959750000001 0.7094407455229808 0.13405825126135223 0.5634485449273521 0.967146731109783 0.6104562119043713 0.975384454848431
0 0.81281565625 0.14430014375000008 0.7701469525653779 0.13584986258336676 0.6063986336917002 0.9626777939975832 0.6490673373763222 0.9711280751642166
0 0.7865109421875001 0.3878066375000001 0.7735346291170081 0.38513069905578257 0.65494244186416 0.9602146860707892 0.6679187549346519 0.9628906245150068
0 0.8090578406250003 0.38880872187500015 0.7942821289282238 0.38562027882379224 0.6705241629750914 0.9591328038193947 0.685299874671868 0.9623212468706027
0 0.8188281625000003 0.4579525406250002 0.8011776644813846 0.45415130384825797 0.6933171000000001 0.9549863718750002 0.7109675980186159 0.9587876086517424
0 0.9330657765625 0.030062529687500117 0.9094027711350499 0.024871934946783858 0.7049775664475499 0.9568103677592837 0.728640571875 0.9620009625
0 0.9511032953125002 0.14931056562500014 0.9186992682604724 0.14153118693450714 0.7234582535990153 0.9547831666185331 0.755862280651043 0.9625625453090262
0 0.9698923765625003 0.25853775937500023 0.9357390204425793 0.24990183928558368 0.758370092317579 0.9513608736605835 0.7925234484375 0.95999679375
0 1.018168006647296 0.2587793973342742 0.9758837063561462 0.24714105016344537 0.7840900359380274 0.9439634627332204 0.8263743362291773 0.9556018099040491