0 0.2928984375 0.8216125 0.13218537564897215 0.5285353068854676 0.10700434383533022 0.542343685082119 0.2677174056863581 0.8354208781966515
0 0.3182265625 0.8179921875 0.1614453573800579 0.5205167295614797 0.137765625 0.532996875 0.2945468301199421 0.8304723329385204
0 0.35123593750000004 0.7970093750000001 0.20188470785920778 0.489833379141661 0.16886595120499778 0.5058873416061973 0.31821718084579004 0.8130633374645365
0 0.3821413920253503 0.7831605055603775 0.2422139662416761 0.47751488102741435 0.20867968750000002 0.4928671875000001 0.3486071132836742 0.7985128120329633
0 0.42857524754051923 0.7659874296610949 0.31338593467623627 0.4890261595260835 0.2667921875 0.5084046875 0.3819815003642829 0.7853659576350115
0 0.4708359375000001 0.7508359375 0.3711182248220566 0.4673734985778425 0.3230687500000001 0.4842765625 0.4227864626779435 0.7677390014221576
0 0.5069787725561129 0.7449124078034135 0.3897358659044679 0.38526674152352236 0.35359999999999986 0.39704687500000013 0.4708429066516449 0.7566925412798913
0 0.5373453125 0.7302843749999999 0.4330004914490126 0.3678222626360335 0.39816718749999996 0.37785 0.5025120085509873 0.7403121123639664
0 0.5725921875 0.73105625 0.4838078489122715 0.3875055802023632 0.44712968750000004 0.396984375 0.5359140260877285 0.7405350447976368
0 0.6055577032069327 0.7243758320493165 0.5275750000000001 0.3769265625 0.4901041566859602 0.3853366468178129 0.5680868598928928 0.7327859163671294
0 0.6376801175449207 0.7116835350075694 0.5666421875000001 0.3604843750000001 0.529629522372196 0.36797101909125685 0.6006674524171167 0.7191701790988263
0 0.6716910299027496 0.7048824245772917 0.60985625 0.3378859375 0.5694001307379557 0.34470233852391785 0.6312349106407054 0.7116988256012096
0 0.7108105341206528 0.6982171782797522 0.6576640625 0.3231374999999999 0.6142312366937686 0.3292916629093378 0.6673777083144212 0.7043713411890901
0 0.76062322783905 0.6748373605578385 0.7079109375000001 0.2996578125 0.6677034811627853 0.30530691337240473 0.7204157715018353 0.6804864614302432
0 0.8016096903156813 0.6644950017473424 0.7702453125 0.27041875 0.7299122976733285 0.273628839189237 0.7612766754890098 0.6677050909365795
0 0.8366535205133433 0.6533297842497182 0.8233375 0.25445 0.7817333734526211 0.25583889315633457 0.7950493939659643 0.6547186774060527
0 0.8530553653760258 0.6383974876274644 0.8487578125 0.3235640624999999 0.8283097667034804 0.32384318330169487 0.8326073195795061 0.6386766084291594
0 0.8868390625 0.2353343750000001 0.856327972897773 0.23511145893815444 0.8533972711418307 0.6362440786902062 0.8839083607440579 0.6364669947520517
0 0.9287109375 0.21898593750000012 0.8995636538642386 0.21785393944062753 0.8837943441722554 0.6238904503045731 0.9129416278080168 0.6250224483639457