0 0.5909019321405315 0.05823247564174485 0.5720859375 0.003890624999999992 0.14299494285946843 0.15246439935825515 0.16181093750000003 0.20680625000000002
0 0.6268566607287893 0.12202915598534694 0.6092453124999999 0.06412343750000002 0.15980271427121054 0.20081615651465312 0.17741406249999997 0.25872187500000005
0 0.6320786021792014 0.18027056363457697 0.6167234374999999 0.12583593750000005 0.16770108532079853 0.25249818636542315 0.18305625000000003 0.30693281250000004
0 0.6194342610695814 0.2554748947833274 0.6029734375000001 0.1896359375 0.16789542643041874 0.2984126052166727 0.18435625000000005 0.3642515625000001
0 0.6273000204700474 0.32818673143885385 0.61310625 0.2617359375 0.17542341702995262 0.35522420606114624 0.18961718750000003 0.421675
0 0.6477515624999999 0.41467343749999996 0.6346562499999999 0.33850781249999995 0.19526306758741524 0.41405358572856976 0.2083583800874152 0.4902192107285697
0 0.6594390625 0.48879843749999996 0.6487999999999999 0.4136296875 0.20677244200222678 0.4761923723425797 0.21741150450222668 0.5513611223425796
0 0.6573359375000001 0.5254046875000002 0.6537513628595033 0.49634922385357666 0.20318167320237074 0.5519360388834669 0.20676624784286748 0.5809915025298905
0 0.6633312499999999 0.5765671874999999 0.658761905708624 0.5280517080093435 0.20745379237622644 0.5705573613174638 0.21202313666760242 0.6190728408081202
0 0.6705281249999999 0.6331921875 0.6663979106222674 0.5789991905463716 0.21279417574513695 0.6135697212956828 0.21692439012286954 0.6677627182493111
0 0.6935875 0.6897734375 0.6917196702514825 0.6348125152569828 0.2130849416857675 0.6510787667717536 0.21495277143428507 0.7060396890147709
0 0.7323515624999999 0.7444 0.731502077089863 0.6976947552689732 0.21791703210053162 0.7070359546373828 0.2187665175106684 0.7537411993684096
0 0.7035406249999999 0.7861078125 0.7032992947265656 0.7484240714394772 0.2259863110653717 0.7514808293307838 0.22622764133880602 0.7891645703913065
0 0.7075630328782574 0.7942026724672608 0.22615312500000012 0.7922296874999999 0.22600571712174267 0.828197327532739 0.707415625 0.8301703125
0 0.7081965224153948 0.8370808983379197 0.23282187500000012 0.8226734375000001 0.23114566508460563 0.8779800391620807 0.7065203125000002 0.8923875000000002
0 0.7154532344106781 0.8988622768353519 0.23468281250000006 0.869934375 0.231560828089322 0.9218205356646483 0.7123312500000001 0.9507484375