0 0.1112833169544302 0.21907177962323748 0.04141305240071284 0.21540992728037853 0.010292235446282771 0.8092131476571411 0.08016250000000011 0.8128750000000002
0 0.1834349352842903 0.2120548530782632 0.12251769927883907 0.20802283381023598 0.08294536360349855 0.8058962940730229 0.14386259960894981 0.8099283133410502
0 0.21603537782035004 0.22560838680486922 0.19331535601422073 0.22448154847030968 0.1643433872886803 0.808632567319061 0.18706340909480965 0.8097594056536204
0 0.2930921875000001 0.21664687500000004 0.21842666443925446 0.21233052187607154 0.18354541443925446 0.8157164593760715 0.25821093750000007 0.8200328125
0 0.3768964990708154 0.2197232366628156 0.2981484375 0.21473906250000008 0.2596301977096974 0.8233126435027829 0.33837825928051285 0.8282968176655985
0 0.40833529788548023 0.2719748080280331 0.3759359375 0.269884375 0.34114284067235084 0.8091382367257584 0.3735422010578311 0.8112286697537916
0 0.4408398863317296 0.2735440160625365 0.40918035240810446 0.27159670181572243 0.3760031250000001 0.8109937499999997 0.4076626589236252 0.8129410642468139
0 0.4744812500000002 0.2533171875000001 0.44526479456496826 0.251532958572113 0.41065625000000006 0.8182421874999999 0.439872705435032 0.820026416427887
0 0.49872128559899265 0.22880370090011054 0.4816453125000001 0.2276156250000001 0.4412091956168488 0.8087957028554771 0.45828516871584135 0.8099837787555874
0 0.5646610220011354 0.2586762452646105 0.5030375 0.25481406250000005 0.4680140014354521 0.8136357097108989 0.5296375234365873 0.8174978924755095
0 0.5837296875000002 0.2829468750000001 0.5676456178768717 0.28188258863067345 0.5323084972279783 0.8159162145214911 0.5483925668511069 0.8169805008908178
0 0.6288531250000002 0.2614078125000001 0.5923352466578747 0.2590274782738585 0.5548250000000001 0.8344906249999999 0.5913428783421255 0.8368709592261416
0 0.6777983293977299 0.19819177835161111 0.6404439035109334 0.19571010788080795 0.5979627616132035 0.8351417670291967 0.6353171875000001 0.8376234374999999
0 0.7224468750000003 0.20111875000000015 0.6819128399354615 0.19826563538082112 0.6370562500000002 0.8355406249999999 0.6775902850645389 0.838393739619179
0 0.7869482659137377 0.2474824359900852 0.723786065270138 0.2420500237595104 0.6730097107110394 0.8324224326429587 0.7361719113546391 0.8378548448735336
0 0.8534168269942167 0.25237866159162814 0.7951718750000001 0.24730625000000012 0.7437503696002439 0.8377636802334724 0.8019953215944605 0.8428360918251003
0 0.8892468750000002 0.26744843750000014 0.8538133651856086 0.264332370971961 0.8032966787960948 0.838769240938203 0.8387301886104865 0.841885307466242
0 0.9241647934132737 0.27032085248358484 0.8909052720175632 0.26753015344276215 0.8430654786042895 0.8376843009591773 0.8763250000000001 0.8404750000000002
0 0.9894475150127381 0.2534167676131363 0.9407403221488737 0.2490502214748911 0.8872875147265409 0.8452963431936127 0.9359947075904053 0.8496628893318577