0 0.0726312265327044 0.7495792436155507 0.07018134141225893 0.16255025650355168 0.019823709374999998 0.1627604171875 0.022273594495445474 0.749789404299499
0 0.12388436718750002 0.747612846875 0.12307067024853631 0.16594632874633705 0.073534646875 0.16601562499999997 0.07434834381396371 0.7476821431286629
0 0.16537798125000006 0.1692708328125 0.12713876875000005 0.1692708328125 0.1271387687500001 0.746527778125 0.16537798125000008 0.746527778125
0 0.20687159687500012 0.16818576406250005 0.16944664939836884 0.168027818055501 0.16700518281250007 0.7465277781250002 0.20443013028913137 0.7466857241319992
0 0.24836521250000013 0.16818576406250005 0.21012111050599755 0.16797096280626334 0.2068667089434975 0.7473980456187632 0.24511081093750006 0.747612846875
0 0.2882316265625002 0.170355903125 0.2509441681986172 0.17019824156828778 0.24850271364999346 0.7476099881444278 0.2857901720138764 0.7477676497011401
0 0.3346116599198635 0.1705899042695243 0.29326120937500005 0.17035590312500007 0.2900019916426366 0.7462937769804758 0.3313524421875001 0.7465277781250002
0 0.38180229558776557 0.17403255004925516 0.3395101550749984 0.17360973354874268 0.3337932437500001 0.7454427078125 0.3760853842627673 0.7458655243130126
0 0.4208543496203071 0.1717002574724375 0.38343834986176745 0.17143408060093887 0.37935486093750015 0.7454427078125 0.41677086069603975 0.7457088846839987
0 0.4590876890625001 0.17252604218750006 0.422490237831862 0.17236983000990808 0.4200494378318619 0.744201426884908 0.4566468890625 0.7443576390625
0 0.5079293145687156 0.21069442712491995 0.4656304062051545 0.2104333874644131 0.4623420906250001 0.7432725703124999 0.5046409989885612 0.7435336099730069
0 0.5543404773514199 0.21378931691119396 0.5112409946802987 0.21358691658669565 0.5087637187500003 0.7411024296875002 0.5518632014211213 0.7413048300119984
0 0.5771061437500001 0.2170138890625001 0.5559525359375 0.2170138890625001 0.5559525359375002 0.7400173609375 0.5771061437500002 0.7400173609375
0 0.5998869515625 0.2159288203125001 0.5813505676642291 0.21589998455375156 0.5805335484252352 0.7411014331556307 0.5990699323235062 0.7411302689143793
0 0.6470787393950788 0.2160571037601185 0.6047719316034892 0.21592574878418946 0.6031413531250001 0.7411024296875002 0.6454481609165896 0.7412337846634292
0 0.6828757992811147 0.2170631606878553 0.6487097551520632 0.21700978950043553 0.6478893687500001 0.7421875 0.6820554128790517 0.7422408711874198
0 0.6999660667816203 0.21926416227142412 0.6869421905909856 0.21918278325820711 0.6836815113093654 0.7410210506742831 0.6967053875000001 0.7411024296875002
0 0.7129806758360433 0.21921638088328743 0.7007767897733803 0.2191783324405599 0.6991461875000001 0.7421875000000001 0.7113500735626632 0.7422255484427276
0 0.7569151278761084 0.21812184502982176 0.7171067324278544 0.21799747456581126 0.7154758311814793 0.7400149991388301 0.7552842266297333 0.7401393696028407
0 0.7919031200089489 0.21928291417168047 0.7593594278243605 0.21918081497404915 0.7577254093750001 0.7400173609375 0.7902691015595884 0.7401194601351313
0 0.8114920390625 0.2712673609375001 0.7911520328125001 0.2712673609375001 0.7911520328125002 0.7367621531250002 0.8114920390625 0.7367621531250002
0 0.829391246875 0.27235242968750006 0.8114920390625 0.27235242968750006 0.8114920390625 0.7313368046875002 0.829391246875 0.7313368046875002
0 0.8489214651308176 0.27345494357297717 0.8342652228745429 0.27340261284850687 0.8326342108687255 0.7301994052130298 0.8472904531250002 0.7302517359375001
0 0.8684440609375 0.2712673609375001 0.8521720546875 0.2712673609375001 0.8521720546875 0.7313368046875002 0.8684440609375 0.7313368046875002
0 0.922143267661068 0.737774472993358 0.9213262779400369 0.21695035887391417 0.8749494743414689 0.21702310775555606 0.8757664640625 0.7378472218749998
0 0.9693304968750003 0.7378472218750001 0.9685134005919233 0.21586544372704183 0.9280268343750004 0.2159288203125 0.9288439306580774 0.7379105984604581