0 0.2437542108125354 0.8406907110689821 0.16423281249999996 0.37476406249999994 0.11890378246398556 0.3825005331734113 0.198425180776521 0.8484271817423934
0 0.2829669307661124 0.8252936710804025 0.20847656250000002 0.36966562500000005 0.1658662078838093 0.376631967468632 0.2403565761499217 0.8322600135490343
0 0.30658743740566746 0.8279395998708455 0.2328635514788357 0.33892604889322725 0.20660781250000002 0.342884375 0.2803316984268318 0.8318979259776184
0 0.33040428439166136 0.8240253966087941 0.26342968750000006 0.34049843750000003 0.2341994172331489 0.34454719947961115 0.3011740141248102 0.8280741585884052
0 0.3763461233142578 0.8108006753645645 0.32862656250000005 0.36728750000000004 0.2731951906173304 0.37325160855077416 0.32091475143158815 0.8167647839153387
0 0.42755325511999276 0.8006717975062116 0.382359375 0.36240937500000003 0.3308508541508904 0.3677209641230209 0.37604473427088314 0.8059833866292326
0 0.4576575282328008 0.7829024019382884 0.42910624999999997 0.362475 0.3858468366480199 0.3654127522518892 0.4143981148808207 0.7858401541901776
0 0.49352863540334335 0.7674222776864639 0.466534375 0.355915625 0.4291945209237852 0.3583650671603535 0.45618878132712853 0.7698717198468175
0 0.5256487118665895 0.77403541749433 0.5030796875000001 0.3084359375 0.4711068557086834 0.3099857580018955 0.49367588007527274 0.7755852379962255
0 0.5510304531708093 0.7651657276282384 0.5336234375 0.30540781250000004 0.5030021806239136 0.3065671719819423 0.5204091962947228 0.7663250871101807
0 0.6169357313340179 0.770863597251744 0.6161046875 0.31396562499999997 0.5427242493633259 0.3140990954121151 0.5435552931973437 0.7709970676638591
0 0.693909375 0.30632500000000007 0.619706606952876 0.3062297126451736 0.6191187519015424 0.7640078942189896 0.6933215199486663 0.7641031815738162
0 0.7440703125000001 0.2893578125000001 0.7097759237952328 0.28781307156506986 0.6877130032802448 0.7776261884406026 0.7220073919850121 0.7791709293755328
0 0.792359375 0.2983328125000001 0.7602649256315482 0.29566121905772913 0.7199312508796121 0.780198672132643 0.7520257002480638 0.7828702655749141
0 0.8264109375000002 0.3066218750000001 0.7960792986221328 0.3036050284818276 0.7489282096939278 0.7776662024439983 0.7792598485717952 0.7806830489621708
0 0.8608453125000002 0.3017984375000001 0.8310310227667287 0.29846732452813374 0.7775336658458267 0.7772819767704343 0.8073479555790982 0.7806130897423007