0 0.8479906250000002 0.11077343750000006 0.4233200801416602 0.0830693285764332 0.42116980158757994 0.11603050295232897 0.8458403464459199 0.1437346118758958
0 0.8411640625000001 0.14724218750000007 0.42232004163947484 0.11477088091573703 0.4199145277907238 0.14579935493269697 0.838758548651249 0.17827066151696
0 0.800984375 0.18300468750000012 0.4192219656680078 0.15014178422434815 0.4166968571256945 0.17947551389675234 0.7984592664576866 0.21233841717240426
0 0.793271875 0.21382812500000004 0.41814005141144045 0.17930707037067206 0.41581250000000003 0.20460000000000003 0.7909443235885595 0.23912105462932795
0 0.8238999999999999 0.2419453125000001 0.41052641842912596 0.20358754877985402 0.40793248489751033 0.23154182687969013 0.8213060664683842 0.26989959059983615
0 0.81899375 0.2703031250000001 0.4063151373697167 0.22997598499065558 0.40365937500000004 0.2571531250000001 0.8163379876302832 0.2974802650093446
0 0.7807484375 0.29906406250000006 0.4085 0.26067187500000005 0.4057261254940454 0.2875672023543656 0.7779745629940454 0.3259593898543656
0 0.776703125 0.3302468750000001 0.4049487305129674 0.2896421009739544 0.4021122870824626 0.31561097619359424 0.7738666815694952 0.35621575021963997
0 0.7872250000000002 0.36090312500000016 0.3951777057283591 0.3161685270489858 0.39178478134942096 0.3459036064586086 0.783832075621062 0.390638204409623
0 0.7805296875 0.3960375000000001 0.39216589207718405 0.34721184821867757 0.38829817175122 0.37797605700287995 0.776661967174036 0.4268017087842025
0 0.7575000000000001 0.43244843750000017 0.3832042681494974 0.40101522832930225 0.38085326267170133 0.4290101845909279 0.7551489945222041 0.4604433937616258
0 0.7810937499999999 0.4683609375000001 0.382252354405537 0.4293017581207331 0.37992343750000007 0.45308281249999993 0.7787648330944629 0.4921419918792669
0 0.7758031250000001 0.49735937500000016 0.3791117630208915 0.45522709692881935 0.3767046875000001 0.4778906250000001 0.7733960494791088 0.5200229030711809
0 0.7794185961495698 0.5246614895078643 0.37205016261685386 0.47913706872496703 0.36582356907821245 0.5348548046666888 0.7731920026109284 0.5803792254495861
0 0.7713375000000001 0.584540625 0.36395619466162815 0.5296421446611249 0.3568805508575409 0.5821478787219871 0.7642618561959128 0.6370463590608623
0 0.6780343750000001 0.6241281250000001 0.3679750000000001 0.5815296875 0.3654955723676265 0.5995765884468127 0.6755549473676264 0.6421750259468129
0 0.6745265625000002 0.6424625 0.3638073337800796 0.599550462667362 0.3602955854139861 0.6249784733514671 0.6710148141339066 0.6678905106841051
0 0.7132328125 0.682996875 0.35401426556766025 0.6280460314379102 0.35029773142337856 0.6523413453656173 0.7095162783557184 0.7072921889277072
0 0.7099375 0.7089125000000001 0.3533160922959303 0.6528204040266354 0.3495428559446617 0.6768098242085544 0.7061642636487314 0.732901920181919
0 0.7308078124999999 0.7393 0.3483477660594237 0.6762905778655783 0.345159375 0.6956437500000001 0.7276194214405762 0.7586531721344217
0 0.7279 0.7596796874999999 0.34518094504819946 0.6972583404675718 0.341856848421341 0.7176391105098916 0.7245759033731416 0.7800604575423196
0 0.6901015625 0.7804 0.34317299898615805 0.7181884113785518 0.3401953125 0.7347937499999999 0.687123876013842 0.7970053386214482
0 0.6837647901930464 0.7994504127549191 0.33846141355526493 0.7345549266788814 0.3353437500000001 0.7511437500000001 0.6806471266377815 0.8160392360760378
0 0.7305220170084245 0.8246205350549584 0.33546484272082405 0.7506463435105697 0.3261558664949337 0.8003606799099598 0.7212130407825341 0.8743348714543486
0 0.7205448134533781 0.8740375070548764 0.32914642566390206 0.7952711217364995 0.31965084204602706 0.8424556675822175 0.711049229835503 0.9212220529005943