0 0.1401384140625 0.863715278125 0.07800200050480474 0.24982972152591518 0.03579768722173388 0.25410156769640274 0.09793410077942914 0.8679871242954876
0 0.2180361395601488 0.8817382281567484 0.16332952709389142 0.23393973565475107 0.0775264856757939 0.24118580644623505 0.13223309814205128 0.8889842989482325
0 0.24186022421994718 0.8824518319055228 0.19302049131139637 0.2310938990863273 0.163732821875 0.2332899296875 0.21257255478355086 0.8846478625066954
0 0.29320700373902187 0.9098137327313411 0.23340453341944953 0.047789026834084536 0.1790666932099087 0.05155868338119982 0.238869163529481 0.9135833892784564
0 0.337272778195777 0.9071489343035838 0.28984086875000004 0.054253471875000014 0.2434281647979931 0.056834612551627285 0.29086007424377003 0.9097300749802111
0 0.3902225721339691 0.9077202178289067 0.3532358428458648 0.055992305480860226 0.305445393619286 0.0580676306903246 0.34243212290739033 0.909795543038371
0 0.4436663785263451 0.8906354767629262 0.43785622856686635 0.2253468039586001 0.3762138300399467 0.22588514407161248 0.3820239799994254 0.8911738168759384
0 0.49812477324963067 0.18024618721211297 0.444424925 0.1801215281250001 0.44279272233107025 0.8832314069483935 0.49649257058070095 0.8833560660355063
0 0.5607901578182105 0.18095078135745607 0.5062585484375 0.18012152812500004 0.49556777348304254 0.883145816697161 0.550099382863753 0.8839750699296169
0 0.6479127765625002 0.17903645781250005 0.5839347989283235 0.17597761640861564 0.5503992493649605 0.8773989575706802 0.6143772269991373 0.8804577989745646
0 0.7268320046875003 0.17252604218750014 0.6604919551316168 0.1682471003301556 0.6148169260097027 0.8763856533729537 0.6811569755655861 0.8806645952302983
0 0.7707664218750001 0.2126736109375001 0.7280628094097817 0.2100269202026322 0.6864805211898876 0.8809454745187241 0.7291841336551059 0.8835921652535921
0 0.8415496468750001 0.23220486093750017 0.7704222285560752 0.22946306584533782 0.7450033810660727 0.8888766754818272 0.8161307993849976 0.8916184705739895