0 0.048092570875899104 0.9666215745020283 0.04634473681005594 0.2180822181567219 -0.0017478340658431623 0.21819451396719375 3.4694469519536144e-19 0.9667338703125002
0 0.10093460683173687 0.9666186715277412 0.091886027466628 0.21860277734541378 0.03670492968749999 0.219270290625 0.045753509052608866 0.9672861848073275
0 0.14808606214056078 0.9654704494971076 0.13586230671799684 0.08861978889624593 0.09033054926493608 0.08925452533663857 0.1025543046875 0.9661051859375002
0 0.19361042746296678 0.10441218224904827 0.15214457656250002 0.104372615625 0.1513233512348227 0.9650173588212771 0.19278920213528947 0.9650569254453254
0 0.2375293757388552 0.14475845244650168 0.18956021766580394 0.14446870587068386 0.18465798880194886 0.9560599752991822 0.23262714687500008 0.9563497218750001
0 0.2822433889145084 0.15116590694194182 0.23350253442381286 0.1509656020078672 0.23018828125000018 0.9574336625000001 0.2789291357406957 0.9576339674340748
0 0.3285580249313683 0.15753457107864224 0.28059150625000007 0.15748569218750003 0.27977855325084877 0.9552641259783791 0.3277450719322171 0.9553130048695213
0 0.36188703125000005 0.15423387031250005 0.31961335781250005 0.15423387031250005 0.3196133578125001 0.948762140625 0.3618870312500001 0.948762140625
0 0.41803857433296826 0.16332153845316463 0.3700682525814081 0.16286740149215173 0.3626940251234399 0.941804361476487 0.41066434687500014 0.9422584984375
0 0.469272384779413 0.16880815408344657 0.4131388416954446 0.16821351916554933 0.40493403035353176 0.9427478041446028 0.46106757343750016 0.9433424390625001
0 0.503364325633192 0.10464342973666925 0.46435320253859425 0.10434140813187003 0.45781575156250004 0.948762140625 0.49682687465709774 0.9490641622297993
0 0.5382983218750003 0.10979231718750009 0.5009293353575252 0.1096124279585798 0.49686455879502506 0.9540019529585798 0.5342335453125002 0.9541818421875
0 0.5846525452305179 0.16424632046582482 0.5358594562500001 0.16398933437500007 0.5317376142646586 0.9465896770976057 0.5805307032451764 0.9468466631884305
0 0.6415474267461552 0.1728635289523535 0.5887296040900869 0.1726365183027972 0.5854497265625002 0.9357548562500002 0.6382675492185683 0.9359818668995565
0 0.6724359390625001 0.19217178281250008 0.6358592289094835 0.19169261196494972 0.6260974890625 0.9368387968749999 0.6626741992155166 0.9373179677225505
0 0.6960116421875002 0.1813323796875001 0.6708135579570579 0.18130526550342813 0.6699970734375001 0.9400906171875002 0.6951951576679425 0.9401177313715721
0 0.7277283586219756 0.18683061013177402 0.6911339093750001 0.1867520812500001 0.6895080134120279 0.9444193999967622 0.7261024626590035 0.9444979288785362
0 0.7439760015625001 0.20301118593750012 0.7187829126254017 0.20298298473823975 0.7179614328125001 0.9368387968750002 0.7431545217495986 0.9368669980742604
0 0.7773702297022798 0.20219937641369837 0.7504796437500001 0.20192724531250011 0.7430425622121487 0.936821123473108 0.7699331481644285 0.9370932545743063
0 0.796876104822456 0.20227065622637713 0.773242390625 0.20192724531250011 0.7625967816986597 0.9345634797948265 0.7862304958961157 0.9349068907087036
0 0.8244842215207469 0.15984453609613983 0.8016958250000001 0.15965357187500012 0.795156194660151 0.9400494407669605 0.8179445911808976 0.9402404049881001
0 0.8447892249563071 0.16187351318196938 0.8179793222775693 0.16178770624379535 0.8155160640625002 0.9314190953125001 0.8423259667412382 0.931504902250674
0 0.8716542987303818 0.16855366897692214 0.8504731406249999 0.1683250953125001 0.8422740751188575 0.928105113019692 0.8634552332242394 0.9283336866841141
0 0.8968115890625002 0.17049297656250012 0.8757479319335747 0.1702640237953626 0.8675452 0.9249154531249999 0.8886088571289255 0.9251444058921374
0 0.9196085717635013 0.16628842583398667 0.8951856796875001 0.1661572140625001 0.8910866688614988 0.9291200022910135 0.9155095609374999 0.9292512140625002
0 0.9439629937500001 0.17374479687500008 0.9220421642089877 0.17348345750537314 0.9130968836392682 0.9238027486449163 0.9350177131802807 0.9240640880145431
0 0.967548148141141 0.9248579626385487 0.9659054673812285 0.18127133439992313 0.9382723078125 0.1813323796875 0.9399149885724125 0.9249190079261256
0 0.997618040625 0.18350025937500014 0.9732293828125 0.18350025937500014 0.9732293828125 0.922747571875 0.997618040625 0.922747571875