0 0.7814844935519771 0.06991742217001733 0.7716314538020039 0.01740082651580783 0.18940633525002665 0.12663652934579053 0.199259375 0.17915312500000002
0 0.7896310116054288 0.12119275430726598 0.7799698670359845 0.07102142548712702 0.20191541793055573 0.182333358679861 0.21157656249999998 0.23250468749999995
0 0.7856734484536835 0.17973552372821694 0.7751764135103578 0.1253093866884169 0.211909375 0.23394531249999995 0.22240640994332567 0.2883714495398
0 0.8118783811766053 0.22769170178395584 0.8029956701574159 0.1841829646727358 0.22947812500000003 0.30127187499999997 0.23836083601918928 0.3447806121112201
0 0.8197078803351336 0.27368445698720717 0.8104530837315254 0.22949633464052405 0.23943895339639173 0.34909000265331686 0.24869375 0.393278125
0 0.829574837378361 0.3324888827369806 0.8170390843767825 0.29019011538201667 0.26091875 0.45500312500000006 0.27345450300157836 0.497301892354964
0 0.8317051647521762 0.3798442984526028 0.8199567140395573 0.341258863597847 0.2749921875 0.5071890625000001 0.2867406382126189 0.5457744973547559
0 0.8674355762900061 0.43457561137608 0.8503400835096805 0.37819094670993236 0.2838515625 0.5499468750000001 0.30094705528032567 0.6063315396661476
0 0.8813412700535217 0.49496172093127067 0.8654860647484831 0.4424065142180358 0.2994609375 0.61316875 0.3153161428050386 0.6657239567132349
0 0.865632982695289 0.5924360955729432 0.8413725630165436 0.511238167660086 0.3105203125 0.6698468750000001 0.3347807321787454 0.7510448029128572
0 0.8799883615984594 0.6839587656355107 0.8623257541440463 0.6167199279619635 0.3303998925455868 0.7564486623264528 0.3480625 0.8236874999999999
0 0.9321512997774452 0.7457553348923621 0.9159890624999999 0.6826999999999999 0.3475455752225547 0.8284024776076377 0.36370781249999995 0.8914578125
0 0.9556780299250143 0.8276928231788621 0.9435328124999998 0.7750859375 0.36754209645107405 0.9080634439790577 0.37968731387608845 0.9606703296579198