0 0.7160265625000001 0.9565234375000001 0.1479045737871199 0.8442234238035432 0.13991875000000012 0.8846234375000002 0.7080407387128803 0.9969234511964569
0 0.7278140624999999 0.9167234374999997 0.16161447728443265 0.7980062453164859 0.1521296875000001 0.8432421874999999 0.7183292727155675 0.9619593796835139
0 0.7398078125000002 0.88035 0.17551866046348763 0.7570366689331203 0.16686406250000013 0.796640625 0.7311532145365126 0.9199539560668797
0 0.7511956720698941 0.8546676543850941 0.18397741082536195 0.7281465955329212 0.17781718750000014 0.7557640625000002 0.7450354487445322 0.8822851213521732
0 0.7564237504227451 0.8274381509417319 0.19553268419551922 0.6983299927380626 0.1891750000000001 0.7259500000000001 0.750066066227226 0.8550581582036694
0 0.7684218750000001 0.7945218749999999 0.23500457335131672 0.6647422737163124 0.22610937500000006 0.7013031249999999 0.7595266766486835 0.8310827262836874
0 0.7868868232331735 0.7664599047217516 0.2631637239776595 0.6406298973713298 0.2559390964749409 0.6706998654684728 0.7796621957304548 0.7965298728188946
0 0.7980703124999999 0.7216046875 0.26868699092145837 0.589898091553979 0.2584742929277043 0.6309471517576747 0.7878576145062459 0.7626537477036958
0 0.8233088591980348 0.6149241047054224 0.29545312500000004 0.5431296875 0.2908458283019654 0.5770040202945778 0.8187015625000003 0.6487984375000001
0 0.8328301531350064 0.5817029491762179 0.3061921875 0.5030500000000001 0.301205844342065 0.536437147515213 0.8278438099770714 0.6150900966914309
0 0.8429612181443504 0.5509993319214507 0.2573906250000001 0.4545968750000001 0.2524663716788077 0.48450791700210544 0.8380369648231583 0.580910373923556
0 0.8539139605490809 0.5179188450720191 0.26624531250000005 0.4131687500000001 0.2611690545913218 0.4416475558692491 0.8488377026404026 0.5463976509412682
0 0.8679291063262482 0.46863863427502606 0.32921562499999996 0.35423593750000004 0.3189028507893007 0.4027979963831273 0.8576163321155489 0.5172006931581532
0 0.899828511144532 0.4097568076852756 0.36480468750000006 0.23818906250000005 0.3477131228299701 0.2914880918248432 0.8827369464745018 0.4630558370101189
0 0.8770368132551039 0.3797583277124258 0.40908437500000006 0.21547500000000008 0.39801200341596593 0.24701406943670579 0.8659644416710697 0.4112973971491316
0 0.9094781130352712 0.3246507686310307 0.4090601973729947 0.13954331975755477 0.38922500000000004 0.19316562500000006 0.8896429156622764 0.37827307387347603
0 0.9212036431007242 0.27289294066799785 0.42769531250000004 0.07474531249999997 0.405239090854917 0.13067498755151624 0.898747421455641 0.3288226157195141
0 0.94018125 0.24154531250000008 0.372615625 0.01618593750000006 0.3609080870343225 0.04567126999482531 0.9284737120343225 0.2710306449948254
0 0.9530031250000001 0.2146578125 0.38208259637691555 -0.0156987144341884 0.37026572769454813 0.013588464898630016 0.9411862563176324 0.2439449918328184
0 0.9608651698068431 0.19490535023962685 0.4420397176743724 -0.01746183424413561 0.434597985367529 0.0007187530162376055 0.9534234374999999 0.2130859375000001
0 0.9666765624999998 0.1762062500000001 0.4926795255746634 -0.01762561116169472 0.485471875 4.4408920985006264e-17 0.9594689119253366 0.19383186116169487