0 0.8037185481693978 0.9105745557269233 0.3312667876702159 0.9049930696891723 0.3308921875000001 0.9367015625 0.803343947999182 0.942283048537751
0 0.8042850895388531 0.8706535720135434 0.3317937500000001 0.8692375 0.33169616046114714 0.9017995529864565 0.8041875 0.903215625
0 0.804034375 0.8055296875 0.3099981518835943 0.8049659093581031 0.30992940188359436 0.865211221858103 0.803965625 0.8657749999999999
0 0.8049895124959298 0.797398394374931 0.8049875 0.7395546875 0.3097401762000439 0.7395719181250274 0.30974218869597364 0.7974156249999584
0 0.8025906250000002 0.733125 0.8023059352194926 0.6877085726733679 0.3127496852194925 0.6907773226733679 0.31303437500000003 0.73619375
0 0.8041687500000002 0.6850375000000001 0.8040252949163074 0.6419392190603442 0.31416615807134823 0.643569743107746 0.314309613155041 0.6866680240474017
0 0.8038216510028591 0.6386863170415038 0.803725 0.6101562500000001 0.3052486614971411 0.6118449329584965 0.30534531249999997 0.6403750000000001
0 0.8036687499999999 0.6085312500000001 0.8035285385001405 0.5808801895379265 0.30526603850014056 0.5834067520379265 0.30540625 0.6110578125000001
0 0.7970265624999999 0.5737562500000001 0.7967614477728215 0.5314367039408114 0.33424349932962877 0.5343341905902463 0.33450861405680726 0.5766537366494351
0 0.7976609374999999 0.5297734374999999 0.7975585459820482 0.4882665458498727 0.3326583249215705 0.4894133876739182 0.3327607164395222 0.5309202793240454
0 0.8009688300105644 0.4873396230605803 0.8009238140590635 0.4672584637796352 0.3188796875 0.4683390625 0.3189247034515008 0.48842022178094513
0 0.801953125 0.4661234375 0.8018948074038613 0.4449809391033754 0.3202828125 0.44630937499999995 0.3203411300961388 0.4674518733966246
0 0.8033265625 0.44328124999999996 0.8032243608636609 0.4025869169090416 0.31666284157044705 0.4038088900850191 0.3167650432067862 0.4445032231759775
0 0.8040438210162684 0.3511193289599789 0.8030710030627422 0.3113951111904113 0.32141093749999994 0.32319062499999995 0.32238375545352616 0.3629148427695676
0 0.8001409056116217 0.3072953221901097 0.799342198293089 0.2666284262194157 0.31867968750000003 0.27606875 0.3194783948185326 0.31673564597069404
0 0.7997183473477566 0.26253924413339674 0.7994484374999999 0.23892812500000002 0.2725472776522434 0.24495138086660334 0.2728171875 0.26856250000000004
0 0.7999264918794224 0.23683636601406688 0.79966561806963 0.2132233809312894 0.2727375636902075 0.21904482741722248 0.2729984375 0.2426578125
0 0.8156137124744559 0.19278274354699818 0.8152627666695625 0.16283418877683148 0.2461678041951067 0.16950300772983334 0.24651874999999998 0.1994515625
0 0.8128468750000002 0.15623593750000003 0.8127030711173502 0.11710122568485193 0.23950932111735007 0.1192074756848519 0.23965312499999997 0.1583421875
0 0.8113703125 0.11395468750000018 0.8112519642495226 0.07651373525913271 0.24130508924952238 0.07831529775913257 0.2414234375 0.11575625000000003