0 0.08409531250000016 0.210503125 0.06051026798417168 0.21001101641058756 0.04829687500000009 0.79535625 0.07188191951582856 0.7958483585894124
0 0.13453906250000008 0.20941875 0.09385937500000005 0.20941875 0.09385937500000009 0.799696875 0.13453906250000008 0.799696875
0 0.1801029431056573 0.21055507930145478 0.13861234442193224 0.2104974350296835 0.1377937500000001 0.799696875 0.17928434868372517 0.7997545192717712
0 0.25423764926386444 0.22300877046651305 0.18838040667129438 0.22206998230467598 0.18010000000000007 0.8029515625 0.24595724259257015 0.8038903506618371
0 0.3208785126891444 0.17849936680318126 0.260686999645774 0.17755753894353768 0.25089911195662973 0.8030941096403564 0.3110906250000002 0.8040359374999999
0 0.3900488560621066 0.18245121510573498 0.3266265625000001 0.18120625000000007 0.31438239393789363 0.8049612848942651 0.3778046875000001 0.80620625
0 0.43557703266460485 0.22308741367143056 0.3924653254776596 0.22242533227224248 0.3835000000000001 0.8062062500000001 0.4266117071869454 0.8068683313991881
0 0.47950468750000014 0.22352500000000006 0.43720357928143844 0.2229924602975854 0.4298750000000002 0.8051218750000002 0.47217610821856193 0.8056544147024148
0 0.5250884515210793 0.22727390334892927 0.4844015555361173 0.2267577236803421 0.47705685401503806 0.8056900703314127 0.5177437500000001 0.80620625
0 0.5576109375 0.22786406250000005 0.5292721096823105 0.2273865190842595 0.5195080471823105 0.8068146440842595 0.5478468750000001 0.8072921875000001
0 0.6186801325540966 0.2203874089122997 0.5618709204768021 0.21903387662049875 0.5479501947750638 0.8033017684545953 0.6047594068523583 0.8046553007463961
0 0.6512569871555844 0.2350155024251513 0.6300566485905957 0.23435060862207385 0.6120746614350113 0.8077116686969227 0.633275 0.8083765625
0 0.6781404103751669 0.24763045325243374 0.6513494239503385 0.24686712826524734 0.6356385268926052 0.7982842007589485 0.6624295133174337 0.7990475257461348
0 0.7157200767406423 0.24560986839007798 0.6791295597506393 0.24466570708534405 0.6648818054249549 0.7968305692857099 0.7014723224149579 0.7977747305904439
0 0.7439250000000002 0.24522500000000008 0.7113915764883751 0.24464538286801746 0.7016002112869814 0.7942264999139098 0.7341336347986064 0.7948061170458924
0 0.791928125 0.2549906250000001 0.7530720108293443 0.2542899259007861 0.7432955172049054 0.7964292734267173 0.7821516313755612 0.7971299725259312
0 0.8350558383147053 0.25328448208191173 0.7960098077785384 0.2528197227584441 0.7894875000000001 0.8007812500000002 0.8285335305361672 0.8012460093234678
0 0.865968598905113 0.793087967845325 0.8643420658809001 0.25273369756423036 0.8317953419757871 0.2528316672189054 0.833421875 0.7931859375
0 0.9058312500000001 0.80078125 0.9033802133704976 0.25484187034146155 0.8692154578900297 0.25499525562605674 0.8716664945195323 0.8009346352845951
0 0.9660375 0.8127171874999999 0.9530058468337067 0.2369906075248152 0.9237317828908541 0.2376532301330811 0.9367634360571474 0.8133798101082658