0 0.19304733214936323 0.21157476532267552 0.12308071985089479 0.209337596997572 0.10680625000000007 0.7183156250000001 0.1767728622984685 0.7205527933251036
0 0.26220312500000004 0.21267343750000003 0.19466026070007497 0.21116163203554264 0.18326963570007498 0.7200600695355426 0.25081250000000005 0.721571875
0 0.3362406250000001 0.21267343749999998 0.2679196598410532 0.21146930676636785 0.25894843750000013 0.7204859375 0.32726940265894705 0.7216900682336321
0 0.37041250000000014 0.22135468750000004 0.34193961259450595 0.22103120558076786 0.336240625 0.72265625 0.3647135124054942 0.7229797319192321
0 0.40214218750000014 0.22135468750000004 0.37545813170379483 0.2210515285874905 0.36974724609940735 0.7237238361629176 0.3964313018956126 0.724026995075427
0 0.4387546875000001 0.22243906249999998 0.40538947970176514 0.22211418036767044 0.40050822970176514 0.7234157428676704 0.43387343750000007 0.723740625
0 0.4737390625 0.22460937500000008 0.4428150898152162 0.22435793702806137 0.4387479023152162 0.7245751245280614 0.46967187499999996 0.7248265625000002
0 0.5095375000000002 0.22460937500000008 0.47618048159436765 0.22444662174985058 0.4737390625000001 0.7248265625 0.5070960809056325 0.7249893157501495
0 0.5445218750000002 0.22569375000000008 0.5103500905486869 0.22563812437457256 0.5095375000000001 0.7248265625000001 0.5437092844513133 0.7248821881254275
0 0.6234421875 0.7259109375 0.6209944830501938 0.2275084798923554 0.5437201434194227 0.22788798192346094 0.5461678478692289 0.7262904395311056
0 0.7064296874999999 0.7269968750000001 0.7007343749999999 0.2278640625 0.6210243315513594 0.2287735871705076 0.6267196440513594 0.7279063996705076
0 0.7259546875 0.723740625 0.7227015625 0.26367187499999994 0.7040053324130684 0.2638040751842149 0.7072584574130685 0.723872825184215
0 0.7519998530171024 0.7268032637132829 0.7471093750000001 0.25390625 0.7275736876922155 0.25410827887004406 0.7324641657093178 0.7270052925833268
0 0.8301999999999999 0.7302515624999999 0.8244847570741991 0.2043284797994796 0.7529081187680932 0.20510630813443503 0.7586233616938941 0.7310293908349553
0 0.906678125 0.726996875 0.8988459318851648 0.20398920133885795 0.8264349943851647 0.2050735763388579 0.8342671874999998 0.72808125