0 0.7251811349311021 0.05433784787431835 0.7213355404802526 0.038488663568740214 0.122303125 0.18383593750000002 0.12614871945084957 0.19968512180557815
0 0.7337646391302555 0.0890264993879473 0.7258027113664701 0.05586169472679041 0.12372661628286322 0.200403067013902 0.1316885440466485 0.23356787167505888
0 0.7377741963630167 0.1438257225712389 0.7283187500000001 0.102721875 0.13899832383332017 0.2382879596734969 0.1484537701963367 0.2793918072447358
0 0.7411703125 0.16311093750000016 0.7369405939523037 0.14397241997093793 0.1446794337442383 0.2748654220338257 0.14890915229193455 0.29400393956288795
0 0.7486562577952061 0.1923550156326537 0.7422390625 0.16292343750000005 0.14794842970479394 0.2925012343673464 0.154365625 0.3219328125
0 0.7542881013094033 0.21941658076083081 0.7490755568917886 0.1955019286788025 0.151725 0.325703125 0.15693754441761465 0.34961777708202824
0 0.7590703125 0.24587500000000012 0.7538048973980177 0.22134922227834722 0.15080333489801773 0.3508070347783471 0.15606875000000003 0.37533281250000006
0 0.7644390624999999 0.2763218750000001 0.759196655643331 0.25080034710442556 0.16195890113245254 0.3734796518905734 0.16720130798912144 0.399001179786148
0 0.7755978192083461 0.3148074720567673 0.7676249104805452 0.2759149477502096 0.160446736423251 0.40038555616621885 0.16841964515105196 0.43927808047277656
0 0.7841921875 0.35710625000000007 0.7763444650916631 0.31803251199706173 0.16979446509166318 0.43985438699706175 0.1776421875 0.4789281250000001
0 0.7617234375 0.42963906250000006 0.7500921875000002 0.36992656250000006 0.1767897944529448 0.4815987158871221 0.18842104445294472 0.541311215887122
0 0.7742359375000001 0.4943515625 0.7631388275113747 0.4329061468518301 0.1833216400113747 0.5376217718518301 0.19441875 0.5990671875
0 0.8262421874999998 0.5330984375 0.819612736584801 0.49403332706637293 0.1936931327334273 0.6002535129184892 0.20032258364862604 0.6393186233521162
0 0.836290625 0.5775906250000002 0.8300118839182883 0.5384863434310792 0.19976509886736357 0.6396813078224213 0.2060438399490753 0.6787855893913424
0 0.833528125 0.624409375 0.8270819167324323 0.5827921381711778 0.20850787229235107 0.6786047731083173 0.21495408055991874 0.7202220099371396
0 0.8095593750000001 0.6509421875000002 0.806833604740328 0.6324975033456119 0.224575141049973 0.7185441274290005 0.227300911309645 0.7369888115833888
0 0.8155109375 0.6721984375 0.8125381837939794 0.652287372854931 0.22832023218871997 0.7395120447505401 0.23129298589474073 0.759423109395609
0 0.8305671875 0.7513328125000001 0.8210519589673702 0.679870901195621 0.22737940257760192 0.758919025496952 0.2368946311102318 0.830380936801331
0 0.8772921874999999 0.7976203124999999 0.8715114491028363 0.7519962009265033 0.23577286288833815 0.8325465575064545 0.24155360128550168 0.878170669079951
0 0.8899625 0.8507390625 0.8843869690638515 0.8040147281011002 0.24429667825604412 0.880395553301498 0.2498722091921927 0.9271198877003977
0 0.8497265625000002 0.8974890625000003 0.8454454703986221 0.8620010031654328 0.2513015599481605 0.9336753874458337 0.2555826520495387 0.9691634467804011