0 0.20737738843458628 0.1282683823347846 0.18138125000000002 0.12164687500000002 0.041152299065413823 0.6721878676652154 0.06714843750000007 0.6788093749999999
0 0.23249833160056116 0.1363940446138105 0.20725780704069002 0.13008438198816868 0.07004541294012893 0.6789747123743582 0.09528593750000006 0.6852843750000001
0 0.2622923075346452 0.14423989861215064 0.23056916965318447 0.1364670304809759 0.09549561211853927 0.6877380693688252 0.12721875000000005 0.6955109375
0 0.2939532052429856 0.1522315326554429 0.26156538030874726 0.14446161087202164 0.12996250000000004 0.6930296875 0.1623503249342384 0.7007996092834212
0 0.3097239800165507 0.22651089296251037 0.2766109266427548 0.21887849744558374 0.16461093750000005 0.7047890625 0.19772399087379602 0.7124214580169267
0 0.34056323195607957 0.2341979063800598 0.30727148690120376 0.22684958173132044 0.19982343750000015 0.7136453125000001 0.23311518255487598 0.7209936371487394
0 0.39383218330293357 0.17718312157770885 0.3554742418148985 0.16873237419806508 0.233534246011965 0.7222180026203562 0.2718921875000001 0.73066875
0 0.4305153513872998 0.1861899913600984 0.3941844601031347 0.17849197545163836 0.2769765625 0.7316562500000001 0.31330745378416514 0.7393542659084601
0 0.4715738645420163 0.1960331016298375 0.4324265712903562 0.18794053614477205 0.31826208174834003 0.7402043095149347 0.3574093750000001 0.7482968750000001
0 0.509571320332459 0.20590824797806856 0.4715814494207393 0.19857591027844101 0.36476875 0.7519875 0.40275862091171966 0.7593198376996275
0 0.5580794882915444 0.21984116864721845 0.511528125 0.2113671875000001 0.410797947568708 0.7647230426242514 0.45734931086025243 0.7731970237714697
0 0.5839447409773539 0.2420676551825304 0.5560484997860866 0.2371236538188132 0.4602506338087329 0.777657561136283 0.4881468750000001 0.7826015625000002
0 0.6119958696443855 0.24757112932888803 0.585062926015268 0.24276237847449825 0.48838580637088247 0.7842334366456104 0.5153187499999999 0.7890421875000001
0 0.6534940356991072 0.23474568597581597 0.6214852544780877 0.2288079447746519 0.5170709062789806 0.7916778837988361 0.5490796875000001 0.7976156250000002
0 0.6849312500000001 0.2460781250000001 0.6522907366894866 0.24038103301791755 0.5543265625000002 0.8016500000000001 0.5869670758105137 0.8073470919820828
0 0.7145907019479312 0.2572771865569325 0.6867062500000001 0.25245312500000006 0.5903095942785177 0.809653293920765 0.6181940462264487 0.8144773554776975
0 0.7396573430353033 0.26302462585861247 0.7119303515957496 0.25842442128792 0.6195683210604465 0.8151216704293075 0.6472953125 0.8197218749999999
0 0.7631859375000001 0.3187468750000001 0.7332453860516399 0.31396502929947595 0.6518422610516398 0.8236540917994759 0.6817828125000001 0.8284359374999999
0 0.7917380156789334 0.32444882647633205 0.763961074558015 0.3202408906098354 0.686327484450043 0.8327067954740224 0.7141044255709614 0.836914731340519
0 0.8537407012042841 0.2835472252264905 0.8148592158038241 0.27755630556933636 0.7269234375 0.848265625 0.76580492290046 0.8542565446571542
0 0.8973831533108946 0.3005626532091381 0.8623480809918889 0.2946570130947741 0.7683500000000001 0.8522984375000002 0.803385072319006 0.8582040776143641