0 0.2070136838638854 0.887433555579609 0.06960780956311748 0.3981647510138384 0.03715193819923205 0.4072796329342296 0.17455781250000002 0.8965484375000001
0 0.27794672434784606 0.8668382678770383 0.10612812499999999 0.38639375 0.07260171315215394 0.3983836071229617 0.24442031250000004 0.8788281250000001
0 0.3168343791390544 0.8542379599765969 0.14465438306095324 0.37237262754739514 0.1116984375 0.3841484375 0.2838784335781011 0.8660137699292016
0 0.3542370127636267 0.8429450102727494 0.1750950730768545 0.3522827716468573 0.1391111853132278 0.36542057387410826 0.31825312499999997 0.8560828125000002
0 0.38893437500000005 0.8293828124999999 0.21135106435709722 0.3405632775658534 0.17632080894944008 0.353289423481434 0.3539041195923429 0.8421089584155806
0 0.4287999206177838 0.8141995487818446 0.28477968750000004 0.35654375000000005 0.2585247600787052 0.36480594350387346 0.402544993196489 0.8224617422857181
0 0.4743359375000001 0.7991437499999999 0.31627930024291456 0.3126966953717232 0.27659029763375037 0.32559246733458524 0.4346469348908359 0.812039521962862
0 0.52694375 0.7808703125 0.37926329082040006 0.3246185151475587 0.32713360332040003 0.3414919526475586 0.47481406249999997 0.79774375
0 0.5792979906302138 0.7687273968786406 0.41855522477547097 0.2769496758109599 0.36875219624836203 0.29322832409134514 0.5294949621031048 0.7850060451590257
0 0.643 0.7493218749999999 0.48713923251245744 0.2696296322598486 0.42549374999999995 0.289659375 0.5813545174875424 0.7693516177401515
0 0.6948031250000002 0.7318062500000002 0.5321889237236739 0.23012591349455383 0.4823544054517284 0.24627922825516718 0.6449686067280547 0.7479595647606134
0 0.7199850885160706 0.7305350094846663 0.5576057024704024 0.2305532487192418 0.5407159264543319 0.23603855173457539 0.7030953124999998 0.7360203124999999
0 0.7636000250486438 0.7124708888503715 0.587434375 0.17604218750000003 0.5427218499513562 0.1907259861496286 0.7188874999999999 0.7271546875
0 0.8266109375000001 0.6909078124999999 0.6453109375000003 0.15917812499999995 0.5865048487907509 0.17922880889751486 0.7678048487907507 0.7109584963975148
0 0.8725765624999999 0.6772171874999998 0.6919697134228382 0.14158081677506912 0.6473796203736295 0.15661578573129536 0.8279864694507915 0.6922521564562261
0 0.9232796875 0.6575703125000001 0.7606267434857357 0.1631755782484238 0.7100209189791169 0.17982459525854885 0.8726738629933812 0.6742193295101251