0 0.7541727600075159 0.903184569167086 0.751575680020491 0.8765702568804151 0.34414823251297505 0.9163278752133295 0.34674531250000007 0.9429421875000001
0 0.7524393614425542 0.873124110889014 0.7499154960116565 0.8484118983075135 0.34258394706910233 0.8900127874184994 0.3451078125 0.914725
0 0.7484771748790671 0.8419801196896224 0.7461088627159359 0.8173134592103735 0.3707723128368689 0.8533505270207511 0.373140625 0.8780171875
0 0.7468746574420806 0.8166088604763738 0.7445823082997826 0.7910180457496158 0.367927963357702 0.8247576227732416 0.3702203125 0.8503484374999998
0 0.7478908470385812 0.7907225951647877 0.7455548557178541 0.7642007489681033 0.35138119617927277 0.7989187788033156 0.3537171875 0.825440625
0 0.7449319418755345 0.7654367386660537 0.7429203125 0.74061875 0.3526680581244656 0.7722507613339463 0.35467968750000006 0.79706875
0 0.745471875 0.7390640625 0.7435492677913172 0.7128407877512116 0.3514390625 0.7415890624999999 0.35336166970868266 0.7678123372487883
0 0.7417212867122671 0.7127853693633867 0.7400247138026292 0.6871060442807598 0.3502878020903621 0.7128550499173733 0.351984375 0.7385343750000001
0 0.7291140625000001 0.6810203125000001 0.7263927126087228 0.6436207614619384 0.40669583760872274 0.6668832614619383 0.4094171875 0.7042828125
0 0.7230072118232747 0.6435547535619237 0.720665625 0.6070156250000001 0.4043599756767252 0.6272858714380763 0.4067015625 0.663825
0 0.7362338018474273 0.6048438300608578 0.7340761978401911 0.5721423032209971 0.33372274894507353 0.5985571006057491 0.3358803529523098 0.6312586274456098
0 0.7323071729376623 0.5733202768716152 0.7305812316360216 0.5417292183615694 0.33482093369835914 0.563351128989954 0.33654687499999997 0.5949421874999998
0 0.7283385386890557 0.5427337411943685 0.726861477554991 0.5091747458313189 0.35822187499999997 0.5253999999999999 0.35969893613406473 0.5589589953630492
0 0.7270251426071381 0.5081054719426682 0.72582731143704 0.4760154406810891 0.35560060632990187 0.48983496873842086 0.3567984375 0.521925
0 0.7315260262663055 0.47372828849479703 0.7309206840974729 0.4528089610650567 0.392509375 0.46260156250000006 0.3931147171688325 0.4835208899297404
0 0.7302796875 0.4532484375000001 0.7298347300365184 0.43276125418673994 0.3917369698939545 0.44010433885882766 0.3921819273574362 0.4605915221720879
0 0.7263382468034928 0.43238394938182834 0.7261055632639045 0.4080577471087591 0.3373171875 0.41177656249999994 0.33754987103958833 0.4361027647730692
0 0.7260346453490408 0.4070503078934413 0.7259008460830964 0.38277679591260055 0.3370296875 0.3849203124999999 0.33716348676594443 0.40919382448084074
0 0.7245046875 0.3811593750000001 0.724459164681072 0.35928912936285295 0.3641734375 0.36003906250000006 0.36421896031892814 0.38190930813714724
0 0.7244132385189526 0.33574301505284626 0.3632703125 0.3341812500000001 0.3631773864810475 0.3556694849471539 0.7243203125 0.35723125000000006
0 0.7345949729952274 0.3116474309067409 0.33699432948484365 0.3057656102529812 0.33675873148961627 0.3216916168462404 0.7343593750000001 0.3275734375000001
0 0.7189631054902228 0.3027355808836228 0.33519687500000006 0.29510781250000007 0.33496785342442287 0.306630284386913 0.7187340839146457 0.31425805277053576
0 0.7207370666098104 0.2778895578482035 0.37922187500000004 0.26865937500000003 0.3786214240232457 0.2908759587612272 0.7201366156330561 0.3001061416094307
0 0.7186365547689678 0.25406197090076155 0.37712031250000005 0.245775 0.37663839293723755 0.2656354966907058 0.7181546352062054 0.2739224675914674
0 0.7188159383364108 0.23049448614030466 0.3590796875 0.21416718750000005 0.35811201354637195 0.2354877628002455 0.7178482643827827 0.2518150614405501
0 0.7174278775921378 0.20769888250196544 0.35696093750000013 0.19079531250000006 0.3559819010205836 0.21167316752901594 0.7164488411127212 0.22857673753098134