0 0.274421888247701 0.8617284736934183 0.15459531249999997 0.40450468749999996 0.11011209757475562 0.4161625921928372 0.2299386733224566 0.8733863783862554
0 0.3121453881650916 0.8429722580300686 0.1982265625 0.39556874999999997 0.15638536382231677 0.40622244433236787 0.2703041894874083 0.8536259523624364
0 0.3359052624533678 0.8435476703579796 0.21984224835123425 0.3628211336590164 0.19402968749999996 0.36905312500000004 0.3100927016021336 0.8497796616989632
0 0.3592894896580185 0.8375740629196174 0.25042968749999994 0.3617234375 0.22166172051474034 0.36830465233342 0.3305215226727588 0.8441552777530374
0 0.4039058135543687 0.8203946265810773 0.3177125 0.382728125 0.2630123212309246 0.3935006873119217 0.3492056347852933 0.831167188892999
0 0.4540336807254463 0.8058420944481932 0.37081406250000004 0.37318593749999995 0.3199658017562531 0.38296638966407087 0.4031854199816993 0.8156225466122642
0 0.482475992950706 0.7855161483615665 0.417390625 0.369178125 0.37455223351006584 0.37587497303234374 0.43963760146077185 0.7922129963939101
0 0.5168619757981999 0.7669696544675279 0.45410312499999994 0.3593796874999999 0.41712043814201627 0.3650741135524981 0.47987928894021625 0.772664080520026
0 0.5494340400417607 0.7707577390619479 0.4863718750000001 0.3088953125 0.4546560248015156 0.3132257582445151 0.5177181898432762 0.775088184806463
0 0.5739464786314505 0.7597098031720734 0.5165359375 0.30321718750000004 0.48613197847323075 0.307040924577752 0.5435425196046813 0.7635335402498253
0 0.6400974915376991 0.7596416649448663 0.59945 0.3045546875 0.5263586336708383 0.3110830674396422 0.5670061252085375 0.7661700448845085
0 0.7069387079758397 0.7482323474134097 0.6762921875 0.2901609375 0.6024366865009794 0.295102119321515 0.6330832069768191 0.7531735292349249
0 0.7454946294969798 0.7587587616761847 0.7247828124999999 0.26888749999999995 0.6904850798096642 0.27033761234270587 0.711196896806644 0.7602088740188906
0 0.775720347623615 0.7598279136942379 0.7736703125 0.27362031249999996 0.7414657061064684 0.2737560992998912 0.7435157412300833 0.7599637004941291
0 0.8083140625000003 0.2789093750000001 0.7778349544271277 0.2785476084650783 0.7721808189788893 0.754912857182067 0.8026599270517618 0.7552746237169888
0 0.8421984375000002 0.2711031250000001 0.8122052970436233 0.27038315151410053 0.8006433717771563 0.7520376224838985 0.8306365122335333 0.7527575959697981