0 0.8569359375 0.6623578125 0.849157419529423 0.6151855235832231 0.235598044529423 0.7163589610832231 0.2433765625 0.76353125
0 0.8481828124999999 0.6173249999999999 0.8400302920355764 0.5666451257709658 0.2324009071664614 0.6643902577447262 0.2405534276308849 0.7150701319737603
0 0.8388453124999999 0.5641156250000002 0.8326772567349602 0.5261560899965463 0.21530381923496025 0.6264732774965462 0.22147187500000004 0.6644328125000002
0 0.8319078124999999 0.5232531250000001 0.8256696938602122 0.48573061830974273 0.20934469386021223 0.5881946808097426 0.21558281250000003 0.6257171874999999
0 0.8083640625000001 0.4848640625000001 0.8031500816263337 0.4535167477207013 0.2657000816263337 0.5429104977207012 0.2709140625 0.5742578125
0 0.8024884902477025 0.45287104870216394 0.7972531045942608 0.4221764518823156 0.2579521143465584 0.5141616531801518 0.2631875 0.5448562500000002
0 0.8087740104562714 0.4229884503913965 0.8024015625 0.3832171875 0.1838989025349303 0.4823182902787953 0.19027135049120156 0.5220895531701918
0 0.8023039448427799 0.3805407588355966 0.7960671875 0.3440390625 0.18597261765722023 0.44828111616440347 0.19220937500000002 0.4847828125000001
0 0.7938069249074945 0.3437431598521423 0.7874953124999999 0.3065265625000001 0.17855557509250547 0.40979746514785786 0.1848671875 0.4470140625000001
0 0.7871819652214143 0.30280483920989304 0.7823718750000002 0.273584375 0.1744914722785858 0.373649848290107 0.17930156249999998 0.4028703125
0 0.779184375 0.272696875 0.7745931161334335 0.24520345178986527 0.16906342863343354 0.3463237642898653 0.17365468749999996 0.37381718750000004
0 0.7764408341072725 0.2416299934012902 0.7717640624999998 0.21383749999999999 0.16319041589272745 0.3162450065987098 0.16786718750000001 0.3440375
0 0.7660736323500968 0.21270004589459496 0.7609859375 0.18152187500000005 0.15642480514990315 0.2801749541054052 0.1615125 0.3113531250000001
0 0.760971875 0.1790000000000001 0.7559907158502706 0.14983447351373586 0.14894696585027054 0.25351103601373576 0.15392812500000003 0.2826765625
0 0.7523559142360804 0.14374374239530766 0.749671875 0.1290046875 0.2571205966939559 0.2187001914617789 0.2598046359300363 0.23343924635708654