0 0.6918328125000001 0.11301406250000008 0.16987813386113254 0.09705917126470381 0.16841729546590695 0.14484962147074867 0.6903719741047745 0.16080451270604496
0 0.6851203124999999 0.16144218750000008 0.1488168202433579 0.13637079029818955 0.1467089887586054 0.18145951739472502 0.6830124810152475 0.20653091459653555
0 0.6779390625 0.2071125000000001 0.14813799352178475 0.18097858307195155 0.14569204057874696 0.23056427998296541 0.6754931095569623 0.2566981969110139
0 0.6710078125000001 0.26173750000000007 0.1458937512860456 0.228914934995245 0.1441774613256817 0.2563731178391772 0.6692915225396362 0.28919568284393227
0 0.66366875 0.2975703125000001 0.1409812423363977 0.25610891209090886 0.13838906250000005 0.2887875000000001 0.6610765701636023 0.3302489004090913
0 0.6611343749999999 0.3330156250000001 0.13464082774357783 0.29212192540227494 0.1314943735668946 0.3326315353680573 0.6579879208233168 0.37352523496578244
0 0.6528843330657768 0.38481563702213173 0.12867583054728043 0.3350858244322981 0.1247336849815037 0.3766404999101664 0.6489421875000001 0.4263703125000001
0 0.6448515625 0.4312984375 0.12177643017274664 0.37812605512647474 0.11746680394424702 0.4205213402186064 0.6405419362715004 0.47369372259213166
0 0.6624906250000001 0.47868437500000016 0.11297031250000007 0.4173562500000001 0.1083408848018979 0.4588374554886278 0.657861197301898 0.5201655804886279
0 0.657127087476217 0.5245557942474457 0.10987968750000006 0.4581000000000001 0.10506353752378308 0.4977598307525546 0.6523109375 0.5642156250000002
0 0.6875300333057002 0.5751035833826372 0.09845156250000006 0.4988609375000001 0.09281527919429985 0.5424089166173631 0.68189375 0.6186515625000002
0 0.6811015015555627 0.6217524602348541 0.09408906250000007 0.5403625000000001 0.0878734984444375 0.5851912897651463 0.6748859375000003 0.6665812500000003
0 0.6226895587328034 0.660229820699367 0.08836406250000009 0.5835078125 0.0829026287671968 0.6215436168006331 0.6172281250000001 0.6982656250000001
0 0.6207795523895477 0.701168608668792 0.08601562500000005 0.6171875000000002 0.08023763511045237 0.6539798288312084 0.6150015625 0.7379609375000002
0 0.6774379572257976 0.7538149752573337 0.08239531250000007 0.6516265625 0.07673391777420253 0.6845928372426664 0.6717765625000001 0.7867812500000001
0 0.6727838511092914 0.7878521776793344 0.07642031250000006 0.6858171875 0.07043021139070868 0.7208275098206656 0.6667937500000001 0.8228624999999999
0 0.6589252346895521 0.8221451186008478 0.07827881814155498 0.7199037182779222 0.07245514595200295 0.7529773496770743 0.6531015625000001 0.85521875
0 0.6549612920483672 0.8576366061038574 0.0746343750000001 0.7481250000000002 0.06890902045163323 0.7784649563961429 0.6492359375000003 0.8879765625000001