0 0.13430271562500007 0.3155272078125 0.10840550781250007 0.3155272078125 0.1084055078125001 0.77333435625 0.1343027156250001 0.77333435625
0 0.15206080000000002 0.7713609890625002 0.15084932187500003 0.315261996875 0.13531107681383495 0.31530326915210416 0.13652255493883494 0.7714022613396043
0 0.16685921093750006 0.22771508593749998 0.15206080000000005 0.22771508593749998 0.15206080000000005 0.7792542578125 0.16685921093750009 0.7792542578125
0 0.1810191875000001 0.23117897968749998 0.16908083873145296 0.23115102694055153 0.16779265684384317 0.7813210935882012 0.1797310056123903 0.7813490463351498
0 0.19482819062500006 0.229589725 0.18150963437500006 0.229589725 0.18150963437500006 0.7801422437500001 0.1948281906250001 0.7801422437500001
0 0.23198723860044498 0.7839944659450767 0.22896877659858808 0.22852103968884036 0.19343757237314313 0.22871411749376355 0.196456034375 0.7841875437499999
0 0.26722937813554837 0.7820478387819858 0.2645181915721046 0.23150142917709587 0.23074085249905618 0.23166776695761007 0.23345203906249995 0.7822141765624999
0 0.30152597861599034 0.779208097669713 0.30078336029565717 0.23161554660933473 0.26674575355466684 0.23166170675212192 0.267488371875 0.7792542578125001
0 0.338024138063213 0.7792361134635987 0.33778080413098016 0.309588137866157 0.30078476093750006 0.30960730625000005 0.3010280948697329 0.7792552818474416
0 0.37181714531250004 0.3087515796875001 0.34000054375000005 0.30875157968750006 0.3400005437500001 0.7772809578125 0.3718171453125001 0.7772809578125
0 0.40365436777435254 0.7967780695384544 0.3991780683396292 0.20684389846207543 0.36734083859586397 0.20708547282832232 0.37181713803058736 0.7970196439047014
0 0.4369499382513412 0.7949687845934079 0.43395466360535917 0.2088364037218886 0.401378850594486 0.20900287380606758 0.4043741252404681 0.795135254677587
0 0.4894757062669286 0.27749159885154795 0.44065951376399226 0.27727411958424975 0.4384099734375001 0.7822141765625001 0.4872261659404364 0.7824316558297985
0 0.54199880625 0.2780343984375001 0.49020439062500004 0.2780343984375001 0.4902043906250001 0.7812275578125 0.5419988062500001 0.7812275578125
0 0.5849144947036178 0.236074785074047 0.5439157281250001 0.23605192656250007 0.5436128705007881 0.7792539201010404 0.5846116370794059 0.7792767786125874
0 0.6300517168593284 0.2376949662945223 0.5893536640625 0.23758160468750003 0.5878476209477592 0.7782675018624515 0.6285456737445876 0.7783808634694738
0 0.6441078515625001 0.3766997234375001 0.6285694968750001 0.3766997234375001 0.6285694968750002 0.7674143890625 0.6441078515625002 0.7674143890625
0 0.6655655515625001 0.7703743734375 0.6648254963152335 0.37765290982252037 0.6470674250003552 0.3776863736259421 0.6478074802476218 0.7704078372409218
0 0.7114490756489528 0.7774001729415352 0.7099577060918179 0.2404367891348765 0.6722247890624999 0.24054158906250006 0.673716158619635 0.7775049728691587
0 0.7358578953125001 0.3135539078125001 0.7129225476546408 0.3133324531061841 0.7084716314232301 0.7742994511059724 0.7314069790810894 0.7745209058122885
0 0.7550958156250002 0.3125672578125001 0.7340447784092052 0.31254864409704025 0.733638215625 0.7723476734375001 0.7546892528407949 0.7723662871529599
0 0.789132196875 0.2405415890625001 0.7580555875000001 0.2405415890625001 0.7580555875000001 0.7743209734375002 0.7891321968750001 0.7743209734375002
0 0.8216886921875004 0.24251488906250004 0.7913534446165458 0.24230385877338173 0.787652484109711 0.7743106796625131 0.8179877316806656 0.7745217099516315
0 0.8786719940116307 0.7949996013246633 0.8771776485473165 0.17630134004005207 0.8474639062500001 0.17637310781249999 0.8489582517143143 0.7950713690971113