0 0.23266262102866825 0.2573345360834707 0.20349843750000005 0.256434375 0.1873670359899701 0.7790732258146237 0.21653121951863827 0.7799733868980943
0 0.25895937500000016 0.25584062500000004 0.2337900597431529 0.25504619665351713 0.21719630974315285 0.780774321653517 0.24236562500000008 0.7815687499999999
0 0.2843000000000001 0.35826562500000003 0.258268520445443 0.3575514201304085 0.2466779627308265 0.780006347309132 0.27270944228538363 0.7807205521787235
0 0.3072781250000002 0.3570078125000001 0.2845560048056231 0.35659910051881255 0.276946629805623 0.7796381630188125 0.2996687500000001 0.780046875
0 0.34600781250000023 0.25038593750000004 0.30860304238581815 0.2497344121697544 0.29926397988581804 0.7859000371697544 0.3366687500000001 0.7865515625
0 0.39080809422440826 0.250812526231433 0.3534271120501054 0.24986883565348555 0.3398127678256972 0.7891531844220527 0.3771937500000001 0.7900968750000001
0 0.4430955405636722 0.2604497492987911 0.391858448024922 0.259110484745975 0.37792384496124987 0.792215422947184 0.4291609375000001 0.7935546875000001
0 0.47749843750000015 0.25971093750000007 0.4473969501145268 0.2587556253551161 0.4301953876145267 0.8007696878551162 0.46029687500000005 0.8017250000000002
0 0.5136038612361729 0.25693854584084946 0.48202875191471406 0.2556347348112714 0.459297297235749 0.8061348841744664 0.49087240655720776 0.8074386952040445
0 0.5600890625 0.28654218750000005 0.5203757288566363 0.28462846889783827 0.49525365961701306 0.8059596177918454 0.5349669932603767 0.8078733363940073
0 0.6058832010088668 0.28573734649245636 0.5654449629238875 0.28333297193015483 0.5339752705788745 0.8126094546635925 0.5744135086638539 0.8150138292258939
0 0.6431531250000002 0.3079703125000002 0.6090200160367983 0.30602383670106553 0.5799687500000001 0.8154625000000001 0.614101858963202 0.8174089757989348
0 0.6847484375000001 0.30943125000000016 0.6483589549577339 0.307119616882154 0.6158649340278951 0.8186370364180646 0.6522544165701614 0.8209486695359107
0 0.7257468750000002 0.3075718750000001 0.6883489532583518 0.30620233356439963 0.6689458282583517 0.8360413960643995 0.70634375 0.8374109375
0 0.8031234375000004 0.3099843750000001 0.767508554515419 0.30664646875108875 0.7179750000000001 0.8351609375000001 0.7535898829845815 0.8384988437489115
0 0.8443781250000001 0.33320000000000005 0.809839576715038 0.3296211138806022 0.7571085955369963 0.8385089294665405 0.7916471438219583 0.8420878155859384
0 0.8891453125 0.3349375000000001 0.8567748198858298 0.33179881333072 0.8063734375000001 0.8516078125 0.8387439301141703 0.8547464991692802
0 0.9320343750000001 0.24610625000000014 0.9118370340897954 0.24393551328653668 0.8453410084178297 0.862639242458535 0.8655383493280343 0.8648099791719984
0 0.9534859375000002 0.24362656250000017 0.9357086257104547 0.24174026758492623 0.8704031250000002 0.8572093750000003 0.8881804367895457 0.8590956699150741