0 0.1525515625000001 0.26258750000000003 0.12976636192982222 0.2621535036992605 0.11946011192982223 0.8032410036992605 0.1422453125000001 0.8036749999999999
0 0.21385801007365743 0.28247266732490706 0.1731877212678077 0.28211808442086095 0.16882343750000012 0.782696875 0.20949372630584984 0.7830514579040461
0 0.2534407855916945 0.2838574579621602 0.21503906250000004 0.28356406250000005 0.21122566374270021 0.7826893115336444 0.24962738683439464 0.7829827069958045
0 0.31148391940947623 0.29661853643510355 0.2551872311653898 0.29656879054377167 0.25475512288730784 0.7855793272448645 0.3110518111313943 0.7856290731361963
0 0.3689783893669104 0.29884483782778404 0.31378141111480545 0.29871966029662766 0.3126790541318899 0.7848034953900086 0.3678760323839949 0.7849286729211651
0 0.39880612641983454 0.7884528757837602 0.39717317400518276 0.28203703423875937 0.36734766985334905 0.2821332074328568 0.3689806222680009 0.7885490489778577
0 0.43189499518076335 0.7862523884360486 0.42916684635355506 0.28205716906478184 0.40151298489103227 0.28220680128424414 0.4042411337182405 0.7864020206555108
0 0.4661015625 0.7769093749999999 0.4633841425922086 0.2920909829026834 0.4340944377669899 0.2922551524727384 0.4368118576747813 0.777073544570055
0 0.49864531250000005 0.2936921875000001 0.46881250000000013 0.2936921875000001 0.4688125000000002 0.7754624999999999 0.49864531250000016 0.7754624999999999
0 0.5317312500000001 0.29441562500000007 0.5008140625000002 0.29441562500000007 0.5008140625000002 0.7747390625 0.5317312500000002 0.7747390625
0 0.5610203125000001 0.2958625000000001 0.535528125 0.2958625000000001 0.5355281250000001 0.7732921875 0.5610203125000002 0.7732921875
0 0.5908531250000001 0.29803281250000013 0.5631906250000001 0.29803281250000013 0.5631906250000002 0.774015625 0.5908531250000002 0.774015625
0 0.6033869328137752 0.3834049430261298 0.5909129727987531 0.3833874346869979 0.5903687500000001 0.7711234375000001 0.6028427100150222 0.7711409458391321
0 0.6180312500000001 0.3841140625000001 0.6044703125 0.3841140625000001 0.6044703125000002 0.7696765625 0.6180312500000003 0.7696765625
0 0.6668483970647562 0.7717854523282505 0.6657607335069806 0.29871135976097946 0.6256234456744755 0.2988036410039586 0.626711109232251 0.7718777335712297
0 0.7129532200852211 0.300940366703732 0.6722678406370777 0.3008933072815036 0.6717239955518567 0.7710763780777717 0.712409375 0.7711234375
0 0.73844375 0.768953125 0.7362746162041823 0.30229086858578924 0.7167518381798279 0.3023816141239569 0.7189209719756456 0.7690438705381677
0 0.7807603861649552 0.2960385639166888 0.7552628423307188 0.2958615259706664 0.7519993311657637 0.7658823370539778 0.7774968750000001 0.7660593750000001
0 0.8143956919527134 0.29823946427259324 0.7883571503880472 0.2980272419668855 0.7845442709353339 0.7658471526942924 0.8105828125000001 0.766059375
0 0.8512698459642989 0.3039243384537954 0.8198134430243961 0.3038124215061567 0.8181765625000003 0.7638890625 0.8496329654399031 0.7640009794476387
0 0.8870694097167668 0.30533915523986827 0.8550680301360108 0.3052626459714117 0.8539733882181755 0.7631163442787551 0.8859747677989315 0.7631928535472117