0 0.7676783010471682 0.7523927436187585 0.16896612762455485 0.5843550983624632 0.15604687500000008 0.6303859374999999 0.7547590484226134 0.7984235827562952
0 0.7793949130293079 0.703912513174752 0.1857927581317626 0.5432420019596232 0.17237597010245467 0.5928107387848713 0.765978125 0.75348125
0 0.7901028049904925 0.664192482823273 0.18660791613654718 0.4999602089536223 0.17650667364605482 0.5370786636303493 0.7800015625000001 0.7013109375000001
0 0.8009140511192587 0.6246007701160904 0.19779287131014928 0.4615834979204834 0.18786163269089068 0.49832647780439315 0.7909828125 0.6613437500000001
0 0.7941109430836344 0.5858952177017436 0.26792424928212216 0.44466344028923543 0.2596820561984877 0.47537134758749194 0.78586875 0.616603125
0 0.8015046874999999 0.5579703125 0.2748131667998691 0.4105757363090713 0.26641875000000004 0.440571875 0.793110270700131 0.5879664511909288
0 0.8234234375000001 0.5219593750000001 0.21909134747857334 0.3563229511761107 0.2084461760503325 0.39516234742331063 0.8127782660717593 0.5607987712472001
0 0.8342390625 0.4837734375 0.23646419505519542 0.32276809171531884 0.2268345019288199 0.35852087063143956 0.8246093693736245 0.5195262164161207
0 0.8423234374999999 0.4461546875 0.24562217837396294 0.28589758104466356 0.2358324746075254 0.32234856093011544 0.8325337337335623 0.48260566738545185
0 0.8516031250000001 0.4141328125000001 0.2569420544541739 0.25238072129488603 0.2491698499049353 0.2809542466404752 0.8438309204507615 0.44270633784558927
0 0.8564938346684678 0.38510830058746404 0.26463835344900943 0.22202404333639522 0.2572335812805416 0.24889699274893123 0.8490890625 0.41198125
0 0.8672390624999998 0.3555015625000001 0.2722425186660636 0.19161562763525228 0.2647590161027141 0.21878487900902063 0.8597555599366504 0.38267081387376845
0 0.8711281249999999 0.3216578125000001 0.28043560331010153 0.1588319550589809 0.2720415582754289 0.18928350438065641 0.8627340799653274 0.35210936182167557
0 0.8798171278207091 0.2907772918903063 0.28486066277248356 0.1318419618261729 0.27722322245177455 0.16043185743586677 0.8721796875000001 0.31936718750000015
0 0.8830687500000002 0.2692796875000001 0.39795937500000006 0.14546250000000008 0.39425472938227935 0.1599771110689116 0.8793641043822793 0.2837942985689116