0 0.8085942924131257 0.8614540243154906 0.31989955926819924 0.8002659322516964 0.3104640625000001 0.875625 0.7991587956449266 0.9368130920637942
0 0.8202519934162569 0.834383548304638 0.3385906250000001 0.7677109375000001 0.3352477076038043 0.7918610967351348 0.816909076020061 0.858533707539773
0 0.8258464432906024 0.774794141739388 0.34488143781389835 0.7222323646512221 0.3399468750000001 0.7673859375000001 0.820911880476704 0.8199477145881661
0 0.8357081368356422 0.699084747249767 0.3557468750000001 0.6302546875000001 0.3446352728676597 0.7077373832849874 0.824596534703302 0.7765674430347543
0 0.8484932596157657 0.6291725191804852 0.3715687500000001 0.55028125 0.35853316721899064 0.6290857741250409 0.8354576768347564 0.7079770433055261
0 0.8689420661057046 0.5860721426261891 0.38680156250000003 0.50151875 0.37867071324513973 0.5478824928696882 0.8608112168508443 0.6324358854958773
0 0.8656756328674055 0.54213055324394 0.3907921875000001 0.45616250000000014 0.38319524028402646 0.4981276758073309 0.8580786856514319 0.5840957290512707
0 0.8766249489519786 0.5002214825290406 0.4021304411165819 0.40952259731149854 0.39379531250000005 0.4531281250000001 0.8682898203353966 0.5438270102175422
0 0.8739109375000002 0.4713781250000002 0.4073187500000001 0.37318593750000006 0.4006907623487364 0.40468098140994596 0.8672829498487363 0.502873168909946
0 0.8889115238017042 0.42825381428675496 0.41569687499999997 0.32803906250000003 0.40760792812252744 0.3662351173477329 0.8808225769242316 0.4664498691344878
0 0.8926133072108019 0.38934036899066204 0.39065625000000015 0.27070937500000003 0.38189278595008347 0.30778975743205705 0.8838498431608853 0.4264207514227191
0 0.8991940614129795 0.350922450970764 0.4292250000000001 0.2331921875000001 0.4191963930528537 0.27322552179556553 0.8891654544658332 0.3909557852663295
0 0.9045405844140758 0.3131651484135163 0.4409640625 0.1918453125000001 0.43062544362419014 0.23135031960584293 0.8942019655382658 0.35267015551935915
0 0.9226403306896541 0.22858319341556185 0.4220703125 0.09048437500000006 0.39965588557987003 0.17173047268461145 0.9002259037695243 0.30982929110017327
0 0.9308879162303751 0.15297399913932927 0.43996874999999996 0.000496875000000041 0.41413582710036134 0.0836692003095713 0.9050549933307364 0.23614632444890055