0 0.16055025625 0.7389322921875 0.12938856566970885 0.27521882156931754 0.0751622515625 0.27886284687499996 0.1063239421427911 0.7425763174931825
0 0.22319747968749998 0.7356770828125001 0.196972855351086 0.2722604781205436 0.13782501249999998 0.2756076390625001 0.16404963683641396 0.7390242437544565
0 0.2582052153347876 0.7382618516001895 0.23204295599262975 0.26504365580459177 0.19797587031249997 0.2669270828125001 0.2241381296546578 0.7401452786080978
0 0.29235350468750004 0.7378472218749998 0.26546815423428155 0.2695458028543218 0.23548126249999995 0.27126736093750003 0.26236661295321845 0.739568779958178
0 0.32652471718750004 0.7411024296875 0.30044982563779243 0.27055125080320636 0.267945496875 0.2723524296875 0.2940203884247076 0.7429036085717936
0 0.36163389949930924 0.7435732842115412 0.33782670885576016 0.27059592860902115 0.30293030937500004 0.2723524296875 0.3267375000185492 0.7453297852900203
0 0.39649434375000003 0.7454427078125 0.3728160215284844 0.27393668399068344 0.33954232187500005 0.2756076390625 0.36322064409651567 0.7471136628843166
0 0.43151052850753213 0.746167377483738 0.411023772575741 0.27294256506443115 0.37452713593750003 0.2745225703125 0.3950138918692912 0.7477473827318067
0 0.4477511625 0.7508680546875 0.42903835468749996 0.34722222187499996 0.41693483616554483 0.34778333460686756 0.43564764397804484 0.7514291674193675
0 0.4730865458959285 0.7477824162050232 0.44775006033307896 0.22675684883752534 0.424970353125 0.22786458281250002 0.45030683868784954 0.7488901501799978
0 0.5179621378854817 0.7485518373125047 0.49087197812499994 0.27777777812500004 0.4566268441760668 0.2797483755519202 0.48371700393654865 0.7505224347394249
0 0.5551464015625001 0.7519531250000001 0.5331791937500001 0.26475694531250005 0.49176633778223966 0.26662421121293556 0.5137335455947396 0.7538203909004355
0 0.5950128156250001 0.7530381953125002 0.578740809375 0.2658420140625001 0.53571350711712 0.2672790953825229 0.5519855133671199 0.754475276632523
0 0.6275942047502026 0.7555424618437694 0.613725621875 0.228949653125 0.5813410322432364 0.22980254810903955 0.5952096151184391 0.7563953568278089
0 0.6625479117995954 0.7648780037765885 0.6609144406250002 0.224609375 0.624475710258624 0.22471954540879663 0.6261091814332194 0.7649881741853852
0 0.7007808546875003 0.22677951406250005 0.6643579802302013 0.2264478090282538 0.6594638662573786 0.7638460406133596 0.6958867407146776 0.7641777456476058
0 0.7365882355580365 0.2795357298267958 0.70566245625 0.2788628468750001 0.6950766847544635 0.7653861451732044 0.7260024640625 0.7660590281250002
0 0.8423473062500001 0.27886284687500007 0.7574828232902672 0.27218710740477464 0.718703455061732 0.7651648589928828 0.8035679380214649 0.7718405984631083