0 0.7907218749999999 0.13101718750000008 0.30664381379112055 0.11655325223097232 0.30580143283749994 0.1447460041510613 0.7898794940463795 0.15920993942008907
0 0.7830421875 0.163559375 0.29301917400538346 0.14482693528253854 0.29187411866242974 0.1747805066397849 0.7818971321570463 0.1935129463572464
0 0.7584844571186762 0.19416696268186137 0.2817879168526503 0.17451126780302872 0.28008995735809605 0.21569075403108987 0.756786497624122 0.23534644890992248
0 0.7463437500000001 0.23905937500000007 0.268553841701213 0.2121548576100445 0.26608312386826427 0.2560316545704485 0.7438730321670514 0.28293617196040416
0 0.7155546875 0.28409531250000003 0.26295659254865444 0.25323695696261017 0.26139710037190306 0.27610995767821817 0.7139951953232486 0.306968313215608
0 0.711828125 0.3111343750000001 0.2596377632223123 0.27485001257559516 0.2581277099092166 0.293668906124434 0.7103180716869042 0.32995326854883894
0 0.7292687500000001 0.33944218750000005 0.24741150681972882 0.29438597262920196 0.24513412347240665 0.318741628437221 0.7269913666526779 0.363797843308019
0 0.723903125 0.3718421875000001 0.24453695969209055 0.32276096613354976 0.2413132612594789 0.3542461637860775 0.7206794265673884 0.4033273851525278
0 0.714471875 0.40640156250000004 0.2289836415801362 0.3440965857245598 0.22482239581347016 0.3765215373197736 0.710310629233334 0.43882651409521384
0 0.7087140624999999 0.4437875 0.22266458002732747 0.37093352794771056 0.21757893362874664 0.40486271163442966 0.7036284161014191 0.4777166836867191
0 0.6999312500000001 0.4836500000000002 0.21815354989123312 0.4041432611154959 0.21283011239123306 0.4364010736154958 0.6946078125 0.5159078125000001
0 0.6920125 0.5169718750000001 0.20785701131594916 0.4316932469751368 0.20251373312444687 0.46202883660525335 0.6866692218084978 0.5473074646301166
0 0.6850663188584021 0.5547197912762114 0.1951058108049567 0.4587888873034244 0.18914105444655463 0.48925347102721306 0.6791015625 0.5851843750000001
0 0.6786157284496495 0.5916096526101522 0.1900230846207828 0.4886152830510853 0.18071048117113334 0.5327931304409332 0.6693031250000001 0.6357875000000001
0 0.6801608226215504 0.6485823258892134 0.17714952760846153 0.5288933739762431 0.16924964248691118 0.5620938605870298 0.6722609375000002 0.6817828125000001
0 0.673379367108208 0.6870483224484832 0.16644992408942136 0.5577794017275001 0.15730090397917745 0.5936573810808219 0.6642303469979641 0.7229263018018051
0 0.6535291443542912 0.7202259351482772 0.15578281250000003 0.5859859375 0.14601460564570895 0.6222053148517228 0.6437609375000001 0.7564453125
0 0.6375115445356748 0.7700924710033499 0.14711709280904509 0.6182030348767131 0.13129402241842705 0.6692898393755429 0.6216884741450568 0.8211792755021797
0 0.6290000862740655 0.8394094592532383 0.12451520555694004 0.6543790398364802 0.08125574428287474 0.7723258305832419 0.5857406250000001 0.9573562500000001
0 0.5911226256464971 0.9657642830804261 0.09873796219158773 0.7497958812390856 0.07771956154316681 0.7977155678293307 0.5701042249980761 1.0136839696706714