0 0.966148705630931 0.8540963916443056 0.9575890046590917 0.8104387674900873 0.35337623652816064 0.9289033133457816 0.3619359375 0.9725609375
0 0.958696875 0.804715625 0.9490159497681774 0.7561142627288522 0.34068382211667736 0.8772881880820899 0.3503647473485 0.9258895503532377
0 0.945359375 0.7522078125 0.9382618424072492 0.7174804967341437 0.3527301035051574 0.8371508631099307 0.35982763609790824 0.871878178875787
0 0.9346640624999999 0.7164046875000002 0.926921544219337 0.679054230957419 0.3464017818669408 0.7993923817689199 0.35414430014760373 0.836742838311501
0 0.9222140625000002 0.6782718750000002 0.9055507068304702 0.5984651279875612 0.3688210193304703 0.7105323154875611 0.385484375 0.7903390625000001
0 0.9085633637823621 0.593980949390911 0.8915859374999998 0.5140265625 0.3485772612176377 0.6293284256090889 0.3655546875 0.7092828124999999
0 0.8990902898131807 0.5134200973411479 0.882233270256054 0.4325520977489651 0.3085131184519517 0.5521446667262027 0.3253701380090782 0.6330126663183856
0 0.8786598593951929 0.42873294485496893 0.8620363826891838 0.3523780585570283 0.2951857431299912 0.47578900000914964 0.3118092198360002 0.5521438863070903
0 0.8538581087226161 0.34502942453216373 0.8431616189302968 0.2993167125897796 0.2562925727076806 0.4366404130576158 0.2669890625 0.48235312499999994
0 0.8428896046967331 0.2974424445027169 0.8323748248757894 0.2525110702744879 0.2501039701790564 0.3887733132717711 0.26061875 0.43370468750000013
0 0.8326209685014344 0.2533551097463219 0.8108984483931939 0.15926068215244235 0.2398462298917594 0.2910930724061206 0.26156875 0.3851875000000001
0 0.8092635038500895 0.14670304936459105 0.7893875000000001 0.05556406249999999 0.21552712114991066 0.18071413813540896 0.235403125 0.271853125
0 0.7861849026326588 0.054506479283119844 0.7782921875 0.018029687500000002 0.2105541598673412 0.14087477071688026 0.218446875 0.1773515625000001
0 0.7778475536092847 0.016317760882766617 0.7737048881162535 -0.0018728800179326432 0.1896088970069688 0.1311468590993008 0.1937515625 0.14933750000000004