0 0.20496406250000004 0.8193453124999998 0.163948256202313 0.38279068800723626 0.1200109375 0.38691875 0.16102674379768703 0.8234733744927636
0 0.24205937500000005 0.8196796875000002 0.20965452688983605 0.38627837546276755 0.16792500000000002 0.3893984375000001 0.20032984811016402 0.8227997495372327
0 0.29711718750000005 0.8253609375 0.2760222416510444 0.3891751464625618 0.21757968750000006 0.39200156250000007 0.23867463334895572 0.8281873535374382
0 0.35219218750000003 0.8267562500000001 0.34617158202493264 0.39462088126996575 0.28408125000000006 0.3954859375 0.29010185547506745 0.8276213062300343
0 0.4007359374999999 0.8331625000000003 0.38869549180171487 0.40041517652251246 0.3522328125 0.4014296875 0.36427325819828504 0.8341770109774878
0 0.47588669341729634 0.8344200264557345 0.466078125 0.4076625 0.40925831292707215 0.4089684430229711 0.4190668813443684 0.8357259694787056
0 0.5537992185873132 0.41322493148086015 0.4975875 0.41023281250000004 0.47461695085176 0.8417711479661086 0.5308286694390731 0.8447632669469687
0 0.6261578125000001 0.41697031250000005 0.5617708028195093 0.4109547381615627 0.5211142313948971 0.8461176853078698 0.5855012410753879 0.8521332596463072
0 0.6962671875 0.4194593750000001 0.6339691711235702 0.4116312750264582 0.578749078968696 0.85108685390249 0.6410470953451259 0.8589149538760319
0 0.7526578125000002 0.4252890625000001 0.6992581428032894 0.4179321753143582 0.6389627653735996 0.8555837469284733 0.6923624350703104 0.8629406341141153
0 0.8180109375000002 0.43769531250000016 0.7655698165319987 0.42898681009871165 0.6919189242437516 0.8724999624080866 0.744360045211753 0.8812084648093752
0 0.8748593750000001 0.4726859375000002 0.8411448638210679 0.467178055561494 0.7762321646588578 0.8645177128005074 0.80994667583779 0.8700255947390136
0 0.9069656250000001 0.4708125000000001 0.8776641876416468 0.4658578165643906 0.8095973569725002 0.868397353338708 0.8388987943308536 0.8733520367743175
0 0.9435718750000003 0.4770187500000002 0.9151234031206587 0.4715976792693314 0.8391745228494634 0.8701590875238271 0.867622994728805 0.8755801582544958