0 0.073287915625 0.8555432703125 0.032549680604795427 0.09400985919988603 0.00012426355660981255 0.09574445710598078 0.0408624985768144 0.8572778682185949
0 0.1097194581516427 0.8583682467852631 0.07564183960354402 0.09162202594451371 0.032640153125 0.09353321249999999 0.0667177716730987 0.8602794333407493
0 0.129381889678234 0.8609650996412311 0.10734150596745799 0.0990752491218913 0.06994550378922401 0.10015706198066014 0.09198588749999999 0.8620469125
0 0.15864821875 0.87397025625 0.14144260329776367 0.09725964283001885 0.11393567968750003 0.09786897343749998 0.13114129513973632 0.8745795868574812
0 0.18877884012292284 0.8712245876291055 0.17399960006774118 0.10051462669921826 0.1423891125 0.10112079375000001 0.1571683525551817 0.8718307546798874
0 0.2334401015625 0.17374479687500005 0.1871016515625 0.17374479687500005 0.18710165156250005 0.87830601875 0.23344010156250006 0.87830601875
0 0.27328807228182267 0.18161650104407862 0.23018082501335627 0.18131528582455902 0.2252899308565337 0.8812566238429806 0.26839717812500014 0.8815578390625001
0 0.32143275373518276 0.1813799096982855 0.27733968593749997 0.18024843906250004 0.25926118532731735 0.8847621293642145 0.30335425312500014 0.8858936
0 0.3595028625774847 0.19535498663158213 0.31798744843749993 0.19433966406250003 0.3008606921100153 0.8946337414934179 0.3423761062500001 0.8956490640624999
0 0.40100488957137026 0.20118296890412743 0.3578222562500001 0.19975936562500007 0.33496350417862997 0.8931415201583729 0.37814613750000015 0.8945651234375003
0 0.4375245309055192 0.19993864136431125 0.39518863882814204 0.19841021050413274 0.369954365735123 0.8973724535148213 0.4122902578125001 0.8989008843749998
0 0.4838480528738126 0.20804168050999533 0.4421775222502936 0.20614313999509992 0.4104545350014811 0.9024220454226046 0.45212506562500004 0.9043205859375
0 0.5241400761649879 0.23705242664950812 0.4789525890625 0.23444545625000002 0.44026874414751205 0.9049654374129921 0.48545623125 0.9075724078125
0 0.5710341783559079 0.20596679521049852 0.522852171875 0.20301118593750006 0.479470901312913 0.9102077286158228 0.5276529077938209 0.9131633378888211
0 0.6244715796875002 0.21493452968750004 0.5734939586555557 0.21086340023875044 0.5171475978999076 0.9164178320716336 0.5681252189318521 0.9204889615203834
0 0.6667661666267349 0.2201132897084309 0.619593846875 0.2160184703125001 0.5585835344863626 0.9188572736575346 0.6057558542380975 0.9229520930534653
0 0.6962250539891881 0.22208496551200124 0.6618675203125 0.21927029062500009 0.6039342850733119 0.926436539175499 0.6382918187500001 0.9292512140625
0 0.7269164801996477 0.22889505765506063 0.6943857312499999 0.22577393281250005 0.6269435020593448 0.9287083994152173 0.6594742510089927 0.9318295242577779
0 0.7678298295638337 0.1588797712208291 0.729153707198657 0.1552230698738651 0.6561768343750001 0.9270833328125001 0.6948529567401768 0.9307400341594642
0 0.8081994671875001 0.16724115468750014 0.7726712675787984 0.16371831627268887 0.695928953043904 0.9376727099134156 0.7314571526526057 0.9411955483282268
0 0.8512860953125001 0.16940903593750015 0.8158239416100989 0.16551867306526366 0.7308802209435997 0.9398133538587699 0.766342374646001 0.9437037167310063
0 0.886305849312017 0.1700780026185033 0.850473140625 0.16615721406250009 0.7649807386609396 0.9474858398668747 0.8008134473479565 0.9514066284228779
0 0.9171354703125001 0.28647459218750015 0.8822946583810563 0.28226135067590696 0.8016017863880691 0.9495397797856227 0.836442598319513 0.9537530212972157
0 0.9566386854535255 0.2884733589998266 0.9209792691272698 0.2842807296431393 0.8423435875 0.9530979015625004 0.8780030038262557 0.9572905309191876
0 1.0041161892180293 0.2875295357354581 0.9654735764677025 0.28251215772101756 0.8784928575621731 0.9524162844855596 0.9171354703125001 0.9574336625000001