0 0.595796875 0.056981250000000074 0.5862147774343724 0.03204080929563054 -0.009582097565627511 0.2609454967956305 1.1102230246251566e-17 0.2858859375
0 0.6072866575351333 0.10617757161977484 0.5992921874999999 0.08326093750000008 -0.007456566460439862 0.29492529916145555 0.0005379035746935212 0.3178419332812303
0 0.5315562500000001 0.15489218750000006 0.5234169351702229 0.13176044296488978 -0.008139314829777079 0.3187979429648897 0 0.3419296875
0 0.5398196073439342 0.18209923388835247 0.5309408562221327 0.1568351917762171 -0.008878751121801498 0.34654845788786465 2.2204460492503132e-17 0.3718125
0 0.6157167333148157 0.17679384755947966 0.6120114788959604 0.16610302469776236 -0.003705254418855364 0.37949980213828277 0 0.39019062500000007
0 0.61948125 0.19011718750000015 0.6154819158510996 0.17858012289286482 -0.0039993341489003905 0.3933238728928647 2.2204460492503132e-17 0.4048609375000001
0 0.6238240768309767 0.20660088425232895 0.6190269006654269 0.19266687554228606 -0.0019453666647036405 0.4064541224353125 0.0028518095008461587 0.42038813114535534
0 0.6284343749999999 0.2231125 0.6237435942578575 0.20936934567267623 0.0005143298540494889 0.42208847563199664 0.005205110596191931 0.4358316299593204
0 0.5987543621409523 0.27895906586070207 0.5868015625 0.2428109375 0.0013573243697152515 0.4363948932029089 0.01331012401066749 0.472543021563611
0 0.6106060173812755 0.31533603230298446 0.599925 0.28202499999999997 0.029064295118724437 0.4650686551970156 0.03974531250000002 0.4983796875000001
0 0.6234616951050974 0.3548019415579861 0.6129078124999999 0.320778125 0.03978590892080527 0.49855539694349915 0.050339791525902775 0.5325792135014853
0 0.6354546875 0.39452499999999996 0.6250421875 0.3604687499999999 0.03461699718941151 0.5409878116732313 0.045029497189411516 0.5750440616732313
0 0.7309421875 0.39510781249999993 0.7242008056173157 0.37249848351653386 0.046161110830210836 0.5746683275451315 0.052902492712895134 0.5972776565285975
0 0.7410203125 0.4243562500000001 0.7343873103241816 0.40172899228380776 0.05532823597206149 0.6007898053165637 0.061961238147879995 0.6234170630327559
0 0.67775 0.5143140625000001 0.6615588604411676 0.45488728430622755 0.09637062862526233 0.6088758028912712 0.11256176818409465 0.6683025810850437
0 0.700759375 0.5821484375000001 0.6854259806290738 0.5225466994920998 0.11962467032855137 0.6681071297143639 0.13495806469947746 0.7277088677222643
0 0.676621875 0.6219609375000001 0.6703711997153914 0.5951531485512509 0.16287748644874753 0.7134836239468382 0.16912816173335615 0.7402914128955874
0 0.6863093749999999 0.6462234375 0.6803779164461256 0.6209323124363922 0.1741667163736405 0.7396526439829486 0.18009817492751487 0.7649437690465565
0 0.697034375 0.6701703125 0.6918995654508424 0.6472897509207577 0.18822397863941612 0.7603236117322497 0.19335878818857363 0.783204173311492
0 0.7041703125 0.6935109374999999 0.6989006699622988 0.6698372340116563 0.19580625857024114 0.7818234178403343 0.20107590110794224 0.805497121328678
0 0.7150671874999999 0.7105984375000002 0.7113880786428184 0.6941422640143975 0.2131294806525152 0.8055380038950423 0.21680858950969667 0.8219941773806451
0 0.7238433950626811 0.7368979066209443 0.7196248673888089 0.7179898639854758 0.21310803847418555 0.8309976089569263 0.21732656614805781 0.8499056515923948
0 0.8298249999999999 0.7742031249999999 0.8206243649855814 0.7320420966588188 0.19525074216358035 0.8685149171191702 0.20445137717799877 0.9106759454603512
0 0.8474468749999999 0.8207125000000002 0.8392315881848944 0.7809472269696685 0.21078742039859139 0.9107803374252855 0.2190027072136969 0.950545610455617
0 0.8588000000000001 0.850421875 0.8539852010168598 0.8267206807914398 0.22154289432619323 0.9551987038122883 0.22635769330933336 0.9788998980208484
0 0.867125 0.8776546875 0.8620836010745077 0.8515426027367008 0.2353117260745076 0.9725519777367009 0.240353125 0.9986640625