0 0.8232239086859099 0.05441498874555857 0.818120792671197 0.005217049534873797 0.267596883985287 0.0623208107893153 0.27270000000000005 0.11151875000000007
0 0.8253136235110008 0.10664508544264936 0.82095233847772 0.06134808105371324 0.270216373352501 0.11437402734734443 0.27457765838578185 0.15967103173628056
0 0.7738862222235809 0.13846212049716913 0.7719494744365798 0.11753745122464379 0.2720398147129989 0.16380814322747472 0.2739765625 0.18473281250000004
0 0.7727640625000001 0.160565625 0.7709103626548968 0.14118692302509497 0.2714509876548966 0.18896348552509507 0.27330468750000003 0.20834218750000008
0 0.7692609375000001 0.20863593749999998 0.7653533556310068 0.16487288635084624 0.2669221056310068 0.20937757385084627 0.27082968749999997 0.253140625
0 0.7718270121295367 0.25322092508968763 0.7682359375000001 0.2120390625 0.26475111287046343 0.2559431374103124 0.26834218750000005 0.29712500000000003
0 0.8021595492696617 0.2876650209000265 0.7993375 0.25300625000000004 0.2628623257303383 0.2966881040999736 0.26568437500000003 0.33134687500000004
0 0.8017546875000001 0.3293140625 0.7989817447290969 0.29289277664663904 0.25816768222909686 0.334067776646639 0.260940625 0.3704890625
0 0.8012444727645389 0.35779936149379593 0.7996875 0.33520625 0.2619805272354609 0.372261576006204 0.2635375 0.39485468749999997
0 0.8037765625000001 0.38298437500000004 0.8023109375 0.36120624999999995 0.26030652098867035 0.3976820817325025 0.2617721459886703 0.4194602067325026
0 0.8042031250000001 0.40738906250000007 0.8027913438520315 0.3862549463106414 0.25859531250000006 0.42260781250000007 0.26000709364796865 0.44374192868935874
0 0.8162385222099952 0.46983230662531916 0.8129421875000002 0.4106703125 0.258778277335971 0.44154671819097224 0.26207461204596605 0.5007087123162914
0 0.82049375 0.5324171875 0.8181871113338941 0.47564779083271524 0.2564339863338942 0.49847279083271523 0.25874062500000006 0.5552421875
0 0.852027138694097 0.5758625765793807 0.850984375 0.538453125 0.22504942590653698 0.5559006472764517 0.22609218960063396 0.5933100988558324
0 0.8558015625 0.6278796875 0.8553037399317889 0.5873785740341748 0.2225760953046929 0.5951557948084172 0.22307391787290393 0.6356569082742424
0 0.8447484375000001 0.6785234375 0.8439230624129035 0.6272710492967819 0.24178712491290333 0.6369679242967821 0.24261249999999998 0.6882203125000002
0 0.8437281249999998 0.744453125 0.8432635104089499 0.6867109785951755 0.23750414944064283 0.6915851416683285 0.23796876403169284 0.7493272880731532
0 0.864378125 0.8083765625 0.8641049751005205 0.7508759127259743 0.23834600339338374 0.753848505225224 0.23861915329286335 0.8113491549992495
0 0.8680021692043722 0.8208600645793689 0.2371545827458103 0.8184844667455774 0.23693522604143813 0.8767353396662086 0.8677828125 0.8791109375000001
0 0.8625820949835346 0.8836392524257903 0.23602968750000003 0.87065625 0.2353616550164656 0.9028951225742098 0.8619140625 0.9158781250000001
0 0.7971890625 0.9381640624999997 0.7966445590623232 0.9161796050316194 0.237065625 0.9300390625 0.23761012843767676 0.9520235199683803
0 0.7998125 0.9641578125000002 0.7993319652247822 0.9405585817159612 0.23955071522478216 0.9519570192159611 0.24003125000000008 0.9755562500000001