0 0.7652095001585939 0.8127595465177455 0.18734373525271508 0.7980540696381222 0.18644218750000008 0.8334812499999998 0.7643079524058789 0.848186726879623
0 0.7643562500000001 0.777603125 0.19084112205156317 0.7587675637899033 0.18975000000000009 0.791990625 0.763265127948437 0.8108261862100965
0 0.769914159042942 0.7477402252240466 0.1964296478468479 0.7237420441465101 0.19507500000000005 0.7561140625 0.7685595111960941 0.7801122435775365
0 0.7755921875000001 0.7082078125000001 0.20341339907343786 0.6781157273670112 0.20111250000000008 0.7218656250000002 0.7732912884265624 0.7519577101329891
0 0.7845579440479742 0.6659788808491143 0.207520303515147 0.634694629560471 0.20532031250000005 0.6752734375 0.7823579530328273 0.7065576887886433
0 0.8042999999999999 0.6306234374999999 0.21517623523699028 0.5871293760910047 0.21180156250000004 0.6328390625000002 0.8009253272630097 0.6763331239089955
0 0.8102671875000003 0.591103125 0.22400832576965465 0.5332507326531648 0.21975156250000008 0.5763874999999999 0.8060104242303456 0.6342398923468352
0 0.7703078124999999 0.5449875000000001 0.3162544062500713 0.4912609242297969 0.31286250000000004 0.5199265625 0.7669159062499287 0.5736531382702031
0 0.7488828125 0.5074 0.3251640625 0.452675 0.32114100601700085 0.48382428212253636 0.7448597560170008 0.5385492821225364
0 0.7534507124746412 0.47812178159068336 0.3307781250000001 0.4126390625000001 0.32624147283939686 0.4419218799184267 0.748914060314038 0.50740459900911
0 0.7570658521922744 0.44872580827442954 0.33417343750000006 0.37658593749999997 0.32872410185666384 0.40853058453000235 0.7516165165489382 0.480670455304432
0 0.752484118818921 0.4193823708287132 0.38146562500000003 0.3524546875 0.37594965169210026 0.3830328878329009 0.7469681455110211 0.4499605711616141
0 0.7813578124999999 0.3914093750000001 0.3999862187996793 0.31436674587858476 0.3938250000000001 0.344865625 0.7751965937003207 0.4219082541214153
0 0.7791138881257622 0.3632416770758149 0.32435468749999996 0.26725000000000004 0.31871036840902367 0.2939898811655496 0.773469569034786 0.3899815582413645
0 0.7879609634198151 0.32759048534778956 0.33182656250000003 0.22742812500000004 0.3244091805378038 0.2612065130688522 0.7805435814576189 0.3613688734166417
0 0.7905623444905949 0.30907542865148346 0.33641093750000006 0.19518125000000003 0.32892644751764566 0.22502554666501645 0.7830778545082406 0.33891972531649983
0 0.7969169923109856 0.2772273443855902 0.34641406250000006 0.15919062500000009 0.3374423487292151 0.19343237079065473 0.7879452785402006 0.3114690901762448
0 0.8086612723790605 0.2424129559450014 0.3532453125 0.11220937500000006 0.3435486234455369 0.14612569989165164 0.7989645833245973 0.276329280836653
0 0.8067089151931605 0.22328267336137997 0.352565625 0.08481875000000003 0.3475448116690415 0.10128635130879811 0.801688101862202 0.239750274670178
0 0.8096517966942397 0.20742645268500573 0.354746875 0.06619843750000003 0.3494784630255924 0.08316834629275183 0.804383384719832 0.22439636147775754