0 0.8343718750000001 0.29602187500000005 0.240913057112554 0.10806273097340484 0.2167787450157812 0.18426397354477395 0.8102375629032273 0.37222311757136917
0 0.7576665306643784 0.3691457717666905 0.23088850294608845 0.20528918535733398 0.21822832907353243 0.24599002973166106 0.7450063567918223 0.40984661614101753
0 0.7434278146624476 0.411191281318385 0.21825408621708992 0.25346421620493764 0.20190906032657824 0.3078872043096219 0.7270827887719358 0.4656142694230693
0 0.7232557445765817 0.46723756479727757 0.2067070916706371 0.3148932578194652 0.19088103459405537 0.3685541305221878 0.7074296875 0.5208984375000002
0 0.6579279988749609 0.5103925510246238 0.1904609375 0.38141562500000004 0.18335324718106444 0.4071769081144831 0.6508203085560254 0.5361538341391068
0 0.6466050071221223 0.5347865589007468 0.18189375000000005 0.40943593750000007 0.17447769457111578 0.4369294146182843 0.6391889516932381 0.5622800360190311
0 0.6870108202220354 0.573765246961534 0.1705544041245884 0.4358405789813909 0.16025178534343607 0.47441854802822025 0.6767082014408832 0.6123432160083635
0 0.6752171875 0.6141109375000001 0.15568297455525115 0.4758717260245196 0.1463173734494035 0.5110697725653455 0.6658515863941524 0.6493089840408259
0 0.6490984375000002 0.6590484375 0.14701406250000004 0.5194734375000001 0.1353490083018937 0.5614354038005364 0.6374333833018938 0.7010104038005364
0 0.637509375 0.7010015624999999 0.13717187500000005 0.5638171875 0.12588902969223525 0.6049678696689699 0.6262265296922352 0.7421522446689698
0 0.6291054752925842 0.7475099485901406 0.1260468114801244 0.6059273918277024 0.11471527943932625 0.6461895928907666 0.617773943251786 0.7877721496532049
0 0.5856544220498181 0.7789144201238685 0.11904375000000007 0.6474078125 0.10964557795018195 0.6807543298761316 0.5762562499999999 0.8122609375
0 0.5745251140885682 0.8135654391870222 0.11205625000000005 0.6824109375 0.10211943045203334 0.7174495338873933 0.5645882945406016 0.8486040355744153
0 0.5622324291052525 0.8525293742787836 0.10184821776903989 0.7183401343965075 0.09215485116378752 0.751596697617724 0.5525390625000002 0.8857859375