0 0.18784843749999997 0.860225 0.051603278347270375 0.2627744736482781 0.014512500000000012 0.2712328125 0.1507576591527296 0.8686833388517219
0 0.21981288072644328 0.8519421186374538 0.08396885255465343 0.2574772243957123 0.052156250000000015 0.264746875 0.18800027817178985 0.8592117692417416
0 0.2530544394973156 0.8450993403240293 0.12714271333021873 0.2514837014344449 0.08908437500000002 0.25955625000000004 0.2149961011670969 0.8531718888895845
0 0.2905467706024125 0.8362419921533457 0.1688185452485737 0.24696356125495864 0.12969531249999997 0.2550453125 0.2514235378538388 0.8443237433983871
0 0.3229981260070021 0.8071938856688912 0.22740488200304426 0.33272121630038776 0.1970625 0.338834375 0.2926557440039579 0.8133070443685033
0 0.34375265439007363 0.8015113972442054 0.2530948696583014 0.3274497527567544 0.23102499999999998 0.33167031250000006 0.3216827847317722 0.805731956987451
0 0.373265625 0.8078625000000003 0.276965625 0.32043125000000006 0.2506164097610994 0.32563696758069705 0.3469164097610994 0.8130682175806973
0 0.4090953125 0.807609375 0.31076562499999993 0.273834375 0.271349168311828 0.28109550163295444 0.369678855811828 0.8148705016329544
0 0.4469563727535794 0.7997273352268934 0.35154725445580626 0.26423087304608506 0.3121953125 0.2712421875 0.4076044307977732 0.8067386496808083
0 0.47209551541339767 0.7836738675995992 0.38810240283830544 0.29083439226411445 0.3604421875 0.29554843750000004 0.44443530007509224 0.7883879128354847
0 0.4920882909076288 0.784686706519266 0.4054500000000001 0.27128906250000007 0.38613176448858505 0.2745491064981709 0.4727700553962137 0.7879467505174368
0 0.5124093750000001 0.783525 0.42999687499999995 0.2659875 0.4061110526974714 0.26979107042824363 0.4885235526974715 0.7873285704282436
0 0.5375206525316607 0.7832565756239855 0.44639687500000014 0.1926015625 0.42091993598043764 0.1965320377720671 0.5120437135120982 0.7871870508960527
0 0.5647808240996833 0.7759338631107697 0.4767790888129406 0.18571370066254578 0.4499060772132573 0.18972046255177616 0.5379078125000001 0.779940625
0 0.5885809993431487 0.7704713683748468 0.5063406250000001 0.17768124999999999 0.479788496826552 0.1813649432548373 0.5620288711697006 0.7741550616296842
0 0.6161625 0.7689421874999999 0.5345984374999999 0.16944374999999998 0.5073242319156543 0.17315451031189727 0.5888882944156543 0.7726529478118971
0 0.6521374813290881 0.7573080551560727 0.5871437500000001 0.2333828125 0.5443678040685599 0.2386892343152983 0.609361535397648 0.762614476971371
0 0.6957894365255093 0.74909000734069 0.6335109375 0.2224984375 0.5877219659771107 0.22791376995439167 0.65000046500262 0.7545053397950817
0 0.7281329468902925 0.7433122192959006 0.6620921875 0.15152656250000002 0.6304036703501652 0.1550628660796746 0.6964444297404576 0.7468485228755751
0 0.7643263283807006 0.7373421837432866 0.70204375 0.142325 0.6659432454254554 0.14610376902915964 0.728225823806156 0.7411209527724463
0 0.7800862761602836 0.7167157570527805 0.7333802528694908 0.24398436094426112 0.7130265624999998 0.24599531249999998 0.7597325857907926 0.7187267086085193
0 0.8232895494634693 0.7375294985321978 0.7781359375000001 0.23809843750000007 0.7499418941210946 0.24064746376957408 0.7950955060845639 0.7400785248017719
0 0.8403484375 0.7368984375000001 0.7849703125 0.11990937500000003 0.7700141783765958 0.12125176940428113 0.8253923033765957 0.7382408319042811
0 0.8529459112266183 0.7327663245461078 0.7991991073105583 0.12089515467111296 0.7861328835839401 0.12204289262500509 0.8398796875000001 0.7339140625