0 0.16245312500000003 0.8433921874999999 0.0708255412626783 0.29967988861629535 0.007685937499999995 0.31032031250000003 0.0993135212373217 0.8540326113837045
0 0.22288593750000002 0.8348796874999997 0.13747049890423851 0.29978758708486974 0.0764109375 0.309534375 0.16182637609576153 0.84462647541513
0 0.28936021021649794 0.8283866164013849 0.21789267265784124 0.28719986809696557 0.15428281249999998 0.29560000000000003 0.22575035005865676 0.8367867483044193
0 0.3196612655043789 0.8151191402624456 0.257115625 0.37261718750000006 0.23208702098542755 0.376154866959377 0.2946326614898065 0.8186568197218225
0 0.3565064276298018 0.8131371818557543 0.28496875000000005 0.37247812500000005 0.2606451348701983 0.3764268806442457 0.33218281250000004 0.8170859375000001
0 0.3844932016598803 0.8087192601309902 0.31265275445671625 0.377968719791819 0.2911046875 0.3815625000000001 0.36294513470316414 0.8123130403391713
0 0.42444247935247503 0.8063144695641569 0.33754843749999996 0.38679218750000005 0.3182309581475249 0.3907933429358431 0.40512499999999996 0.810315625
0 0.44858593750000003 0.8104468750000002 0.36190625 0.38489531250000003 0.339234585017645 0.38951325544498744 0.425914272517645 0.8150648179449875
0 0.471237989486314 0.8061834225321369 0.38519218750000006 0.3809421875000001 0.3651052986305342 0.38500668623576484 0.4511511006168482 0.8102479212679017
0 0.4919281250000001 0.8029375 0.40018125 0.3561453125000001 0.38217083581742245 0.3598436744341088 0.4739177108174225 0.8066358619341086
0 0.5069871825739288 0.797054257045903 0.4156578125 0.3553374999999999 0.40198451483297115 0.3581645914400317 0.49331388490690004 0.7998813484859348
0 0.5518936073223799 0.7962969388859864 0.4514906250000001 0.27331875 0.4099518812961505 0.2812934874525799 0.5103548636185302 0.8042716763385662
0 0.594882594694742 0.7925829858866057 0.5015794639824944 0.2682946715753274 0.46253124999999995 0.27524375 0.5558343807122476 0.7995320643112783
0 0.6047046875000002 0.7934640625 0.5167687500000001 0.2642109375 0.5080584917020221 0.26565815565161666 0.5959944292020222 0.7949112806516166
0 0.6160059906519082 0.7917823051054389 0.5296890624999999 0.26262500000000005 0.5208963472389488 0.2640592808161689 0.607213275390857 0.7932165859216078
0 0.6322509837841661 0.7839967164877831 0.5627187499999999 0.35805156250000003 0.5466290835650607 0.36067807541507724 0.6161613173492269 0.7866232294028603
0 0.652084375 0.7854593750000001 0.5862687500000001 0.356253125 0.5693238909988202 0.3588514946316154 0.6351395159988202 0.7880577446316155
0 0.669986455148724 0.7840287069593741 0.6089843750000001 0.36767656249999997 0.5922327244715977 0.3701309404628754 0.6532348046203217 0.7864830849222495
0 0.6901028353308297 0.780712769216048 0.6289078125 0.36304375 0.6103471703596167 0.36576317343645104 0.6715421931904464 0.7834321926524991
0 0.7286499622825771 0.7811649771815424 0.6635917851291807 0.2917247594832298 0.6266796875 0.29663124999999996 0.6917378646533964 0.7860714676983125
0 0.7655354647638168 0.7750504584362738 0.7089953124999999 0.2876171874999999 0.6734645352361831 0.2917386040637261 0.7300046874999999 0.7791718750000001
0 0.8034951056334826 0.7711077908908586 0.7565078125 0.28069062499999997 0.7161144731623714 0.2845607458034789 0.7631017662958541 0.7749779116943374
0 0.847523025536988 0.7697025705145181 0.8078359374999999 0.25142968750000005 0.7683490880820565 0.2544534190524558 0.8080361761190444 0.7727263020669739
0 0.8895162437583893 0.764918549200296 0.8565796875000002 0.24763124999999997 0.8179428945974718 0.2500913198780836 0.850879450855861 0.7673786190783797
0 0.895269641979079 0.750694396303651 0.8765703124999998 0.33700781250000006 0.862115926939989 0.33766117504204607 0.8808152564190681 0.751347758845697
0 0.9100093750000001 0.7428578125 0.8892265625000002 0.3332671875 0.8772879377587255 0.3338729586880143 0.8980707502587254 0.7434635836880144