0 0.5427041371510402 0.1456001229718163 0.5305020371729253 0.10924656048841352 0.09760777279453689 0.25454783863162567 0.10980987277265167 0.2909014011150285
0 0.5532926348385335 0.18251125422696315 0.5416469845421903 0.14746249690788973 0.11001055973470016 0.29088232810790815 0.12165621003104347 0.32593108542698157
0 0.510446875 0.22010000000000002 0.5029227170818624 0.19761613035748143 0.12169687499999997 0.3251921875 0.12922103291813747 0.34767605714251854
0 0.517059375 0.2421625 0.5099711670788185 0.22098575763021483 0.1263024170788185 0.3494060701302148 0.133390625 0.3705828125
0 0.5419703124999999 0.26308750000000003 0.533338384941267 0.2450078832662264 0.15502230530105565 0.4256310149312852 0.16365423285978875 0.44371063166505886
0 0.5807249999999999 0.2785078125 0.5695873268817611 0.2546362559037772 0.16191249999999996 0.44484374999999987 0.1730501731182389 0.46871530659622274
0 0.5924734375 0.3069140625000001 0.5807549569562507 0.28143337080112596 0.16807333657704265 0.4712241973739523 0.17979181712079192 0.49670488907282645
0 0.6503897716047391 0.31270430502237834 0.638930458315266 0.2876819583851432 0.16909687499999998 0.5028484375 0.180556188289473 0.5278707841372351
0 0.6595146604296762 0.342777400291279 0.648122954140431 0.3178252249898376 0.17996718750000001 0.5315578125000001 0.1913588937892453 0.5565099878014415
0 0.6728733170765359 0.37274628057961856 0.661513680562751 0.3475944995724929 0.18995625 0.5605703125 0.20131588651378496 0.5857220935071257
0 0.6821031249999999 0.4043875 0.670420844770214 0.3781431570602278 0.20004314927358813 0.5875248156234862 0.21172542950337397 0.6137691585632584
0 0.6479351673189966 0.47431856763911523 0.6359627622021407 0.4450791009256223 0.2128015625 0.6183468750000001 0.22477396761685586 0.6475863417134929
0 0.662971875 0.5230828125000001 0.6530073098681388 0.49552906574835764 0.22656406249999997 0.6497484375 0.23652862763186105 0.6773021842516425
0 0.5814187500000001 0.5747656250000002 0.5740382512994374 0.5544175136987415 0.2525441121801885 0.6710272098458898 0.2599246108807512 0.6913753211471485
0 0.594286785404331 0.6057269854262731 0.5847671875 0.578775 0.2512960270956689 0.6965589520737271 0.260815625 0.7235109375000002
0 0.6652828124999999 0.6240687500000002 0.6542159887611937 0.592439809012442 0.25653473876119376 0.731586684012442 0.2676015625 0.7632156250000002
0 0.6778725975315398 0.6602932622289588 0.6666419387851874 0.6280236885893554 0.2659927787536477 0.7674601138603967 0.2772234375 0.7997296875000001
0 0.711644151511481 0.6730104501823719 0.7052872906813412 0.6545487347150191 0.28405996556008917 0.7995885327978656 0.2904168263902289 0.8180502482652185
0 0.719134487479416 0.697727185349651 0.7123847414037231 0.6779212160214593 0.292430614448995 0.8210388626972522 0.2991803605246879 0.8408448320254438
0 0.7227145972008829 0.7311598181042275 0.7128169026498237 0.7021128110068865 0.29913668044894065 0.8430733054026591 0.30903437500000003 0.8721203125000001
0 0.7338403626226501 0.7634728836777404 0.7239441603311383 0.7344287434432346 0.31104999999999994 0.8751140624999998 0.32094620229151183 0.9041582027345056
0 0.7558312500000002 0.7927687500000002 0.7503318060027889 0.776226013410279 0.3159078125 0.9206453124999999 0.32140725649721114 0.9371880490897212