0 0.22070156249999995 0.7595484375 0.18892917262693287 0.2923408188273033 0.16375 0.29405312499999997 0.19552238987306708 0.7612607436726966
0 0.24917812499999997 0.762803125 0.21089410720648027 0.2913307450403162 0.18583744577510536 0.29336537042424005 0.22412146356862506 0.7648377503839239
0 0.27521249999999997 0.7714843750000001 0.2361609375 0.2907984375 0.21136867286243638 0.2928125939303831 0.2504202353624364 0.7734985314303832
0 0.3053171875 0.7693140625 0.27032370439390424 0.29069523345074644 0.24359540357180332 0.29264943225468987 0.27858888667789905 0.7712682613039433
0 0.3378609375 0.7736546874999999 0.29880781250000005 0.2897140625 0.2736309965046721 0.29174578559034303 0.3126841215046721 0.775686410590343
0 0.36633593750000004 0.7747390625000001 0.32484218750000005 0.2897140625 0.3021925971563036 0.2916517284745864 0.34368634715630353 0.7766767284745865
0 0.39155781250000005 0.7769093750000001 0.3525046875000001 0.28754374999999993 0.33057678954429115 0.28929367458829025 0.3696299145442911 0.7786592995882904
0 0.4118984375 0.7790796874999998 0.3703125935719719 0.25926603420713346 0.3532489905092231 0.26063114712658486 0.3948348344372513 0.7804448004194511
0 0.42904462486847617 0.7841965004756746 0.3882056693362708 0.25807574660619725 0.3702454194677946 0.2594698711305226 0.411084375 0.785590625
0 0.46084405682889373 0.7864419242957841 0.42328856041325824 0.22677220516658533 0.39158224654691315 0.22889979277059802 0.4291377429625487 0.7885695118997968
0 0.4932578125000001 0.7888453124999999 0.4574593750000001 0.22569374999999994 0.4289359293384812 0.22750692935488903 0.4647343668384812 0.790658491854889
0 0.5241749999999998 0.7899312500000001 0.4883765624999999 0.22352500000000006 0.45994503675998766 0.225321950858564 0.49574347425998777 0.791728200858564
0 0.5559046875 0.796440625 0.5233609375 0.22243906249999998 0.49336813224304726 0.22413954281198684 0.5259118822430472 0.7981411053119869
0 0.5998459110563088 0.7965776673044627 0.571425 0.22786406250000005 0.5298115102475164 0.22994365630786157 0.5582324213038252 0.798657261112324
0 0.6446484375000001 0.8029515625000002 0.615359375 0.22352500000000003 0.5720738755152093 0.22571301101261865 0.6013629380152092 0.8051395735126189
0 0.689396875 0.8192281250000001 0.6674296875000001 0.26041718750000004 0.6242462810745077 0.2621147526730824 0.6462134685745078 0.8209256901730825
0 0.7365859375 0.8181421875 0.7203140625 0.25824687499999993 0.6721624295969735 0.25964627473447077 0.6884343045969735 0.8195415872344707
0 0.7845875000000001 0.8148874999999999 0.7666890625 0.2712671875 0.7260177611400811 0.272606270548767 0.7439161986400812 0.8162265830487669
0 0.8822203124999998 0.8322484375 0.8268953124999998 0.205078125 0.7678329084782902 0.2102882368904621 0.8231579084782903 0.837458549390462
0 0.9377648568652027 0.8343127953310001 0.8936109374999999 0.20073750000000007 0.8397171167996668 0.20449336521605463 0.8838710361648696 0.8380686605470545