0 0.6792740162966115 0.24054384852757343 0.6780802329612994 0.21435500164999127 0.26702968750000006 0.23309218750000005 0.2682234708353122 0.2592810343775822
0 0.6824453124999998 0.26596406250000004 0.6809680644833724 0.24038916984821287 0.26812031249999996 0.2642359375 0.26959756051662753 0.2898108301517872
0 0.6715562093824846 0.30139512966952864 0.6698430233234623 0.27092190091723084 0.27229374999999995 0.29327187499999996 0.27400693605902215 0.3237451037522978
0 0.6718717680183243 0.3257063665388634 0.6697287803927363 0.2977207161580091 0.2753265625 0.32792187500000003 0.27746955012558805 0.3559075253808543
0 0.6425500000000002 0.351534375 0.6386422774286915 0.3284890249437834 0.27907656250000007 0.38945937500000005 0.28298428507130874 0.4125047250562166
0 0.64494375 0.37888906250000004 0.6409247357512416 0.35469617073792514 0.2820671874999999 0.4143109375 0.2860862017487583 0.4385038292620749
0 0.6692031987737332 0.4092005820195859 0.6643355637497477 0.38069712005264683 0.2872109375 0.44509999999999994 0.2920785725239855 0.47360346196693903
0 0.671438923698795 0.44386030667175236 0.6669918797524516 0.41647573447257047 0.28684062499999996 0.47820937499999994 0.2912876689463434 0.5055939471991818
0 0.674859257463705 0.47748766407157833 0.670758146415354 0.45079749142687114 0.291984375 0.5089984375000001 0.29608548604835105 0.5356886101447074
0 0.677178125 0.5138875 0.6731491444049952 0.48531593617602226 0.29296875 0.5389265625000002 0.29699773059500467 0.5674981263239779
0 0.7067491339157332 0.591493061747099 0.7031351281327718 0.5611867595727025 0.29656255671703846 0.6096702603256035 0.3001765625 0.6399765625
0 0.7115206193737696 0.6302379236471135 0.7083403583555772 0.600561713397257 0.29916348898180767 0.6444112897501435 0.30234375 0.6740875
0 0.7164433250476864 0.6825737654649792 0.7132523658304926 0.6461012014309777 0.30627779078280615 0.6817071234659987 0.30946875 0.7181796875
0 0.7183296963164576 0.7209866983018587 0.715087293446139 0.6857590338184898 0.3089263471296813 0.7231426480166312 0.31216875 0.7583703125000001
0 0.7349480786721622 0.751995241766908 0.7324713678185265 0.7258808699383298 0.3142373516463644 0.765546565671422 0.3167140625 0.7916609375000001
0 0.7361331744494164 0.7831319062228745 0.7335390624999999 0.7565984375000001 0.3153183880505834 0.7974868437771259 0.3179125 0.8240203125000003