0 0.786009375 0.2221734375000001 0.28173125 0.07156093750000003 0.2689329799627095 0.11441188026802082 0.7732111049627095 0.2650243802680209
0 0.7711375000000001 0.2661656250000001 0.2723015625 0.11625468750000005 0.25966201148055346 0.15831340841464114 0.7584979489805536 0.30822434591464115
0 0.754034375 0.3061296875000001 0.261828125 0.16064843750000005 0.24868346821166104 0.20512071296728807 0.740889718211661 0.3506019629672881
0 0.7389374999999999 0.35090468750000003 0.252321875 0.20955156250000004 0.24032251338609312 0.25086000086209703 0.7269381383860931 0.392213125862097
0 0.7254713564203252 0.3953034772784191 0.24147812500000007 0.2513015625 0.22918476150706044 0.2926197958799369 0.7131779929273857 0.43662171065835603
0 0.711728125 0.4379203125000002 0.23078125000000002 0.29647812500000004 0.2193061296824709 0.33549705813806857 0.700253004682471 0.47693924563806867
0 0.7178375 0.4835374999999999 0.22157656250000005 0.340390625 0.21210545155855698 0.3732250294881667 0.708366389058557 0.5163719044881667
0 0.706209375 0.5201515625 0.21230312500000004 0.3766656250000001 0.20394704850578832 0.40542885070613766 0.6978532985057883 0.5489147882061376
0 0.717425 0.5597718750000001 0.20482500000000003 0.4066843750000001 0.19411968363299917 0.442530183245119 0.7067196836329991 0.595617683245119
0 0.7045718750000002 0.5967218750000001 0.19547343750000007 0.44716875 0.1854304841592394 0.4813562793723662 0.6945289216592394 0.6309094043723663
0 0.6910975975500354 0.6368878740641992 0.18873593750000006 0.48247656250000015 0.17727008003062905 0.519779575691592 0.6796317400806644 0.6741908872557911
0 0.6772953125000001 0.6761000000000001 0.17685000000000006 0.5239265625 0.16667813277866958 0.5573782828127993 0.6671234452786695 0.7095517203127993
0 0.6220484375 0.7034359375000001 0.16630937500000004 0.5606859375000001 0.16023968230922742 0.5800638433252598 0.6159787448092274 0.72281384332526
0 0.6141296875000002 0.7231765625000002 0.16336406250000007 0.5827687500000001 0.1568545891837099 0.6036667809257248 0.60762021418371 0.744074593425725
0 0.6541796875000001 0.7685250000000001 0.15514375000000008 0.6074968750000002 0.14440622390649702 0.6407731203795077 0.643442161406497 0.8018012453795078
0 0.6462044111964605 0.7976011703790707 0.15310080124957387 0.6416085568965804 0.1427890625000001 0.6742046875 0.6358926724468867 0.8301973009824903
0 0.6360890625 0.827678125 0.14040000000000008 0.678596875 0.12990014672324673 0.7135084579599056 0.6255892092232467 0.8625897079599056
0 0.6245515625000002 0.8639765625000001 0.13496288804147205 0.7150980878647772 0.1259593750000001 0.74470625 0.6155480494585281 0.8935847246352229