0 0.19633281249999998 0.8225078124999999 0.1587911042133156 0.4053413676963742 0.12633125 0.40826250000000003 0.16387295828668438 0.8254289448036257
0 0.2238578125 0.8236921875000001 0.186878125 0.4030546874999999 0.15725787371943717 0.40565870553459427 0.19423756121943714 0.8262962055345943
0 0.25230960123945767 0.8230406925733378 0.22118972218979138 0.40095630760275763 0.18834218749999998 0.40337812499999987 0.21946206654966627 0.82546250997058
0 0.2817506638681584 0.8203829349850966 0.2503197258926878 0.3974639569494066 0.21852968749999996 0.3998265625 0.24996062547547054 0.82274554053569
0 0.31264843750000004 0.8154046875000003 0.2835356119369609 0.3962240955186132 0.24871875000000002 0.3986421875 0.27783157556303917 0.8178227794813872
0 0.34215156249999995 0.8158140625 0.31526481383388444 0.39552958613070655 0.2851234375000001 0.3974578125 0.3120101861661156 0.8177422888692935
0 0.3695274777398632 0.8165075218609971 0.3490371491142124 0.3983480441515411 0.31886406250000005 0.39982656250000004 0.33935439112565086 0.8179860402094562
0 0.40592437209348964 0.8153379870414632 0.3890265625 0.4069609374999999 0.352521461179263 0.40847144415555625 0.36941927077275255 0.8168484936970195
0 0.46715156250000006 0.8223250000000002 0.4537689952503337 0.40399620946962755 0.43606718750000006 0.40456250000000005 0.4494497547496664 0.8228912905303727
0 0.5258241889240081 0.8153842268053436 0.51695625 0.39654375000000003 0.4555345146126554 0.39784420740129056 0.46440245353666354 0.8166846842066342
0 0.5479730209413237 0.8103150510604861 0.541728125 0.40219375 0.5185932358717799 0.40254775008488747 0.5248381318131036 0.8106690511453737
0 0.5745905820091114 0.8103222551095177 0.569253125 0.39982656250000004 0.5426047304908885 0.4001730573904824 0.5479421874999999 0.8106687499999999
0 0.6385093750000002 0.3796984375000001 0.571028125 0.3796984375000001 0.5710281250000001 0.8118531250000001 0.6385093750000002 0.8118531250000001
0 0.6693 0.3770125000000001 0.6420609374999999 0.3770125000000001 0.6420609375 0.8083 0.6693 0.8083
0 0.7379546875 0.373778125 0.6705117465923284 0.37265731399291435 0.6634086215923284 0.8000760639929142 0.7308515625 0.8011968749999999
0 0.7716953125000002 0.3714109375000001 0.7406460144251823 0.37049086072911636 0.7280944519251822 0.7940611732291164 0.7591437500000001 0.7949812500000002
0 0.8462781250000002 0.37141093750000015 0.786693310302166 0.3686555825321941 0.765988120137076 0.8164073000732083 0.8255729348349101 0.8191626550410144
0 0.8826828125 0.37141093750000015 0.8499712532364694 0.36977119265036207 0.8275802690449507 0.8164528861536693 0.8602918283084815 0.8180926310033072