0 0.20885156250000017 0.16259843750000008 0.18792856386828535 0.15804713493205674 0.06456293886828528 0.7251768224320567 0.08548593750000008 0.7297281250000001
0 0.22556537614927458 0.2139850638627549 0.20247031250000003 0.20900937500000008 0.08991587385072555 0.7314399361372451 0.1130109375000001 0.736415625
0 0.2512672866269755 0.21828344149707773 0.22747031249999994 0.21309843750000007 0.11262802587302449 0.7401759335029223 0.13642500000000005 0.7453609375
0 0.3275062500000001 0.22125468750000005 0.25894379931360356 0.2052645455914755 0.13149848681360352 0.7517239205914754 0.20006093750000006 0.7677140625
0 0.37628906250000005 0.2578250000000001 0.33164843750000006 0.24707656250000004 0.20542859111715947 0.7712953459216815 0.2500692161171595 0.7820437834216815
0 0.42535083989697436 0.2700494457531104 0.37913437500000013 0.25864062500000007 0.2471444726030259 0.7933239917468898 0.29336093750000014 0.8047328125000002
0 0.4681640032946473 0.2890527608134273 0.42657968749999997 0.278403125 0.2920516217053527 0.8037034891865729 0.3336359375000001 0.8143531250000002
0 0.5100296875 0.2700562500000001 0.47789941230681876 0.2618017397078349 0.33411347480681874 0.8214814272078348 0.3662437499999999 0.8297359375000001
0 0.5388812500000002 0.2963906250000001 0.5112205111436245 0.28923961716916713 0.37433002761379797 0.8187442697183267 0.4019907664701736 0.8258952775491597
0 0.647321875 0.1528406250000001 0.5873819475014938 0.13621373610868404 0.3819272600014938 0.8768777986086839 0.4418671875000001 0.8935046874999999
0 0.6631562500000001 0.27747187500000015 0.6240663191292851 0.2661636908542933 0.44774384350170904 0.8756721047981901 0.486833774372424 0.886980288943897
0 0.7225671875000002 0.29040156250000015 0.6717062044456277 0.2747700094907408 0.48790464194562766 0.8728121969907408 0.5387656250000001 0.8884437500000001
0 0.7773343750000001 0.30610625000000014 0.7265421384519193 0.29009374099050866 0.539289013451919 0.8840671784905088 0.5900812499999999 0.9000796875000002
0 0.8369046875 0.32879375000000016 0.7779875391184652 0.30975066355769904 0.5880641016184649 0.897352226057699 0.6469812499999998 0.9163953125000003