0 0.13425956093750002 0.9498460796874999 0.10060994704792584 0.0897291251647248 0.0033737640625000004 0.0935332125 0.03702337795207419 0.953650167022775
0 0.17815914375 0.9541818421875 0.15363300283026932 0.11920300464369331 0.10499317187499997 0.12063172031249998 0.12951931279473067 0.9556105578563067
0 0.2204328171875 0.9530979015625002 0.20092189062500004 0.12496748124999998 0.1529330933018403 0.12609810738983138 0.17244401986434021 0.9542285277023316
0 0.2675842218750001 0.9530979015625002 0.2536755300713708 0.12730339924957043 0.19929598124999998 0.12821930312500002 0.21320467305362922 0.9540138054379298
0 0.31148380625 0.9520139609375 0.2992788294109391 0.13292446256701326 0.25132511718749995 0.1336390046875 0.26353009402656086 0.9527285030579868
0 0.3626999875 0.9498460796874998 0.34716908829674914 0.006003372731888246 0.2943769628016336 0.006872065336861216 0.3099078620048844 0.9507147722924728
0 0.4090421738386392 0.01337125786951226 0.35213156875 0.013321626562500044 0.351314876161361 0.949796448380488 0.40822548125000024 0.9498460796875003
0 0.44643437812500003 0.9574336625000003 0.43830482500000006 0.12821930312500002 0.4000464710662202 0.1285943850531689 0.4081760241912201 0.9578087444281691
0 0.4805784984375001 0.12713536250000004 0.44236960156250005 0.12713536250000004 0.44236960156250016 0.948762140625 0.4805784984375002 0.948762140625
0 0.52041330625 0.08702957031250007 0.48301736406250007 0.08702957031250007 0.4830173640625001 0.9520139609375 0.5204133062500002 0.9520139609375
0 0.5578169923976186 0.08933383291479063 0.5220392171875001 0.08919745000000007 0.5187709033025154 0.9465848996865022 0.5545486785126339 0.9467212826012927
0 0.6114642953125003 0.13580688437500008 0.5610886105761764 0.135052255222687 0.5488676509990696 0.9508691434844643 0.5992433357353936 0.9516237726367773
0 0.65373796875 0.1347229453125001 0.6130829949858937 0.13415604329379233 0.6017016215483937 0.9503631182937922 0.6423565953125001 0.9509300203125
0 0.7179614328125 0.11196019687500007 0.6538262402800633 0.11070428582763854 0.6373524918555611 0.9519637278526261 0.7014876843879978 0.9532196388999876
0 0.7431630468750002 0.0263289109375001 0.7196283195309054 0.02595022341090414 0.7048844015667188 0.9422573761444181 0.7284191289108136 0.9426360636710139
0 0.76592579375 0.019825268750000093 0.7391205605987737 0.01942319026068694 0.72527803125 0.9422584984375002 0.7520832644012263 0.9426605769268133
0 0.808225562170124 0.1435638408541372 0.7642998828125 0.14231052656250007 0.7415110393923761 0.9410051841458629 0.78543671875 0.9422584984375
0 0.8431565421875001 0.14447840781250013 0.8107054992728818 0.14344768822934148 0.7855038867728819 0.9368920179168413 0.8179549296875003 0.9379227374999999
0 0.8708391002591547 0.23857074664087752 0.8439694984375 0.23769727656250014 0.8211646716158455 0.9392171471091226 0.8480342734375002 0.9400906171875001
0 0.8976245453125002 0.23227757500000012 0.8708452355107564 0.23114129691406257 0.8407658901982563 0.9400382797265628 0.8675452000000001 0.9411745578125001
0 0.9237751799052006 0.22373071029348454 0.8959986343749999 0.2225221125000001 0.8649702669697996 0.9356301990815155 0.8927468125000002 0.9368387968749999
0 0.9586744092210798 0.13920384166735444 0.926890934375 0.1379747656250001 0.8959204142164202 0.9388615411451458 0.9277038890625 0.9400906171875001
0 0.9968050859375 0.14447840781250015 0.958667007306329 0.1428349748958055 0.92445206875 0.9368387968749999 0.9625901473811709 0.9384822297916946