0 0.09777581129522078 0.26755739982900995 0.06676250000000003 0.2672875 0.06231264225799053 0.7786061765571959 0.09332595355321127 0.7788760763862059
0 0.12654502143377117 0.27063005549878144 0.09769588496177327 0.27038213128068067 0.09332812500000007 0.7786265625000001 0.12217726147199796 0.7788744867181008
0 0.15873910249688059 0.2618658614915086 0.12841251685341254 0.26154217100255756 0.12286403935653203 0.781379434511049 0.15319062500000008 0.7817031249999999
0 0.20099496210483317 0.28111134442710684 0.16180937500000006 0.2804796875000001 0.1537288080747839 0.7817672464836465 0.192914395179617 0.7823989034107532
0 0.23956322021179713 0.2847400336496143 0.20241093750000005 0.283871875 0.1907463412593513 0.7830506569473931 0.22789862397114838 0.7839188155970074
0 0.2666744272464404 0.28790333974713106 0.241534375 0.28721250000000004 0.2277161977535596 0.790063847752869 0.25285625000000006 0.7907546875
0 0.2914822456107178 0.29073380165484053 0.2666078125000001 0.2900625 0.2530802543892824 0.7913130733451594 0.27795468750000013 0.791984375
0 0.33368606514116994 0.3183923490677522 0.29599687500000005 0.31774375000000005 0.28803893485883025 0.7801685884322479 0.3257281250000001 0.7808171875000001
0 0.37417343750000004 0.3263984375000001 0.3334040790612134 0.3262969707044829 0.332267201533483 0.7830943613465244 0.37303655997226964 0.7831958281420416
0 0.41482360485806363 0.306429562370557 0.37563593749999996 0.3057171875 0.36675654817170983 0.7941714686956232 0.40594421552977344 0.7948838435661802
0 0.45462231889310656 0.3120292058199486 0.41395 0.3110031250000001 0.40170485227873226 0.7963825837424395 0.44237717117183883 0.797408664562388
0 0.49491718750000013 0.3182296875 0.4551980827222198 0.316983031159268 0.44007620772221967 0.7987736561592681 0.4797953125 0.8000203125
0 0.5322546875 0.3217046875 0.4943202804045416 0.3204794286744094 0.47876559290454157 0.8020575536744093 0.5166999999999999 0.8032828125
0 0.5789174824230345 0.2726662716833763 0.5389921875 0.2709437500000001 0.5156575175769655 0.8118040408166239 0.5555828125000002 0.8135265625000002
0 0.6194463114828539 0.27817372181209915 0.58174375 0.2763859375000001 0.5563196057288613 0.8125554049488499 0.5940221672117153 0.814343189260949
0 0.6656765625000001 0.27859218750000014 0.6269364551066705 0.27614914804028456 0.5929723926066706 0.8147288355402846 0.6317125000000001 0.8171718750000002
0 0.6766697029161006 0.35817521041555217 0.6633218750000001 0.3572281250000001 0.6311427970838995 0.8107466645844479 0.644490625 0.8116937500000001
0 0.7234880831399598 0.28980746908291277 0.688725 0.2870328125000001 0.6464947293600403 0.8161269059170874 0.6812578125000002 0.8189015625
0 0.7698953125000001 0.29480312500000005 0.7352293029340988 0.29139837893682946 0.6834131521444373 0.8189734596081497 0.7180791617103386 0.8223782056713203
0 0.7879728625869252 0.36828509625430356 0.7659359374999999 0.3657468750000001 0.7148980851482762 0.8088592817555377 0.7369350102352016 0.811397503009841
0 0.81090625 0.3712671875000001 0.7903607014904198 0.36859760734750613 0.7334737081529059 0.8064097030390982 0.7540192566624861 0.8090792831915922