0 0.11457235624999998 0.749421296875 0.0847403453125 0.3103298609375 0.06314402367052196 0.31179712185562225 0.09297603460802192 0.7508885577931222
0 0.13518356406249998 0.749421296875 0.1020602027075628 0.30911532332159747 0.08258956584634491 0.3105800614339608 0.1157129272012821 0.7508860349873633
0 0.16664277500000005 0.757378471875 0.1318712241676154 0.26176097867833314 0.099478828125 0.264033565625 0.13425037895738465 0.759651058821667
0 0.1997291875 0.7667824078125001 0.16393077500000003 0.25896990781249996 0.13208741103670807 0.2612147164348666 0.16788582353670803 0.7690272164348666
0 0.24438667847866807 0.7849552624106633 0.2050639083645081 0.13596863280234575 0.15508360060982523 0.13899699126522888 0.19440637072398517 0.7879836208735465
0 0.33230698406314485 0.7768293152625084 0.3079213246246562 0.17738464183507535 0.21872560075240344 0.18101316109988377 0.2431112601908921 0.7804578345273169
0 0.41355298589487954 0.7768700894243938 0.3970898544633418 0.17746349031503988 0.30937332661746864 0.1798726875590984 0.32583645804900646 0.7792792866684524
0 0.48740388204520313 0.7807537465347639 0.47588224185064104 0.1990409509878748 0.3994468933441485 0.200554860584465 0.41096853353871066 0.7822676561313542
0 0.560541146709409 0.7796609554481547 0.5567263171875001 0.19748263906250005 0.4812885274213482 0.1979769589287124 0.48510335694325707 0.780155275314367
0 0.6033727343750002 0.7776331015625 0.5984911312500002 0.1432291671875 0.5621302066727861 0.1435089567559851 0.5670118097977861 0.777912891130985
0 0.6516463515625001 0.1815682875000001 0.6051211890625 0.1815682875000001 0.6051211890625001 0.7761863421874999 0.6516463515625002 0.7761863421874999
0 0.7028555840788503 0.18528290732211142 0.6534198886112488 0.1844275017088941 0.6432990106451153 0.7693343964821321 0.6927347061127168 0.7701898020953494
0 0.7633807921875 0.1830150468750001 0.7044134451420097 0.18291901397069882 0.7034661174805678 0.7646092105182771 0.7624334645260581 0.7647052434225785
0 0.8133584234375002 0.15552662031250009 0.7679515385878197 0.1547961782110658 0.7581883354628196 0.7617116875860657 0.8035952203125001 0.7624421296875
0 0.859462440625 0.27199074062500006 0.8084747659990166 0.2714678204883135 0.8035931644365165 0.7474516173633138 0.8545808390625 0.7479745375000003
0 0.9250928640625002 0.2705439812500001 0.866190718118418 0.26948294448530374 0.8575123149934181 0.7512537788603038 0.9164144609375002 0.7523148156250002