0 0.28852509741570437 0.6753804604110855 0.27778534569861424 0.30306906755196306 0.21210982605311773 0.3049635536955832 0.22284957777020784 0.6772749465547055
0 0.22432962254937236 0.6764998310791843 0.21424428045489888 0.32687463914312725 0.16688284856835867 0.3282408342963278 0.17696819066283215 0.6778660262323849
0 0.12146701406250007 0.283353175 0.08191592187500005 0.283353175 0.08191592187500006 0.68516534375 0.12146701406250009 0.68516534375
0 0.18036485935696053 0.674215027845698 0.16916581556723576 0.35566444794249996 0.131736490886986 0.3569803226341779 0.14293553467671077 0.6755309025373759
0 0.4441699653334523 0.6661884311911157 0.43959113446194886 0.2937768524211448 0.389233736700542 0.29439600075224687 0.3938125675720455 0.6668075795222178
0 0.5326103764983803 0.6587694948726337 0.5252557154879016 0.28613333308589667 0.48888008270897226 0.2868512731989762 0.4962347437194509 0.6594874349857133
0 0.61694444375 0.3340889546875001 0.5605158734375 0.3340889546875001 0.5605158734375 0.654475859375 0.61694444375 0.654475859375
0 0.6695398593296604 0.650478518954418 0.656489878147238 0.31987899740638004 0.6088667147491417 0.3217588591293568 0.6219166959315641 0.6523583806773947
0 0.39953754455956053 0.6685078541441789 0.38910933282093296 0.2930922315535852 0.3358373590497302 0.2945720086027853 0.3462655707883578 0.669987631193379
0 0.347717560162614 0.6732880670070439 0.33619546167600234 0.28537741872592387 0.2855555788982653 0.2868815736628946 0.297077677384877 0.6747922219440146
0 0.8315211642151038 0.6480216661260264 0.8198468673779171 0.2510955736616789 0.735705499616465 0.2535703197723098 0.7473797964536517 0.6504964122366573
0 0.8864798846694038 0.6533369115722233 0.874972146445549 0.2620738119611604 0.8184952665838374 0.26373489666297545 0.8300030048076922 0.6549979962740384
0 0.9697043694255096 0.6579960396495387 0.9585175252013215 0.22543805701461334 0.872368249289503 0.22766605549884314 0.8835550935136911 0.6602240381337685
0 0.726594657214038 0.650511355949415 0.71114229042461 0.27965455300314124 0.6114889108318892 0.2838067771528379 0.6269412776213172 0.6546635800991117
0 0.7630246598614914 0.6481284702313093 0.7516116887424152 0.2753047500516145 0.7108335757885758 0.27655305964202437 0.722246546907652 0.6493767798217192
0 0.4961054758248326 0.666021229003128 0.4894086914767294 0.2910013055093441 0.4367841032196367 0.29194103029964935 0.44348088756773996 0.6669609537934332