0 0.8416233728600593 0.845445865061236 0.19325755915049414 0.7652373648298347 0.18509218750000014 0.8312421875000002 0.8334580012095654 0.9114506877314014
0 0.8492765624999998 0.7824203125 0.20728736304452652 0.6957708281249007 0.19817187500000005 0.7633078125 0.8401610744554734 0.8499572968750992
0 0.8615542334777345 0.7200662235470834 0.2325053839783057 0.6307470624192429 0.22314843750000007 0.6966453125000001 0.8521972869994288 0.7859644736278406
0 0.8721513208656824 0.6567314777883434 0.24472031250000006 0.5618125 0.23464007332248543 0.6284446401587194 0.8620710816881678 0.7233636179470627
0 0.8765684266841621 0.6244700794525447 0.2938203125 0.53329375 0.28931983074291023 0.562058312826905 0.8720679449270723 0.6532346422794497
0 0.8818847261341002 0.5948405168543998 0.3014671875 0.5024218750000001 0.29701850168065547 0.5303609922777495 0.8774360403147556 0.6227796341321492
0 0.8789359374999999 0.5579796875 0.31589571027734376 0.4628330626915448 0.30979531250000003 0.4989328125 0.8728355397226562 0.5940794373084552
0 0.8954578124999999 0.5080203125 0.3184218750000001 0.4062734375 0.30998287652997475 0.4541334370696391 0.8870188140299746 0.5558803120696391
0 0.9037921875 0.46074687500000006 0.32738437499999995 0.349196875 0.3180001226751261 0.3976877432611259 0.8944079351751262 0.5092377432611259
0 0.9123853795536924 0.4123779582156846 0.3354984375 0.29692656250000005 0.3256070584982891 0.34635175437072874 0.9024940005519815 0.4618031500864134
0 0.9270086694905798 0.35009288450926046 0.3454515625 0.22173281250000004 0.3306006594331404 0.28901735113080834 0.9121577664237203 0.41737742314006876
0 0.9353125786385228 0.2805017095482468 0.35175625000000005 0.14849062500000007 0.3369092123983868 0.21412210423225359 0.9204655410369096 0.3461331887805004
0 0.9542008163086899 0.20688671042711113 0.3090890625 0.04678593750000004 0.29169694870864704 0.11686590541800675 0.936808702517337 0.27696667834511784
0 0.9666107607374131 0.13753982150076613 0.32179107395413314 -0.025247683834683888 0.30467099018465044 0.042566900774822655 0.9494906769679305 0.2053544061102727