0 0.1139356796875 0.9335869749999999 0.06142736336022915 0.0715754686012469 0.020929864445349444 0.07404232138418662 0.07343818077262029 0.9360538277829397
0 0.14404653965525205 0.9322871735825154 0.11306707559465971 0.07899317176689129 0.07084905000000001 0.08052592812500001 0.10182851406059235 0.9338199299406243
0 0.18062143930990285 0.9384966801073608 0.1455426570927054 0.07920245618660163 0.10649737559530255 0.08079639326674062 0.1415761578125 0.9400906171874999
0 0.22287168281250005 0.9400906171875001 0.20326369287615603 0.2505429323593292 0.15946117343749996 0.2517885015625 0.17906916337384401 0.9413361863906708
0 0.2586417140625 0.9390066765625 0.2495777152515286 0.242452102422678 0.19848302499999998 0.243116978125 0.2075470238109714 0.939671552264822
0 0.29522470156249997 0.9487621406249998 0.29029185286346826 0.24720162006073987 0.25457693749999993 0.247452740625 0.2595097861990317 0.94901326118926
0 0.3448273709977254 0.9518123240171018 0.3415490985556518 0.14535751434504351 0.291159925 0.14556234843750002 0.29443819744207367 0.9520171581095582
0 0.39521819687500004 0.15531781093750002 0.34237610625000003 0.15531781093750002 0.3423761062500001 0.9530979015625001 0.3952181968750001 0.9530979015625001
0 0.46106757343750004 0.16507327500000007 0.4025347953125 0.16398933437500005 0.3876967554539679 0.9652432728454536 0.4462295335789679 0.9663272134704537
0 0.4838303203125001 0.24528485937500005 0.4547310495049734 0.2443603742306404 0.43194698997560854 0.9615157794686553 0.46104626078313526 0.962440264613015
0 0.5164571294949308 0.24438859117273362 0.4805784984375001 0.24311697812500008 0.4551558516472379 0.9604183351037973 0.49103448270466854 0.9616899481515307
0 0.5366724109375004 0.25070456093750015 0.5099561654727451 0.24975187275164634 0.4845671000952342 0.9617377174574088 0.5112833455599894 0.9626904056432626
0 0.5758715408605499 0.2522520775133115 0.5326076359374999 0.25070456093750004 0.5071045564313739 0.9636938912259071 0.5503684613544237 0.9652414078017184
0 0.6172319644083875 0.2600136321857661 0.5830108609375001 0.25829214375000015 0.5471638465291129 0.9708873396892341 0.5813849500000001 0.9726088281250002
0 0.6675582078125002 0.0545113593750001 0.6352770613719538 0.05223438563668052 0.570592712536419 0.9692783119809179 0.6028738589769654 0.9715552857192373
0 0.6886950437500002 0.26804760625000007 0.6457230051705027 0.2652213683984886 0.5991665165259358 0.9730978215746846 0.6421385551054334 0.9759240594261961
0 0.7334075828125001 0.27563518906250006 0.6838173125 0.27238336718750006 0.6379280754248178 0.9721940451609644 0.6875183457373178 0.9754458670359643
0 0.7773071671875003 0.07402228593750013 0.7417597557187293 0.07120918143100916 0.6701531526168186 0.9760562564228051 0.7057005640855896 0.9788693609292961
0 0.8122642421874999 0.0761901656250001 0.7740553453125001 0.0729383453125001 0.6970327533266499 0.9779539954453979 0.7352416502016499 0.981205815757898
0 0.8707970218750004 0.16507327500000013 0.8066237524801354 0.159113107808234 0.7307899523234581 0.9756175329548687 0.7949632217183231 0.9815777001466348
0 0.9447556976069971 0.16759501170746177 0.8800398267943169 0.1605031586467527 0.7895014953125001 0.9867000515625002 0.8542173661251804 0.9937919046232091
0 0.9634739203125001 0.3244125046875001 0.9314906449536255 0.32078282379739437 0.8558615045782962 0.987196124308962 0.8878447799371708 0.9908258051990678
0 0.9846107578125001 0.3222446234375001 0.9645721519759058 0.3197884350843399 0.8824636707259057 0.9896635647718399 0.9025022765624998 0.9921197531250001