0 0.14913324829390312 0.904090068822128 0.1472827307835973 0.36525051596479746 0.10458946249999998 0.3653971359375 0.10643998001030579 0.9042366887948304
0 0.19064117475718706 0.9031408249784727 0.18817503437500002 0.36621093750000006 0.149096879930313 0.36639042502152724 0.15156302031250002 0.9033203125
0 0.2022096390625001 0.31982421875000006 0.19248657563358465 0.3197529430155571 0.18821517407108462 0.9024352352030572 0.1979382375000001 0.9025065109375001
0 0.27665406718750024 0.21158854218749998 0.20279042348647183 0.21095630469007523 0.19668842036147166 0.9238469296900751 0.2705520640625001 0.9244791671874998
0 0.35720049531250014 0.20996093750000006 0.28587558076573016 0.20904726288875536 0.2767214874840423 0.9236505943527986 0.3480464020308123 0.9245642689640432
0 0.4385041249727217 0.16144489258738817 0.37682479353357645 0.1590315236964583 0.3466284220503665 0.930770983823027 0.40830775348951176 0.933184352713957
0 0.49635339936669387 0.31295384001105253 0.44638633750000006 0.31087239531250005 0.42135313344580627 0.9118182943639477 0.4713201953125001 0.9138997390625001
0 0.5262649669272796 0.3404146699789569 0.5037593843750001 0.3393554687500001 0.4768734896218567 0.9106187068550741 0.49937907217413635 0.9116779080840309
0 0.5525411992541324 0.34139646098604914 0.5293941499999999 0.34016927031250005 0.49942996480836765 0.9053483296389511 0.5225770140625001 0.9065755203125001
0 0.5695947184023107 0.4550364378765853 0.5470662443096533 0.45398646776249835 0.5262382156250001 0.90087890625 0.5487666897176574 0.9019288763640869
0 0.5939704406250003 0.4549153640625 0.5701465500912772 0.45389927582135553 0.5512303438412772 0.8974214117588557 0.5750542343750003 0.8984375
0 0.6562831675274203 0.23134346132718253 0.6203365328125 0.22949218750000006 0.5842105944429387 0.9309583300213096 0.620157229157859 0.9328096038484919
0 0.6800086718750001 0.33610026093750006 0.6521090047517298 0.3346353056288251 0.6215234950517342 0.9171278460990665 0.6494231621750044 0.9185928014077416
0 0.7117847430928522 0.33605302996897596 0.6819820406249999 0.33447265625000006 0.6513442408597516 0.9122405726039995 0.681146943327604 0.9138209463229753
0 0.7569236884730419 0.3345733944429999 0.7155513765625 0.3328450515625001 0.6916568078742914 0.9048227302338626 0.7330291197848334 0.9065510731143623
0 0.7984219049618487 0.3368381059283253 0.7582087628420349 0.335283859625886 0.7367572937500001 0.8902994796875001 0.776970435869814 0.8918537259899393
0 0.835622248390228 0.2665995893931258 0.8016109468750001 0.26529947968750006 0.7777569925550227 0.8893268438373472 0.8117682940702509 0.8906269535429729
0 0.8514828181853364 0.3171554395799419 0.8326175085270776 0.31650131364777934 0.8130323203125001 0.8813476562500002 0.8318976299707588 0.8820017821821627
0 0.8813747453125002 0.25716145781250016 0.867938924810189 0.25664416044121163 0.8435309169976888 0.8905959838787115 0.8569667375 0.89111328125
0 0.9009474490446943 0.2551700176183185 0.8875118161253421 0.25464182928792556 0.8624473108306481 0.8922126976071072 0.8758829437500001 0.8927408859375001