0 0.1038141458038729 0.17106926700765115 0.06220447413464647 0.17031550445706162 0.050887500000000085 0.7950421875000001 0.09249717166922652 0.7957959500505896
0 0.14524324843412778 0.17332255523960843 0.106181877948251 0.17266648175212768 0.0957386295141233 0.7944376765125193 0.1348000000000001 0.79509375
0 0.1856250000000002 0.22948750000000007 0.15550769873076112 0.22891861530437424 0.14494687499999995 0.7880187500000001 0.17506417626923904 0.7885876346956259
0 0.22161875000000014 0.2422390625 0.19227683541766258 0.24171634511087886 0.18260625000000014 0.7845593750000002 0.2119481645823377 0.7850820923891213
0 0.26514088585446893 0.23546680548784432 0.22212648203995636 0.23468833414792473 0.21180590868548754 0.8049512161600806 0.25482031250000015 0.8057296875000002
0 0.3376116727021873 0.20411567177605713 0.2865265625000001 0.20326406250000004 0.2765545161965967 0.8014528078237791 0.3276396263987839 0.8023044170998362
0 0.3967608488609537 0.20989270338456528 0.34411250000000004 0.2084562500000001 0.3279767426685694 0.7998579552339015 0.38062509152952306 0.8012944086184668
0 0.42909086116519657 0.18522459045096717 0.40144843750000014 0.18429687500000008 0.38102524161410095 0.7928311326614514 0.40866766527929743 0.7937588481124185
0 0.4583968050775057 0.18564067286266864 0.4315665307122326 0.1848102836277118 0.41274785063472696 0.7928508607650432 0.43957812500000004 0.7936812500000001
0 0.4861208128664365 0.2786398529695518 0.46109687499999996 0.2776078125000001 0.43994589304344034 0.7904567500275989 0.46496983090987687 0.7914887904971506
0 0.5194205230314671 0.21842095896953145 0.49179438676299336 0.2172835750231271 0.4679004262315263 0.7976485535535958 0.4955265625000001 0.7987859375000002
0 0.5495828125 0.2181375000000001 0.5211307369174324 0.21708181872308155 0.49940261191743235 0.8026849437230815 0.5278546875 0.803740625
0 0.5763734375000003 0.2510515625000001 0.5513638536878531 0.24996592857238298 0.5277872911878531 0.7930956160723831 0.5527968750000001 0.7941812500000002
0 0.6040546875000002 0.2514156250000001 0.5763961896304817 0.2501731487626882 0.5518140625000002 0.797390625 0.5794725603695187 0.798633101237312
0 0.64977646781578 0.14071286566859872 0.6270072143311745 0.13962929182984804 0.5946671875000001 0.8191937500000002 0.6174364409846057 0.8202773238387507
0 0.7115130005159334 0.23748890121933472 0.6475473171500071 0.23413808349839668 0.6175764220622504 0.8062697077874533 0.6815421054281765 0.8096205255083915
0 0.7747734375000002 0.24297812500000013 0.720605185141286 0.23982590946400922 0.6876814635769375 0.8055932048545676 0.7418497159356517 0.8087454203905585
0 0.8405078125000001 0.26489375000000004 0.7797820859195865 0.26134730824223296 0.7475627372231133 0.8130392556021402 0.8082884638035267 0.8165856973599073
0 0.9003312500000001 0.25825000000000004 0.8485256563286951 0.2555348818687264 0.8195625668800423 0.8081627864007187 0.8713681605513474 0.8108779045319924
0 0.9498849574233814 0.24537124256431803 0.8985731607287016 0.24344097033284492 0.8775768298876037 0.8015795799477594 0.9288886265822833 0.8035098521792327