0 0.10743203750000001 0.9400906171874999 0.06109358750000007 0.18783602187499998 0.01742646765264804 0.19052589131853584 0.06376491765264798 0.9427804866310359
0 0.150518665625 0.9390066765625 0.11103261693163011 0.18219076066486917 0.06515836406249999 0.18458419999999998 0.10464441275586986 0.9414001158976308
0 0.19848302500000006 0.9292512140624997 0.16096081686220304 0.12225181466084652 0.10255430468749997 0.12496748124999998 0.140076512825297 0.9319668806516532
0 0.24402375720905875 0.9361542233244118 0.21292143708875222 0.12094605111182462 0.16433890468749998 0.1227996015625 0.19544122480780654 0.938007773775087
0 0.29034696875 0.9422584984375 0.2659140537241157 0.08547756248264504 0.21149030937500002 0.0870295703125 0.23592322440088428 0.943810506267355
0 0.3456279265625 0.9433424390625001 0.3292290035897515 0.09469839979361852 0.27317696688934656 0.09578153122420927 0.2895758898620951 0.9444255704930908
0 0.39034046562500013 0.948762140625 0.37245545 0.2767191296875 0.3293416634961586 0.27786651271615237 0.34722667912115873 0.9499095236536524
0 0.43505300468749997 0.9422584984375 0.42448458593750005 0.28430671093750004 0.37891861581168096 0.28503861905324424 0.3894870345616809 0.9429904065532442
0 0.472448946875 0.9509300203125 0.46757121562500004 0.2897264140625 0.4252838509475871 0.29003837001406685 0.43016158219758704 0.9512419762640668
0 0.5147226203125 0.9541818421875 0.504894797281908 0.29025786583961877 0.4651168410596374 0.29084668433119 0.4749446640902294 0.9547706606790711
0 0.5667784560306504 0.9531437832231247 0.5512330774396721 0.29532882209978595 0.5073067932840217 0.29636688106416154 0.522852171875 0.9541818421875001
0 0.6000947460132665 0.9497263424000646 0.59764405625 0.3005658171875 0.5553587092920305 0.3007254514580714 0.5578093990552969 0.949885976670636
0 0.6472343265625 0.9585176031249999 0.6390987973259274 0.3011668880321322 0.5960590069644847 0.30169955874318793 0.6041945362010572 0.9590502738360556
0 0.693572775 0.9585176031249999 0.689508 0.3005658171875 0.6439574572083702 0.3008472249008509 0.6480222322083702 0.958799010838351
0 0.7383073104778106 0.9603616299523366 0.7333969168154767 0.30673363564023753 0.68869504375 0.30706945937499996 0.6936054374123339 0.9606974536870989
0 0.778120121875 0.3124891609375001 0.7366594046875 0.3124891609375001 0.7366594046875001 0.958517603125 0.778120121875 0.958517603125
0 0.8196352534950367 0.20892705324951538 0.7846237640625 0.2084308875000001 0.7739948927679389 0.9584476215709834 0.8090063822004756 0.9589437873204988
0 0.8594156484375002 0.21927029062500014 0.8269956026172001 0.21848246918830094 0.8089880163258496 0.9595219300141166 0.8414080621461497 0.9603097514508157
0 0.9009069728997023 0.22245487954274062 0.8620278843073471 0.22142116667523423 0.8423435875 0.9617694234374999 0.8812226760923553 0.9628031363050065
0 0.9415241281250003 0.22577393281250008 0.901814728525278 0.22401946748385687 0.8691439033642799 0.9634691621518099 0.9088533029640022 0.9652236274804531
0 0.9707905171875003 0.26479578593750014 0.9391000782393626 0.2633801472624428 0.9081929625000003 0.9552657828125002 0.9398834014481381 0.9566814214875576
0 1.0000643011028754 0.2614521802946193 0.9748552937499998 0.2604600234375001 0.9472074207721242 0.962945147830381 0.9724164281249997 0.9639373046875003