0 0.9872908378001309 0.8543699865209439 0.978050104710858 0.8208239791348444 0.4832936419107269 0.9571118051139008 0.49253437499999997 0.9906578125000003
0 0.9788671201738703 0.818280160187518 0.969377171504805 0.7840613102513004 0.47522098883093455 0.9211061500637822 0.4847109374999999 0.9553249999999999
0 0.977507765186225 0.7856347245345784 0.9685844506761988 0.7527244582370092 0.46904699798997396 0.8881694212024309 0.47797031249999994 0.9210796875000001
0 0.9667859506636326 0.7470624992651211 0.9575421875 0.7142890625 0.46132612771218257 0.8542470341812344 0.4705698908758153 0.8870204709463556
0 0.9637138687193835 0.7109903137436262 0.9567339734806385 0.6863941716713726 0.433798229761255 0.8347929204277464 0.4407781249999999 0.8593890625
0 0.959058668710847 0.679972997200701 0.9516171406052825 0.654286433762901 0.4274834718944357 0.8061306240622 0.43492499999999995 0.8318171875000001
0 0.9514148120982284 0.649845610746194 0.9444797642907506 0.625784462522877 0.4220546875 0.7763609375 0.4289897353074778 0.800422085723317
0 0.9473785240927753 0.6209714438471653 0.9398114269681818 0.5952449350616329 0.4165140625 0.7491656249999998 0.4240811596245936 0.7748921337855321
0 0.9479448245965683 0.5907859178226398 0.9373289228463954 0.554323344135336 0.40857628574982685 0.7082671138126962 0.4191921874999999 0.7447296875000001
0 0.9399298103374072 0.5492330208792362 0.9296136197032396 0.513071693575484 0.3992791218658326 0.664366797696248 0.40959531250000003 0.7005281250000002
0 0.9255024093846231 0.5110335081682689 0.9134657826268089 0.4675070567224381 0.3851180607421857 0.6136141735541691 0.39715468749999994 0.6571406249999999
0 0.9053687928435284 0.462184457579877 0.8973781249999998 0.43288125000000005 0.4398921446564713 0.5576327299201231 0.44788281249999995 0.5869359375000001
0 0.9048069050347849 0.4315538789899393 0.8966031250000001 0.40154531249999986 0.4330944978183435 0.5282598899156927 0.44129827785312836 0.5582684564056322
0 0.9119732335249303 0.3963891002419332 0.9009232406767305 0.35568553394960395 0.395240625 0.49296562499999996 0.4062906178481997 0.5336691912923293
0 0.8991207994804039 0.3554662700429758 0.8883732688825681 0.31543715659899857 0.37913840690216416 0.45216307405602285 0.3898859375 0.49219218750000004
0 0.8886039043952285 0.3154135915318797 0.8823375 0.2909437500000001 0.34244922060477156 0.42920203346812047 0.348715625 0.45367187500000006
0 0.885980177110141 0.28684203063273006 0.8793992530901014 0.26094985102582313 0.3353347009799603 0.39923282039309316 0.34191562500000006 0.42512500000000014
0 0.8992440614168237 0.2541934005243663 0.8883730928687681 0.20989411714997158 0.3372785337304272 0.3451317815781997 0.3481495022784826 0.3894310649525944
0 0.8853372846899333 0.1989113417581987 0.8760472355678172 0.15831811663520953 0.3222898152681351 0.2850494522394592 0.33157986439025133 0.32564267736244834