0 0.7201046875000001 0.31230156249999996 0.2200234375 0.22957656250000005 0.21551003190772938 0.256860569877935 0.7155912819077296 0.339585569877935
0 0.7180640625000001 0.3424218750000001 0.212384375 0.2605453125 0.20770394444792997 0.2894522253779829 0.7133836319479301 0.37132878787798296
0 0.7119329034388769 0.3728117684569793 0.2057445718891636 0.29324696650999954 0.20233140620953455 0.3149614005109222 0.7085197377592479 0.39452620245790204
0 0.7065844416669276 0.3942375044060177 0.2044004142094063 0.3185681957673549 0.20100777549067805 0.34108365158597403 0.7031918029481993 0.4167529602246368
0 0.6818546875000001 0.4129375000000001 0.19896718750000003 0.3482140625000001 0.19593910996868696 0.3708058908296056 0.678826609968687 0.43552932832960567
0 0.6795945255425657 0.4339300541655769 0.19577520581916047 0.37570763326585294 0.19324843750000004 0.3967046875000001 0.6770677572234053 0.45492710839972406
0 0.6852408148845828 0.4577689861300251 0.18945781250000007 0.40028125000000003 0.18550795361248223 0.4343454353389358 0.681290955997065 0.4918331714689609
0 0.6777679748811705 0.4936244422997843 0.1796562116564719 0.4408698352654983 0.1760555540259682 0.4748674332370462 0.6741673172506668 0.5276220402713323
0 0.7293921875 0.5502859375 0.17361093750000003 0.48185625 0.1704276252755909 0.5077108945535409 0.7262088752755909 0.576140582053541
0 0.6514000000000002 0.5672656250000001 0.1672718750000001 0.5113640625000001 0.16465031697216898 0.5340677207849107 0.648778441972169 0.5899692832849107
0 0.6418108609774617 0.5919826925709448 0.16509705876761824 0.537480113301349 0.16206093750000009 0.5640359375000001 0.6387747397098436 0.6185385167695958
0 0.7040953125 0.6445234375 0.15518249400923836 0.5721176938550507 0.15114062500000003 0.602759375 0.7000534434907617 0.6751651186449491
0 0.6995062500000002 0.6849687500000001 0.14753133443058825 0.6113063965549229 0.1434437500000001 0.6419359375000001 0.695418665569412 0.7155982909450773
0 0.6210031250000001 0.7133828125000001 0.1414769572669014 0.6474136226153864 0.1368203125000001 0.6812625000000001 0.6163464802330988 0.7472316898846136
0 0.6155671875000001 0.752065625 0.13633435733889912 0.684715363002379 0.13138435733889914 0.7199372380023789 0.6106171875 0.7872874999999999
0 0.7557495448985281 0.8232955614396985 0.11590940325362453 0.7292503923811455 0.1141328125000001 0.7413375 0.7539729541449036 0.835382669058553
0 0.7532669796418465 0.8412714453232644 0.11594218750000014 0.7440562500000001 0.11373390739794434 0.7585333248271787 0.7510586995397907 0.8557485201504431
0 0.6777887923372299 0.8395017353920655 0.11905112409282778 0.760925541571545 0.11689843750000013 0.7762328125000001 0.6756361057444022 0.8548090063205207
0 0.6732687500000001 0.85606875 0.1178593750000001 0.7771890625000001 0.11511399580563483 0.7965198863255942 0.6705233708056347 0.8753995738255942
0 0.6675734375000001 0.881 0.11302601126889164 0.8036250031077957 0.1094642718082421 0.8291520277299831 0.6640116980393506 0.9065270246221875
0 0.6612328125000001 0.910515625 0.1076121363711279 0.8340889137707522 0.10427500000000008 0.8582625 0.6578956761288722 0.9346892112292478