0 0.12391635495701245 0.9929721535878133 0.07891349553143936 0.2789571232801263 0.017988195611021416 0.28279711626542514 0.0629910550365945 0.9968121465731121
0 0.19061092348713524 0.9841525385760101 0.13810455740658195 0.2780117781919002 0.08035144641944666 0.28230611461589006 0.1328578125 0.988446875
0 0.2552053724353413 0.9518486688280076 0.20292246224639018 0.3118764622315794 0.1603702148110489 0.31535279340357186 0.21265312500000003 0.955325
0 0.30193793548178327 0.9466536723634462 0.24557812589141498 0.30949581158635425 0.20181206540963167 0.31336713922290804 0.25817187499999994 0.9505250000000001
0 0.3296391279845091 0.940978365114165 0.27136718957407563 0.3104392802871827 0.24886690294256736 0.3125186681449047 0.30713884135300085 0.9430577529718869
0 0.3555700559377971 0.9362198340625246 0.2945170553202279 0.30923016531776937 0.2701935045085176 0.31159866648574214 0.3312465051260868 0.9385883352304976
0 0.39652709008709347 0.9282408998889004 0.3400121967619011 0.3458162176081364 0.29947187500000005 0.34975000000000006 0.3559867683251924 0.9321746822807638
0 0.4502954964585273 0.9191013176854261 0.3914567310105718 0.34585977465480394 0.3391982488723268 0.35122369953181537 0.3980370143202822 0.9244652425624376
0 0.5031385055681101 0.9134712742719525 0.4429586641650699 0.3452999061976082 0.39313578359695994 0.35057706942565586 0.453315625 0.9187484375000002
0 0.5483205271440018 0.9121242432092638 0.48733489268350433 0.3350728665713752 0.44542842803950256 0.3395017483621115 0.5064140625 0.9165531250000001
0 0.5759640625000001 0.906384375 0.516870017879848 0.33602020243196173 0.48895383207992715 0.3389125305420136 0.5480478767000793 0.9092767031100518
0 0.6063602176363793 0.9033221506623231 0.5460244330566828 0.33339896441272615 0.5187085007664064 0.336290807113679 0.5790442853461029 0.906213993363276
0 0.6405266417436236 0.9085794403925934 0.5695140624999999 0.2795609375 0.5415889343203363 0.28271352421824053 0.61260151356396 0.9117320271108339
0 0.6682150906550138 0.9035447555727174 0.6005225873278033 0.2772191401391721 0.5768512466727894 0.2797775095664546 0.6445437500000001 0.9061031249999999
0 0.6997938298101839 0.9000437769063525 0.6370320957222199 0.28146078726150464 0.6078492034120361 0.2844216978551519 0.6706109375 0.9030046874999998
0 0.734596839995564 0.8920346292377721 0.6725857752706218 0.2815288587745619 0.6391764352750577 0.2849223545367897 0.7011875 0.8954281249999999
0 0.7669093750000002 0.8904953125000002 0.7040984375000001 0.27758906250000004 0.6725482185151652 0.2808223446418737 0.7353591560151652 0.8937285946418738
0 0.8058721127698973 0.8865003541439554 0.7431403167360456 0.289143098334465 0.7097260164661485 0.2926521191905096 0.7724578125000001 0.890009375
0 0.8418671874999999 0.8782187499999999 0.7819750000000001 0.2846640625 0.7504079667071654 0.28784931015553833 0.8103001542071653 0.8814039976555381
0 0.8769097005535352 0.8726739945296312 0.8229630708906978 0.263075826005544 0.7932921875 0.2657015625 0.8472388171628376 0.8752997310240872
0 0.9176390625000002 0.8691390625000002 0.8690218750000002 0.25744218750000003 0.8411682807400753 0.259655969309305 0.8897854682400753 0.8713528443093053
0 0.9916133243624919 0.8815947378808001 0.9401071436220875 0.23666646343451792 0.9067963780106659 0.23932677525858267 0.9583025587510704 0.8842550497048649
0 1.027009300026855 0.8733631278422818 0.979447348565572 0.23829842366750267 0.9508712249780782 0.24043857756691694 0.9984331764393612 0.8755032817416961