0 0.11730922500000003 0.8390842828125 0.0814549393301985 0.2605809622848986 0.0306285625 0.26373106250000006 0.06648284816980154 0.8422343830276017
0 0.1776867203125 0.8390842828124999 0.1378637665240752 0.2649460267368496 0.088008378125 0.26840405937499995 0.12783133191342477 0.8425423154506504
0 0.2159650921661357 0.8382007586659602 0.18116875146273484 0.3135303743329648 0.147498003125 0.31576343125 0.18229434382840087 0.8404338155829955
0 0.2683075243969648 0.8343548981512683 0.24437380855858876 0.31185016926176423 0.18478999375 0.31457945 0.2087237095883761 0.837084178889504
0 0.3581519553715032 0.8406306120345779 0.3453732190090829 0.27101151618693103 0.25049489999999996 0.27314 0.26327363636242024 0.8427590958476469
0 0.3765773015625001 0.84145224375 0.3665297857892295 0.3178300994791405 0.3508281218750001 0.31813139062500007 0.36087563764827063 0.8417535348958596
0 0.4227483703125 0.8402683031249998 0.41830883124999996 0.32523527343749997 0.36769183921273124 0.3256715874220847 0.3721313782752313 0.8407046171095847
0 0.4788707500000003 0.3262310625000001 0.4174215601019381 0.3261028709496451 0.4163465014116355 0.8414370363376114 0.4777956913096976 0.8415652278879662
0 0.5101214226616064 0.34435143217072844 0.4822379937500001 0.3441790375000001 0.47921581327589385 0.8329920272042719 0.5070992421875002 0.8331644218750002
0 0.5390638234375003 0.3441790375000001 0.5115424112562945 0.34386555892721404 0.5059829865972449 0.8319474593015761 0.5335043987784508 0.8322609378743622
0 0.6100962000000002 0.2707720390625 0.5492043725533664 0.26934204302007975 0.5357974464061879 0.8402332967902855 0.5966892738528217 0.8416632928327058
0 0.6790660625000002 0.2715435625000001 0.614583675613428 0.26935674422410305 0.5952691071843721 0.8388825652385128 0.6597514940709444 0.8410693835144099
0 0.7095414312500001 0.3228673125000001 0.6811588893074165 0.3219397604777475 0.6642887268074165 0.8381567307902476 0.6926712687500001 0.8390842828125
0 0.7435191875000002 0.31972064531250005 0.7123402579029106 0.318427111000077 0.690748940806604 0.8388571832361322 0.7219278704036936 0.8401507175485554
0 0.8196416015624999 0.2648521171875001 0.754887000535361 0.26133474386013056 0.7234541588403912 0.8400111974708073 0.7882087598675303 0.8435285707981768
0 0.8951339868076948 0.26809958138077794 0.8294085515624998 0.2636681375000001 0.7906982108424856 0.8378047080540971 0.8564236460876806 0.8422361519348749
0 0.9679216968750002 0.26840405937500017 0.9051589500477537 0.263589199256541 0.8611332892650226 0.8374732444057233 0.9238960360922691 0.8422881045241825