0 0.19383643750000004 0.8572048609375003 0.057965187499999994 0.2940538203125 -0.0016969315063541713 0.3084484784099891 0.13417431849364586 0.8715995190349893
0 0.253229259375 0.859375 0.1149172078125 0.29622395781250005 0.058303745379414865 0.3101284408882313 0.1966157969419149 0.8732794830757313
0 0.28740047187500006 0.874565971875 0.14336085884803212 0.2993499393033562 0.1099246341939435 0.30772269073506775 0.25396424722091143 0.8829387233067116
0 0.3329620875 0.8778211796875001 0.20359964062500008 0.19205729218750003 0.15146788252404378 0.20189142301702012 0.28083032939904373 0.8876553105170201
0 0.3785500830357159 0.880153708479894 0.26624394484390307 0.18878411176464283 0.212694803125 0.19748263906249997 0.32500094131681284 0.8888522357777513
0 0.42854902648851967 0.8762136294687057 0.3459796921875001 0.3059895828125 0.2927967094833604 0.31369056193425743 0.37536604378438 0.883914608590463
0 0.4732364714934665 0.872917694553567 0.4021181140625 0.30164930468749995 0.3503133525980212 0.3080985842342302 0.4214317100289876 0.8793669741002972
0 0.50219095 0.8723958328125001 0.4321962950906938 0.285163284316208 0.40312449062500005 0.28862847187499996 0.4731191455343063 0.8758610203712921
0 0.5407904166274969 0.8740909163309961 0.5005637484375001 0.361328125 0.46161743854808324 0.36438349545907656 0.5018441067380801 0.8771462867900727
0 0.5689859158592749 0.9013684592388378 0.5461253656249999 0.37217882031249994 0.5071763468964736 0.37386138537750335 0.5300368971307486 0.903051024303841
0 0.5965770708747629 0.8932714414137068 0.5786693781250001 0.34613715312500004 0.5487206038516831 0.3471173758224223 0.566628296601446 0.8942516641111291
0 0.62097659375 0.8854166671874999 0.6095861890625 0.3407118046875 0.5810772642637241 0.34130795906947703 0.5924676689512242 0.886012821569477
0 0.6528486578125 0.8930121531250002 0.6479643841861639 0.33498117303211866 0.613085428125 0.33528645781250005 0.6179697017513361 0.8933174379053815
0 0.6959694734375003 0.31467013906250013 0.6554469258089081 0.31403713126110516 0.646497322683908 0.8869537968861053 0.6870198703125002 0.8875868046875002
0 0.740717490625 0.3157552078125001 0.7020068919663591 0.3144979719702947 0.6832940857163592 0.8906698469702947 0.7220046843750001 0.8919270828125001
0 0.8562487328125001 0.3027343750000001 0.754541360521374 0.29420511539666167 0.6979100892386222 0.9695061449749109 0.7996174615297483 0.9780354045782496
0 0.9791023781250002 0.34179687500000017 0.8987676633845348 0.3284889000344151 0.7905588227595346 0.9817007047219152 0.8708935375 0.9950086796875002