0 0.21027117249338018 0.28768683704333375 0.18412031250000005 0.2824421875000001 0.09600851500662003 0.7217850379566665 0.12215937500000011 0.7270296875000002
0 0.2340228242591183 0.2964196785751469 0.210965625 0.29168593750000005 0.12035061324088178 0.7330553214248532 0.14340781250000006 0.7377890625
0 0.2850127280016389 0.2876769322111891 0.240015625 0.27758906250000004 0.13432526031183173 0.7490226121303423 0.17932236331347057 0.7591104818415314
0 0.3304421481957487 0.30369971590987904 0.28761875000000003 0.29397968750000003 0.18094788567644043 0.7639380771452139 0.2237712838721891 0.773658105555093
0 0.38489656705708386 0.2704114815051217 0.3470625 0.261659375 0.22682249311612956 0.781439210943088 0.26465656017321343 0.7901913174482097
0 0.42955397369504855 0.285259148698781 0.38973749999999996 0.27520468750000004 0.26029095551931236 0.7878233978745681 0.30010742921436095 0.7978778590733491
0 0.4558649986720741 0.3525372805612109 0.4145669051147167 0.341529622353508 0.29060503144264277 0.8066048417922973 0.3319031250000001 0.8176125000000003
0 0.49763705288522375 0.36372775769310395 0.46085312500000003 0.35362968750000007 0.33557700961477627 0.8099691173068961 0.3723609375 0.8200671875000001
0 0.5423125000000002 0.38397343750000007 0.5056957602795008 0.37302085857641876 0.36858248739409244 0.8314189272414299 0.4051992271145918 0.8423715061650112
0 0.6218937500000001 0.36776718750000015 0.5673019809654796 0.34933814134701946 0.3945581620429519 0.8610515847058016 0.44914993107747253 0.8794806308587824
0 0.6849734375000001 0.3894875000000001 0.6279710137992904 0.36850339677763777 0.44162882629929034 0.8746940217776379 0.49863125 0.8956781250000002
0 0.7212312500000003 0.3916437500000002 0.6885651926179176 0.37926107476204873 0.500092902652564 0.8764595008397491 0.5327589600346466 0.8888421760777006
0 0.7663281250000001 0.4106140625000001 0.728208124574685 0.3952387830089692 0.5267912163568405 0.8946126403368198 0.5649112167821556 0.9099879198278507
0 0.811653125 0.4239250000000001 0.7731383216974107 0.40729197150111063 0.5599857626965956 0.9008598676847825 0.5985005659991851 0.917492896183672
0 0.8543796875000002 0.43978437500000006 0.8209042669867227 0.4246834025414782 0.5949318874374308 0.9256127599438635 0.6284073079507083 0.9407137324023853
0 0.898 0.4605421875000002 0.8632026685564431 0.4439566592139763 0.6240547894848513 0.945701787169309 0.6588521209284082 0.9622873154553329
0 0.9465890625000002 0.48186406250000013 0.9144811315658818 0.4651293761424862 0.657259898367289 0.9586457417253336 0.6893678293014073 0.9753804280828474