0 0.14103475937500004 0.8149556234375002 0.12401661875 0.41930770624999997 0.10333712262644175 0.42019720056501253 0.12035526325144179 0.8158451177525127
0 0.1625393191730251 0.8169084625805721 0.14325453906249996 0.41930770624999997 0.12248992145197488 0.4203148499194279 0.14177470156250002 0.8179156062500003
0 0.18505306206281089 0.8159358177314363 0.16026720716050807 0.3452047708764604 0.13955492343750003 0.34629535468750006 0.16434077833980282 0.817026401542476
0 0.20541024374197145 0.8150045780638813 0.18247032187500004 0.3443220546875 0.1601813630128149 0.3454083643535715 0.18312128487978632 0.8160908877299529
0 0.23130506562500006 0.8110090218750001 0.20608682045186494 0.33033418377089274 0.1839501578125 0.33149556718750006 0.2091684029856351 0.8121704052916074
0 0.2560981410689581 0.8184160057752738 0.23039449358757563 0.3292348906759532 0.2061477515625 0.33050891718750003 0.23185139904388255 0.8196900322868206
0 0.300609198880495 0.8181107353519936 0.2763978477303236 0.26738652658442674 0.23204495937499994 0.2693364015625 0.2562563105251713 0.8200606103300669
0 0.3445293391130938 0.8213234498933982 0.324189165625 0.2686040109375 0.2779194296192099 0.2703067454376361 0.29825960310730365 0.8230261843935344
0 0.378551145892279 0.8179799189508378 0.36301078877194703 0.3068260991719646 0.3304543890625 0.30781589531250003 0.34599474618283194 0.8189697150913732
0 0.41337894491726823 0.8200927264191904 0.4007467828125 0.30584256093749995 0.36742202851198935 0.30666115804583793 0.3800541906167576 0.8209113235275284
0 0.45476097812500005 0.8258088093750002 0.4398448805403351 0.2728670353433508 0.40065761269115663 0.27392414684905747 0.4155737102758216 0.8268659208807069
0 0.4939767609375 0.8277821093749997 0.49182837022765125 0.2740770408244731 0.44218234531249995 0.27426966875000003 0.44433073602234874 0.8279747373005266
0 0.52801314375 0.21803043906250008 0.492646196875 0.21803043906250008 0.4926461968750001 0.837648678125 0.5280131437500001 0.837648678125
0 0.5642692046875001 0.21901708906250011 0.5309737535477184 0.21884037301896336 0.5276999233352543 0.8356697887160539 0.560995374475036 0.8358465047595904
0 0.5879541043861269 0.3593448290913328 0.5650090968750001 0.3591218406250001 0.5605313973804985 0.8198669644584591 0.5834764048916253 0.8200899529247918
0 0.6101442765625003 0.3591218406250001 0.5879495571789949 0.35886926240393013 0.5827259505601396 0.8178814550790886 0.6049206699436449 0.8181340333001585
0 0.657499134375 0.2762429703125 0.6183192071852555 0.2754532213111274 0.6072151193517188 0.8263337568615017 0.6463950465414633 0.8271235058628742
0 0.7026359613495413 0.2771575305687599 0.6626785859375001 0.2762429703125001 0.6500220170905111 0.8292117543658039 0.6899793925025524 0.8301263146220637
0 0.7482788344842717 0.2756977186577273 0.7079078931473861 0.2746362402523462 0.69328747612989 0.8306908851155528 0.7336584174667755 0.8317523635209338
0 0.7936444625000003 0.27525632031250014 0.756362014113356 0.27390345780354763 0.7362302288968193 0.8286991139029161 0.7735126772834636 0.8300519764118686
0 0.8395195328125002 0.2762429703125001 0.8026293278727991 0.2747004974558836 0.7795677726625599 0.8262469926078937 0.8164579776022609 0.8277894654645103
0 0.8691163562500002 0.26933640156250005 0.8425367721260061 0.2680994387320238 0.8165900436113865 0.825637010844216 0.8431696277353806 0.8268739736746923
0 0.8964934015625003 0.26834975156250007 0.8713397224814428 0.2672788589638892 0.8474365967669367 0.8287278353008032 0.8725902758479943 0.8297987278994141
0 0.9239613015625002 0.2653488015625001 0.900296170535594 0.2642182394074032 0.8735177164862311 0.8247496714203832 0.8971828475131373 0.8258802335754801