0 0.81895625 0.9217578125000001 0.8189129915218709 0.8899455459748411 0.2754067415218707 0.8906846084748412 0.2754500000000001 0.9224968750000002
0 0.821363147924005 0.8590235026411502 0.27672520364390674 0.8584334085157097 0.276687055719902 0.8936427183745597 0.8213250000000002 0.8942328125000001
0 0.81896863621311 0.8287470895424974 0.25539077383229375 0.8285272051386915 0.25537838761918374 0.8602738655961941 0.81895625 0.8604937500000001
0 0.8179134089109457 0.7992288086967709 0.2555300573964966 0.7965121475171445 0.2553796875000001 0.8276406249999999 0.8177630390144494 0.8303572861796263
0 0.8158140625 0.7496453125000002 0.24375264972720628 0.747101760362399 0.24353613233146149 0.7957979303636401 0.8155975451042552 0.7983414825012414
0 0.8165890625000001 0.7015578125000002 0.25096836546854095 0.6979933682159978 0.2506437500000001 0.7495046875000001 0.8162644470314593 0.7530691317840025
0 0.83274231109817 0.6285398723419697 0.1768327360006961 0.6216050453931957 0.1760531250000001 0.6953421875 0.8319627000974739 0.702277014448774
0 0.8171054464511227 0.5817601703799615 0.21687219465196686 0.5738125514174981 0.21630937500000003 0.61631875 0.8165426267991558 0.6242663689624635
0 0.8111706320045153 0.543634463148345 0.22036531636840045 0.5354617768021376 0.2198609375000001 0.5719234375000001 0.8106662531361148 0.5800961238462075
0 0.813667099289917 0.5053846149999922 0.21457193067182975 0.4947218433956012 0.21394062500000008 0.5301921875000001 0.8130357936180873 0.5408549591043911
0 0.8110987405006076 0.4674738840134226 0.21867656250000006 0.4600484374999999 0.21824657199939237 0.4943542409865775 0.8106687499999999 0.5017796875000002
0 0.8080256761696555 0.41837713955224476 0.2290395377806847 0.40778547665656373 0.22813104911102927 0.45744739960431896 0.8071171875 0.46803906250000005
0 0.8091006844620582 0.3650730448901215 0.2312367203545766 0.3560831779436575 0.2304360358925183 0.407550758053536 0.8082999999999998 0.416540625
0 0.8081073622132804 0.3269217421999811 0.22920542744775102 0.3111504659769967 0.22814843750000008 0.34994843750000004 0.8070503722655294 0.3657197137229845
0 0.806835095666837 0.2848048027703335 0.2254928560324112 0.2708613058634747 0.22459057286557438 0.3084799405931412 0.8059328125 0.3224234375
0 0.8083 0.23984843750000007 0.8075334018868849 0.2050064826697741 0.22910996438688494 0.21773304516977401 0.22987656250000002 0.252575
0 0.80238125 0.20255625000000008 0.8015055480513835 0.16745131216147977 0.23200867305138356 0.1816575621614797 0.23288437499999998 0.21676250000000002
0 0.7964609374999999 0.16792812500000015 0.7955982461516402 0.12963449775793218 0.2438623086516402 0.14206418525793205 0.24472499999999994 0.1803578125
0 0.7952765625 0.12797187500000012 0.7945240378811634 0.08942173496462677 0.2487084128811635 0.10007642246462664 0.2494609375 0.1386265625