0 0.16108708437500005 0.8555432703124998 0.08336528080328484 0.14322976525920175 0.012316271874999998 0.15098204999999998 0.0900380754467152 0.863295555053298
0 0.19383216076154555 0.8590225045149378 0.12346040909510718 0.11602772686379077 0.08629519999999999 0.11954777968750001 0.15666695166643835 0.862542557338647
0 0.22697166733029958 0.8559572305137244 0.16407033398629495 0.11639003932547294 0.12694296249999998 0.11954777968750001 0.1898442958440046 0.8591149708757515
0 0.25538989375 0.8587950921875 0.19279233906250007 0.031748612499999995 0.15350331222750838 0.03472232324821735 0.21610086691500832 0.8617688029357173
0 0.29034696875000005 0.8609629718750001 0.23750487812499993 0.0393361953125 0.19917567184650328 0.04180129923745537 0.25201776247150337 0.8634280757999555
0 0.31677070866313384 0.862820506688055 0.2681655061615593 -0.0016381344749065746 0.2334401015625 0.0003143421875000024 0.2820453040640745 0.8647729833504616
0 0.34645935669906247 0.8591416337080654 0.3006552421875 -2.7755575615628915e-18 0.26580944209124746 0.001857762393573062 0.3116135566028099 0.8609993961016384
0 0.37498272492607415 0.8597753450509644 0.3382996160345027 0.0032926719530782106 0.30660607500000003 0.004650104687500001 0.34328918389157154 0.8611327777853862
0 0.4011528653359829 0.8613149375569149 0.374825757213048 0.004586979434789393 0.3374983734375 0.005734043750000001 0.3638254815604349 0.8624620018721256
0 0.4416102887350323 0.8610317952001798 0.42367163124999996 0.11304413749999997 0.3796154167377748 0.114100718225746 0.3975540742228071 0.8620883759259259
0 0.47734766512561383 0.859446076946565 0.4683841703125001 0.11846383906249999 0.4293155854296297 0.11893644291188957 0.4382790802427435 0.8599186807959546
0 0.5049881189141618 0.8640135390721811 0.49927497324114595 0.03261469356623094 0.46757121562500004 0.032832553125 0.4732843612980159 0.8642313986309503
0 0.5301739754509044 0.0362797037236987 0.4968376046875 0.03608437343750006 0.49195466673659566 0.8694391650263013 0.5252910375000001 0.8696344953124999
0 0.5651258453125001 0.0035661640625000712 0.5269436735484246 0.0031684331059003744 0.5180011657359246 0.8616491815434003 0.5561833375 0.8620469125
0 0.6057736078125 0.0035661640625000756 0.5619418115182098 0.0026138989945224816 0.5432438412057098 0.8632625286820226 0.5870756375 0.8642147937500001
0 0.6570668763582374 0.0028194097681145114 0.6033347421874999 0.0013982828125000762 0.5804949080167627 0.8649615480443856 0.6342270421875 0.866382675
0 0.7114577906250001 0.0035661640625000877 0.6554637850333233 0.0012009604807132813 0.6188807990958233 0.8672692917307133 0.6748748046875 0.8696344953125001
0 0.7449723577505295 0.12148285267385155 0.7082059703125 0.11954777968750008 0.6689857457127873 0.8647320612160266 0.7057521331508168 0.8666671342023781
0 0.7781201218750001 0.1249674812500001 0.7449540739723652 0.12310736203270065 0.7033460831681821 0.8649805727978643 0.736512131070817 0.8668406920151639
0 0.81632901875 0.12063172031250011 0.7824853572694112 0.11834764159750508 0.731807475738779 0.8692521773371282 0.7656511372193678 0.8715362560521234
0 0.8959986343750002 0.006817984375000141 0.831273302815544 0.0011177420855607578 0.7552492610149516 0.8643584715453688 0.8199745925744077 0.8700587138348082
0 0.9225008918874142 0.12499485180806655 0.8852138772165039 0.12162257031718235 0.8179549296875004 0.8652987343750003 0.8552419443584107 0.8686710158658844
0 0.9642868750000002 0.12279960156250014 0.9208408473602848 0.11836055092379952 0.8443230975848364 0.867257678316349 0.8877691252245518 0.8716967289550496
0 0.9928741314406135 0.12265059331946473 0.9642868749999998 0.11954777968750012 0.8823788645467016 0.8741935873657132 0.9109661209873152 0.8772964009976778
0 1.0125631562482362 0.13051953235617839 0.9919273546875003 0.12821930312500013 0.9085639132742171 0.87608886808283 0.9291997148349532 0.8783890973140082