0 0.07169695958234568 0.9352721147532244 0.061873872091419355 0.15706537452897834 0.023630021884073666 0.15754811602575386 0.03345310937499999 0.9357548562499998
0 0.10584610255652198 0.9385940399788192 0.09357370555427938 0.0669811949476699 0.0554029 0.06751864375 0.06767529700224259 0.9391314887811492
0 0.13833260674162767 0.9385988227920468 0.12775591875 0.0740222859375 0.08790055502665393 0.07450985150159486 0.09847724301828162 0.9390863883561418
0 0.16844803702892755 0.9408308172129212 0.15864360253745893 0.05843166115939945 0.1212522765625 0.0588471203125 0.1310567110539686 0.9412462763660218
0 0.22531054843750012 0.9400906171875001 0.21468519478890924 0.015957196643782874 0.15778584945202873 0.016611404849154292 0.1684112031006196 0.9407448253928715
0 0.28147402942335775 0.9373931938003723 0.272461953125 0.023077089062500004 0.2155392481536526 0.023638155150751575 0.22455132445201037 0.9379542598886239
0 0.3716424953125 0.9368387968750002 0.36919685523583423 0.07053868384974271 0.2822174560618151 0.07078423420956137 0.28466309613848084 0.9370843472348188
0 0.4619116649007383 0.07219164933210517 0.37164249531250004 0.07185440468750004 0.36839076577404783 0.9422342012453558 0.4586599353622861 0.9425714458899611
0 0.5317946796875003 0.07402228593750007 0.45945610384882596 0.07361639619632658 0.45456393125000016 0.9455103187500002 0.5269025070886745 0.9459162084911739
0 0.5724458188450585 0.9530516554998234 0.5716294875 0.17808055781250004 0.5277265280299416 0.17812680387517668 0.5285428593750001 0.9530979015625001
0 0.6115093491666995 0.9482655126008142 0.6025170858167209 0.18201567990798564 0.5601983585250215 0.18251230793217138 0.569190621875 0.948762140625
0 0.6537760324968607 0.9495305446755731 0.6480472812500001 0.18133237968750002 0.6057355440656396 0.18164791469942693 0.6114642953125001 0.9498460796874999
0 0.6937017950217529 0.9537290534916771 0.6830043578124999 0.1824163203125 0.6503571284157472 0.18286910900832293 0.6610545656250001 0.9541818421875
0 0.7472375689525848 0.0038626047444870206 0.6903209546875001 0.0035661640625000842 0.6854209727546114 0.9443627501140911 0.7423375870196961 0.944659190796078
0 0.8057716820418049 0.003906292536372423 0.7480605508477494 0.003556427089654414 0.7423500906250002 0.9455103187500002 0.8000612218190557 0.9458601841967182
0 0.8618545140625002 0.948762140625 0.850415820962773 0.1491430138638394 0.7935360979329549 0.1499566883665629 0.804974791032682 0.9495758151277235
0 0.9204967337464766 0.9463985683559628 0.9040134993204638 0.15959882576235102 0.8429324140114873 0.16087845740638826 0.8594156484375001 0.9476782
0 0.9837978015625 0.9476781999999998 0.9428328269601487 0.16404889580042825 0.8812731214490508 0.16726698853799657 0.9222380960514022 0.9508962927375683