0 0.2590566924553533 0.8215097875049532 0.21901446614390077 0.3485128930679124 0.20752270337604745 0.3494857446254592 0.2475649296875 0.8224826390625001
0 0.29613389135131896 0.8293315747547497 0.258141734375 0.34505208281250005 0.22080722772099787 0.3479810080737032 0.25879938469731684 0.8322605000159529
0 0.3297385593750001 0.8289930546874998 0.29719454843750004 0.341796875 0.25977238017840865 0.34429662254299187 0.2923163911159087 0.8314928022304917
0 0.3682153990675049 0.8303881855959621 0.3354337609375 0.33854166718749995 0.29890314275545565 0.34097643791594623 0.33168478088546055 0.8328229563244083
0 0.4079127995078521 0.8225030288906863 0.3777289767936297 0.33617816143506085 0.339647928125 0.3385416671875 0.3698317508392223 0.8248665346431254
0 0.45259220468750005 0.8235677078125002 0.4198562983286374 0.3326512513078902 0.37773637552182715 0.3354599447842991 0.41047228188068974 0.8263764012889091
0 0.49083141875 0.824652778125 0.4614817982015792 0.327760072052158 0.4233116622217161 0.3300146412853123 0.45266128277013695 0.8269073473581544
0 0.5283745739070713 0.8323658460579303 0.5022218234375 0.32335069531250005 0.4657719726327705 0.32522345656794244 0.49192472310234187 0.8342386073133726
0 0.5608010437500001 0.8333333328125001 0.5404531093474616 0.320980927150611 0.5081049593750001 0.322265625 0.5284528937775386 0.8346180306618891
0 0.5950489472073429 0.8299936080091175 0.57625945 0.3190104171875 0.5444523481051572 0.3201800044908824 0.5632418453125001 0.8311631953124999
0 0.6308401645638904 0.8356650162855882 0.6153122640625 0.31467013906249997 0.5821257499772154 0.315659240704825 0.5976536504786059 0.8366541179279132
0 0.6724541462548275 0.8325323114263767 0.6576194796875 0.3016493046875 0.6266661970137086 0.30251424408431854 0.6415008635810361 0.8333972508231954
0 0.7008136061404564 0.8260867750486243 0.6869090906249999 0.3483072921875 0.6616141704220434 0.3490434343263755 0.6755186859374999 0.8268229171874999
0 0.7333139050055555 0.8395687320484715 0.72840270625 0.34505208281250005 0.6985268173911001 0.34534878956324677 0.7034380161466556 0.8398654387992182
0 0.7707114605293117 0.8441331883444189 0.7698962434200841 0.29617227337390595 0.735155740625 0.2962239578125 0.7359709577342277 0.8441848727830129
0 0.8146443375000001 0.28862847187500007 0.7764051234375 0.28862847187500007 0.7764051234375001 0.8474392359375 0.8146443375000001 0.8474392359375