0 0.24245640182117997 0.045603150764440395 0.1965574133940294 0.03899999479271876 0.09010453022314861 0.7789612608330743 0.1360035186502992 0.7855644168047959
0 0.24961882074936975 0.19328855909484027 0.23914539409921223 0.19181660689462293 0.1566921875000001 0.7784984375 0.16716561415015763 0.7799703897002174
0 0.4172339477326397 0.1469935703024514 0.2756603575208767 0.12561671634969995 0.1788942863610366 0.7664743530751557 0.3204678765727996 0.787851207027907
0 0.4490350849045228 0.15997825937468538 0.41603900866241367 0.15508670426193957 0.3202152486341262 0.8014676646768206 0.35321132487623536 0.8063592197895664
0 0.4891062500000003 0.2137968750000001 0.4497032936129087 0.20792708651356628 0.3623620013654399 0.7942352877670167 0.4017649577525315 0.8001050762534504
0 0.5351296875000002 0.19615937500000014 0.49413326181927325 0.19013361171954354 0.40036764605233965 0.8280702380493852 0.4413640717330667 0.8340960013298417
0 0.6201586394161874 0.11777529636105624 0.5666044381890154 0.10925654010657779 0.45267918268613644 0.8254615676715685 0.5062333839133084 0.8339803239260469
0 0.6739164133156218 0.1329456686307188 0.6241753071375347 0.1251916510841929 0.5143323353722911 0.8298213335304944 0.5640734415503783 0.8375753510770203
0 0.7149642074101471 0.15038453994866935 0.6787777622815361 0.14490981455873972 0.5738843750000002 0.8382265625000003 0.6100708201286112 0.8437012878899297
0 0.7057375000000001 0.30341250000000014 0.6928843351440495 0.3014420272499676 0.6137640625000003 0.8175343749999999 0.6266172273559509 0.8195048477500325
0 0.7235640625 0.31687500000000013 0.7042877733716736 0.313874400523374 0.6279640625 0.8041890625000001 0.6472403516283265 0.8071896619766262
0 0.7703797320596877 0.276499442331664 0.7392054544424275 0.2714954411867813 0.6518180963104199 0.8159073395397828 0.6829923739276802 0.8209113406846654
0 0.7957411489903639 0.32979556952103267 0.7636078507423554 0.32468004072406026 0.6859734375000002 0.8123421875000002 0.7181067357480088 0.8174577162969726
0 0.8331663659415522 0.33851300712360305 0.8017656250000001 0.33334375000000016 0.7222534661062402 0.8163417211642378 0.7536542070477922 0.8215109782878406