0 0.22257867658712152 0.2672926207814691 0.17102968750000003 0.26410937500000004 0.13447444841287867 0.8560792542185309 0.18602343750000014 0.8592625
0 0.2779671485121819 0.2766618487519046 0.23101562500000003 0.27369843750000006 0.19400471738444539 0.8600897114084394 0.24095624089662726 0.8630531226603437
0 0.3369200485243044 0.29570529199702955 0.2838359375 0.29139375 0.2374174514756957 0.8629025205029706 0.2905015625000001 0.8672140625000001
0 0.3924460258308501 0.3030370730888586 0.3411234375 0.29878281250000005 0.293979085537862 0.8675232827509618 0.345301673868712 0.8717775433398203
0 0.4276500000000002 0.3113953125000001 0.39379932485624003 0.3080959767175403 0.33880869985623996 0.8722912892175403 0.3726593750000001 0.8755906250000001
0 0.46001875000000003 0.31512656250000004 0.43085058551161454 0.31235361487020935 0.37726718526217173 0.8759882885047414 0.40643534975055723 0.878761236134532
0 0.5104359375000002 0.31953750000000014 0.4618402363358496 0.3147477605904288 0.40592742177482155 0.882027563375664 0.45452312293897207 0.8868173027852354
0 0.5616359375000001 0.32520625000000014 0.5113290988873811 0.31977349197325666 0.45029784888738106 0.8849172419732566 0.5006046875 0.8903500000000001
0 0.5836315160220977 0.3286140140447268 0.5610253181693043 0.32633476996369304 0.5042468750000002 0.8894796875000001 0.5268530728527935 0.8917589315810339
0 0.6103187500000001 0.3299906250000001 0.5855410319216039 0.32731406886581166 0.5241675944216039 0.8954671938658118 0.5489453125000001 0.8981437500000002
0 0.666768494832428 0.2954194039663335 0.6191 0.289825 0.5473286190112192 0.9013707025213993 0.5949971138436473 0.9069651064877327
0 0.7149000000000001 0.2999281250000001 0.6695804098908519 0.2941280567523905 0.5916771088520604 0.9028356650952205 0.6369966989612086 0.90863573334283
0 0.740884375 0.34445468750000013 0.710081759573628 0.3405279086336376 0.6387519294175007 0.9000565710568585 0.6695545448438729 0.903983349923221
0 0.7846390624999999 0.3435281250000001 0.7422859374999999 0.3386343750000001 0.6771720779500906 0.9021644762004607 0.7195252029500906 0.9070582262004606
0 0.8555187500000004 0.2974343750000002 0.8008054727110505 0.29163955708385675 0.7339734375000002 0.9226515625000001 0.7886867147889502 0.9284463804161435
0 0.9021781250000002 0.35500000000000015 0.8589693814469905 0.3500443120296826 0.7927190976111379 0.9276818755169636 0.8359278411641476 0.9326375634872812
0 0.9470375000000002 0.3581421875000002 0.9032954541762219 0.3532508037781166 0.838864309965264 0.9294374664488746 0.8826063557890423 0.9343288501707583