0 0.11881341093750004 0.8772220781250001 0.05856476206205032 0.25767890109271085 0.0188199140625 0.2615439640625 0.07906856293794971 0.8810871410947894
0 0.1513316203125 0.8772220781250002 0.10092511515493238 0.26793688733166005 0.06028063281249999 0.27129942812499996 0.1106871379700676 0.8805846189183401
0 0.1767433995037318 0.8745768519876933 0.1444109981576353 0.2809871492245938 0.1033672609375 0.28322277187500006 0.13569966228359648 0.8768124746380994
0 0.20811488166783065 0.8706326856097822 0.1820423973882368 0.16667579797822035 0.13751138125 0.1683250953125 0.16358386552959386 0.8722819829440619
0 0.23425305624999995 0.8707184359374999 0.22519037062528863 0.17536328422478414 0.18303687499999996 0.17591267812499997 0.1920995606247113 0.8712678298377158
0 0.2692409159185132 0.18481592046515552 0.23018828125000002 0.18458420000000003 0.22611839141843243 0.870496515196961 0.2651710260869456 0.8707282356621164
0 0.3051125683581034 0.19406861836698333 0.26351944531250004 0.19325572343750003 0.25019855001874625 0.8748415187663975 0.2917916730643496 0.8756544136958808
0 0.34813285396349547 0.2830916259533413 0.31067085 0.28105489062500005 0.2788816220999803 0.8657593266976364 0.31634362606347577 0.8677960620259778
0 0.38139795781250013 0.28105489062500005 0.34858255307485175 0.278838465579326 0.30922761737091614 0.8615101629910686 0.3420430221085645 0.8637265880367428
0 0.4179809437500001 0.2929782343750001 0.3815644934860195 0.28991468323065417 0.33333248704006607 0.8632488242691474 0.3697489373040467 0.8663123754134933
0 0.45700279687500006 0.2973139953125001 0.4206254904462595 0.2932877691229525 0.3582197051234781 0.8571295079468971 0.3945970115522187 0.8611557341364448
0 0.4903339625000001 0.3005658171875001 0.4586823043148597 0.2968566384925365 0.39339674528639035 0.8539600753263429 0.42504840347153083 0.8576692540213063
0 0.5293558140625001 0.302733696875 0.4983694521776193 0.29852491941919784 0.42310632287312605 0.8526360801322831 0.4540926847580069 0.8568448575880853
0 0.5636796083739462 0.315706950321984 0.5301687687500001 0.3103212796875002 0.4428259886483283 0.8537874689408659 0.4763368282722743 0.8591731395753499
0 0.5960181453125002 0.31140522031250006 0.5672792904739756 0.3062795403634326 0.4710870348527762 0.8456138917777931 0.49982588969130076 0.8507395717268607
0 0.6504861468750002 0.21601847031250015 0.6118984366438663 0.20839987110107341 0.4857197753980474 0.8474865958894549 0.5243074856291812 0.8551051951008818
0 0.6919468656250002 0.22035423125000014 0.6555375031412637 0.2125183032282667 0.5202912862677078 0.8409350677832368 0.5567006487514443 0.8487709958049703
0 0.7252780312500002 0.22468999218750016 0.6933059388588007 0.21753393487700068 0.5529315171875002 0.8447038671875002 0.5849036095786998 0.8518599244979997
0 0.7366594046875001 0.35584677343750015 0.7018349918508611 0.3469100449175887 0.5748922274842855 0.8415773298279767 0.6097166403209244 0.8505140583478882
0 0.7659257937500002 0.36451829687500015 0.7361290208681572 0.35623953443615675 0.6019395132977516 0.8392119967744185 0.6317362861795947 0.847490759213262
0 0.79681809375 0.36343435625000015 0.769617233759626 0.35574918175722103 0.6329892799181804 0.8393293329566976 0.6601901399085545 0.8470145074494766
0 0.8309622140625 0.3634343562500001 0.7973313168137991 0.3534703488277667 0.6534897397880808 0.8389699166270365 0.687120637036782 0.8489339240492699
0 0.8642933796875003 0.35693071406250015 0.8373350211519675 0.34875130298274576 0.6905045662339651 0.8326868833098491 0.7174629247694979 0.8408662943896035
0 0.926890934375 0.27346730781250017 0.9039984447220032 0.2657673053004519 0.7125289545513034 0.8350156030430667 0.7354214442043002 0.8427156055551148
0 0.9512795921875001 0.2778030703125001 0.9278889004937152 0.2696825713148458 0.7331198760147526 0.8307050164136809 0.7565105677085375 0.8388255154113352
0 0.9740423390625003 0.2788870093750001 0.9535330285322139 0.27152520430857974 0.7519421256977628 0.833138883156353 0.7724514362280491 0.8405006882227735
0 0.9724164281249997 0.3840292234375001 0.9390447763203381 0.3719715828104136 0.7756812562500002 0.8241090015625001 0.8090529080546617 0.8361666421895866
0 1.009107530153873 0.3675787030566208 0.9783430656873093 0.35552406043801127 0.7954219667222026 0.8223541297599567 0.8261864311887661 0.8344087723785663
0 1.0304992892391216 0.3998236749973017 0.999747984375 0.38709677343750015 0.8202406972513329 0.8208302541070374 0.8509920021154544 0.8335571556668391