0 0.160773872356938 0.22265093443986897 0.14456105009468945 0.22167137358204245 0.11252201093750011 0.7519531250000001 0.12873483319974866 0.7529326858578267
0 0.18900043906250014 0.2756076390625001 0.16135230413270737 0.27423504123498926 0.13774362031250006 0.7497829859375 0.16539175524229283 0.7511555837650108
0 0.2142703767291066 0.27669198111890864 0.18986242591054703 0.27560559521246586 0.16866043125000013 0.751953125 0.19306838206855967 0.7530395109064427
0 0.23786476067493117 0.2764922688993202 0.2126787130771166 0.2755458754225596 0.19469564062500014 0.7541232640625001 0.21988168822281468 0.7550696575392607
0 0.2622320815899077 0.27756447821896313 0.23781645625000003 0.2766927078125001 0.22069319234712834 0.7562630086042897 0.24510881768703596 0.7571347790107529
0 0.2966701604288705 0.2366486040400529 0.2649857541519558 0.23544128040630077 0.24513767977099046 0.756324360071127 0.2768220860479052 0.7575316837048791
0 0.3232444875000002 0.23763020781250005 0.2940086614304116 0.23680643793721412 0.2793100718750001 0.7584635421875 0.3085458979445887 0.759287312062786
0 0.37053687359607873 0.2534076770739495 0.3257929795067428 0.2521731680284964 0.3118540828125001 0.757378471875 0.35659797690183603 0.758612980920453
0 0.41447213055925347 0.2525265519228622 0.3705355675001093 0.2515368104159458 0.3590407541283559 0.7618140788055836 0.4029773171875 0.7628038203124999
0 0.4583238105971619 0.2761627321117211 0.4127412814152584 0.27555103772301054 0.4062108051930967 0.7621921259237894 0.4517933343750002 0.7628038203124999
0 0.5014229531250001 0.2756076390625001 0.45830213750000015 0.2756076390625001 0.4583021375000002 0.767144096875 0.5014229531250002 0.767144096875
0 0.5527301609797572 0.768374916941746 0.5420841842292908 0.2790846503548899 0.4989129794995336 0.280023969350644 0.50955895625 0.7693142359375
0 0.5925461859375001 0.7714843750000001 0.5778467796546088 0.24762005466526 0.541263570553989 0.24864656369217442 0.5559629768368802 0.7725108840269145
0 0.6324448423994607 0.7691653605217408 0.61451339375 0.24848090312500007 0.5786827388505393 0.24971484729075932 0.5966141875 0.7703993046875001
0 0.64787100625 0.775824653125 0.6356629784591569 0.2624176135935307 0.6259052924768678 0.26264963632106253 0.638113320267711 0.7760566758525318
0 0.6706942415615503 0.7752987186817798 0.6568093781498989 0.23719494500647237 0.6364269444008486 0.2377208794496925 0.6503118078125001 0.7758246531249999
0 0.68204221875 0.7747395828125001 0.6689920675933146 0.26674523889065016 0.6592353034788514 0.26699588586736817 0.6722854546355368 0.774990229789218
0 0.7032106917204779 0.7753442491684178 0.6901408804615611 0.24370676787004714 0.6705996074910832 0.2441871718266293 0.68366941875 0.775824653125
0 0.7625886484375 0.7834201390625 0.7518968610470169 0.2295029975302408 0.7064150216647849 0.23038089445803359 0.717106809055268 0.7842980359902928
0 0.8000235113834195 0.78411551914155 0.7934431369561753 0.2893680905262221 0.7641442771352557 0.28975777919717205 0.7707246515624999 0.7845052078125
0 0.8317634592383254 0.7875319590824973 0.8268191267352021 0.2764908617068935 0.8032059331218766 0.2767193198118962 0.8081502656249999 0.7877604171874999
0 0.8675430875 0.7921006953124999 0.8585739908959511 0.22228586631167996 0.8301904092491105 0.22273263440686245 0.8391595058531595 0.7925474634076825
0 0.9026027625000002 0.795355903125 0.89202155605246 0.22002976238805524 0.8643684988553757 0.22053834819076737 0.8749497053029158 0.7958644889277122