0 0.11071309019921023 0.7889440121298057 0.09846103670909387 0.08104754674137804 0.06597131875 0.08160986875000001 0.07822337224011636 0.7895063341384276
0 0.14889275468750002 0.7883389703125001 0.13744846063527963 0.08206252884643248 0.0984895296875 0.08269380781249999 0.10993382373972038 0.7889702492785676
0 0.18306721599502063 0.7887994458579398 0.1692166359375 0.0837777484375 0.13343911834478525 0.08448061953138312 0.14728969840230588 0.7895023169518229
0 0.20498666718749997 0.7818353281250002 0.1968535702154288 0.10733040326770175 0.17168175754924903 0.10763392187198795 0.1798148545213202 0.7821388467292864
0 0.23506601250000006 0.7850871484375002 0.2277494140625001 0.10979231718750002 0.19854517398185997 0.11010873556870819 0.20586177241935993 0.7854035668187083
0 0.25945805265426714 0.7882351572245432 0.25700417643148094 0.07715631774348622 0.2228716828125 0.07727410625 0.2253255590352862 0.788352945731057
0 0.28630238389225926 0.7903077789844477 0.28221741718749993 0.17266085625 0.25211788173274063 0.17285992726555216 0.25620284843749996 0.79050685
0 0.31965124402044 0.7922871086087369 0.3114071520827787 0.16903368174794337 0.2821028768123387 0.16942130438920644 0.29034696875 0.79267473125
0 0.34734365666381734 0.7913023905192664 0.34075019531250006 0.175912678125 0.30739963091345485 0.17627000560867565 0.3139930922647721 0.7916597180029421
0 0.37489431562500003 0.7883389703125 0.3683774217940384 0.10949587831655412 0.3374983734375 0.1097923171875 0.34401526726846166 0.7886354091834459
0 0.4001487460745232 0.7891013125920301 0.3911534203125 0.10545655625000001 0.36671194611297675 0.10577815459546995 0.37570727187499997 0.7894229109374999
0 0.4236835825598497 0.7879994255672856 0.4122902578125 0.07835804687499999 0.3910892743333432 0.07869842963310007 0.4024825990806929 0.7883398083253856
0 0.44564697352434174 0.788024889617731 0.43584731719123243 0.07700545301365644 0.41305902022939067 0.07731953370842545 0.4228586765625 0.7883389703125
0 0.4757007671875001 0.08160986875000006 0.43911778124999995 0.08160986875000005 0.43911778125000006 0.7861710890625 0.47570076718750015 0.7861710890625
0 0.5098448875000001 0.7905068500000001 0.5008017015024204 0.07582112097012188 0.4675581530125458 0.07624176403042415 0.47660133901012536 0.7909274930603023
0 0.5399242328125001 0.7872550296874999 0.5382983218749999 0.08486168906250001 0.5017054955291329 0.08494639470127621 0.5033314064666331 0.7873397353262761
0 0.578142085655461 0.010148498202285725 0.5407371875000001 0.010069806250000066 0.5391112909547439 0.7829124276384907 0.5765161891102049 0.7829911195907764
0 0.6171549812500001 0.7894229109375 0.6139024616248623 0.013154723909768924 0.5740683531250002 0.013321626562499998 0.577320872750138 0.7895898135902312
0 0.6602416109374999 0.7872550296874998 0.6553279493806238 0.010896708322250018 0.614716115625 0.0111537453125 0.6196297771818761 0.7875120666777499
0 0.6951986859375001 0.7883389703125001 0.6911329615631034 0.054340247745871595 0.6602416109375 0.054511359375 0.6643073353118967 0.7885100819416285
0 0.7334075828125 0.7872550296875 0.7285138302392504 0.05536710321438888 0.6935655654860593 0.055600784020397934 0.6984593180593088 0.7874887104935091
0 0.8228454396492321 0.08132009633045892 0.7374723593750001 0.08052592812500009 0.7309559384757678 0.7810411599195414 0.81632901875 0.7818353281250001
0 0.850473140625 0.7872550296874998 0.848020979231474 0.16386147405729648 0.8155160640625001 0.163989334375 0.8179682254560261 0.7873828900052033
0 0.882187418799177 0.7867999987392651 0.8732358874999999 0.16290539375 0.8415216093258231 0.16336042469823497 0.850473140625 0.7872550296874999
0 0.9309684755995751 0.7838205777883851 0.9285114639443895 0.19304612044688307 0.8781136187499999 0.19325572343749997 0.8805706304051855 0.784030180779002
0 0.9764812046875002 0.7829192687500001 0.9756651489925019 0.1931826068034958 0.9228261578125 0.19325572343750003 0.9236422135074983 0.7829923853840043