0 0.08627952043220662 0.7716039606723364 0.05310958327954969 0.18550763852957514 0.0028312500000000017 0.188353125 0.03600118715265693 0.7744494471427612
0 0.137359375 0.7669578125000002 0.10610406676250117 0.1861303917582986 0.056639062500000004 0.18879218749999999 0.08789437073749887 0.7696196082417016
0 0.1787390745384274 0.76370335470572 0.14852756849686694 0.1872363853148487 0.1103400564584395 0.18923771810912865 0.1405515625 0.7657046874999999
0 0.2177450625228235 0.7618163549878243 0.18990781250000002 0.18398125000000004 0.1525268124771766 0.18578208251217568 0.18036406250000003 0.7636171875
0 0.25841875000000003 0.7606140625 0.23134375000000001 0.181809375 0.19314068953008864 0.18359641626721995 0.22021568953008863 0.76240110376722
0 0.29905117369448597 0.758638495491655 0.27127031250000005 0.181890625 0.23402522425876043 0.18368465091590708 0.26180608545324635 0.760432521407562
0 0.34448593750000006 0.755015625 0.317597811019808 0.17969766063362655 0.2762921875 0.181628125 0.3031803139801921 0.7569460893663734
0 0.3891231996754736 0.7520135267450716 0.36490468923615393 0.18066465748251198 0.32264867706068034 0.18245581823744023 0.34686718749999995 0.7538046875
0 0.4297439284009263 0.7497279951860658 0.40378139379732775 0.1762920990453146 0.36640309039640145 0.17798441635924878 0.39236562500000005 0.7514203125
0 0.46949531250000004 0.7462921875 0.4420046875 0.175115625 0.405450044779296 0.17687499336526596 0.4329406697792961 0.748051555865266
0 0.5173808589350541 0.7429561756369807 0.4927771835311659 0.21067592978259575 0.45052132459611166 0.21262912914561513 0.47512499999999996 0.744909375
0 0.5644211813294956 0.7382605413043318 0.5392870208415818 0.21133759130643245 0.49623615201208615 0.21339111250210063 0.5213703125 0.7403140625
0 0.5895624999999999 0.735653125 0.5621906249999999 0.213365625 0.5410656700617552 0.21447273483117585 0.5684375450617551 0.7367602348311759
0 0.61155376535947 0.7356146573770523 0.5848828125 0.21109062500000003 0.5663711392927203 0.21203190496618918 0.5930420921521904 0.7365559373432415
0 0.6578736525630177 0.7332905283987297 0.6320169296369846 0.2087485274193604 0.5897620270739669 0.21083143652063074 0.61561875 0.7353734375000001
0 0.6944836186484535 0.7323808908630565 0.667817723390418 0.20787966811676095 0.6336966047419647 0.20961440225370453 0.6603625000000001 0.7341156250000002
0 0.7090546875000001 0.7304765625 0.6849989954382077 0.20918379787707103 0.6719874213379726 0.209784232874516 0.696043113399765 0.731076997497445
0 0.7237378266429273 0.730832082527672 0.6979934970720516 0.2084548651116716 0.6858041079291244 0.20905559508399976 0.7115484375000001 0.7314328125
0 0.7675028687676451 0.7264497580035292 0.7418102393550982 0.2050628993573826 0.702050899981778 0.20702213932529995 0.727743529394325 0.7284089979714465
0 0.802437836596164 0.7245988655056687 0.7768121904955982 0.20439134586533275 0.7443087288994342 0.205992480359664 0.769934375 0.7262
0 0.8234562499999999 0.7201359375 0.7991049044130245 0.25527912012747933 0.7787924044130246 0.2563431826274793 0.8031437499999999 0.7212000000000001
0 0.841046387848032 0.7137812131559516 0.8170250000000001 0.255425 0.7991510246420785 0.25636173366289183 0.8231724124901104 0.7147179468188434
0 0.858865625 0.7117609375 0.8365869925253093 0.2555039413810663 0.8219478936659638 0.2562187558519068 0.8442265261406543 0.7124757519708406
0 0.8800463492986408 0.7117367275884245 0.8559682099019275 0.25229762841818976 0.8397192750493684 0.2531491974708338 0.8637974144460816 0.7125882966410686
0 0.934009267033398 0.7153548180880354 0.9059349488628046 0.1952872134682794 0.8596256818294064 0.19778708288024396 0.8876999999999999 0.7178546874999999
0 0.9811359375 0.7129578125000001 0.9530014691692594 0.19173497082465824 0.9125734375000002 0.19391718750000003 0.9407079058307408 0.7151400291753418