0 0.12874062500000005 0.9157984375 0.07578515192864184 0.32798736676576734 0.06458313393142992 0.3289965484432326 0.11753860700278813 0.9168076191774652
0 0.17887723811957004 0.9130260302286322 0.12839060537833671 0.32469773138383257 0.07990649252886185 0.32885833287796823 0.13039312527009517 0.9171866317227678
0 0.2003375 0.8854171874999999 0.19952185856789106 0.317912352299479 0.1889468746751727 0.31792755110391513 0.18976251610728165 0.885432386304436
0 0.25241394792765137 0.31908110839998705 0.203590625 0.3190109375 0.2027719620486085 0.8886180773837304 0.2515952849762598 0.8886882482837176
0 0.29638888114729534 0.3197270907239448 0.2574546875 0.31901093750000004 0.2468298688527048 0.8966369717760555 0.28576406250000014 0.8973531250000002
0 0.3589890625 0.3200953125 0.3134265625 0.3190109375 0.29991377178729084 0.8867817979936687 0.3454762717872909 0.8878661729936687
0 0.4061781250000001 0.31684062500000004 0.36248171235939175 0.3154024063833434 0.34362146863776327 0.8884202929676001 0.38731788127837163 0.8898585115842567
0 0.4273312500000003 0.3190109375000001 0.4120416072168688 0.31848282244945963 0.3923468750000002 0.888671875 0.4076365177831317 0.8891999900505405
0 0.4461033827106549 0.32062086715710786 0.431555880442663 0.3200934296396372 0.41099147172379114 0.8872900597017953 0.42553897399178303 0.8878174972192658
0 0.4663843750000002 0.32009531250000006 0.45042290752448827 0.31949106545716927 0.4289578125000001 0.8865015625 0.444919279975512 0.8871058095428308
0 0.5078781250000001 0.3190109375000001 0.470705703696433 0.31719895672179793 0.4428913747807427 0.8878043213967419 0.48006379608430977 0.8896163021749441
0 0.5812194234554889 0.8884898239700781 0.5787562500000001 0.3157546875 0.5227448270916882 0.3159955769466686 0.5252080005471771 0.8887307134167466
0 0.6405890625 0.31358437500000014 0.5846057492799324 0.3135186707144306 0.5839345545568916 0.8854098964689239 0.6399178677769594 0.8854756007544934
0 0.6601156250000002 0.3146703125000001 0.6448259442283211 0.31447453947885073 0.6374877661922271 0.8875790405939578 0.6527774469639063 0.8877748136151071
0 0.6780156250000002 0.31250000000000006 0.6627327016325911 0.3122355301053612 0.6528898941542752 0.8810219041335492 0.6681728175216842 0.881286374028188
0 0.7268312500000003 0.3114156250000001 0.6839384440367648 0.3103621559021061 0.669948528134702 0.8799723603483154 0.7128413340979375 0.8810258294462093
0 0.7789015625000002 0.3103296875000001 0.735875736227847 0.308784555896108 0.715440625 0.8778218750000001 0.7584664512721533 0.8793670066038922
0 0.8138859375 0.36566875000000015 0.7881085331388911 0.3644736441464912 0.7642616207002131 0.8788310149943606 0.790039025061322 0.8800261208478695
0 0.844803125 0.3689234375 0.8190561854081523 0.36750575748913294 0.791260381223539 0.8723142373733597 0.8170073208153867 0.8737319173842266
0 0.8732796875000002 0.48828125000000017 0.8424727236271933 0.486438519607116 0.8195812500000004 0.869140625 0.8503882138728074 0.8709833553928842
0 0.9334859375000004 0.3027343750000001 0.8924696330108125 0.2999758634215685 0.8537531250000001 0.8756515625000002 0.8947694294891878 0.8784100740784317
0 0.9774203125000002 0.2983937500000001 0.940489592626067 0.29581899751187696 0.9003738990460347 0.8712146710714128 0.9373046189199679 0.8737894235595359