0 0.2789 0.8767375 0.2202693121237807 0.2686467756297776 0.18139453068884256 0.2723949912910651 0.24002521856506184 0.8804857156612874
0 0.315215625 0.874196875 0.25867499999999993 0.26928437499999996 0.22152721452196075 0.2727565449556452 0.2780678395219608 0.8776690449556452
0 0.3502267153271449 0.8783152292561898 0.30106470330562823 0.31558275033465555 0.2674578125 0.31851875 0.31661982452151666 0.8812512289215343
0 0.37382699438175415 0.872099380452191 0.32025829082507506 0.25969766042757003 0.29901254644332087 0.26155609247537914 0.35258124999999996 0.8739578125000002
0 0.4019328125 0.8704328125 0.34518298379374374 0.25916881984355467 0.3197938383295702 0.26152595141583734 0.37654366703582653 0.8727899440722826
0 0.4297234375 0.8697515625 0.3795027358406676 0.25570071437124225 0.34691875 0.25836562500000004 0.3971394516593324 0.8724164731287578
0 0.46240054683202636 0.8659613808708221 0.4134874024587284 0.25575021775473283 0.3807421875 0.2583750000000001 0.42965533187329796 0.8685861631160892
0 0.4812628546423614 0.8683778876036928 0.4319357424311031 0.25224222389352313 0.41423437499999993 0.253659375 0.46356148721125834 0.8697950387101697
0 0.5166921875 0.8660437499999999 0.46832252492040105 0.25194540312389446 0.43388593750000004 0.25465781249999997 0.48225560007959895 0.8687561593761055
0 0.5365515624999999 0.8636296875000001 0.4887899989123439 0.25067034595827314 0.47020156249999995 0.25211875 0.517963126087656 0.865078091541727
0 0.5697456231044231 0.8609595557067005 0.5235109375000001 0.250765625 0.491632501895577 0.2531810692932993 0.5378671875000001 0.8633749999999998
0 0.6124378767907135 0.8602763229745761 0.5706874660176758 0.31604201672742593 0.53184375 0.31902187500000007 0.5735941607730376 0.8632561812471501
0 0.6552211133711966 0.8524650079973369 0.6135796874999999 0.31686562500000004 0.5713476366288033 0.320149054502663 0.6129890625 0.8557484375
0 0.6979390277076355 0.8486265679285647 0.66048125 0.311975 0.6161255763923851 0.3150709845481857 0.6535833541000206 0.8517225524767505
0 0.7467505795083627 0.8447930154507708 0.7036781249999999 0.3070046875 0.6620586795564408 0.31033806529449737 0.7051311340648035 0.8481263932452683
0 0.8093261552187277 0.8496486492050295 0.7614781132830579 0.2809079910994251 0.7128203125 0.2850015625 0.7606683544356698 0.8537422206056042
0 0.8700847424160537 0.8584451903686585 0.8210468750000002 0.2798078125 0.7744730700839465 0.28375480963134153 0.8235109375000003 0.8623921875
0 0.9090754263973407 0.8632648424933782 0.8586515625000001 0.23207656249999994 0.8320417611026591 0.23420234500662201 0.8824656249999998 0.8653906250000002
0 0.9478627278922941 0.8653511666474827 0.8983453125 0.22692812500000006 0.8699904861409962 0.22912738414887404 0.9195079015332903 0.8675504257963566