0 0.947053125 0.8277828125 0.9291412222524714 0.7729350753060267 0.41827090975247144 0.9397725753060268 0.4361828124999999 0.9946203125
0 0.9336609375000002 0.7789624999999999 0.916780713112348 0.7257477687342744 0.40453071311234795 0.8882383937342745 0.42141093749999997 0.941453125
0 0.9235396718040759 0.7282824722535548 0.9077691702085338 0.6764417437972517 0.40524824840445783 0.8293139590436971 0.42101875 0.8811546875000001
0 0.9073796875 0.6784500000000004 0.8923360377405171 0.6264583609497516 0.38928603774051734 0.7720146109497514 0.40432968750000003 0.8240062500000003
0 0.8953515624999999 0.630203125 0.8815495396852014 0.5778499302310431 0.36974641468520153 0.7127780552310432 0.38354843749999995 0.7651312499999999
0 0.8790906250000001 0.5747765625000001 0.8643049858961893 0.5194457173365239 0.3529331108961893 0.656095717336524 0.36771875000000004 0.7114265625000001
0 0.8652428858337468 0.5251563928462628 0.8562830062847115 0.48895497561726237 0.35427762045096484 0.6132017077709996 0.3632375 0.649403125
0 0.8589793418598608 0.4901196115254047 0.8498242633986358 0.45230435537746094 0.3425480465387748 0.5751159938520565 0.35170312499999995 0.6129312500000001
0 0.8485140624999999 0.4570343750000001 0.8384863921552235 0.4139452462291818 0.332659375 0.5316609375 0.34268704534477645 0.5747500662708183
0 0.8395671874999999 0.4162562500000001 0.834111035069997 0.3919190180280568 0.3238296875000001 0.50631875 0.3292858399300032 0.5306559819719434
0 0.8337671875 0.39299375 0.8290960634648734 0.37130410888846116 0.316540625 0.4816890625000001 0.3212117490351266 0.5033787036115389
0 0.831675486846326 0.37260318068746795 0.8234840571105634 0.3321235833988721 0.2647328125 0.4451921875000001 0.2729242422357626 0.48567178478859596
0 0.8167234375 0.329528125 0.8086388464959542 0.287753075076762 0.25063281249999997 0.39574218749999995 0.2587174035040457 0.43751723742323795
0 0.8077765624999997 0.28874843749999995 0.8017816855258986 0.25628829163050826 0.27801606052589867 0.35301954163050825 0.28401093749999995 0.3854796875
0 0.7957374999999999 0.2551468750000001 0.7902315223672037 0.22552069061808283 0.26947968749999995 0.3223015625 0.27498566513279615 0.3519277468819173
0 0.7796734374999998 0.22987031250000003 0.7719853571664258 0.18414022700842347 0.1980765625 0.28062499999999996 0.20576464283357407 0.32635508549157655
0 0.7658515625 0.17932656249999998 0.7579845855360302 0.13297604624294476 0.18080781249999997 0.2309390625 0.18867478946396968 0.2772895787570552
0 0.7516640625 0.13710937500000003 0.7388361071250665 0.05540407536456813 0.15249687499999998 0.1474609375 0.16532483037493345 0.22916623713543194