0 0.10932131476891467 0.27549300842112573 0.07750356250000003 0.2754498125 0.07676569803240592 0.8189545746651818 0.10858345030132058 0.8189977705863075
0 0.14098323752950676 0.821286316388415 0.14039212509734425 0.2766601619592206 0.10517535944283747 0.27669838463330565 0.10576647187499999 0.8213245390624999
0 0.17147229377644194 0.2553912744668468 0.1397258013322598 0.2553789412265892 0.13950685625000014 0.8189565781250001 0.17125334869418224 0.8189689113652578
0 0.2034882891652227 0.2555306130256773 0.17235930937500005 0.25538023593750003 0.16964256144991224 0.8177637232111652 0.2007715412401349 0.8179141002993424
0 0.25035512500000007 0.8158143953125 0.24780926152041488 0.24335097259384364 0.1991170782460625 0.2435675168239549 0.20166294172564775 0.8160309395426113
0 0.3020062552537688 0.2509689393103269 0.2504949 0.2506443140625 0.2469303572462313 0.8162639919396731 0.29844171250000007 0.8165886171875002
0 0.378394989000389 0.1768342066425867 0.30465705468750004 0.17605331562500007 0.2977109124074583 0.8319632590594308 0.3714488467203473 0.8327441500770174
0 0.4261878970139776 0.2168716709478317 0.383680575 0.21630876562500007 0.3757319546244422 0.8165421479832471 0.4182392766384197 0.8171050533060787
0 0.4645383743448718 0.22036510008949062 0.4280757812500001 0.21986072656250005 0.4199033886773661 0.8106661694363722 0.45636598177223775 0.8111705429633627
0 0.5052785890157087 0.21457216438196786 0.46980731093750006 0.21394080468750004 0.45914389857691323 0.8130364840907196 0.49461517665512184 0.8136678437851875
0 0.5399516953125001 0.2186767453125001 0.5056454252399145 0.21824676646887747 0.49822028437500016 0.8106686765625 0.5325265544475858 0.8110986554061226
0 0.5922149542565485 0.22903971565382206 0.5425522780769627 0.22813121180435858 0.5319606093750001 0.8071167750000001 0.5816232855545859 0.8080252788494636
0 0.6439174348856913 0.23123621149124407 0.592449955144571 0.23043544141803082 0.5834590890625001 0.8083007156250002 0.6349265688036204 0.8091014856982135
0 0.6888499754201455 0.22920564185951764 0.6500518671875 0.2281486093750001 0.6342800283996207 0.8070499367067336 0.6730781366322662 0.8081069691912512
0 0.7291390311666428 0.22549263734431416 0.6915203681331319 0.22459036004994495 0.6775769687500002 0.8059327546875 0.7151956317835111 0.8068350319818693
0 0.7931485515536245 0.807680799547056 0.782280861851353 0.2292220552914041 0.7474254375000001 0.22987689531250002 0.7582931272022716 0.808335639568152
0 0.8325727001815979 0.8013536625351975 0.8159235806371499 0.23192885969836313 0.780794850768052 0.23295597060066572 0.7974439703125001 0.8023807734375001
0 0.870375461406866 0.7955110370936036 0.8566937894051181 0.2438055398585845 0.818390613935752 0.24475541526498096 0.8320722859374998 0.7964609125
0 0.9105996632872806 0.7941803115003645 0.8950862093637479 0.24850186268726993 0.8565144992014672 0.24959844337440526 0.8720279531249998 0.7952768921874999