0 0.8733953124999999 0.8353765625000003 0.865914327857579 0.8068115648638574 0.2629018278575791 0.9647365648638575 0.2703828125 0.9933015625000003
0 0.869078125 0.8108937500000002 0.862742448066129 0.7851645231207911 0.2566752605661288 0.9344051481207911 0.26301093750000004 0.9601343750000002
0 0.8607759389832242 0.7852441177772279 0.854109473292009 0.757681806635721 0.2615960343087847 0.9009923763584933 0.26826249999999996 0.9285546875000001
0 0.8538421875 0.7585828125 0.8481036880464112 0.7343827255832511 0.2548234375 0.8750656250000001 0.26056193695358876 0.899265711916749
0 0.8485140625000002 0.7351781250000002 0.8433034140144159 0.7127903095694604 0.25201747651441575 0.8504090595694602 0.25722812500000003 0.872796875
0 0.8399953124999999 0.7141406250000001 0.8338851075647703 0.6863165803958982 0.3130413575647703 0.8006947053958982 0.3191515625 0.8285187500000001
0 0.8348237116744601 0.6852529833002048 0.8273981818114076 0.6514100489481838 0.3031400951369475 0.7664383156479789 0.310565625 0.8002812499999999
0 0.82555 0.6526734375000002 0.817863295324506 0.6158215334602568 0.28554375 0.7268546875000002 0.2932304546754939 0.7637065915397435
0 0.8222640625000001 0.6135828125 0.8140016065493356 0.5735665837686744 0.2757547315493355 0.6847025212686744 0.28401718749999993 0.7247187499999999
0 0.8221671875000001 0.5721265625 0.8138576266330872 0.5310337089309318 0.21472187499999995 0.6521874999999999 0.22303143586691282 0.6932803535690681
0 0.8145265625000002 0.5356062500000002 0.80737047861435 0.49699060348887764 0.2046370118067177 0.6086865516046722 0.21179309569236793 0.6473021981157947
0 0.7924289512856746 0.49892934422132135 0.7869544765990291 0.46788230104313727 0.2622567753133544 0.560401394321816 0.26773125000000003 0.5914484375000001
0 0.7819062499999999 0.4665250000000002 0.7764620936454868 0.43502674842674977 0.2595109375 0.5243765625 0.2649550938545132 0.5558748140732505
0 0.777521875 0.4348406250000001 0.7729028998108339 0.4077054558922934 0.18213125 0.5082671875 0.18675022518916604 0.5354023566077066
0 0.7840265625 0.3967281250000002 0.7790374458564757 0.3679510523100629 0.1689124458564757 0.4737291773100628 0.1739015625 0.50250625
0 0.7630781249999999 0.3733734375000001 0.7569081207012378 0.3356979007404951 0.2539890625 0.418059375 0.26015906679876205 0.45573491175950503
0 0.7581624999999999 0.331865625 0.7526573347365029 0.2959441206066288 0.2414625 0.37428750000000005 0.24696766526349712 0.4102090043933713
0 0.7415015625 0.29873906250000004 0.7382734453383379 0.2777594036518508 0.33637318035777 0.3395993578689694 0.3396012975194321 0.3605790167171186
0 0.7368765625 0.27250624999999995 0.7272937037785903 0.2120245309831303 0.22098437500000007 0.2922453125 0.23056723372140975 0.3527270315168697
0 0.728415625 0.21088593750000006 0.7186587459766892 0.14655225925114299 0.2036046875 0.224665625 0.21336156652331068 0.2889993032488571
0 0.7068875 0.1569796875 0.7038638532147158 0.13421567001354756 0.12022812499999999 0.2117375 0.12325177178528415 0.23450151748645243
0 0.7018671874999999 0.13532500000000008 0.6986035568428883 0.10990626480049515 0.11332343749999998 0.18505312499999998 0.11658706815711166 0.2104718601995049
0 0.6935890625 0.10883437500000011 0.689547869239324 0.07633396252196542 0.149078125 0.1435375 0.1531193182606759 0.17603791247803469
0 0.6846953124999999 0.07884687500000014 0.6809238010420907 0.04627200307175814 0.1408640625 0.10879999999999998 0.1446355739579093 0.141374871928242
0 0.6771203125 0.04952812499999999 0.6738561257084825 0.018187975321882453 0.1358128425826423 0.0742270752011773 0.13907702937415983 0.10556722487929485