0 0.7260850086598793 0.2717762490261467 0.23727391108243318 0.21355124555916666 0.2334232774225539 0.24587812153302013 0.7222343750000001 0.3041031250000002
0 0.7210171875 0.3098296875 0.23571392823460818 0.2481299426239223 0.23162092525401284 0.28032371734139316 0.7169241845194047 0.3420234622174709
0 0.710434375 0.34917968750000006 0.22524687499999999 0.28330625 0.21936441518624736 0.3266332127212805 0.7045519151862474 0.3925066502212805
0 0.7027208887509958 0.39489349282238734 0.22498750000000006 0.33149375000000003 0.2190978612490042 0.37587369467761284 0.69683125 0.4392734375000001
0 0.6246004139126808 0.43219480217473344 0.2235052650067127 0.3777976806690184 0.21867516359403177 0.41341225349428506 0.6197703125 0.467809375
0 0.6203855482544343 0.470549115633463 0.2133692371167628 0.41737153264085236 0.20820243886232853 0.45691772950738957 0.61521875 0.5100953125000002
0 0.6134375000000001 0.5132625000000001 0.20369046102039312 0.4560765391167534 0.19808987838789155 0.4962056567320602 0.6078369173674986 0.5533916176153069
0 0.6077849287773509 0.5560637343010986 0.19634530834099423 0.5001220933463661 0.19064787956364343 0.5420255465452678 0.6020875000000001 0.5979671875000002
0 0.6884305018620169 0.6139329403213465 0.1914285538654728 0.5403153925988526 0.1855800122632922 0.5797996821350881 0.6825819602598364 0.653417229857582
0 0.6844549579350687 0.6587878341075541 0.1906386896805051 0.5841005576248411 0.18454122807955908 0.6244156671776923 0.6783574963341228 0.6991029436604053
0 0.6601553761731891 0.7128762727774042 0.1951906250000001 0.623028125 0.1881196238268112 0.6596206022225961 0.6530843750000002 0.7494687500000002
0 0.655618066867618 0.7516547957688069 0.19020937500000007 0.6569046874999999 0.1827397456323821 0.693595204231193 0.6481484375000001 0.7883453125000001
0 0.6522265335075887 0.801922620785929 0.17219843750000002 0.6946656250000001 0.16581689914849218 0.7232261648699373 0.645844995156081 0.8304831606558662
0 0.6447574427392431 0.8386637537235277 0.16895468750000012 0.7255828125000001 0.16276021912345648 0.7516468431749463 0.6385629743626994 0.8647277843984739