0 0.12389887561112085 0.32117283327578866 0.09709878531372136 0.3200301716115591 0.0734090640625001 0.8756510421874999 0.10020915435989959 0.8767937038517294
0 0.15242596666647695 0.321068812869415 0.12720412339496318 0.3199892084367473 0.1035120411034863 0.8734863674423321 0.1287338843750001 0.874565971875
0 0.18416000171544905 0.3263780845602028 0.16141977326550894 0.3254174681045008 0.1384970890625001 0.8680555546875001 0.16123731751244022 0.8690161711432021
0 0.21254261157153415 0.2775558267486887 0.1834056804749125 0.27651927696951717 0.1620914968750001 0.8756510421874999 0.19122842797162176 0.8766875919666717
0 0.2402415640245586 0.2818696235548869 0.21427135616587495 0.281004164646649 0.19463550937500013 0.8702256953125002 0.22060571723368377 0.8710911542207379
0 0.26704593437500024 0.29188367968750006 0.24266807939843554 0.2910263224331614 0.22222169192098415 0.8723931519521498 0.24659954689754887 0.8732505092064885
0 0.31344645586642017 0.28784352559388476 0.2671543178498924 0.2863512986400306 0.24833312812500008 0.8702256953125002 0.2946252661415278 0.8717179222663543
0 0.3622982135896573 0.2901414795574404 0.31853158484377586 0.28860798268605564 0.2979627468750001 0.8756510421874999 0.34172937562088157 0.8771845390588847
0 0.4054197498846766 0.2909768366726961 0.361561147459368 0.28961689778062716 0.34352436406250014 0.8713107640625001 0.3873829664878087 0.8726707029545689
0 0.46081470461552076 0.2956834601558874 0.4087285982951311 0.29399816447690263 0.3899631936796105 0.8739657465085152 0.44204930000000014 0.8756510421874999
0 0.5096088414472113 0.2550344424644695 0.468868268789016 0.25383341579786817 0.4501247460918047 0.8896409873958987 0.49086531875000006 0.8908420140625001
0 0.5548400848779592 0.2572948539845766 0.5125686981655686 0.2560641883840174 0.4941197203125001 0.8897569453124999 0.5363911070248907 0.8909876109130591
0 0.5958529074521237 0.25375763734896556 0.5576121477570382 0.25273009020735937 0.5404933918674144 0.8898144669208939 0.5787341515625001 0.8908420140625
0 0.638190708534949 0.2558907226519321 0.6032608207386279 0.25494568945374263 0.5860565531250003 0.8908420140625001 0.6209864409213214 0.8917870472606895
0 0.6560435024425308 0.3064959846177448 0.6391270953125001 0.3059895828125001 0.621977144337418 0.8788855518826766 0.6388935514674488 0.8793919536879213
0 0.6796678384051446 0.30877244494142675 0.6586652438476144 0.3081352410050823 0.6413813734375002 0.8778211796875002 0.6623839679950303 0.8784583836238447
0 0.7008262770994037 0.332706497508615 0.6814448031250001 0.3320312500000001 0.6625817131046324 0.8734541855048462 0.681963187079036 0.8741294330134611
0 0.7276752680853588 0.3338517620870903 0.7074864703125 0.33311632031250016 0.6878029736623921 0.8734529547840031 0.7079917714352508 0.8741883965585933
0 0.758619469276425 0.30781899066452423 0.7325760454132734 0.3069928177093616 0.7145971870743486 0.8737397989198374 0.7406406109375001 0.8745659718750002
0 0.7870930113633456 0.3099657499036167 0.7618617606480687 0.30919729020647757 0.744684643541483 0.8731828185242791 0.7699158942567601 0.8739512782214183
0 0.8416390655976427 0.3528311411148927 0.7937299250022289 0.35154004161396013 0.7796158018348003 0.8752762143263448 0.8275249424302142 0.8765673138272774