0 0.826759500432005 0.878661397817503 0.23684854104238434 0.7673458974098918 0.21972187500000012 0.8581078125000001 0.8096328343896207 0.9694233129076112
0 0.8419938901538082 0.783034613768381 0.2550976957565095 0.6749963734271521 0.23854599310270155 0.7649101971587712 0.8254421875000002 0.8729484375000001
0 0.84828684483074 0.6921518672600573 0.31314531250000016 0.5941828125 0.2973162801692606 0.6806465702399432 0.8324578125000004 0.7786156250000003
0 0.8561156596456007 0.6376293740332344 0.310944108904649 0.5415010759323027 0.30260625000000013 0.5887875000000001 0.8477778007409519 0.6849157981009317
0 0.8752413249188908 0.5787993306623981 0.3172596920728255 0.4773272929963667 0.30607343750000005 0.5388390625 0.8640550703460654 0.6403111001660313
0 0.8869209499536266 0.5123435183034977 0.3288840805399139 0.41121778723973035 0.31748281250000004 0.47413281250000006 0.8755196819137125 0.5752585435637675
0 0.89185625 0.469021875 0.3321778715394873 0.3703342002181629 0.32601060875583016 0.40531003323811754 0.8856889872163428 0.5039977080199547
0 0.8993946721255661 0.43338406112847216 0.34098593750000006 0.33402031249999997 0.3352303278744341 0.366365938871528 0.8936390625000004 0.4657296875000002
0 0.9013382408611701 0.4021752512980318 0.37685156250000007 0.3078875000000001 0.3711961013585667 0.33934666609353903 0.8956827797197366 0.4336344173915708
0 0.9091666956891805 0.3657668086806513 0.3794968749999999 0.2651921875 0.37240241525867873 0.3025547067415353 0.9020722359478592 0.4031293279221866
0 0.9221223151106408 0.3094770558768711 0.3865102775282845 0.2013504666911387 0.3742092684650199 0.26228430894317517 0.9098213060473762 0.37041089812890754
0 0.9292050605828308 0.2791352918552755 0.3913265625000001 0.16811406250000008 0.3854417376908325 0.19662501259681797 0.9233202357736634 0.3076462419520934
0 0.9193045647627971 0.2351031424852071 0.3939234374999999 0.13089062500000004 0.3836292975848727 0.18278791107773235 0.9090104248476699 0.28700042856293945