0 0.7022806970104416 0.164151810987048 0.21620468750000002 0.11259843750000005 0.21158699433280487 0.15613680785354778 0.6976630038432464 0.20769018134059575
0 0.6966460408783705 0.2042647917237718 0.21235937500000004 0.1591078125 0.20840293926690476 0.201538663785422 0.6926896051452752 0.24669564300919378
0 0.689980023383727 0.250931121242377 0.21287833586044433 0.20735107519544188 0.20992040504122392 0.23973364275646056 0.6870220925645067 0.2833136888033957
0 0.6822548232725946 0.2828456554767731 0.2129597178822511 0.24352300482839637 0.21034371545550043 0.27474361468863284 0.6796388208458438 0.31406626533700954
0 0.6403234375000001 0.30787500000000007 0.20922656250000005 0.270053125 0.20684987585335426 0.2971427969483958 0.6379467508533543 0.33496467194839585
0 0.6106281250000001 0.33127031250000005 0.2074796875000001 0.2988671875 0.20516740489918703 0.3276358052668424 0.6083158423991871 0.3600389302668424
0 0.6059234375000001 0.35997968750000003 0.20575857955401317 0.3302672921743036 0.20388201705401307 0.3555407296743037 0.6040468750000001 0.3852531250000001
0 0.706807476366094 0.392992447190808 0.19968437500000005 0.35245625 0.19689884539707037 0.3873042749525007 0.7040219467631643 0.42784047214330867
0 0.6659140625 0.4231546875000001 0.19698437500000004 0.38734531250000004 0.1941111685289652 0.4249704263866662 0.6630408560289652 0.4607798013866663
0 0.6639359375 0.4586234375000001 0.1941312500000001 0.42667031250000004 0.19153267453618988 0.4648769960002996 0.6613373620361899 0.49683012100029966
0 0.6743717749030831 0.4962545603343725 0.19218975834026994 0.4653683619504075 0.18941984913831594 0.5086109905216036 0.6716018657011291 0.5394971889055686
0 0.6754413123346942 0.5379128981887173 0.18883582354888992 0.5102483000072259 0.18621928692010714 0.5562717801540166 0.6728247757059114 0.583936378335508
0 0.6725326669198401 0.5828004468406648 0.18353535956738495 0.5584337501850724 0.18115826308504707 0.6061379505372954 0.6701555704375023 0.6305046471928878
0 0.664915709847669 0.6307999907478875 0.1819951100152546 0.6055243025478507 0.17961365159132128 0.6510247582213055 0.6625342514237358 0.6763004464213422
0 0.5888087647682168 0.6736808465774019 0.182472605871885 0.6500015832384548 0.1810171875000001 0.6749765625 0.5873533463963317 0.6986558258389471
0 0.583834375 0.6957078125 0.18138680523086484 0.6749593542277728 0.18024218750000007 0.6971609374999999 0.5826897572691353 0.7179093957722271
0 0.6142484375 0.7227281249999999 0.1779537794225033 0.7031842296952414 0.17722631627360558 0.719423995661191 0.6135209743511024 0.7389678909659494
0 0.6184250000000001 0.7441140625000001 0.17433577250782845 0.7230453289856952 0.17365075773805583 0.7374841503663208 0.6177399852302276 0.7585528838806257
0 0.6243453125000002 0.7654218750000001 0.16962500000000008 0.7467656250000001 0.1683510801517043 0.7778156608602089 0.6230713926517044 0.796471910860209
0 0.6492015625000002 0.7957187500000001 0.1663495231647315 0.7782979823322822 0.16486875000000012 0.819340625 0.6477207893352688 0.836761392667718
0 0.6434671875000001 0.8327218750000002 0.1676184363733244 0.8188960844080801 0.16649062500000014 0.8577125000000001 0.6423393761266759 0.8715382905919201