0 0.11372256210980114 0.39751739444912165 0.07587361623594047 0.39689480565433005 0.0684709159737755 0.846926036359155 0.10631986184763617 0.8475486251539465
0 0.154654471686013 0.39742117139604394 0.11616588710073653 0.3967315195788307 0.10810424414304634 0.846641487375557 0.14659282872832283 0.8473311391927701
0 0.1924045140625002 0.3987630203125 0.15702405510001197 0.39813483461048105 0.1490248275179843 0.8486645781049923 0.18440528648047255 0.8492927638070112
0 0.23457196764028487 0.39663351347268333 0.19555399845855587 0.3954675046888115 0.18194861959249736 0.8507421652611441 0.22096658877422634 0.851908174045016
0 0.27800560468474905 0.39945582953162234 0.2394882284751388 0.3983702300686756 0.22676311340606006 0.8498609143914677 0.2652804896156703 0.8509465138544146
0 0.2962811046875002 0.43315972187499996 0.26248870202169805 0.4326078046421863 0.2553202535130901 0.8715125608082437 0.28911265617889226 0.8720644780410574
0 0.34379536093750007 0.4440104171875 0.3158062061223854 0.4438962351777455 0.3141716150536583 0.8445795177752403 0.342160769868773 0.8446936997849948
0 0.36886010585380735 0.854122732056601 0.36755230602729067 0.37927325248050286 0.3421681704476239 0.3793431638303837 0.34347597027414056 0.8541926434064818
0 0.4085686516197895 0.8625484499184101 0.40367634375000006 0.4040798609374999 0.3756777874427105 0.40437863289408993 0.3805700953125 0.8628472218750002
0 0.46070548425250574 0.8517558242429375 0.443030532424896 0.4095541923984177 0.4152910028598901 0.41066295096797995 0.4329659546875 0.8528645828124999
0 0.47855705168925766 0.8491464987992752 0.45997748437499997 0.4570312499999999 0.4456286389357424 0.4577111402632246 0.4642082062500001 0.8498263890625
0 0.49577990288977275 0.8472961152179845 0.47462228906250015 0.45703125 0.45997347836022745 0.4578254129070155 0.4811310921875 0.848090278125
0 0.5334905678513586 0.8534550546685196 0.5061419876152672 0.3740221001842509 0.4694371741854632 0.3761158747688862 0.4967857544215546 0.8555488292531548
0 0.5717698129170392 0.8507531907526911 0.5484310897811905 0.37377988525280414 0.5095056348690086 0.3756845419802498 0.5328443580048573 0.8526578474801368
0 0.6131407257906857 0.8753305636538486 0.5898676752703915 0.34942589595565077 0.5540433836839502 0.3510112413597791 0.5773164342042445 0.8769159090579771
0 0.6514691654635631 0.8731665233639865 0.6272854508308849 0.3488381570688866 0.5933716925968466 0.3504023689330069 0.6175554072295248 0.874730735228107
0 0.6782142068026566 0.8552464591147471 0.6595017176082179 0.37819582293262316 0.6303253171875001 0.379340278125 0.6490378063819388 0.8563909143071239
0 0.7024876796874999 0.8554687500000002 0.6920697940728205 0.3778638569682975 0.6641794843750001 0.37847222187499996 0.6745973699896795 0.8560771149067026
0 0.7276037861862781 0.8522937293052497 0.7152249740355237 0.4004636558911135 0.6941274015625 0.40104166718749995 0.7065062137132544 0.8528717406016362
0 0.7546071734375001 0.8541666671874999 0.7428881332471724 0.3978790774638787 0.7201223410920709 0.39846378158303275 0.7318413812823985 0.8547513713066541
0 0.787490119058115 0.8528776050830478 0.7731327303977061 0.377225564382036 0.7448059457145912 0.37808059836148833 0.7591633343749999 0.8537326390625001
0 0.8311420123488024 0.8652646663510619 0.8167470961873228 0.35913607006245934 0.7910334371979069 0.35986739796622086 0.8054283533593865 0.8659959942548235
0 0.8473744349804896 0.8557180131308553 0.8356212653937248 0.37850804104706703 0.8194529218750001 0.3789062499999999 0.8312060914617648 0.8561162220837882
0 0.8721425747091054 0.8550817553943452 0.85840663084323 0.3796565856731153 0.8349819554555701 0.3803333694167903 0.8487178993214455 0.85575853913802