0 0.8452269595252371 0.4005941938345039 0.8103927734375 0.3867035953125001 0.602719384224763 0.9074970999154963 0.6375535703125002 0.9213876984375
0 0.9022657935061694 0.37221720000094183 0.8738943890625 0.3605031781250001 0.6450865283688307 0.9146766656240585 0.6734579328125001 0.9263906875000002
0 0.6160337275711607 0.3602996081695802 0.5763349078125 0.35968222343750006 0.5676221767654696 0.9199246808050416 0.6073209965241303 0.9205420655371217
0 1.0296824281734096 0.38772677668716676 0.972910625121221 0.3600594115290105 0.7163881625728115 0.886428389529344 0.7731599656250001 0.9140957546875003
0 0.8977157385994822 0.43134939515986714 0.8812656093749999 0.42413622343750007 0.6777593229650514 0.8882461654006727 0.6942094521895337 0.8954593371230397
0 0.5680000180214057 0.9240594052945106 0.565465973205412 0.3183248374665134 0.5095317925689712 0.31855883388673895 0.5120658373849649 0.9242934017147361
0 0.5109745999558313 0.9386818793663634 0.4934101321644498 0.3089496190979061 0.44274188567552847 0.31036285586478385 0.46030635346690996 0.9400951161332414
0 0.46007882988912874 0.9381591597882334 0.44947816778190797 0.33109688212932387 0.4023205946687661 0.33192035859420455 0.41292125677598684 0.9389826362531142
0 0.40826909689075264 0.9543875030134226 0.3840418257849381 0.3397153311074027 0.3291080166924232 0.34188054428377357 0.35333528779823764 0.9565527161897934
0 0.2899120428205492 0.9461089551349554 0.2760608581579491 0.4452353267659396 0.23883460141773855 0.44626478355344307 0.25268578608033865 0.947138411922459
0 0.3189049959553216 0.951364002198984 0.29664623304260945 0.35321692776581765 0.2694363479263213 0.3542294853918155 0.2916951108390335 0.9523765598249818
0 0.34888957230658446 0.9403744244599597 0.33597507187500003 0.3052598453125 0.3096324917608847 0.30579549867871536 0.3225469921924691 0.9409100778261751
0 0.22416800992490216 0.9639586297282621 0.21483397268664808 0.24369628149796957 0.16126173952642303 0.24439053577973593 0.17059577676467713 0.9646528840100285
0 0.16819705991025158 0.9482122770313671 0.16203703750000004 0.411155203125 0.12435350231303859 0.41158743171396683 0.13051352472329014 0.9486445056203339
0 0.10501059706591617 0.559355394915176 0.07899638407884763 0.5586205997304391 0.06785753225275892 0.9529732980799823 0.09387174523982747 0.9537080932647191
0 0.09374215230109524 0.3908040985543465 0.07408394375000006 0.38991319218750004 0.04912741591354813 0.9405890512643479 0.06878562446464331 0.9414799576311944
0 0.06323782791519805 0.3655391035137366 0.02985537968750005 0.3640682484375 0.003946197335288682 0.952101666867623 0.03732864556298669 0.9535725219438594