0 0.10420589457606089 0.9974672110896294 0.07894719853379299 0.002328890685663107 0.0302012875 0.0035661640625000005 0.05545998354226789 0.9987044844664664
0 0.1406333488499234 0.9996206014602571 0.1122149155289234 0.0034931742418302806 0.0693832971844521 0.004715113781585542 0.0978017305054521 1.0008425410000124
0 0.17464717812499997 0.9993279562499999 0.15293662189559892 0.004776194718754382 0.10905794687499999 0.005734043750000001 0.13076850310440102 1.0002858052812456
0 0.20823848906250003 0.9975394546875 0.19685711562500002 0.0013982828124999992 0.15047518230447207 0.0019282178445803658 0.16185655574197205 0.9980693897195805
0 0.2456344296875 0.9953715749999998 0.23009398079363336 0.0018733128174841774 0.191166428125 0.0024822234375 0.2067068770188666 0.9959804856200158
0 0.277973790625 0.9996639781249999 0.26264804195854247 0.0030170160091162026 0.226936459375 0.0035661640625000005 0.24226220804145754 1.0002131261783838
0 0.3107563126054834 0.9990010269639145 0.29273665534930415 0.005189540810339927 0.25617389118132067 0.005852491971425384 0.27419354843749993 0.999663978125
0 0.3456532774731175 0.9969922542524143 0.33013932343354624 0.005187903940423614 0.29515689596042866 0.005735104375509285 0.31067085 0.9975394546875
0 0.4098916753167859 0.9959828326111643 0.40414314244810123 0.13534544782644675 0.3333757515063153 0.13581813084028269 0.33912428437500003 0.9964555156250002
0 0.49358578281249993 0.9942876343749999 0.4773182468090714 0.13753071630808583 0.39442669486169357 0.13910460649472886 0.41069423086512213 0.9958615245616429
0 0.5456149187499999 0.9953715750000001 0.5382983218749999 0.006817984374999998 0.4797527056749761 0.007251298943472933 0.48706930254997605 0.995804889568473
0 0.609041107140047 0.9926140107906918 0.599269965625 0.008985865625 0.5398977887990373 0.009575655521389306 0.5496689303140843 0.9932038006870811
0 0.667564982118145 0.9994435378574046 0.6593976926398235 0.010657095549526563 0.5991938674923203 0.011154373876416091 0.6073611569706417 0.999940816184294
0 0.7285321460591127 0.9973824923108892 0.7260798654180817 0.00666105520387221 0.662667061546469 0.006818017580483277 0.6651193421875001 0.9975394546875002
0 0.7797742549400981 0.9995400796214209 0.7764864079210525 0.00880243697116784 0.7212132546875 0.008985865625000002 0.7245011017065456 0.999723508275253
0 0.8495463703125002 0.999663978125 0.8415306328125002 0.0144055671875 0.7799076673676224 0.014906911311533105 0.7879234048676225 1.0001653222490332
0 0.9090059187499999 0.9953715750000003 0.9057540968750002 0.08269380781249999 0.8480465920771252 0.08289941655328445 0.8512984139521249 0.9955771837407846
0 0.9569889013184067 0.9995034405498864 0.9529055015625 0.09353321249999999 0.9016952461967648 0.09376402797029473 0.9057786459526715 0.9997342560201812
0 0.9984368076338799 0.09356753706377548 0.9602220999999999 0.0935332125000001 0.9594091466242313 0.9986219349170536 0.9976238542581113 0.9986562594808289