0 0.44074613047862304 0.9902423905171134 0.43421290621017244 0.02768068163205766 0.35647680974341395 0.028208302196311673 0.36301003401186455 0.9907700110813675
0 0.369871396075422 0.9916966536943652 0.3572213467441351 0.03661792918219688 0.28971456369217274 0.03751205875904407 0.30236461302345974 0.9925907832712124
0 0.21664939304801187 0.9983691991934517 0.19044719000685734 0.005960759009719946 0.11623633983869038 0.007920121390397614 0.14243854287984492 1.0003285615741293
0 0.5001532433059475 0.9905881349455467 0.498053828779649 0.09203871768976717 0.43394421964134616 0.09218850649616507 0.43604363416764463 0.9907379237519447
0 0.2642982266435986 0.9948951124567473 0.23911332179930794 0.037868728373702434 0.18951773356401388 0.039173875432525956 0.21470263840830447 0.996200259515571
0 0.6953125 0.06875000000000009 0.6375 0.06875000000000009 0.6375000000000001 0.9796875 0.6953125000000001 0.9796875
0 0.30855624096246675 0.9933432127688556 0.2919372978561399 0.00543937255942942 0.2389966722667356 0.006329962522615662 0.25561561537306243 0.9942338027320419
0 0.14834135641324764 0.9967810259346725 0.11820654377454046 0.025512833964035735 0.08042593751778293 0.0266850246116201 0.11056075015649011 0.9979532165822569
0 0.5562500000000001 0.007812500000000066 0.503125 0.00781250000000006 0.503125 0.98125 0.5562500000000001 0.98125
0 0.753125 0.0031250000000000886 0.6984375 0.003125000000000086 0.6984375 0.9796875 0.7531250000000002 0.9796875
0 0.8949873305233969 0.006301778403838648 0.8409009222168422 0.005659803231060541 0.8293817405467273 0.9761508589382404 0.883468148853282 0.9767928341110185
0 0.609375 0.02343750000000007 0.559375 0.023437500000000066 0.5593750000000001 0.9765625 0.6093750000000001 0.9765625
0 0.9550874582156833 0.0015904353482660686 0.8984763760335289 0.0007845836446054952 0.8844788672651532 0.9841095746229918 0.9410899494473076 0.9849154263266524
0 0.8020320852823254 0.0031367461577014024 0.7562695247243568 0.0028722226862680474 0.7506148722018041 0.9811271090878717 0.7963774327597728 0.9813916325593052
0 0.6375000000000001 0.16406250000000008 0.6078125 0.16406250000000008 0.6078125000000001 0.9765625 0.6375000000000002 0.9765625
0 0.8397697937295238 0.007877693881927883 0.8055461285214965 0.007464114846181322 0.7937976548454513 0.9796503115389179 0.8280213200534785 0.9800638905746645
0 0.04492187500000007 0.10069375 6.707916734351562e-17 0.10069375 1.2193320233901161e-16 0.996528125 0.044921875000000125 0.996528125
0 0.11381061986605237 0.9962744730918855 0.08331475634304554 0.11076405091676919 0.016668633348289132 0.11305925944316153 0.047164496871295966 0.9985696816182777
0 0.9825089602401412 0.11463295726435666 0.9501149214772795 0.11430611121535239 0.9413542071258234 0.9825892713025126 0.9737482458886852 0.982916117351517
0 0.9990234375 1.2174711343085992e-16 0.974609375 1.202521832561195e-16 0.974609375 0.9583328124999999 0.9990234375 0.9583328124999999