0 0.029296875000000066 0.090278125 6.665398528293665e-17 0.090278125 1.223583843995906e-16 1 0.02929687500000012 1
0 0.07519531250000004 0.9965281249999999 0.056455445127982104 0.10402754129903617 0.00648283521801479 0.10507681801554322 0.025222702590032738 0.9975774017165071
0 0.10760279511439053 0.9998526716996485 0.08546097706828194 0.23882952872767604 0.05420375022023773 0.23973895156965766 0.07634556826634634 1.00076209454163
0 0.16503361258280272 0.9983390401886595 0.13827689610098154 0.14891878980153722 0.07888269309213243 0.15078970569958325 0.10563940957395357 1.0002099560867055
0 0.21144252944633934 0.9998950923593422 0.19318707397246843 0.062332221485858263 0.13783698166181518 0.06340995309943037 0.15609243713568607 1.000972823972914
0 0.25087836063722596 0.9964058913166752 0.23618153494663705 0.06887354536953946 0.1881082136252556 0.06963527106774847 0.20280503931584457 0.9971676170148843
0 0.28672159138170056 0.9998008768484288 0.2690883404574862 0.08287182878927911 0.23254338204713498 0.08357461645101663 0.25017663297134934 1.0005036645101664
0 0.3374097364712302 0.9996984506620377 0.32206046870009697 0.07971772072327864 0.2687037091004064 0.0806079428375507 0.2840529768715397 1.0005886727763098
0 0.38676334653376915 0.9999059293183923 0.3787069939155884 0.07610975491998914 0.32350891241386337 0.07659113297799483 0.3315652650320442 1.000387307376398
0 0.4169921875000001 1 0.4121333788008995 0.1909189495196873 0.3788967059172981 0.19111854711901327 0.38375551461639873 1.000199597599326
0 0.47218329886407207 0.9998424606143104 0.45684370505641825 -0.00007202965637012893 0.40293239042347695 0.0007550187324196738 0.41827198423113077 1.0006695090031001
0 0.5254011802452055 0.9999900631141904 0.5233704961106551 -0.00000977938768092386 0.4627322079710079 0.00011335784138443682 0.4647628921055583 1.0001132003432558
0 0.587529846425294 0.9996993274995971 0.5819557235558152 0.08306603670188334 0.5225934722752046 0.08342702346264022 0.5281675951446834 1.000060314260354
0 0.6347766723675676 0.9999770882909991 0.6327939809460569 0.06943338574428497 0.5833224385464844 0.06953879380030221 0.5853051299679951 1.0000824963470163
0 0.7148650168397904 0.9999718454252753 0.7108875197579955 0.03123015717044488 0.6307679805302058 0.03155911507257396 0.6347454776120007 1.0003008033274043
0 0.7636718750000001 0.14583281250000008 0.712890625 0.14583281250000008 0.7128906250000001 0.996528125 0.7636718750000002 0.996528125
0 0.8164427690156513 0.05904062304711881 0.764722452986589 0.05882270061207773 0.7607574812999942 0.9998437048896575 0.8124777973290565 1.0000616273246987
0 0.8691640939624247 0.12501334255830315 0.8164464883059239 0.12477516089200169 0.8124923036764191 0.9999690800049175 0.8652099093329199 1.000207261671219
0 0.9316406250000002 0.0017359375000001141 0.8691439601932922 0.0012793868924507006 0.8618739094709786 0.9964679062090616 0.9243705742776867 0.9969244568166109
0 0.9994509170662041 0.042225923456409575 0.9337468065748367 0.04113432104577918 0.917936788281023 0.9927474530169615 0.9836408987723907 0.9938390554275918