0 1.0079111869993005 0.04971024871687242 0.9337384110266749 0.04753393049167757 0.9059587908775522 0.9943125394614418 0.9801315668501778 0.9964888576866366
0 0.5576921875 6.487202851464607e-17 0.4965031250000001 6.112527903797346e-17 0.49650312500000016 0.9971109374999999 0.5576921875 0.9971109374999999
0 0.6258351843466989 0.08673019980848204 0.5614777372675216 0.08600466009871814 0.5512104442475557 0.9967429123080823 0.6155678913267331 0.9974684520178462
0 0.40384687500000005 0.01614687500000005 0.3513984375 0.016146875000000047 0.35139843750000005 0.99795625 0.40384687500000016 0.99795625
0 0.340909375 0.009554687500000042 0.28671406250000003 0.009554687500000039 0.2867140625000001 0.998321875 0.34090937500000007 0.998321875
0 0.057981556330983106 0.9996809782096833 0.05252375594625471 0.004176237078876374 -0.004015718423099541 0.004486211659826015 0.0014420819616288508 0.9999909527906329
0 0.2539406983590818 0.9985224192097653 0.24813794800126102 -0.00032434238285017033 0.19112780778569932 0.000006855178433197093 0.1969305581435201 0.9988536167710486
0 0.6590080471495432 0.18819544488757628 0.6217691356528612 0.1878531647923414 0.614337556922921 0.9963836825104325 0.651576468419603 0.9967259626056675
0 0.28146875000000005 0.14302812500000003 0.25 0.14302812500000003 0.25000000000000006 0.9985250000000001 0.28146875000000005 0.9985250000000001
0 0.9352033260988742 0.03917908257712189 0.8500218706548118 0.03688314396267041 0.8241989899013676 0.9949360084824708 0.90938044534543 0.9972319470969222
0 0.8510338633268557 0.10194483629728415 0.7794528550428941 0.1003016765506605 0.7589048844262577 0.9954334237531522 0.8304858927102193 0.997076583499776
0 0.7796946930794905 0.011966510492810572 0.7112968879212802 0.01077168818764775 0.6940904464045003 0.9957573460930572 0.7624882515627105 0.9969521683982201
0 0.7111338165902518 0.035619960654898204 0.6500784708001472 0.03528063223401977 0.6447380071386917 0.9961899916256309 0.7057933529287962 0.9965293200465093
0 0.49694062499999997 5.794291951975164e-17 0.44667812500000004 5.486522903264444e-17 0.44667812500000015 0.9974015625 0.496940625 0.9974015625
0 0.44449375 0.013940625000000054 0.409528125 0.01394062500000005 0.40952812500000013 0.9976171875000001 0.4444937500000001 0.9976171875000001
0 0.1940580364372171 0.9988710548629263 0.18825656000027585 -0.00040266289549924564 0.1189 -8.673617379884036e-20 0.12470147643694127 0.9992737177584254
0 0.13071683238584436 0.9991744510106791 0.11637773290438011 0.011321218096990443 0.04946060200904621 0.012292548012156287 0.06379970149051048 1.000145780925845