0 0.10486589984718922 0.9984334240808199 0.08399048405519714 0.08473253287747352 0.008335225781804716 0.08646103614206772 0.029210641573796787 1.000161927345414
0 0.16369805354796324 0.9982865883705653 0.14182818659658344 0.14536177726675428 0.07936925098554534 0.14696328843626807 0.10123911793692512 0.9998880995400791
0 0.925 0.012500000000000108 0.8515625 0.012500000000000105 0.8515625 0.9984375 0.925 0.9984375
0 0.4015625000000001 0.042187500000000044 0.340625 0.042187500000000044 0.34062500000000007 0.996875 0.40156250000000016 0.996875
0 0.5296875000000001 0.07343750000000007 0.4796875 0.07343750000000007 0.4796875000000001 0.996875 0.5296875000000002 0.996875
0 0.3524143931094453 0.9984072254782514 0.3415123720241312 0.12897104392446235 0.283277993800171 0.12970125556363427 0.29418001488548506 0.9991374371174235
0 0.5843750000000001 0.06093750000000007 0.534375 0.06093750000000007 0.534375 0.996875 0.5843750000000002 0.996875
0 0.26895686019764875 0.998360825949906 0.2545601571818027 0.07937128343840517 0.20197841412506393 0.08019501831657863 0.21637511714090998 0.9991845608280796
0 0.8459827148215983 0.04845044327432821 0.7925017222693629 0.04814040853489495 0.7870019333523762 0.9968539967150862 0.8404829259046116 0.9971640314545194
0 0.6656250000000001 0.0031250000000000782 0.615625 0.0031250000000000748 0.6156250000000001 0.996875 0.6656250000000001 0.996875
0 0.2949894697747461 0.9968419384097373 0.2858043292194855 0.21840127635139245 0.2540010505755327 0.21877653627639485 0.26318619113079333 0.9972171983347398
0 0.4765625000000001 0.06875000000000006 0.44375 0.06875000000000005 0.4437500000000001 0.9984375 0.47656250000000017 0.9984375
0 0.9796875 0.12500000000000014 0.9265625 0.12500000000000014 0.9265625 0.996875 0.9796875 0.996875
0 0.9990234375 0.04513906250000012 0.97265625 0.04513906250000012 0.97265625 1 0.9990234375 1
0 0.7932201673863719 0.06256860371122884 0.7323727695164121 0.061979617075253034 0.7233275320121619 0.9964306413120833 0.7841749298821219 0.9970196279480591
0 0.7305286814126146 0.000020688275230450192 0.6701048382643195 -0.00039744699018865804 0.6632065377104859 0.9964613810659799 0.7236303808587811 0.996879516331399
0 0.6204315043207073 0.999973174340694 0.6151780557096221 0.17343129332312174 0.582671419619148 0.1736379034733664 0.5879248682302333 1.0001797844909386
0 0.44596056353835956 0.9999637090075822 0.4413464695289718 0.048436014203605965 0.3942200206554133 0.04866453710064682 0.39883411466480106 1.000192231904623
0 0.2192280593602236 0.9999408726672744 0.20888186684283508 0.06188718801791052 0.1468489815876688 0.06257137505726842 0.1571951741050573 1.0006250597066324
0 0.03515625000000007 0.09375 6.665398528293665e-17 0.09375 1.221457933693011e-16 1 0.035156250000000125 1