0 1 0.08457031250000012 0.9574578125000001 0.0845703125000001 0.9574578125000001 0.9944640625 1 0.9944640625
0 0.9729218116596048 0.22440048338449695 0.9409163530434934 0.22371646895035185 0.9244409731367558 0.9946096891334507 0.9564464317528671 0.9952937035675958
0 0.9447199921816638 0.13255310821865313 0.8851332945681335 0.1312746502935786 0.8666042645819598 0.9948804719664629 0.9261909621954901 0.9961589298915374
0 0.8881895437720957 0.04346608993191687 0.829960942796108 0.04220964321601847 0.8093993507266578 0.9951133556404432 0.8676279517026455 0.9963698023563415
0 0.8360512498427848 0.049924522665444046 0.7856491766848642 0.04891212659297518 0.7666414194894867 0.9952120923693478 0.8170434926474075 0.9962244884418165
0 0.7872730920963342 0.06437443999741385 0.7497128150700838 0.06395506515575433 0.7393093956388866 0.9957117587852056 0.7768696726651371 0.996131133626865
0 0.7522534995314356 0.06178057026776242 0.6970145937272544 0.06095043190651139 0.6829638069720849 0.9959151585983191 0.738202712776266 0.9967452969595701
0 0.6961262602870641 0.0579710902125806 0.6386595623090856 0.05733776336933229 0.6283119877312576 0.9962541371310264 0.6857786857092363 0.9968874639742749
0 0.6389688253186491 0.17639490751669454 0.6066953169767542 0.17618949328618386 0.6014742224944646 0.9964979787746033 0.6337477308363596 0.9967033930051141
0 0.6119585224337818 0.000010340182775751827 0.5564851569593483 -0.0004705098232210818 0.5478406846642452 0.9968009157344457 0.6033140501386787 0.9972817657404425
0 0.551578125 6.382706036306111e-17 0.4888078125 5.998348724883091e-17 0.48880781250000005 0.9971687499999999 0.551578125 0.9971687499999999
0 0.48997646100719316 0.9975168342877678 0.48972825436965123 0.06600830618773337 0.42834190509584813 0.0660246629884331 0.42859011173339007 0.9975331910884675
0 0.4320260398679796 0.9975202098073638 0.42652603978947035 0.05196114458595983 0.3741265624214908 0.05226593477859602 0.3796265625 0.997825
0 0.3780579526321294 0.013340017849105337 0.2953288465302418 0.013294123284645099 0.29478240467185807 0.9983050284411809 0.37751151077374573 0.9983509230056411
0 0.29896251073329533 0.9982950968780445 0.29392082900792665 0.13153221704679194 0.24150103627988995 0.13183712617152973 0.24654271800525862 0.9986000060027823
0 0.24553292648935882 0.9986047745512829 0.2399724402248639 0.04230223680887315 0.18654480965851497 0.04261289540715527 0.1921052959230099 0.998915433149565
0 0.19412858364053706 0.9989032307672655 0.18691854708801575 0.11054542080975827 0.13249238650389572 0.1109871511607794 0.13970242305641703 0.9993449611182866
0 0.13967812500000004 0.9992218749999999 0.13188671151660508 -0.0005021429490427893 0.06745625 0 0.07524766348339498 0.9997240179490425
0 0.08439005291167176 0.9994412347443257 0.06534108275947473 0.024953853302063435 -0.002043758648308432 0.026271070802394342 0.017005211503888586 1.0007584522446566