0 0.7737952651969987 0.009645104860161655 0.6886120268040179 0.008000863207944511 0.6694672207413925 0.9998359603306589 0.7546504591343735 1.0014802019828761
0 0.8452969399747159 0.022501265596604498 0.7733011429176321 0.020689118105758693 0.748656317333601 0.9998168492745837 0.820652114390685 1.0016289967654295
0 1.0226882546739664 0.0010245046827636161 0.9484148530152797 -0.0010915160729886963 0.9198958750170483 0.999939074954842 0.9941692766757351 1.0020550957105943
0 0.8993165389107245 0.00012235060922745344 0.8424140162941265 -0.0014596067864279 0.8145767091130283 0.999839799763917 0.8714792317296263 1.0014217571595725
0 0.467796875 0.06325468750000005 0.40508437500000005 0.06325468750000005 0.4050843750000001 1 0.46779687500000006 1
0 0.9508078417677857 0.017527503142750138 0.899363309237418 0.015940649878722714 0.8690176198388121 0.9997239906653214 0.9204621523691797 1.0013108439293488
0 0.19152500000000006 1.9822630603761216e-17 0.132203125 1.619021338685274e-17 0.13220312500000006 1 0.1915250000000001 1
0 0.40338906250000006 4.5976111105927135e-17 0.34745781249999996 4.255130979168662e-17 0.3474578125 1 0.4033890625000002 1
0 0.2559660671719763 0.9999919794755254 0.2513249421618978 -0.00025387212057183717 0.195360042668541 0.000005804132332064456 0.20000116767861947 1.0002516557284293
0 0.10806686663405704 0.9998936786003947 0.09487884052756439 -0.0007143660848668661 0.035973930108279775 0.00006200134545345368 0.049161956214772415 1.000670046030715
0 0.13050781250000007 0.11423749999999999 0.09661093750000002 0.11423749999999999 0.09661093750000008 1 0.13050781250000015 1
0 0.6889081548917175 0.07566254184149332 0.6213604859657362 0.07445446515928283 0.6048091376634221 0.9998965433538929 0.6723568065894034 1.0011046200361036
0 0.6206126930498546 0.00001844286644314408 0.555499677132602 -0.0007585654441256987 0.5435582532707306 0.9999284431973503 0.6086712691879831 1.0007054515079192
0 0.5557221176520625 0.006845071045628895 0.4986555031847334 0.006345873945496089 0.4899638808628187 0.9999443143378499 0.5470304953301478 1.0004435114379828
0 0.4983186061100122 0.15786254020382468 0.4658696596870807 0.1577827129843969 0.46379773587793655 0.999998503002541 0.4962466823008681 1.0000783302219687
0 0.341525 3.8846370522141147e-17 0.292884375 3.586799123640231e-17 0.29288437500000003 1 0.3415250000000001 1
0 0.29274531249999997 0.9999999999999997 0.2906826663656485 -0.00007085301891039856 0.25461187342070135 0.000003542991538553388 0.25667451955505277 1.0000743960104486
0 0.04915312500000006 3.0097608599669905e-18 0 0 6.123233995736766e-17 1 0.04915312500000012 1