0 0.2614162061118336 0.99686727893368 0.24645521781534457 0.06928600455136541 0.16882924252275683 0.07053803641092328 0.18379023081924584 0.9981193107932379
0 0.19044003378378382 0.9967339527027027 0.16911486486486488 0.07975168918918918 0.10054729729729728 0.08134628378378378 0.12187246621621624 0.9983285472972974
0 0.6109375 0.037500000000000075 0.5671875 0.03750000000000007 0.5671875000000001 0.9953125 0.6109375000000001 0.9953125
0 0.512868044319889 0.9968657185369235 0.508614931237721 0.11221819744597247 0.4487154744019414 0.1125061756038368 0.45296858748410945 0.9971536966947878
0 0.5625000000000001 0.028125000000000067 0.509375 0.028125000000000067 0.5093750000000001 0.9984375 0.5625000000000002 0.9984375
0 0.3762573386174357 0.9984148809736568 0.36864601949815917 0.049537097437180544 0.3086565638738964 0.0500182962790864 0.316267882993173 0.9988960798155626
0 0.6984375 0.04687500000000008 0.6484375 0.046875000000000076 0.6484375000000001 0.9984375 0.6984375000000002 0.9984375
0 0.7563590747114187 0.04062519035726261 0.7048894452608657 0.04053536552401556 0.7032177182636372 0.9984349349358878 0.7546873477141902 0.9985247597691348
0 0.42692946665094167 0.9968539640563193 0.42131825625068037 0.0653930376129477 0.3684022548717204 0.06571180870559204 0.37401346527198165 0.9971727351489637
0 0.8440129376401376 0.003139810853064101 0.7905967025281304 0.0027064134079362407 0.7825180764404582 0.9983970787135131 0.8359343115524656 0.998830476158641
0 0.4546875000000001 0.2078125000000001 0.421875 0.2078125000000001 0.4218750000000001 0.9953125 0.4546875000000002 0.9953125
0 0.64375 0.05625000000000008 0.615625 0.056250000000000064 0.6156250000000001 0.9984375 0.64375 0.9984375
0 0.7890625 0.1593750000000001 0.7625 0.1593750000000001 0.7625000000000001 0.9984375 0.7890625000000001 0.9984375
0 0.03710937500000007 0.06944375 6.516565671984788e-17 0.06944375 1.221457933693011e-16 1 0.037109375000000125 1
0 0.0841150266083561 0.9963752294915436 0.05623494628814688 0.08218367844784161 0.008768755124667248 0.08363125387185574 0.03664883544487647 0.9978228049155577
0 0.12950924103511197 0.9963806014084626 0.10410568693823183 0.051725543753589245 0.05586445986492074 0.05302284122924036 0.08126801396180085 0.9976778988841138
0 0.32319707718275276 0.9990742067789574 0.30848953991618366 0.13100241242256846 0.2457839960882095 0.1320648177773631 0.26049153335477865 1.000136612133752
0 0.9052734375000002 1.1518563880486e-16 0.8489370262568097 -0.0006104759873162529 0.8380990576378146 0.9995472203777205 0.8944354688810051 1.000157696365037
0 0.9656638970897072 0.04870401037234387 0.9084718404649236 0.04777063027354006 0.8929902541783553 0.9963914126082299 0.950182310803139 0.9973247927070338
0 1.0000052639241428 0.9999672144919154 0.9990234375 0.034721875 0.9580078549368256 0.03476359515249858 0.9589896813609684 1.000008934644414