0 0.1616092323471629 0.9968605541430717 0.14189786056858894 0.0802817664393852 0.06624400496937477 0.08190873107592743 0.08595537674794876 0.9984875187796141
0 0.6421875000000001 0.05937500000000008 0.59375 0.05937500000000007 0.5937500000000001 0.9984375 0.6421875000000001 0.9984375
0 0.5875000000000001 0.06250000000000007 0.5375 0.06250000000000007 0.5375000000000001 0.9984375 0.5875000000000001 0.9984375
0 0.4583007715188233 0.9968728202164338 0.45405168827351183 0.045078173266636115 0.4004115742770592 0.045317638061263134 0.40466065752237074 0.9971122850110609
0 0.40861264871116987 0.9968557914738932 0.40154607980832785 0.12766781642432257 0.3415525859220093 0.12815556840713815 0.3486191548248514 0.9973435434567088
0 0.9796875 0.00937500000000012 0.9125 0.009375000000000116 0.9125 0.9953125 0.9796875 0.9953125
0 0.3250361172850059 0.9968380278680117 0.314270922379894 0.07641386348093691 0.2615277718413404 0.0770307424346042 0.2722929667464523 0.9974549068216788
0 0.9098521845971842 0.047136116506981476 0.8543431329234095 0.04623596972308242 0.8389294542706083 0.9967461533124963 0.894438505944383 0.9976463000963953
0 0.5000000000000001 0.056250000000000064 0.4578125 0.056250000000000064 0.45781250000000007 0.996875 0.5000000000000002 0.996875
0 0.3547801937534381 0.9984201378277614 0.3465328754354869 0.212175791516411 0.3118830603263859 0.2125392511154575 0.32013037864433713 0.998783597426808
0 0.5328125000000001 0.06718750000000007 0.50625 0.06718750000000007 0.5062500000000001 0.996875 0.5328125000000001 0.996875
0 0.725 8.572527594031472e-17 0.675 8.266365894244634e-17 0.675 0.99375 0.7250000000000001 0.99375
0 0.8518399288347756 0.05942198563218469 0.7920136989018292 0.058774827143836375 0.7818709211713886 0.9964186401899975 0.8416971511043349 0.9970657986783458
0 0.7914231321817005 0.00003733973494250975 0.7310003791610502 -0.0006387279798521078 0.7198445723145352 0.9963983247920478 0.7802673253351855 0.9970743925068424
0 0.6757936459617461 0.9999929876262958 0.67381568465617 0.17012745410408578 0.6425575871144875 0.17020195690595655 0.6445355484200636 1.0000674904281666
0 0.27561531535427625 0.9999219962645253 0.267498689737553 0.062002076473816434 0.20698640509167462 0.06252574118049287 0.21510303070839792 1.0004456609712018
0 0.225251384398324 0.9963962824195308 0.20492108801193637 0.14446160186967313 0.14138008890401832 0.1459779239235158 0.161710385290406 0.9979126044733736
0 0.0927470076794516 0.9964226951038192 0.06827116437863404 0.09571166163373276 0.005977531885496297 0.09740442338626368 0.03045337518631385 0.9981154568563501
0 0.033223351430181326 0.9965250000911755 0.032244918235425656 0.07288406424180568 -0.0009765603082774949 0.07291925648602571 0.0000018728864781733175 0.9965601923353955