0 0.08120464137379932 0.9963971233569489 0.05417626831798091 0.15951760842964247 -0.001415797784498278 0.16131304382357972 0.02561257527132013 0.998192558750886
0 0.025390625000000076 0.3020828125 7.94106908822112e-17 0.3020828125 1.221457933693011e-16 1 0.02539062500000012 1
0 0.12874780289914126 0.999880685572367 0.10531054345574789 0.07186066517972184 0.051821062598669566 0.0732115485796396 0.07525832204206293 1.0012315689722848
0 0.16688532546644236 0.9963118841994383 0.14634876063927765 0.07901130403392173 0.1002839072441493 0.08004260595224408 0.12082047207131401 0.9973431861177607
0 0.2031217668220974 0.9997184434907658 0.17934828974557399 0.09296517716929427 0.14153661273123658 0.09395653288877458 0.16531008980776 1.000709799210246
0 0.2554342010546271 0.9993723822700993 0.2315507752021118 0.08649689487847935 0.1788524719167208 0.08787563276382478 0.20273589776923612 1.0007511201554447
0 0.3010829513612136 0.9964848474706087 0.28889820884601974 0.08669073966947295 0.2331511419933745 0.08743735217196373 0.24533588450856839 0.9972314599730996
0 0.33597588160327346 0.9998318776999261 0.3163468913581486 0.19722602136506454 0.28324843529854016 0.19803549623494598 0.302877425543665 1.0006413525698075
0 0.386368150549102 0.9997541985721659 0.36645837573155304 -0.00016048524722191287 0.3112051055638112 0.0009396887823972355 0.3311148803813601 1.0008543726017851
0 0.4411602138656649 0.9999237279934532 0.42958638201751687 -0.000055343686545333146 0.37007628753536054 0.0006334305551462874 0.38165011938350857 1.0006125022351449
0 0.5014470531592621 0.9964234243930156 0.48994274530850007 0.08630382514980812 0.43056845496619356 0.0870543420215318 0.44207276281695557 0.9971739412647393
0 0.5459223606835767 0.9997057307443358 0.5389437086705304 0.07276368504070896 0.48956942369429324 0.07313540833758518 0.49654807570733955 1.000077454041212
0 0.6243471433680036 0.9999532110331527 0.6170689887770309 0.03815769730406076 0.5387119989580803 0.038750644845450766 0.545990153549053 1.0005461585745428
0 0.6738526030142997 0.9999488924428801 0.6698311173576877 0.15275537791855348 0.618095072961199 0.15300096025234544 0.622116558617811 1.0001944747766722
0 0.7197265625000001 0.996528125 0.7167910400742223 0.06585792319125124 0.6718623114049871 0.06599963750671325 0.6747978338307649 0.996669839315462
0 0.7734575796801743 0.9965212968352312 0.7714481800485602 0.12846065597789685 0.7197107366460147 0.1285804185783657 0.7217201362776289 0.9966410594356999
0 0.8339948252444879 0.000005906519335789965 0.7658589388841268 -0.00013097343841321426 0.7638567907021068 0.9964951451704256 0.8319926770624679 0.9966320251281745
0 0.90234375 0.04513906250000011 0.833984375 0.045139062500000104 0.833984375 0.9895828124999999 0.90234375 0.9895828124999999
0 0.9453714297733569 0.020866842801132914 0.9052782483112164 0.020410316282768758 0.8944804878932147 0.9686938231750093 0.9345736693553551 0.9691503496933734
0 0.9990234375 0.01041718750000012 0.935546875 0.010417187500000116 0.935546875 0.96875 0.9990234375 0.96875