0 0.12772204816878982 0.9850720362261146 0.09545386743630584 0.08156297571656053 0.03934987062101912 0.08356668988853504 0.0716180513535031 0.9870757503980891
0 0.18648522815349552 0.9821990413482649 0.15780824732594478 0.09366819001819546 0.08900823616361198 0.09588868309177201 0.1176852169911627 0.9844195344218415
0 0.2540430825701489 0.9919854086680692 0.2227889655432262 0.0474109822336007 0.15576682736865852 0.049628613466546054 0.1870209443955812 0.9942030399010147
0 0.31182708316377494 0.9718873544162305 0.2902180945003121 0.0691122121913594 0.22401601861905474 0.07069683702240008 0.24562500728251754 0.9734719792472711
0 0.35024440331299933 0.9651164935902502 0.3293625367083402 -0.00009015625829341401 0.29024323408996316 0.0007561744824577235 0.31112510069462235 0.9659628243310013
0 0.41229322699388354 0.705650992869405 0.402269199312207 -0.000040555920627940303 0.32952502119409094 0.0009927420640043858 0.33954904887576753 0.7066842908540373
0 0.45853406417290277 0.9582338556697589 0.4471569803797979 -0.0004738584069386272 0.4030818964270262 0.00004918518179659603 0.41445898022013117 0.9587568992584942
0 0.5059340166470804 0.958168161101263 0.49996745898429984 -0.000018040326118605455 0.45116284548590035 0.00028586254809742395 0.45712940314868095 0.958472063975479
0 0.5664062500000001 6.894617965902824e-17 0.501953125 6.499956399771352e-17 0.5019531250000001 0.9548609375 0.5664062500000002 0.9548609375
0 0.6406250000000001 7.432792828809376e-17 0.568359375 6.99029349708621e-17 0.5683593750000001 0.9548609375 0.6406250000000002 0.9548609375
0 0.707065317433865 0.04863039792282782 0.6446136138646535 0.048220331441324094 0.6386385756587648 0.9581979367323665 0.7010902792279763 0.9586080032138703
0 0.7656793242060994 0.00003131539798638255 0.7090813840947621 -0.0005626457504125368 0.699093068911698 0.9512135201959566 0.7556910090230353 0.9518074813443554
0 0.8173828125000002 1.0269562977782698e-16 0.7662161410868039 -0.0005830459563220744 0.7554088948715265 0.9478341585239691 0.8065755662847227 0.9484172044802912
0 0.8483813278421358 0.12171370094304956 0.8165352349915802 0.12131999881308156 0.8063171535791336 0.947848342568182 0.8381632464296892 0.9482420446981499
0 0.9086073529888626 0.031451441001074734 0.8402075731720571 0.03021530189130005 0.8236903490682328 0.9441694701178353 0.8920901288850385 0.94540560922761
0 0.9630366080382086 0.00005203203016380109 0.906412188659265 -0.0009059000566852716 0.8903649339814873 0.947664975926903 0.9469893533604308 0.9486229080137519
0 1 1.2073056091203645e-16 0.94921875 1.1762110614857635e-16 0.94921875 0.9479171875000001 1 0.9479171875000001