0 0.11752028855212263 0.2843001856950633 0.05809936140302545 0.28348620039165107 0.0487189869573757 0.9682535349240737 0.10813991410647288 0.9690675202274861
0 0.05891136323944949 0.28138357243990775 0.010291860643842177 0.28099973426192537 0.004883542850567429 0.9660533221311548 0.05350304544617475 0.9664371603091372
0 0.11581169065290893 0.30998826417597275 0.08132697331798401 0.30964795446498294 0.0748230934692837 0.9687077782660886 0.10930781080420862 0.9690480879770785
0 0.15251839334656617 0.309971694650502 0.11471439924249507 0.3094046347366727 0.10486495517174035 0.96603423682713 0.14266894927581145 0.9666012967409593
0 0.2053403392299878 0.28174933397256063 0.14845284022327815 0.2811339643925509 0.14095933518324924 0.9738668754257482 0.19784683418995888 0.974482245005758
0 0.3523546964166819 0.40443708300131115 0.29540540019270023 0.40321674094285537 0.2834005889573064 0.963441266861872 0.34034988518128806 0.9646616089203277
0 0.3835415623091098 0.40371501085522554 0.3508261045886177 0.4030964412754371 0.3404778605146701 0.9504035713777066 0.3731933182351622 0.9510221409574949
0 0.41823725709469617 0.4037650763216366 0.38291908696123694 0.40294752608706574 0.37024684912625044 0.9503882005584782 0.40556501925970967 0.9512057507930491
0 0.4418628362385756 0.43767199348440045 0.4141659784031778 0.43701876570526366 0.4019362716531111 0.955558331908092 0.4296331294885089 0.9562115596872287
0 0.4748902898590914 0.4613572300996241 0.4376744295289404 0.46043197390459306 0.42530622173857296 0.9579087766890663 0.46252208206872397 0.9588340328840974
0 0.556640625 0.4635416671875 0.501953125 0.4635416671875 0.5019531250000001 0.96875 0.5566406250000001 0.96875
0 0.659410560861304 0.43240657252123293 0.6348248045679454 0.4320553474313279 0.6271594896736634 0.9686273900310525 0.6517452459670221 0.9689786151209576
0 0.6693870594963134 0.4088620845900811 0.655459206477561 0.40872922749372914 0.6501469235437475 0.9656335850911478 0.6640747765625 0.9657664421875
0 0.6879099640625002 0.3981358921875001 0.6713884817479093 0.3978841977031453 0.6627641975893059 0.9639909940741447 0.6792856799038968 0.9642426885584994
0 0.7006151495914417 0.4922599524474318 0.6836102020330684 0.49206374151346227 0.6782007081805437 0.9608865406230803 0.6952056557389169 0.96108275155705
0 0.7150555921875001 0.4352128484375002 0.6998915605821072 0.43500294364297687 0.6926061772292702 0.9613167120860974 0.7077702088346631 0.9615266168806207
0 0.7329319828124999 0.36017615000000003 0.7137610678124331 0.3598980005340852 0.7051245427553158 0.9551538181981634 0.7242954577553826 0.9554319676640782
0 0.7535086345376758 0.3255839058960001 0.7266218616399172 0.32520581065118015 0.717831833713611 0.9502744616258256 0.7447186066113697 0.9506525568706456
0 0.7951059046875002 0.310243425 0.7771141561732892 0.30992043483124376 0.7655233328404886 0.9555722182257643 0.7835150813546996 0.9558952083945206
0 0.808364505193772 0.38025142498332876 0.7903754024451051 0.3799643648318626 0.7814792448062282 0.9374569078291713 0.7994683475548952 0.9377439679806375
0 0.8440023113841828 0.36729382373241226 0.8028396979889237 0.3666763845364229 0.794200479780623 0.9426242696973821 0.8353630931758822 0.9432417088933714
0 0.869387591875654 0.40904779638951333 0.8435623968209038 0.4084943993494636 0.832228713892083 0.9373995996721138 0.8580539089468331 0.9379529967121636
0 0.9009443526332541 0.4198108723030963 0.8674293949429206 0.4189515144136006 0.854070635882063 0.9399431177870401 0.8875855935723965 0.9408024756765359
0 0.9257257015735018 0.41937002316990296 0.8961202648481992 0.41876169227995386 0.8854638500073865 0.9373738826203603 0.9150692867326891 0.9379822135103095
0 0.9737693795262212 0.3754602814008742 0.9391290493028581 0.3743056037267621 0.920456220518868 0.9344904672464625 0.955096550742231 0.9356451449205745
0 0.9905595654798709 0.3751176461919019 0.9708657910352235 0.3744058230200614 0.9507107755470672 0.9320279188642179 0.9704045499917147 0.9327397420360584
0 0.778393896875 0.3170996328125001 0.7578327541873504 0.3167074021509372 0.7456201323123504 0.9569058505884372 0.766181275 0.95729808125
0 0.9403718171875003 0.3745203765625001 0.9256631226230608 0.37414584961546477 0.9114476055793794 0.932427970371287 0.9261563001438189 0.9328024973183224
0 0.5251427031250001 0.4876478140625 0.4923644444255634 0.4873349307366042 0.48783764914257227 0.9615707067737473 0.5206159078420091 0.961883590099643
0 0.49171868750000003 0.5424974812500001 0.46665218649134116 0.5423028333647671 0.46343682812500003 0.9563724937500002 0.48850332913365896 0.956567141635233
0 0.2956739828125002 0.37102371093750003 0.2520145482485218 0.3703631575280862 0.2429668812500001 0.9683708578125 0.28662631581397846 0.9690314112219138
0 0.25200068614779264 0.28337591233952947 0.2005867811120235 0.2827485210704218 0.19218808906250012 0.9710104984374999 0.24360199409826927 0.9716378897066076
0 0.6389329723662307 0.4399923587127154 0.60978351875 0.439626771875 0.6031405969997519 0.9692890010874681 0.6322900506159825 0.9696545879251837
0 0.5766950757150581 0.5157653782998828 0.5548484887258551 0.5155396015287546 0.5501955531250001 0.9657664421875001 0.5720421401142031 0.9659922189586284
0 0.58528624375 0.5349675171875 0.5760097064738191 0.5348826708062094 0.5720371752238191 0.9692127348687094 0.5813137125000001 0.96929758125
0 0.6038247218750001 0.502304484375 0.5832756966233051 0.5021883882273832 0.5806273434983052 0.9709470538523834 0.6011763687500002 0.9710631500000002