0 0.14074388061671078 0.8765531179247649 0.13258322787983465 0.2543409542900278 0.07574768527356322 0.2550863835076314 0.08390833801043936 0.8772985471423684
0 0.17969153433606472 0.8987567437591573 0.1333772866464538 0.28194487747738844 0.09569909050838209 0.2847740015650227 0.142013338197993 0.9015858678467914
0 0.21340204278753605 0.8971851728668112 0.19813092872335986 0.24346286141547885 0.13059833688657732 0.2450404393792772 0.14586945095075352 0.8987627508306095
0 0.25082694535889277 0.9015142290373165 0.21331714626874893 0.3020488842275239 0.17343423666742736 0.30454444120880464 0.2109440357575712 0.9040097860185972
0 0.3121768311532272 0.9091452703313705 0.27381615400989967 0.29608154607204884 0.20815526505560772 0.3001900849766507 0.24651594219893522 0.9132538092359722
0 0.35144646906064964 0.9101570930156122 0.3171029423847934 0.25838184536716213 0.27063109319706535 0.26083055325843807 0.30497461987292157 0.9126058009068881
0 0.39418102793913484 0.912352539326015 0.3613655974036568 0.29564759994948164 0.3155124044506083 0.2980874900364685 0.3483278349860863 0.914792429413002
0 0.425549188892589 0.9119662524225897 0.396765274417482 0.29861684214766565 0.36290430070407886 0.30020590599134583 0.3916882151791859 0.9135553162662697
0 0.45553758707900477 0.8764585211118818 0.43297581239136135 0.3082836574300676 0.3948935836441084 0.3097958726291546 0.4174553583317519 0.8779707363109688
0 0.5119473818525383 0.9021968713113185 0.4828295112290909 0.2584638188052367 0.4309777690105734 0.26080922007932295 0.4600956396340208 0.9045422725854048
0 0.5449531046795134 0.8971323416403392 0.5193556382974582 0.2463111292956146 0.4800655987879264 0.24785644688271585 0.5056630651699816 0.8986776592274403
0 0.5965459022235697 0.9047192461285511 0.5757573102879274 0.243019322755372 0.5190827317385213 0.24479986502985498 0.5398713236741637 0.9064997884030342
0 0.6538781630070993 0.9147372138922449 0.6345513316960905 0.25409208701543956 0.5765398997779946 0.25578918143599705 0.5958667310890035 0.9164343083128024
0 0.6991213365225948 0.8997538253481524 0.6834855887303428 0.23339716869147403 0.6266321257346877 0.23473120865286096 0.6422678735269398 0.9010878653095393
0 0.7530256714040491 0.9285825549555448 0.7496224827817599 0.330311404292991 0.684993892192664 0.3306790357322202 0.6883970808149533 0.928950186394774
0 0.7910156250000001 0.2887294781250001 0.72265625 0.2887294781250001 0.7226562500000001 0.926015265625 0.7910156250000002 0.926015265625
0 0.828125 0.2523131484375001 0.748046875 0.2523131484375001 0.7480468750000001 0.9234140984374999 0.828125 0.9234140984374999
0 0.9012008607284778 0.2082358091160129 0.8263779412993644 0.2063630785949063 0.8085212212731605 0.9198089848427525 0.883344140702274 0.921681715363859
0 0.9631611756461087 0.2576115991306403 0.9003272317517161 0.2557244066019425 0.8803082908426794 0.9222536508500403 0.9431422347370718 0.9241408433787381
0 0.9989147106197503 0.2914807204385147 0.9631974663153929 0.29006920304392914 0.9381838830698168 0.9230166021597285 0.9739011273741742 0.924428119554314