0 0.21403780664777336 0.9617013535715664 0.1757805149061335 0.03184642355786201 0.11835418002621707 0.03420913195058053 0.15661147176785692 0.9640640619642848
0 0.3267996205252003 0.9690940860983799 0.3091168865623307 0.24052168980031566 0.24615809572463038 0.24204972401443586 0.2638408296875 0.9706221203125001
0 0.33870967573733035 0.9615385179793854 0.31510268950555836 0.2429163696329429 0.24568297455799076 0.24519683128967257 0.2692899607897627 0.963818979636115
0 0.45703125 0.2028909843750001 0.396484375 0.2028909843750001 0.39648437500000006 0.9208129312500001 0.4570312500000001 0.9208129312500001
0 0.5385165826735546 0.04962488597321833 0.4571590258241464 0.04826736271700183 0.44343288732451913 0.8708868561160747 0.5247904441739274 0.8722443793722912
0 0.7331525805486384 0.25033427308364253 0.7025951559013797 0.24891794578941084 0.672692569991821 0.8940696839582408 0.7032499946390798 0.8954860112524724
0 0.8349072458404679 0.17918099297812087 0.7700825547965634 0.1757042362124806 0.7294786542994529 0.9327705144506439 0.7943033453433574 0.9362472712162841
0 0.8702542144437132 0.19345084172024135 0.8333250071062863 0.19087141368932797 0.7811877271908373 0.9373114759558829 0.8181169345282641 0.9398909039867963
0 0.8806668372277029 0.43851601837845555 0.8493850376026331 0.4363807083715958 0.8147861627129638 0.9432462539244743 0.8460679623380336 0.9453815639313341
0 0.9780272190183208 0.000814732393921469 0.9451009789987417 -0.0013828820724233414 0.8839490606941437 0.914839126196323 0.9168753007137228 0.9170367406626678
0 1.0054079217818124 0.005796206592866749 0.9759440166677779 0.0036975425606477264 0.9115733174633538 0.9074211230700187 0.9410372225773884 0.9095197871022375
0 1.0087850423564646 0.304534576718283 0.9592910674634638 0.30353016331019606 0.9464602232345809 0.9357892281607161 0.9959541981275818 0.9367936415688028
0 0.4084842274304223 0.9243697147940775 0.3900884037877568 0.012726187237111686 0.30709342500000003 0.014400921874999997 0.3254892486426656 0.9260444494319658
0 0.24113321875000002 0.960541475 0.22808630194885254 0.03672565264971604 0.17733564062500004 0.037442396875 0.1903825574261475 0.9612582192252839
0 0.26609750873336246 0.9771167366954744 0.24323645439707145 0.09852382793651078 0.2108564015625 0.09936635937499998 0.23371745589879098 0.9779592681339636
0 0.7785659823100404 0.02548538021414103 0.7558391 0.02448156718750009 0.7158111801899596 0.9307358182233593 0.7385380625000001 0.9317396312500001
0 0.15815660791631242 0.9517830765841845 0.1263635439959529 -0.00017997664480899414 0.077854671875 0.0014400921874999997 0.1096477357953595 0.9534031454164935
0 0.1254325265625 0.9202188937500001 0.0800173015625 0.0417626734375 0.03974403550323742 0.04384475720818083 0.08515926050323744 0.9223009775206809
0 0.06383364668798001 0.9482031119748614 0.01168832859934729 0.04828585920235532 -0.030854691350184527 0.05075099619232276 0.0212906267384482 0.9506682489648289