0 0.1070517289067529 0.9802773836712191 0.0778977704220895 0.3029591238163366 0.039540789752208816 0.30461013175208357 0.06869474823687223 0.9819283916069661
0 0.13956185843423013 0.9778215570706118 0.12878967859021867 0.30354266812825886 0.07748129785622283 0.30436236323340826 0.08825347770023431 0.9786412521757611
0 0.16915727879904424 0.9726257704118539 0.15208160230205134 0.32165494803021843 0.11492955905864218 0.3226294867496433 0.1320052355556351 0.9736003091312788
0 0.2585117083936031 0.9490066920447102 0.23706182295681857 0.3633852814756662 0.2009536338026016 0.36470783646889143 0.22240351923938612 0.9503292470379355
0 0.29813815068703364 0.9696834678319904 0.2731337042893477 0.3369672655286574 0.23741645998764843 0.3383787829157002 0.2624209063853344 0.9710949852190334
0 0.3194213433290957 0.9518143712028916 0.29782413074224634 0.3477891045343612 0.2727445866334478 0.3486858356408039 0.2943417992202972 0.9527111023093342
0 0.34620689696294543 0.9673289825483394 0.3309349877326592 0.3063086718148222 0.29459621135333025 0.30714822619067633 0.30986812058361646 0.9681685369241937
0 0.37954152187499995 0.9663018437500002 0.36224048437500006 0.3024193546875001 0.3297480458125912 0.3032661203535572 0.3470490833125911 0.9671486094160573
0 0.405891985367949 0.9413649405669033 0.39346145247276076 0.34538676675215907 0.36341809861518054 0.34601339187840824 0.3758486315103688 0.9419915656931526
0 0.44204351970019085 0.9335553174842761 0.4339158913831067 0.5222299043373975 0.39599895232459414 0.5229791281337863 0.40412658064167833 0.934304541280665
0 0.4609253840929856 0.9123878716975733 0.44663080784851716 0.4859483840283537 0.4271563174240585 0.4866011837719143 0.44145089366852697 0.913040671441134
0 0.49601051993044737 0.9023707500168181 0.47779511356344423 0.3767541486170806 0.4405801929042745 0.3780438432365377 0.45879559927127767 0.9036604446362752
0 0.5197580708544222 0.9125146125232131 0.5066079481449213 0.4133856461542534 0.47822167572175134 0.41413351492321204 0.49137179843125234 0.9132624812921719
0 0.5712651684803999 0.9519273465346633 0.5601204670631901 0.2988581144429908 0.5242644317378812 0.2994700018020471 0.5354091331550909 0.9525392338937195
0 0.6121792202427144 0.9492448010611744 0.6020643509018063 0.4104066009111881 0.5639918291717441 0.411121284062218 0.5741066985126523 0.9499594842122043
0 0.6498702421875 0.9504608296875 0.6401384078125 0.29521889375 0.6012196569667553 0.29579692579669853 0.6109514913417552 0.9510388617341985
0 0.6704266262787414 0.9363476931542593 0.6624024429684929 0.3378989257427489 0.638376349507683 0.33822107492018405 0.6464005328179314 0.9366698423316944
0 0.6974967639858355 0.9311329365114702 0.6919291276111257 0.337935920392607 0.661585121034689 0.3382207235695932 0.6671527574093988 0.9314177396884563
0 0.7172851070964099 0.9416093024646587 0.7148286869764191 0.29386150408860734 0.6894088347377608 0.2939579024656343 0.6918652548577516 0.9417057008416856
0 0.7597656250000001 0.29653297812500007 0.71484375 0.29653297812500007 0.7148437500000001 0.9416222640624999 0.7597656250000002 0.9416222640624999
0 0.8073789260880966 0.42409233257120055 0.78218651225283 0.42382210252645114 0.777023478139837 0.9051501211809242 0.8022158919751037 0.9054203512256735
0 0.9380688129271986 0.3330904623056833 0.8896772239985651 0.33183751221054003 0.8741711303626264 0.9307157213489982 0.9225627192912599 0.9319686714441413
0 0.9629240848537718 0.4059239494320338 0.9348525451620862 0.4051132595022292 0.9196681251214567 0.9309000420868523 0.9477396648131423 0.9317107320166571
0 0.8888408296875001 0.29665898593750006 0.8272754190477436 0.29582793310629235 0.8186140655341949 0.9374715997102557 0.8801794761739515 0.9383026525414634
0 0.19896193749999996 0.9706221203125001 0.19031141875000004 0.3398617515625 0.14702746443906284 0.34045536631208057 0.15567798318906276 0.9712157350620807
0 0.030308734717818493 0.9803041115143503 0.0108131484375 0.344182028125 -0.004266960053606635 0.3446441965732929 0.015228626226711858 0.9807662799626433