0 0.15955291597670884 0.4659035981808287 0.1391511460274922 0.1054723304381193 0.11222532876079735 0.10699643330802318 0.132627098710014 0.46742770105073256
0 0.1264557555678934 0.46569307795050763 0.10141874206852793 0.11517488895939085 0.07106764227474618 0.1173428246589467 0.09610465577411167 0.4678610136500635
0 0.10079641569502489 0.4632078784167348 0.07269295970830948 0.11659858604034741 0.06010678415861818 0.11761908675507644 0.08821024014533359 0.46422837913146375
0 0.09136702822338612 0.46561785830001 0.06255039617573768 0.11597605765876254 0.041957106233857365 0.11767330683725707 0.07077373828150581 0.4673151074785046
0 0.42260785279542573 0.45723954690474244 0.41003466254490295 0.07836741469289173 0.33512062223657707 0.08085350010575401 0.34769381248709985 0.45972563231760477
0 0.4374210723458904 0.45815541115154107 0.4240033711857876 0.09587747982876711 0.4077255458240582 0.0964803622495719 0.42114324698416095 0.4587582935723459
0 0.4749991029561696 0.45826456054580006 0.4700676921479518 0.08018973125824748 0.42364216672349275 0.08079528158881773 0.42857357753171055 0.45887011087637025
0 0.5731439081180845 0.0838044329701462 0.5414181788798279 0.08251825476473676 0.5264191759771052 0.4524936616984306 0.5581449052153618 0.45377983990384
0 0.5390625 0.08072916718750006 0.5078125 0.08072916718750006 0.5078125 0.453125 0.5390625 0.453125
0 0.5086423666612097 0.4557009705311782 0.5058282671305454 0.08048770127680505 0.4699123186496167 0.0807570708914895 0.47272641818028094 0.45597034014586263
0 0.859854046875 0.23278280000000012 0.585143509375 0.2294285812500001 0.5844063533316086 0.28980166601122104 0.8591168908316087 0.293155884761221
0 0.8373781021082654 0.2267385035381854 0.8372130522746755 0.19789604281178427 0.6015818439164101 0.1992444330235989 0.60174689375 0.22808689375000002
0 0.8545447140625001 0.17221483750000008 0.6088136129498902 0.16893842313211646 0.6084540118115039 0.19590851109265736 0.8541851129241138 0.19918492546054098
0 0.8398533999999998 0.15670734062500008 0.618871565625 0.15344260312500008 0.6186664886566114 0.1673237450736525 0.8396483230316111 0.1705884825736525
0 0.8392412625000001 0.13956747500000008 0.6378478453124999 0.1354865546875001 0.6375006754888847 0.15261938546297588 0.8388940926763848 0.1567003057754759
0 0.830078125 0.11718750000000008 0.6328125 0.11718750000000008 0.6328125 0.13802083281250008 0.830078125 0.13802083281250008
0 0.9789596025011196 0.08408241267513455 0.9222203157174935 0.07610345027171307 0.8526246298955649 0.5710060926328622 0.9093639166791909 0.5789850550362836
0 1.0486872507504683 0.09078290465107894 0.9799219695163472 0.0804681126722566 0.9063813228822404 0.5707391000383876 0.9751466041163616 0.5810538920172099
0 0.9654335079290938 0.5780995309026511 0.9050728722473759 0.5690454354598524 0.8468086219749393 0.9574737667251455 0.9071692576566572 0.9665278621679441
0 0.9031695539277269 0.5790426746232441 0.8509522131342988 0.571756534081306 0.7965382543552776 0.9617232404780898 0.8487555951487057 0.969009381020028
0 0.6167413976101179 0.5416480529858346 0.6148729296237943 0.4883967260258789 0.352837164598397 0.4975909652340387 0.35470563258472054 0.5508422921939944
0 0.3427544705950551 0.8564951181972477 0.3319303119383048 0.5505322346543482 0.2825191281463892 0.5522802718233945 0.2933432868031395 0.8582431553662939
0 0.8467725937499999 0.29517127343750005 0.5826366111524359 0.2897738591724155 0.5816215796875002 0.33944696562500015 0.845757562285064 0.3448443798900847
0 0.8291629437499999 0.34213034062500014 0.577596515625 0.34078865312500006 0.5774033610532995 0.37700513846807393 0.8289697891782994 0.37834682596807395
0 0.8336911390625001 0.3803684375000001 0.5786027812500001 0.37768506250000006 0.578214807657256 0.41456680532301393 0.833303165469756 0.41725018032301386
0 0.8427475296875 0.4139106281250001 0.577596515625 0.413910628125 0.577596515625 0.45952800624999995 0.8427475296875 0.45952800625000007
0 0.39596555625 0.8452631937499999 0.39244152993552694 0.5834783614931283 0.377853320383593 0.58367474122185 0.381377346698066 0.8454595734787217
0 0.42112359900832397 0.8533694987691455 0.41508460468750014 0.61113870625 0.3904296947416762 0.6117533715433545 0.3964686890625001 0.8539841640624999
0 0.4442663093750001 0.61180955 0.4155877375 0.61180955 0.4155877375000001 0.8586800703125 0.4442663093750002 0.8586800703125
0 0.48200350596729236 0.5877644429284072 0.4553352328125001 0.5876591734375001 0.4543131182294752 0.8465948884362418 0.4809813913842674 0.8467001579271489
0 0.5202393703125001 0.5849757984375 0.48704492460808907 0.5847198001630384 0.48502007187500007 0.8472757265625 0.5182145175794112 0.8475317248369618
0 0.548930929138321 0.5671559783437286 0.5237532262154007 0.5668442261516211 0.52021831113958 0.8523307243703929 0.5453960140625002 0.8526424765625004
0 0.5786839379834383 0.55089468505515 0.5534461390625001 0.5500919203125002 0.5437602412985746 0.8546029770983328 0.5689980402195128 0.8554057418409828
0 0.6130317134318731 0.5900894747210758 0.5836341109375 0.5883300171875001 0.567317961568127 0.8609456752789244 0.5967155640625001 0.8627051328125
0 0.6389787250000002 0.5910133921875002 0.6134662080265163 0.5890751035701158 0.5937198667280621 0.8489842125762135 0.619232383701546 0.8509225011935978
0 0.6733081749646785 0.6254903401501389 0.6460225843750002 0.6225430515625001 0.6192401265978218 0.8704913457873612 0.6465257171875002 0.873438634375
0 0.6958327375000002 0.6051011125000001 0.6794847898137008 0.6030576190148044 0.6467811538762007 0.8646867033898044 0.6631291015625 0.8667301968750001
0 0.7045820107784502 0.6142011503108036 0.6953367467667947 0.6130917186110295 0.6649527594258446 0.8662916089252259 0.6741980234375 0.867401040625
0 0.7416178265625002 0.6030885812500002 0.7181733190918779 0.6009084316642062 0.6945963331808437 0.8544464576454323 0.7180408406514659 0.8566266072312262
0 0.7803590562500002 0.5661921718750001 0.7562801051000688 0.5635329030654403 0.7224619594626154 0.8697469547845351 0.7465409106125467 0.8724062235940948
0 0.8036174285405441 0.6000586720462026 0.7767122780631042 0.5970369642473178 0.7466491546875 0.8647176640625002 0.7735543051649401 0.867739371861385
0 0.14620725515226213 0.859701988590818 0.11807971093749998 0.5615042890625 0.06953610850809919 0.5660831718836505 0.09766365272286132 0.8642808714119685
0 0.06738435312499999 0.46270589375000004 0.031796005439778154 0.07857769983102242 0.016512032987852913 0.07999371493806555 0.05210038067307475 0.46412190885704313
0 0.13611639375 0.46764741406250004 0.1135426359375 0.08265814062500002 0.09871637049657214 0.08352747530110412 0.12129012830907213 0.46851674873860416
0 0.17183010156250003 0.4716904750000001 0.15015331251492262 0.06796029076946483 0.135779471875 0.068732040625 0.15745626092257742 0.47246222485553524
0 0.3817389875 0.8580251749999999 0.373891196875 0.5635461515624999 0.3318195826815749 0.5646673493157105 0.33966737330657487 0.8591463727532105