0 0.8190621667259157 0.17346249555634569 0.7433881198897975 0.1724535082651974 0.7337520551901885 0.8951583607358694 0.8094261020263065 0.8961673480270177
0 0.7484375 0.050000000000000086 0.6640625 0.050000000000000086 0.6640625000000001 0.88125 0.7484375000000001 0.88125
0 0.39687500000000003 0.14843750000000006 0.35 0.14843750000000006 0.35000000000000003 0.8734375 0.3968750000000001 0.8734375
0 0.4984375000000001 0.09687500000000006 0.434375 0.09687500000000004 0.43437500000000007 0.8765625 0.4984375000000002 0.8765625
0 0.440168840719487 0.8749380636061149 0.435425507546897 0.1918980867531466 0.39037559675941563 0.19221093335583744 0.3951189299320056 0.8752509102088057
0 0.6507018453380934 0.10157267167156665 0.5960711098278035 0.10078092188156244 0.5848084444561109 0.8779048325283494 0.6394391799664008 0.8786965823183536
0 0.6671875 0.1906250000000001 0.6453125 0.1906250000000001 0.6453125000000001 0.8609375 0.6671875 0.8609375
0 0.22145905198278837 0.8737084408655746 0.20679705819594446 0.07701488706547496 0.139551910711638 0.07825243684845926 0.1542139044984819 0.874945990648559
0 0.595703125 0.05982682968750007 0.494140625 0.05982682968750007 0.4941406250000001 0.8869977671875 0.5957031250000001 0.8869977671875
0 0.1513840828125001 0.88133640625 0.14156968373618264 0.11596909852689982 0.0886678203125 0.11664746562499999 0.09848221938881746 0.8820147733481003
0 0.2843858125000001 0.8712557609375 0.2789792390625 0.08928571406250001 0.2065146925660044 0.08978673695182185 0.2119212660035045 0.8717567838268219
0 0.8823554809877061 0.18714600791131647 0.8455344653257664 0.18572818160685312 0.8174177390255604 0.9159208830705369 0.8542387546875002 0.9173387093750002
0 0.9580449828125 0.16705069062500014 0.912698588965454 0.16586293406964828 0.8931660906250002 0.9115783406250001 0.9385124844720462 0.9127660971803518
0 1 0.06912442343750014 0.9450692046875 0.06912442343750012 0.9450692046875 0.9274193546875 1 0.9274193546875
0 0.35358996562500006 0.8784562218749998 0.3460207609375 0.0864055296875 0.2789716002051345 0.08704628264272654 0.2865408048926346 0.8790969748302265