0 0.2836039377075232 0.9656620882284448 0.12760544089461542 0.024249065687086735 -0.01843793162299621 0.04844943899479086 0.13756056518991153 0.989862461536149
0 0.2212632909248807 0.9915943261017688 0.03606574853821178 0.18543132940491483 -0.0431328138775526 0.2036253908789026 0.14206472850911633 1.0097883875757565
0 0.17187500000000008 0.9982442015625003 0.0009765625000000221 0.41043814375 -0.04275692270757505 0.42315319523520945 0.12814151479242503 1.0109592530477096
0 0.3811933401877739 0.8486971900530064 0.3344109866435368 0.3395894327212736 0.2645536587099432 0.34600868319620914 0.3113360122541803 0.8551164405279419
0 0.4760765155342982 0.9228046110643421 0.4349155234000553 -0.003954221422387974 0.20645992396819818 0.006192387168335191 0.2476209161024411 0.9329512196550652
0 0.5272722764231967 0.8962652373701155 0.5166015625000001 0.26092139218749993 0.45262604244154236 0.26199587253040046 0.463296756364739 0.897339717713016
0 0.3352097036025658 0.9344509439031254 0.2219770549424717 0.007365265000523896 0.05747147380554122 0.027457693451745424 0.17070412246563532 0.9545433723543469
0 0.7578125 8.425426464837015e-17 0.595703125 7.432792828809375e-17 0.5957031250000001 0.8663176531250001 0.7578125000000001 0.8663176531250001
0 0.6914685492809892 0.00616398256094039 0.5296281095367684 -0.0005982175507564857 0.4920264738143515 0.899325647448696 0.6538669135585723 0.9060878475603931
0 0.6484762787868883 0.8934597154791559 0.6024207346693671 -0.005240686481422929 0.38379417843404684 0.005963230846299822 0.4298497225515681 0.9046636328068788
0 0.8741618242628011 0.010688188724334769 0.7471203630519011 -0.00623903839384835 0.653749655032963 0.6945225865435386 0.780791116243863 0.7114498136617218
0 0.9249767501662385 0.2918544154982413 0.8382983555268385 0.2686305174135404 0.742818307978584 0.6249900403236175 0.8294967026179838 0.6482139384083185