0 0.3205959526678654 0.9957811674707877 0.266185697525462 0.2664928361502962 0.19606919381161672 0.27172404127578587 0.2504794489540202 1.0010123725962772
0 0.41265469490739415 0.9955324038884925 0.3561440654850679 0.15415191886671858 0.26095778174959877 0.16054502745673335 0.317468411171925 1.0019255124785071
0 0.4363556534850458 0.996196893133163 0.3923207576577069 -0.0019274093508618 0.3352168293394381 0.0005918816117656184 0.379251725166777 0.9987161840957903
0 0.4690127724048989 0.9959257278165591 0.4264473807341343 -0.0013205913270667113 0.3902296996775839 0.00022528530339580854 0.4327950913483485 0.9974716044470217
0 0.4962825627501021 0.9964239308241728 0.4631703807052091 0.02513324867739895 0.4288530196756894 0.026303158701860667 0.46196520172058236 0.9975938408486347
0 0.5163782245771923 0.9941727994724869 0.4925567354547858 0.025432241827956094 0.46340556124542565 0.02614907398064527 0.48722705036783215 0.9948896316251762
0 0.5411331975693161 0.9891866907919364 0.5232046412892791 0.05690176423001385 0.49401872017560083 0.05746303194373844 0.5119472764556378 0.989747958505661
0 0.6384496320286268 0.9915826733515631 0.6326898942978032 0.16602026603482098 0.5253095832358008 0.16676943099641559 0.5310693209666244 0.9923318383131576
0 0.6846660775086131 0.9865472745574582 0.6737742374065576 -0.0009795584577327987 0.5515751780328697 0.0003682252893234247 0.5624670181349252 0.9878950583045144
0 0.8047320713537104 0.2319117179975772 0.6758807385178813 0.23127172793212775 0.6721483063221496 0.9827347413488005 0.8009996391579787 0.9833747314142499
0 0.86328125 0.0885416671875001 0.802734375 0.08854166718750009 0.802734375 0.9713541671874999 0.86328125 0.9713541671874999
0 0.9278607383965447 0.00005986666877177971 0.6914411450363172 -0.0045714873125481835 0.6721463460921058 0.9803820573218708 0.9085659394523333 0.9850134113031908
0 0.9771068406926329 0.00012260135209561928 0.927539233381242 -0.000997148811722262 0.9050540833470407 0.9943454939014498 0.9546216906584316 0.9954652440652676