0 0.37421875000000004 0.09062500000000004 0.3078125 0.09062500000000004 0.30781250000000004 0.93203125 0.3742187500000001 0.93203125
0 0.15468750000000006 0.08281250000000001 0.0859375 0.0828125 0.08593750000000006 0.94375 0.15468750000000014 0.94375
0 0.9 0.12656250000000008 0.8484375 0.12656250000000008 0.8484375 0.9171875 0.9 0.9171875
0 0.23281250000000003 0.12187500000000002 0.165625 0.121875 0.16562500000000008 0.9296875 0.2328125000000001 0.9296875
0 0.6484375000000001 0.13437500000000008 0.50625 0.13437500000000005 0.5062500000000001 0.915625 0.6484375000000002 0.915625
0 0.4203125000000001 0.12812500000000004 0.3578125 0.12812500000000004 0.35781250000000003 0.92734375 0.4203125000000002 0.92734375
0 0.8484375 0.15000000000000008 0.79375 0.15000000000000008 0.7937500000000001 0.915625 0.8484375 0.915625
0 0.29375000000000007 0.15937500000000004 0.225 0.15937500000000004 0.22500000000000003 0.91640625 0.29375000000000007 0.91640625
0 0.5960937500000001 0.18750000000000006 0.4734375 0.18750000000000006 0.47343750000000007 0.91171875 0.5960937500000002 0.91171875
0 0.79609375 0.18125000000000008 0.6734375 0.18125000000000008 0.6734375000000001 0.91875 0.7960937500000002 0.91875
0 0.4609375000000001 0.19218750000000004 0.4 0.19218750000000004 0.4000000000000001 0.909375 0.46093750000000017 0.909375
0 0.5359375000000001 0.17656250000000004 0.4296875 0.17656250000000004 0.4296875000000001 0.925 0.5359375000000002 0.925
0 0.34062500000000007 0.225 0.290625 0.225 0.290625 0.92734375 0.34062500000000007 0.92734375
0 0.7585937500000001 0.2390625000000001 0.65625 0.2390625000000001 0.6562500000000001 0.91875 0.7585937500000002 0.91875
0 0.95390625 0.2734375000000001 0.90625 0.2734375000000001 0.90625 0.90234375 0.95390625 0.90234375
0 0.6882812500000001 0.2656250000000001 0.571875 0.2656250000000001 0.5718750000000001 0.9234375 0.6882812500000002 0.9234375
0 0.7187500000000001 0.2828125000000001 0.6140625 0.2828125000000001 0.6140625000000001 0.92265625 0.7187500000000002 0.92265625