0 0.041015625000000014 0.111351625 1.3750279821449239e-17 0.111351625 5.784208612068214e-17 0.8314254671875 0.04101562500000006 0.8314254671875
0 0.10249790756076124 0.13136008561510384 0.036314129864305635 0.12784551338521608 -0.0011072795522221123 0.832537316515584 0.06507649814423351 0.8360518887454719
0 0.14428826477616957 0.09009315999433812 0.1007153309861124 0.08791748349153616 0.06308914507050774 0.8414685309756644 0.10666207886056492 0.8436442074784664
0 0.19157113161258044 0.12333217064732153 0.13319755699910532 0.12115112093674077 0.10624879348854892 0.8424073352691908 0.16462236810202405 0.8445883849797715
0 0.2410155525586264 0.09687777221882592 0.1916836734968012 0.09495490797727434 0.1624116208226009 0.845941551345198 0.2117434998844261 0.8478644155867494
0 0.27861050309129975 0.1189310156404381 0.22971969285941857 0.1176911807113922 0.211247607831331 0.8461068613297581 0.2601384180632122 0.847346696258804
0 0.3027784405220162 0.1003974769998975 0.27789332301080105 0.0997427436971987 0.2581560871408795 0.8499160309654694 0.28304120465209465 0.8505707642681684
0 0.32595960702835713 0.07834829865100842 0.29952374742555155 0.07776868723664053 0.28251219482805556 0.853659232083136 0.3089480544308612 0.854238843497504
0 0.36158016148708294 0.0746525659255118 0.3242416655791562 0.07382238173426828 0.306821756490208 0.8573029768777077 0.34416025239813475 0.8581331610689512
0 0.3917564827027142 0.08551560032098796 0.35655322660559724 0.08499744313798027 0.3451848597517777 0.8573567636012861 0.38038811584889465 0.8578749207842937
0 0.430450298758962 0.10028916233309866 0.38904783850311764 0.09989305015761404 0.3818362950382633 0.8536584231144866 0.4232387552941077 0.8540545352899713
0 0.45983226199157967 0.11520515972681071 0.4282452334162393 0.1149160946259264 0.42145068849524286 0.8573768203219236 0.4530377170705832 0.8576658854228079
0 0.49436568417147475 0.09284514419494576 0.45822334870198816 0.09263615224720154 0.453801222384236 0.8573831895840115 0.48994355785372257 0.8575921815317559
0 0.5234375000000001 0.12619850937500005 0.4902343750000001 0.12619850937500005 0.49023437500000017 0.8574075140625 0.5234375000000002 0.8574075140625
0 0.5550838706840648 0.8573533056228095 0.552704534199394 0.11127386080378396 0.5223426270832983 0.11137068855295622 0.5247219635679692 0.8574501333719817
0 0.5937500000000001 0.1076399046875001 0.5546875 0.1076399046875001 0.5546875000000001 0.8574075140625 0.5937500000000002 0.8574075140625
0 0.658099676597359 0.8572621074480813 0.6482499447721871 0.13660213275770175 0.5851022443201901 0.13746521373440743 0.5949519761453621 0.8581251884247868
0 0.7068796685610699 0.8609089390227458 0.6917649964257218 0.09972455424193485 0.6479290965983446 0.1005949941338929 0.6630437687336928 0.861779378914704
0 0.7802361656989938 0.8572517368684623 0.7603363892189485 0.11350646003604044 0.6874277788508119 0.11545721534836428 0.707327555330857 0.8592024921807863
0 0.8282993997605714 0.8535967991366435 0.80494840037038 0.1213884360103703 0.7587122808102708 0.12286296109643073 0.7820632802004625 0.8550713242227038
0 0.8911143017615993 0.8532580097729779 0.8632808878624667 0.13918024202401375 0.8008756997142429 0.14161267937136077 0.8287091136133753 0.855690447120325
0 0.9577313340748541 0.8535705460947872 0.9332054282378712 0.14278241748786566 0.8631684257342022 0.14519906016854198 0.887694331571185 0.8559871887754635
0 1 0.14104539218750015 0.935546875 0.14104539218750015 0.935546875 0.849984071875 1 0.849984071875