0 0.36728437459867874 0.10384628928456989 0.30100286711666957 0.10310318916560739 0.2934311844149283 0.7784664825365748 0.3597126918969375 0.7792095826555373
0 0.4360083092754671 0.12480180984375497 0.3637038844181475 0.12350652594541003 0.35215855465285056 0.7679817869553979 0.42446297951017015 0.7692770708537429
0 0.5012174869505313 0.12188296876988558 0.4358937976553562 0.11964889550296083 0.41362265400439735 0.7708510246551775 0.47894634329957253 0.7730850979221022
0 0.5481406472379378 0.11931580202183119 0.4986771180965858 0.11689820056077031 0.466738613656163 0.770352117827523 0.5162021427975149 0.7727697192885838
0 0.6234184223403677 0.14584447426720598 0.5467611970735712 0.1400540692773773 0.499204941188624 0.7696353553223896 0.5758621664554205 0.7754257603122183
0 0.6616208823904998 0.17952053477080082 0.6198398405953454 0.1761841563555449 0.5734166312210608 0.7575360924138597 0.6151976730162152 0.7608724708291156
0 0.6093750000000001 0.5953163921875 0.580078125 0.5953163921875 0.5800781250000001 0.7579900562499999 0.6093750000000002 0.7579900562499999
0 0.7421575682863926 0.23939183869569552 0.6930624244745129 0.23488181561318036 0.6438819501755689 0.7702499089171679 0.6929770939874487 0.7747599319996831
0 0.8303221971651462 0.20085508356494822 0.7871745860789163 0.19662060869272896 0.7328980459863212 0.7496769176073909 0.7760456570725511 0.7539113924796101
0 0.8801211351736582 0.20555684423346712 0.8295928598775519 0.19985421537560166 0.767716895831142 0.7481076303311812 0.8182451711272481 0.7538102591890466
0 0.936708440220148 0.20855527784915767 0.8845579573191188 0.2017640722291089 0.811305866006316 0.764275671671079 0.863456348907345 0.7710668772911279
0 0.2969604311618375 0.8774298078687048 0.2915652208385718 0.13168132801374838 0.20379480000000005 0.1323163140625 0.20919001032326578 0.8780647939174566
0 0.21985805621648086 0.88585000524996 0.20445243438945598 0.11662188705787264 0.12034434218750001 0.1183063515625 0.13574996401452485 0.8875344697545874
0 0.14952290900403775 0.8815389597199129 0.12081998866770038 0.10744368834006193 0.037772312499999995 0.11052303906250002 0.06647523283633736 0.884618310442351
0 0.07744848387277074 0.8879931669531377 0.022640997720220078 0.048335340650442114 -0.014873148145494763 0.050784023870740866 0.03993433800705591 0.8904418501734366
0 0.7917597470086926 0.19164943641945276 0.7440267046875001 0.18679950156250008 0.6866309779913077 0.7516880479555474 0.7343640203125001 0.7565379828125001
0 0.9838369640625 0.14476961406250008 0.7247013359374999 0.10740971406250008 0.7160553997008176 0.16737963147184468 0.9751910278258176 0.20473953147184468
0 0.9842645882398765 0.14072804160277222 0.7282150390625 0.11363636406250008 0.7222929588442868 0.16960727866576417 0.9783425080216632 0.19669895620603634
0 0.6974976100369947 0.18803618466179833 0.6649683765625001 0.1852428390625001 0.6157490524630054 0.7584146247132019 0.6482782859375001 0.7612079703125001
0 0.9381588187500002 0.33468244062500013 0.9227650338876577 0.3331825745162009 0.8806005932626577 0.7659347542037008 0.8959943781250003 0.7674346203125