0 0.07812500000000004 0.04310761250000001 0.048828125 0.04310761250000001 0.048828125000000056 0.8793952859375 0.0781250000000001 0.8793952859375
0 0.1171875 0.04741837343750001 0.076171875 0.04741837343750001 0.07617187500000006 0.8793952859375 0.11718750000000004 0.8793952859375
0 0.203125 0.155187403125 0.16796875 0.15518740312499998 0.16796875000000006 0.8535307187500001 0.20312500000000006 0.8535307187500001
0 0.21289062500000006 0.16380892656250004 0.201171875 0.16380892656250004 0.20117187500000006 0.8535307187500001 0.21289062500000008 0.8535307187500001
0 0.23242187500000006 0.17243044843750005 0.21093750000000006 0.17243044843750005 0.21093750000000008 0.8535307187500001 0.23242187500000008 0.8535307187500001
0 0.26171875000000006 0.15949816406250003 0.23242187500000006 0.15949816406250003 0.23242187500000008 0.8535307187500001 0.2617187500000001 0.8535307187500001
0 0.29101562500000006 0.15518740312500004 0.26171875 0.15518740312500004 0.26171875000000006 0.8492199578124999 0.2910156250000001 0.8492199578124999
0 0.30468750000000006 0.16811968750000003 0.291015625 0.16811968750000003 0.29101562500000006 0.8492199578124999 0.3046875000000001 0.8492199578124999
0 0.3235128336476229 0.12503081235897812 0.30469746351987903 0.12494640749662844 0.3014678288714128 0.844890372768995 0.3202831989991567 0.8449747776313445
0 0.34570312500000006 0.15087664218750005 0.32031250000000006 0.15087664218750005 0.3203125000000001 0.844909196875 0.3457031250000001 0.844909196875
0 0.36328125000000006 0.16811968750000003 0.345703125 0.16811968750000003 0.34570312500000006 0.8405984343749999 0.3632812500000001 0.8405984343749999
0 0.39062500000000006 0.17243044843750005 0.36132812500000006 0.17243044843750005 0.3613281250000001 0.8362876734375 0.3906250000000001 0.8362876734375
0 0.4121093750000001 0.17674120937500004 0.38867187500000006 0.17674120937500004 0.3886718750000001 0.8319769125 0.41210937500000017 0.8319769125
0 0.421875 0.17243044843750005 0.41015625 0.17243044843750005 0.4101562500000001 0.8319769125 0.4218750000000001 0.8319769125
0 0.4765625 0.19398425468750005 0.421875 0.19398425468750005 0.4218750000000001 0.8276661515624999 0.4765625000000001 0.8276661515624999
0 0.5000000000000001 0.18536273125000005 0.478515625 0.18536273125000005 0.4785156250000001 0.8319769125 0.5000000000000002 0.8319769125
0 0.515625 0.18105197031250003 0.498046875 0.18105197031250003 0.4980468750000001 0.8362876734375 0.5156250000000001 0.8362876734375
0 0.529296875 0.18105197031250003 0.513671875 0.18105197031250003 0.5136718750000001 0.8362876734375 0.5292968750000001 0.8362876734375
0 0.6500671366194207 0.10780622086582466 0.6137187315431547 0.107287519126985 0.6033786345307874 0.8318774068998275 0.6397270396070535 0.8323961086386671
0 0.6837310470964201 0.12506559305739182 0.6473610997076381 0.12467786269129086 0.6399135415985618 0.8232749298383872 0.6762834889873438 0.8236626602044881
0 0.7179034346625791 0.1853837051068563 0.6814053985184495 0.1850162256573209 0.6749792708880115 0.8232588234925077 0.7114773070321411 0.823626302942043
0 0.7799558448504624 0.1336521226003612 0.7438764895302169 0.13324345063023496 0.7359628379927988 0.8318953440079758 0.7720421933130444 0.8323040159781021
0 0.9191597120132442 0.284876669012757 0.860058358668193 0.28365950019839226 0.8489525136615417 0.8229195126035277 0.9080538670065929 0.8241366814178926
0 0.9447210902749245 0.2845381187933243 0.9155825517500779 0.2841906944541835 0.9093087195544591 0.8103780697617289 0.9384472580793057 0.8107254941008696
0 0.9881142976951894 0.2846279634274886 0.9454378640036859 0.28387461701731387 0.9361467276816272 0.8102095909572403 0.9788231613731307 0.8109629373674151
0 0.16736694687500003 0.07109737187500002 0.10994397812500005 0.07109737187500002 0.10994397812500009 0.8639876359375 0.1673669468750001 0.8639876359375
0 0.6162897484014105 0.0953641294431227 0.527310925 0.09428129843750008 0.5181640344110896 0.8459032580568776 0.6071428578125001 0.8469860890625002
0 0.8678701038463918 0.15791333557306558 0.7948179265624999 0.15610510000000008 0.7780305574420392 0.8343098004191006 0.851082734725931 0.8361180359921662
0 0.7471988796875002 0.08809891875000009 0.7234649022176607 0.08787348016623882 0.7163865546875 0.8330757343749999 0.7401205321573395 0.8333011729587613