0 0.1048131060218358 0.1540161670523434 0.0603648633317732 0.14942564958055965 -0.016407583315062525 0.8927841840907164 0.028040659375000075 0.8973747015625001
0 0.06418629671519838 0.12285456921715347 0.026642951727241772 0.11889599638299735 -0.035204721772759774 0.7054630851272549 0.002338623215196833 0.709421657961411
0 0.27947896655918336 0.19428821978813654 0.2410360615776373 0.18897448942470899 0.14495426394836 0.8840913214981925 0.1833971689299061 0.8894050518616201
0 0.3073585177204705 0.21183046650902368 0.27587513158896143 0.2074709373907707 0.18221808530159717 0.8838377816575015 0.21370147143310625 0.8881973107757546
0 0.3369433478885103 0.1883173179830921 0.30772666446526087 0.18433853131593983 0.21278777446117908 0.8814856080123784 0.24200445788442848 0.8854643946795306
0 0.3856367031001324 0.23246157014073524 0.3252103160445053 0.2248549436656099 0.24351420543304533 0.8738418259439419 0.3039405924886725 0.8814484524190671
0 0.41508438157219396 0.21567956895052362 0.3773809521475632 0.21169275837119433 0.30717643642830395 0.8756197122714658 0.34487986585293473 0.8796065228507951
0 0.48224119011569444 0.20548237576834644 0.4538486557306863 0.20348811814654816 0.40624190673357835 0.8812722936133175 0.4346344411185865 0.8832665512351158
0 0.5182393000753817 0.24091360949449334 0.470092634797256 0.23836806343123967 0.4363441595325298 0.8766894694642566 0.4844908248106556 0.8792350155275102
0 0.5422490124931343 0.24393660685834156 0.5138880641975223 0.2431035723457151 0.49526243603736264 0.8772195293882525 0.5236233843329746 0.8780525639008789
0 0.5718353998516269 0.2527801566565284 0.5306948549605319 0.252381781589175 0.5246412331366117 0.8775446514827561 0.5657817780277067 0.8779430265501095
0 0.6129468940512448 0.24407814307425357 0.571426680493171 0.2437122762092529 0.5658791746646182 0.8732681304015749 0.607399388222692 0.8736339972665756
0 0.8091619763066118 0.8820054343042927 0.7950534485855966 0.22555483832996992 0.7548186036617637 0.2264195712260017 0.768927131382779 0.8828701672003245
0 0.8462357107224022 0.8819592149081099 0.8316777765925174 0.22111934612737313 0.7925366153760418 0.22198160410192297 0.8070945495059266 0.8828214728826597
0 0.8953357487415581 0.8774834151389003 0.8814104680110185 0.22955904112868936 0.8286052100117886 0.23069393907539984 0.842530490742328 0.8786183130856108
0 0.9791832612525496 0.8642738191415213 0.9625506569985951 0.2829107088843011 0.930312433988373 0.2838330336684493 0.9469450382423276 0.8651961439256695
0 0.1987724857301702 0.14528347132683894 0.10514109570656378 0.13699685317743504 0.03886072403889369 0.8859059037255962 0.1324921140625001 0.8941925218750001
0 0.7719259959019127 0.8915339888512177 0.7611878060159416 0.19935896605881567 0.68909919375 0.2004773265625 0.699837383635971 0.8926523493549021
0 0.9521465497058668 0.8755185759762142 0.9309498765625 0.21320604687499997 0.8930319826260795 0.2144195724671337 0.9142286557694463 0.8767321015683478
0 0.6750788640625001 0.8926014312499998 0.6715727288609854 0.20345265381532096 0.6274584024913199 0.20367709126285086 0.6309645376928346 0.8928258686975298
0 0.45151793747218 0.2233136125112553 0.41160242747106784 0.21991823223738086 0.3561587978113881 0.8717040634761257 0.39607430781250025 0.8750994437500001