0 0.21090649843749998 0.8802910046874999 0.15028668867477918 0.16528811733380885 0.12720114062500004 0.16724537031249997 0.1878209503877208 0.882248257666191
0 0.2318328375 0.8823578046874999 0.17990451406250002 0.164145171875 0.15115382425303764 0.16622390879951016 0.20308214769053765 0.8844365416120101
0 0.31708829374999997 0.8658234125 0.2820763817039126 0.22575380319541893 0.1992807546875 0.23028273749999997 0.23429266673358734 0.8703523468045811
0 0.38761780781250005 0.8668568125000002 0.3643003408544941 0.2222584184312298 0.285311259375 0.225115740625 0.308628726333006 0.8697141346937703
0 0.4573722718750002 0.8740906078125003 0.4488460045725873 0.23022821632028082 0.36669146875 0.2313161375 0.37521773605241293 0.8751785289922193
0 0.5279044808378074 0.22746256458943162 0.44962177656250013 0.2271825390625001 0.4472939332246929 0.8779441807230686 0.5255766375000002 0.87822420625
0 0.6077318953124999 0.23234953749999998 0.5294518843749999 0.2313161375 0.5209113019353131 0.8782649344724401 0.5991913128728131 0.87929833447244
0 0.6999627968750002 0.22924933906250006 0.6111471109829063 0.22563721793817812 0.5847157986352983 0.8755365580721965 0.6735314845273923 0.8791486791965186
0 0.7666170640625003 0.23544973593750013 0.7086764392686598 0.2321484677157307 0.6706990080186596 0.8986911255282308 0.7286396328125001 0.9019923937500002
0 0.780580935970289 0.23419243576415436 0.7666170640625 0.2333829359375001 0.7291836443361579 0.8791094215002891 0.7431475162439468 0.8799189213269434
0 0.8193204359375003 0.2375165343750001 0.7830579135164718 0.2350718700103526 0.7396551369539718 0.8788797403228527 0.7759176593750001 0.8813244046875001
0 0.8572978671875001 0.23751653437500014 0.8325686471363781 0.2355657599495114 0.7804442700812693 0.8963265190518875 0.8051734901323913 0.8982772934773762
0 0.8844246031250002 0.23648313437500015 0.8602222120517368 0.234541314654994 0.8067437901767368 0.901083974029994 0.8309461812500002 0.9030257937500001
0 0.9053509421875002 0.17447916718750012 0.8906406985263121 0.17325684119791612 0.8309461811210561 0.8916583999892858 0.8456564247822442 0.8928807259788698
0 0.9526289687500002 0.23751653437500014 0.9074592154561337 0.2329855093696719 0.8406704790538754 0.898801906884907 0.8858402323477417 0.9033329318902352
0 0.9929315468750002 0.17344576718750015 0.9628120633110798 0.1703376928415181 0.8875248015625001 0.8999255953125 0.9176442851264204 0.903033669658482
0 1.0208225558719517 0.1789920894393055 0.9953164757407176 0.176031038761225 0.9114054556940856 0.8988289351452113 0.9369115358253197 0.901789985823292
0 1.042877532173093 0.37554519585206536 0.999751984375 0.3697916671875001 0.9285029477908313 0.9038384951284859 0.9716284955889243 0.9095920237930513