0 0.13268521427825974 0.7371194896122386 0.13220468370640545 0.16506792191635752 -0.00048053057185429434 0.1651793791791189 0 0.7372309468749999
0 0.26113709375 0.70428634375 0.2502324370225652 0.22448144133093254 0.05882110689650759 0.22883169877566217 0.06972576362394234 0.7086366011947297
0 0.27468711874999996 0.7416564921875 0.2620891589906059 0.19956246186631155 0.24952801406868663 0.1998543757952742 0.26212597382808067 0.7419484061164626
0 0.3208562265625 0.74318274375 0.28804181874999996 0.21255596250000003 0.268182114582672 0.21378410336022408 0.300996522395172 0.7444108846102241
0 0.3727487796875 0.747252746875 0.3081738254135153 0.2145094732775116 0.28718786603851526 0.21705322640251157 0.35176282031249995 0.7497965
0 0.38686660625 0.7528490031249999 0.31971153906250005 0.2135734640625 0.30674934705861506 0.21518762382289158 0.37390441424611504 0.7544631628853915
0 0.40632445271775347 0.7485780285242353 0.33535561718750007 0.215608465625 0.32238433946974665 0.2173356871007647 0.393353175 0.75030525
0 0.4240309490140559 0.743293115148571 0.35367063437499996 0.2237484734375 0.34321569317344414 0.225164353601429 0.41357600781250003 0.7447089953125
0 0.4369279097786455 0.740687923684626 0.3651175218750001 0.2176434671875 0.35435719490885453 0.21912078569037416 0.4261675828125 0.7421652421875001
0 0.4544032359375 0.7436914937499999 0.378090659375 0.22425722343749993 0.3688339738320338 0.22561716744694627 0.44514655039453377 0.7450514377594462
0 0.4817709941493565 0.7458042303624444 0.3922084859375001 0.2268009765625 0.38086636835064364 0.22875824463755573 0.4704288765625 0.7477614984375001
0 0.4994464281457196 0.7490697581633017 0.40823412656249997 0.21916971874999996 0.3921897124792804 0.2219314621491984 0.48340201406250005 0.7518315015625001
0 0.5233724179855029 0.7550791674062831 0.43418040312499995 0.221713471875 0.4133089043933757 0.2252037057626101 0.5025009192538785 0.758569401293893
0 0.5468651157524543 0.756964673316254 0.4521138578125 0.17592592656249997 0.4336751764350457 0.17893276262124602 0.528426434375 0.759971509375
0 0.5712062678857729 0.7572151202477523 0.48378357812500006 0.174908425 0.4654237696142272 0.1776648141272478 0.552846459375 0.759971509375
0 0.5911184198619012 0.75881608062943 0.5139270453125 0.17185592187500004 0.49526571423011034 0.17431008128545805 0.5724570887795115 0.7612702400398879
0 0.6142780828125 0.7579365078124999 0.5486492671875001 0.21815221875000007 0.5285484372993146 0.22059614623246232 0.5941772529243147 0.7603804352949621
0 0.6864613764846436 0.756754736575701 0.6371718562500001 0.16524216562500005 0.5680410657028566 0.17100269154929917 0.6173305859375 0.7625152625000001
0 0.7043198435869081 0.762587034882569 0.6677616796875001 0.22765049375000004 0.6508238640801842 0.2288080430880191 0.6873820279795921 0.763744584220588
0 0.7917346259978773 0.17513108792939103 0.7240550171875 0.17291050156250007 0.7046738431085121 0.7636149657118761 0.7723534519188893 0.7658355520787671
0 1.0121255138802223 0.18020469499559602 0.9639651026895096 0.1779572091245555 0.9366084966217876 0.7641701922539597 0.9847689078125003 0.7664176781250002
0 0.9599673203125001 0.17701525000000012 0.9143252359408274 0.17486635224592412 0.8865710071394499 0.7643596635123171 0.9322130915111225 0.7665085612663931
0 0.904085581367356 0.1784943963777573 0.8661103328124999 0.17701525000000012 0.8431797898718795 0.7657284975612222 0.8811550384267355 0.7672076439389793
0 0.8583294421875001 0.17701525000000012 0.8199643029227328 0.1755892330093547 0.7979566837698885 0.7676757082923051 0.8363218230346557 0.7691017252829506
0 0.8155345468749999 0.1763668421875001 0.8009627238880219 0.17586409037166278 0.780537887950522 0.7678601497466626 0.7951097109375 0.7683629015625001
0 0.046741453125000006 0.9996693125 0.0445967566569794 0.9097434899613352 0.022669363426513947 0.9102664499019468 0.02481405989453455 1.0001922724406116
0 0.019078143750000116 0.9051486921875 1.1084874486398349e-16 0.9051486921875 1.1663646361993974e-16 0.9996693125 0.019078143750000123 0.9996693125
0 0.32303115913625796 0.849312707267328 0.1268136156250001 0.841021825 0.12023613018667087 0.9966889776112471 0.31645367369792876 1.004979859878575
0 0.694924975 0.8606564156250001 0.4845523648524065 0.8565162406953908 0.481786334375 0.9970651453125002 0.6921589445225935 1.0012053202421094
0 0.8344339031250001 0.9360945765625 0.7522786453125 0.9350611765624999 0.7514787356186392 0.9986539645689385 0.8336339934311393 0.9996873645689386
0 0.7422030015625003 0.92782738125 0.7297662288819712 0.9274332581149505 0.7274770578125002 0.9996693125000002 0.7399138304930293 1.00006343563505
0 0.999751984375 0.8616898140625 0.800331721875 0.8616898140625 0.800331721875 0.9996693125 0.999751984375 0.9996693125