0 0.0831117015625 0.63878335 0.06195842654710482 0.3662586442797284 0.04986702187500001 0.367197175 0.0710202968903952 0.6397218807202717
0 0.102900203125 0.6408941234375 0.083052758232001 0.366029080099344 0.062003968750000006 0.36754897031249995 0.08185141364299901 0.642414013650656
0 0.12321639687500001 0.6426531015625 0.1032732988330084 0.3650451921241282 0.08311170156249999 0.3664935828125 0.10305479960449163 0.6441014922508719
0 0.1379918109375 0.63878335 0.1205720843763225 0.3671060117675419 0.1081771359375 0.36790076562499996 0.1255968624986775 0.6395781038574581
0 0.1482818296875 0.6394869421874999 0.13030023279022285 0.36694234021301964 0.12110562343749998 0.36754897031249995 0.13908722033477713 0.6400935722869802
0 0.15910105376895634 0.6395097701216674 0.14104133580026618 0.36648932150544367 0.13034025625 0.36719717499999993 0.14839997421869017 0.6402176236162237
0 0.1699172578125 0.6408941234375001 0.15459826910579966 0.36761746508984444 0.14326874375 0.3682525609375 0.15858773245670035 0.6415292192851555
0 0.180207278125 0.64124591875 0.16437647812500006 0.36684537968750003 0.1541003649674379 0.367438232357289 0.16993116496743785 0.6418387714197891
0 0.19551038437499998 0.640542328125 0.18046509099128544 0.3459713010780382 0.164376478125 0.34679303125 0.17942177150871458 0.6413640582969619
0 0.21213272500000002 0.6419495109375001 0.19703204515808376 0.34700053936306796 0.180471125 0.34784841875 0.1955718048419163 0.6427973903244322
0 0.23244891875 0.64230130625 0.21790861856071708 0.34726540002898965 0.19865988902402482 0.3482140381432813 0.21320018921330774 0.6432499443642916
0 0.23773043868218235 0.6430917374779186 0.22214642661604436 0.34796402455452446 0.21712875355886202 0.34822897926410595 0.232712765625 0.6433566921875
0 0.26305513281250004 0.6475782390625 0.24952623148340733 0.3699262645878865 0.22611659843749998 0.37106692500000005 0.23964549976659272 0.6487188994746135
0 0.28732902656250003 0.6426531015625001 0.2735824897984438 0.37018968387933443 0.2561951203125 0.371066925 0.2699416570765562 0.6435303426831657
0 0.2960359671875 0.6472264437499999 0.2804471745381646 0.37138406864081375 0.2720111423428103 0.37186081756898137 0.2875999349921457 0.6477031926781674
0 0.31708945312500003 0.6406195921875001 0.3017580407189751 0.37084869910891544 0.2857809685870617 0.3717566958134518 0.3011123809930867 0.6415275888920363
0 0.32381137812500005 0.6406195921875 0.3112753778891625 0.37318492205454273 0.3024866484375 0.37359689375000005 0.31502264867333757 0.6410315638829573
0 0.33169225625 0.6415467531249999 0.3189437765625 0.373287840625 0.3115431934571826 0.37363953885010104 0.3242916731446826 0.6418984513501009
0 0.35208982343749995 0.6421648625000003 0.339763107821093 0.37175238489057477 0.3189311596047007 0.37270200638611123 0.33125787522110767 0.6431144839955366
0 0.38152722187500004 0.6412376999999999 0.37055446240005313 0.3564129080483511 0.3416592500000001 0.357526084375 0.352632009474947 0.6423508763266489
0 0.3970571875 0.6412377 0.38725017035399845 0.3573012210466273 0.37179201874999995 0.3578351375 0.38159903589600147 0.6417716164533727
0 0.4169911734374999 0.64463729375 0.4095509858005012 0.3730704355956139 0.38987202891486905 0.37360958508066 0.39731221655186777 0.645176443235046
0 0.43993843593750015 0.6418558078125 0.43365419981775777 0.3752800331947661 0.41328252499999996 0.37576027343749996 0.41956676111974234 0.6423360480552339
0 0.46566718593750006 0.6403105375 0.46194951484061003 0.3751166570461421 0.4380841125 0.37545121875000004 0.44180178359689004 0.6406450992038579
0 0.4848828421874999 0.6418493328125001 0.4796863187499999 0.37446460000000004 0.4622014672612026 0.37480441162502076 0.4673979906987026 0.6421891444375207
0 0.49834656093750007 0.6415343921875001 0.4933862437500001 0.3769841265625 0.4846674165882189 0.377147604562128 0.4896277337757189 0.6416978701871281
0 0.5089758125 0.6427941546875 0.5066137562499999 0.3769841265625 0.4973912727337778 0.3770660799221369 0.49975332898377783 0.6428761080471369
0 0.5165343921875001 0.6459435625000001 0.5153533640625 0.353678509375 0.5089733713627058 0.3537042905990471 0.5101543994877058 0.6459693437240472
0 0.5311810540760585 0.6459028664241625 0.5302343156250001 0.35462333125 0.5177135037364418 0.35466402732583757 0.5186602421875002 0.6459435625000001
0 0.5581065765625 0.36186696875000013 0.531180278511291 0.3618215363251816 0.5307067308148449 0.6424776198802431 0.5576330288660538 0.6425230523050616
0 0.5687358281250001 0.3631267328125 0.5595293005550295 0.3630097006666275 0.5559728719783367 0.6427820443918982 0.5651793995483072 0.6428990765377708
0 0.587632275 0.3602922656250001 0.5689771017848906 0.3601042515568317 0.5661375656250002 0.6418493328125 0.5847927388401096 0.6420373468806684
0 0.608890778125 0.3763542453125 0.5888424363219771 0.3759281884516448 0.5831653981997897 0.6430643647684431 0.6032137400028128 0.6434904216292984
0 0.6296768703125002 0.37509448281250013 0.6112907871682747 0.37460721916631445 0.6041836799979968 0.6427820858335692 0.6225697631422223 0.6432693494797549
0 0.6419595609375001 0.36344167343750006 0.6320382504830226 0.3631497066383119 0.6237710551705227 0.6440768925758118 0.633692365625 0.644368859375
0 0.658493953125 0.37540942343750006 0.6436077241614008 0.37495078084343836 0.6353405288489007 0.6432803339684383 0.6502267578125001 0.6437389765625001
0 0.6670097763221629 0.3615050245454815 0.6592025703125001 0.3612370875000001 0.6495057189903374 0.6437859817045187 0.6573129250000002 0.6440539187500002
0 0.6745559328125001 0.3615520281250001 0.6672453085315669 0.36125895190747587 0.6558597709445299 0.6452648949294281 0.6631703952254631 0.6455579711469522
0 0.6811696906250002 0.36123708750000005 0.6743519438870484 0.36098738088654797 0.6639588970120485 0.6447490340115481 0.6707766437500002 0.6449987406250003
0 0.6892006796875001 0.36123708750000005 0.6811696906250001 0.36092214687500007 0.6700661278757608 0.6440631071557684 0.6780971169382608 0.6443780477807683
0 0.6962868484375001 0.36060720625000003 0.689199423442714 0.3603237092439575 0.6778615546927139 0.6437704217439575 0.6849489796875 0.6440539187500001
0 0.7038454265625002 0.3599773250000001 0.696312353516087 0.35966903945438544 0.6847276168381898 0.6427464294242766 0.6922606898846031 0.6430547149698914
0 0.7114040062500002 0.36029226562500016 0.7038574210032598 0.3599914050764389 0.6925195522532598 0.6443829394514389 0.7000661375000001 0.6446838000000001
0 0.7187263796875001 0.37603930468750013 0.7107058366220673 0.37574983085200253 0.7010109593750002 0.6443688593750001 0.709031502440433 0.6446583332104977
0 0.728410809375 0.374779540625 0.7192559395256344 0.3744502865237679 0.709571227083337 0.6437325266111864 0.7187260969327026 0.6440617807124186
0 0.7378590328125001 0.3757243640625001 0.7286784303111814 0.37532217645220645 0.7168681506236814 0.6449114936397066 0.7260487531250001 0.6453136812500002
0 0.74707105 0.37572436406250004 0.7378609140274759 0.37536165451145326 0.72722978125 0.64531368125 0.7364399172225242 0.6456763908010468
0 0.7558106578125 0.3754094234375001 0.7468475380997635 0.3750721298387889 0.7366780046874999 0.6453136812500001 0.7456411244002364 0.6456509748487114
0 0.9709557578125002 0.36649358281250016 0.9449917430635247 0.36429228594879726 0.920804692452324 0.6495754520489174 0.9467687072012995 0.6517767489126203
0 0.9440433968750004 0.3664935828125001 0.9191487055936097 0.36443189474058385 0.8955606719568792 0.6492552020683756 0.9204553632382698 0.6513168901402919
0 0.9168671906249999 0.3654381968750001 0.8928631045380347 0.3637385286947462 0.872495327811819 0.6513887133696875 0.8964994138987843 0.6530883815499414
0 0.8873394618748405 0.3685766110768078 0.8760785887004063 0.3678912582875949 0.858820921875 0.6514479906250001 0.8700817950494342 0.652133343414213
0 0.7643638125000001 0.37564026718750004 0.7564600584579815 0.37533687505268243 0.7461460726387634 0.6440294275374886 0.754049826680782 0.6443328196723063
0 0.7844161593750002 0.35382894218750016 0.7704927698275856 0.3531979355265826 0.7570365901400856 0.6501133933390825 0.7709599796875002 0.6507444
0 0.8039408140625002 0.3538289421875001 0.786804265889481 0.352881439822991 0.7704457721394811 0.6487415101354911 0.7875823203125003 0.6496890125000001
0 0.8202993078125 0.35206996562500015 0.8046064706775438 0.3512352402647634 0.7887698146690196 0.6489643801025617 0.8044626518039759 0.6497991054627985
0 0.8374493421875002 0.3527735562500001 0.8224923181198094 0.35196183156572924 0.8063542796978297 0.6493250062481402 0.8213113037655205 0.650136730932411
0 0.854599375 0.37493667656250007 0.8365012104879371 0.3738514982972762 0.8203871619092598 0.6425950876946416 0.8384853264213227 0.6436802659598655
0 0.8706940218750001 0.37564026718750004 0.8581715938434474 0.3748352539955958 0.8405791440850768 0.6484955967246042 0.8531015721166295 0.6493006099165085
0 0.9237272031250005 0.7372861078125001 0.9160846162931146 0.7364958086624078 0.893087788772152 0.9588865972217923 0.9007303756040379 0.9596768963718846
0 0.915284109375 0.7376379031250002 0.909083541048887 0.7370198085048639 0.886920420736387 0.9593546053798636 0.8931209890625 0.9599727
0 0.9105348703124999 0.725325059375 0.9016182771677131 0.7244321059317606 0.8772309069583857 0.9679523696971385 0.8861475001031724 0.9688453231403781
0 0.9002448500000003 0.7260286500000002 0.8912857890639156 0.7251985044574523 0.8688588218764156 0.9672338528949525 0.8778178828125004 0.9680639984375
0 0.8915379093750001 0.725325059375 0.8795094692810045 0.7241826201796366 0.8563942263055978 0.9675568991051622 0.8684226663995934 0.9686993383005256
0 0.8796648093750001 0.7260286500000002 0.8678907229707212 0.7249489302996992 0.845571206615622 0.9683379450536164 0.8573452930199009 0.9694176647539173
0 0.8656809359375002 0.7277876281250002 0.8456973716821228 0.7259742506686909 0.8236601851479104 0.9688258045919789 0.8436437494032878 0.9706391820482881
0 0.8437816609375 0.7256768546875 0.8243380805901663 0.7240211786256845 0.8037219030903113 0.9661291083820487 0.823165483437645 0.9677847844438642
0 0.8218823875000002 0.725325059375 0.8026883408845652 0.7237878738813279 0.7831630061160374 0.967590711776847 0.8023570527314725 0.9691278972705192
0 0.7949700265625002 0.7383414953125003 0.7754453734375001 0.7369343125000002 0.7592736212355682 0.9613172777845307 0.7787982743605684 0.9627244605970308
0 0.7746538328125001 0.7393968812500001 0.7535777315695781 0.7376154488639349 0.7347707806797561 0.9601202175686577 0.7558468819226781 0.9619016499547228
0 0.7516991718750001 0.7383414953125002 0.7350842485122069 0.7371800255956961 0.719487972998835 0.9602860770498152 0.7361028963616283 0.9614475467666193
0 0.7345491390625 0.7386932906250001 0.7137501337190163 0.7373132618005463 0.6988647447125781 0.961657333459554 0.7196637500560618 0.9630373622840077
0 0.7137052515625003 0.7386932906250002 0.6947862287626612 0.7374789951900318 0.680464900212242 0.960608831280064 0.6993839230120812 0.9618231267150325
0 0.6939167515625002 0.7246214671875003 0.6644537097262415 0.723013222461772 0.6510849144515312 0.9679295391005927 0.6805479562877899 0.9695377838263207
0 0.6641020765625002 0.7246214671875002 0.6454108611303006 0.7237365172876428 0.6337597093750003 0.9698229765625002 0.6524509248071999 0.9707079264623577
0 0.6432792511557943 0.7427515141441532 0.6300658562500001 0.742211246875 0.6207616245440611 0.96976619022421 0.6339750194498555 0.9703064574933631
0 0.6298043571005086 0.7252545771212838 0.621118771467515 0.7249652649913222 0.612915821875 0.971230159375 0.6216014075079938 0.9715194715049617
0 0.6208312218750002 0.7256768546875001 0.6092477030850748 0.7252791373689127 0.600768054681869 0.9722489373247051 0.6123515734717943 0.9726466546432926
0 0.6060558093750003 0.7369343125000002 0.5994657984066618 0.73673289365332 0.5925791284603269 0.9620505897362579 0.5991691394286655 0.962252008582938
0 0.5991323864157464 0.736301473665468 0.5928033250000001 0.7361284015625001 0.5866103293563334 0.9625996184949488 0.5929393907720797 0.9627726905979168
0 0.5921958354626535 0.7376435047315153 0.5854276890625001 0.7374939875000002 0.5804131910998467 0.964483585893485 0.5871813375000001 0.9646331031250002
0 0.5859459602102653 0.7356304551475531 0.578914140625 0.7354898187500001 0.5743875319772347 0.961820241727447 0.5814193515625 0.961960878125
0 0.5786645673231486 0.7374468474163535 0.5643839187500002 0.7371599593750001 0.5598735920518515 0.9616739900836466 0.5741542406250001 0.961960878125
0 0.562380905461325 0.7357297293286061 0.5428391046875001 0.73548981875 0.5400546706497427 0.9622945538719108 0.5595964714235676 0.9625344644505169
0 0.542588584375 0.7344877343750001 0.5217989868864596 0.7342121726885039 0.5187760652052071 0.962274810102681 0.5395656626937476 0.9625503717891772
0 0.5217988044222979 0.7373067374303641 0.4997494796875001 0.737159959375 0.49823973824457546 0.9639566644958715 0.5202890629793732 0.9641034425512356
0 0.4992484374999999 0.96229490625 0.4989978908670607 0.7354674046330913 0.4787057078125 0.7354898187499999 0.4789562544454392 0.9623173203669084
0 0.48170350878352786 0.9622730951385459 0.4792028605014235 0.733463789023457 0.446639009375 0.7338196781249999 0.44913965765710434 0.9626289842400888
0 0.4486511673672095 0.9627633528089884 0.4463884875 0.73548981875 0.4243182163330358 0.7357095449862294 0.42658089620024536 0.9629830790452178
0 0.4293530546875 0.969309496875 0.4230751102940616 0.7218748221106086 0.4105571140029669 0.7221924303225845 0.41683505839640533 0.9696271050869759
0 0.4163606880899057 0.9717835277781017 0.4115660578125001 0.7224627218750002 0.39951980581831525 0.7226943805379479 0.4043144360957208 0.9720151864410495
0 0.40480198749999996 0.9749879750000001 0.39853896093749996 0.72480091875 0.38819882006622564 0.7250597673807304 0.39446184662872563 0.9752468236307305
0 0.3928287031259172 0.9767645146444028 0.38550422471713647 0.7252066030386881 0.37649310625000004 0.7254689750000001 0.3838175846587808 0.9770268866057146
0 0.3825056109375 0.9699775531249999 0.37472794356711747 0.718750519659537 0.3624538336980317 0.7191305103894853 0.37023150106841424 0.9703575438549482
0 0.36947851562500006 0.959956709375 0.36346600937500007 0.73682593125 0.35169106769197117 0.7371432201110772 0.35770357394197116 0.9602739982360774
0 0.3582050671875 0.96095879375 0.34968735000000006 0.736491903125 0.32911087315635607 0.7372727069664098 0.33762859034385606 0.9617395975914098
0 0.33567093415761357 0.9613162251482501 0.32764149375 0.7364919031250002 0.30881677573996097 0.737164214510581 0.3168462161475745 0.9619885365338311
0 0.31686908750000004 0.961960878125 0.3075998078125 0.7368259312500001 0.2963179783984201 0.73729042791601 0.30558725808592013 0.96242537479101
0 0.3048798636099509 0.9620363372052813 0.29407166875000007 0.7374939875000001 0.28176034732754923 0.7380865846697188 0.29256854218750006 0.9626289343749999
0 0.2873076000000001 0.9706456093750002 0.27498960821137863 0.7249561342736782 0.2632446404543548 0.7255449849614375 0.2755626322429762 0.9712344600627596
0 0.27603415156249994 0.960624765625 0.26512664069475844 0.7363866284578077 0.2492283953125 0.737159959375 0.2601359061802415 0.9613980965421923
0 0.2600008015625 0.9616268500000003 0.24810804992936736 0.7352428346375046 0.23068983437499999 0.736157875 0.24258258600813262 0.9625418903624956
0 0.2362012984375 0.9706456093750001 0.22356255826719335 0.741463101824553 0.19862313593750003 0.7428384375 0.21126187610780667 0.9720209450504471
0 0.20814293749999999 0.9756560312499998 0.19461479843750001 0.737159959375 0.17131551420457652 0.7384815574821794 0.1848436532670765 0.9769776293571791
0 0.1848444765625 0.9723157500000001 0.17016844219952384 0.7401982504638462 0.1442600609375 0.7418363531250001 0.15893609530047617 0.973953852661154
0 0.15979236875000002 0.97298380625 0.1432579765625 0.74083426875 0.12145429368197969 0.7423871929890948 0.1379886858694797 0.974536730489095
0 0.13649390781249998 0.9546122609375003 0.11894420994829255 0.7416759346701729 0.112944925 0.74217038125 0.13049462286420743 0.9551067075173274
0 0.13098244375 0.9252177859374999 0.11185002419583605 0.7406067279145736 0.10643137656249999 0.741168296875 0.12556379611666396 0.9257793548979265
0 0.12296576875000001 0.9626289343749999 0.10292408281249998 0.74083426875 0.09624473546788596 0.7414378242114039 0.11628642140538596 0.963232489836404
0 0.11408646553692472 0.9507961974792842 0.098414703125 0.7415023249999999 0.0956494629656088 0.7417093840327205 0.1113212253775335 0.9510032565120046