0 0.07458388437499999 0.8669716343749998 0.057273635475718454 0.2973490602403805 0.021565841068899118 0.29843418368332947 0.03887608996818066 0.8680567578179488
0 0.1324542546875 0.8825874484375001 0.12133151166923875 0.24395664615370136 0.05598269375 0.245094796875 0.06710543676826128 0.8837255991587988
0 0.156566909375 0.869727365625 0.15174313121845995 0.302818625992578 0.134521053125 0.30296516718750005 0.13934483128154007 0.869873906819922
0 0.1910161941873512 0.8861516697350205 0.18894336114002572 0.2504827134160411 0.15105544531249998 0.2506062609375 0.15312827835982543 0.8862752172564793
0 0.27093864212713337 0.30956775562466443 0.20272541875000005 0.30939520937500004 0.2013386938103668 0.8576133146878355 0.2695519171875001 0.8577858609375
0 0.5472520911844893 0.33167050469232967 0.295731371875 0.32225529062499997 0.2763810666280109 0.8391848749951702 0.5279017859375001 0.8486000890625001
0 0.5981729500000001 0.3305224875000001 0.5507027476508171 0.32915086097663787 0.5347922634261536 0.8797919376502554 0.5822624657753368 0.8811635641736176
0 0.6863563718750001 0.28734935312500004 0.6120375185088631 0.2837421975958815 0.5829962312315294 0.8820848954100363 0.6573150845976665 0.8856920509391548
0 0.7648947312500001 0.2928608171875001 0.6921003935987615 0.2882614869293909 0.654703803425707 0.8801433173899589 0.7274981410769455 0.8847426476480681
0 0.7780877968750002 0.3335813484375001 0.7608148543696339 0.33253677150859 0.7275839895566649 0.8820365751438697 0.7448569320620312 0.8830811520727797
0 0.823970734375 0.29596560781250014 0.78911941311482 0.2932393944669699 0.7431386856191119 0.8810470612282991 0.7779900068792919 0.8837732745738294
0 0.8447420640625003 0.3422619046875001 0.8152827567155173 0.340306939213717 0.7793204551530173 0.882221622026217 0.8087797625000004 0.8841765875
0 0.8940352187500002 0.2980324078125002 0.8598847951092423 0.29504244455397466 0.8083293258765634 0.8838928627903219 0.8424797495173213 0.8868828260488474
0 0.9384793453125002 0.30525030468750014 0.9017926303215136 0.30157894355253556 0.8436756130989875 0.8823233510322493 0.8803623280899743 0.885994712167214
0 0.9749044687499999 0.3064863812500001 0.9469676018098415 0.3033723992153763 0.8823227734374999 0.8833288500000002 0.9102596403776584 0.8864428320346238
0 0.9859409046875001 0.3472222218750001 0.9604283797064189 0.3449423791674975 0.9125087531250001 0.8811858078125001 0.9380212781060813 0.8834656505200028
0 1.034387410962911 0.3560248760646574 0.9895780989815609 0.3521472140516438 0.9438375920277762 0.8807133034629236 0.9886469040091264 0.8845909654759373