0 0.9262772812500002 0.15691137500000013 0.8946550756829241 0.1551558606896442 0.8550990117044457 0.867682086863345 0.8867212172715216 0.869437601173701
0 0.8882998515625002 0.15897817500000014 0.8543478986066978 0.15717807144125392 0.8170542689815686 0.860577357794217 0.8510062219373712 0.8623774613529631
0 0.8565228171875002 0.08354001250000012 0.795417529113746 0.08079146959752084 0.7595644888420066 0.877872116273393 0.8206697769157609 0.8806206591758723
0 0.7751461194473921 0.1485352894461884 0.7464657734375001 0.14761077968750008 0.7230194493820659 0.8749678251382381 0.7516997953919579 0.8758923348969265
0 0.7456907234375 0.14761077968750008 0.7163490159705602 0.14657036818065633 0.6907723800330603 0.8678831994306565 0.7201140875 0.8689236109375003
0 0.7170880655229628 0.08128272094503623 0.6914372515625 0.0804398140625001 0.6650113891645375 0.8846150962424641 0.6906622031250002 0.8854580031250003
0 0.6813616078125001 0.14037698437500007 0.655798776068716 0.13978291853416872 0.6387476838812158 0.8734965419716687 0.664310515625 0.8740906078125
0 0.6511346718750002 0.14037698437500007 0.624814447647801 0.13984723410876776 0.610088505460301 0.8714940591087679 0.6364087296875001 0.8720238093750001
0 0.6247829859375 0.14037698437500007 0.5961626883494736 0.1397714773691082 0.5806616961619735 0.8724517023691082 0.60928199375 0.873057209375
0 0.5635540671875001 0.08147321406250009 0.5193803352263268 0.08104792143207648 0.5116298399138267 0.8860661089320766 0.5558035718750001 0.8864914015625003
0 0.5976657762423309 0.0809235145714808 0.5697544640625 0.08043981406250009 0.5557940456326693 0.8860077010535194 0.5837053578125002 0.8864914015625001
0 0.5116297055312222 0.08149712687929953 0.48682415624999986 0.08147321406250005 0.4860471361641319 0.8875016378207616 0.5108526854453543 0.8875255506375611
0 0.4862614234375 0.8757816249999999 0.48550827610677255 0.14924477447327558 0.4607082734375 0.14927048281250002 0.46146142076822744 0.8758073333392243
0 0.46221523118089125 0.8772034291883493 0.459205146875 0.1537798625 0.43327457821777504 0.15388775668723978 0.43628466252366627 0.8773113233755891
0 0.44004028437500003 0.8817941312500001 0.43064131722366994 0.13689465334516468 0.4028379031249999 0.13724547031249998 0.41223687027633 0.8821449482173354
0 0.4080988453125001 0.8913139328125 0.3949464890625001 0.0781224953125 0.31299890804618985 0.07944789512569252 0.3261512642961899 0.8926393326256926
0 0.3310636125 0.8787878781249999 0.3103956234375 0.14776735624999998 0.2814552392933533 0.14858558162816254 0.3021232283558533 0.8796061035031626
0 0.3055104625 0.8662618249999999 0.281797452514808 0.15462063403477486 0.26191979375 0.15528298906250002 0.28563280373519206 0.8669241800277252
0 0.28672137968750006 0.8647586984375 0.26077503465796525 0.15631064371468714 0.23411195312500005 0.15728715781250002 0.26005829815453485 0.8657352125353128
0 0.26455026406250004 0.8572430656250001 0.22734788437500003 0.1522767359375 0.1972633708397668 0.1538643514704966 0.2344657505272668 0.8588306811579967
0 0.24012445937500004 0.8552388968750002 0.19798416878601943 0.1483856911757808 0.17473845625 0.14977152500000002 0.21687874683898062 0.8566247306992194
0 0.20897633750000005 0.86712473125 0.17429220800479917 0.15371071279928 0.11160714218750001 0.15675827968750003 0.14629127168270087 0.8701722981382201
0 0.142838771875 0.8640628062499995 0.10418156974821398 0.14982497573337333 0.06659685468749998 0.15185919999999997 0.10525405681428598 0.8660970305166262
0 0.10724842066848046 0.8658455065952035 0.04262336971662445 0.08646765374252044 0.0006613749999999988 0.089947090625 0.065286425951856 0.8693249434776831
0 0.05935846562500001 0.8670634921875001 3.3306690738754695e-17 0.24640304531249999 -0.04501896931939633 0.250708550772487 0.01433949630560365 0.8713689976474871