0 0.9546875 0.10468750000000011 0.9 0.10468750000000009 0.9 0.8578125 0.9546875 0.8578125
0 0.8953125 0.11250000000000009 0.828125 0.11250000000000009 0.828125 0.8609375 0.8953125 0.8609375
0 0.8234375 0.13281250000000008 0.7890625 0.13281250000000008 0.7890625000000001 0.8703125 0.8234375 0.8703125
0 0.784375 0.1765625000000001 0.734375 0.1765625000000001 0.7343750000000001 0.859375 0.7843750000000002 0.859375
0 0.7343750000000001 0.2390625000000001 0.7046875 0.2390625000000001 0.7046875000000001 0.8625 0.7343750000000002 0.8625
0 0.4687500000000001 0.2328125000000001 0.4328125 0.2328125000000001 0.4328125000000001 0.8703125 0.46875000000000017 0.8703125
0 0.5218750000000001 0.22812500000000008 0.4953125 0.22812500000000008 0.4953125000000001 0.878125 0.5218750000000002 0.878125
0 0.5937500000000001 0.23593750000000008 0.5703125 0.23593750000000008 0.5703125000000001 0.8734375 0.5937500000000002 0.8734375
0 0.6343750000000001 0.23593750000000008 0.596875 0.23593750000000008 0.596875 0.8734375 0.6343750000000001 0.8734375
0 0.6984375 0.23593750000000008 0.6390625 0.23593750000000008 0.6390625000000001 0.875 0.6984375000000002 0.875
0 0.4953125000000001 0.2468750000000001 0.465625 0.2468750000000001 0.46562500000000007 0.86875 0.49531250000000016 0.86875
0 0.5437500000000001 0.24218750000000008 0.5171875 0.24218750000000008 0.5171875000000001 0.8734375 0.5437500000000002 0.8734375
0 0.5687500000000001 0.2390625000000001 0.5421875 0.2390625000000001 0.5421875 0.8765625 0.5687500000000002 0.8765625
0 0.4000000000000001 0.26562500000000006 0.34375 0.265625 0.34375000000000006 0.8765625 0.4000000000000002 0.8765625
0 0.4375000000000001 0.2734375000000001 0.4 0.2734375000000001 0.4000000000000001 0.8734375 0.43750000000000017 0.8734375
0 0.440625 0.23593750000000008 0.4359375 0.23593750000000008 0.4359375 0.2390625000000001 0.440625 0.2390625000000001