0 0.14643490312500004 0.8491570984375001 0.1329557950746981 0.2574858950369793 0.10421943593750001 0.2581405499999999 0.11769854398780195 0.8498117534005207
0 0.20078731875000005 0.8294565468750001 0.1854454815086105 0.2630429961088504 0.1456433640625 0.2641210734375 0.16098520130388955 0.8305346242036495
0 0.2369343125 0.8343816843749998 0.22055829032226973 0.2670317544813479 0.1873311375 0.267990825 0.2037071596777303 0.8353407548936518
0 0.262527440625 0.8438801640625 0.2509181859375 0.26974980312499997 0.2208306270668725 0.27035819131977146 0.23243988175437252 0.8444885522572715
0 0.2915505734375 0.8473981203124998 0.28519358049395926 0.22088100966902027 0.25355665312500003 0.22120201562500003 0.2599136460685407 0.8477191262684795
0 0.32190123546587907 0.27729517200523224 0.29814674062500013 0.27713750937500004 0.29444459265912115 0.8349276123697678 0.31819908750000014 0.835085275
0 0.43484415821033356 0.2787338908608358 0.32532294843750004 0.27573032812500003 0.3093500417896666 0.8581626638266645 0.4188712515625001 0.8611662265625002
0 0.48235951937081956 0.2872193379101492 0.43816137499999996 0.2856775421875001 0.41807588531668055 0.8614615839648507 0.46227402968750014 0.8630033796875001
0 0.5542782239043674 0.23814878606216677 0.48983134843750004 0.23515579062500006 0.45983112297063267 0.8811376623753334 0.5242779984375001 0.8841306578125001
0 0.5749741867340729 0.2946092328372623 0.5528687171875001 0.2934854500000001 0.5235294507659274 0.8706060812252379 0.5456349203125002 0.8717298640625002
0 0.6219411375000001 0.24390064687500007 0.584187609375 0.2416960609375 0.5465667973474313 0.8859523635875906 0.5843203254724314 0.8881569495250907
0 0.6861496921875002 0.30599647187500006 0.6184746050921955 0.30080969509963823 0.5760363332171954 0.8545280966621384 0.6437114203125001 0.8597148734375002
0 0.9412375421875001 0.3268426234375002 0.6866051275124281 0.302867493200741 0.636425171262428 0.835813229138241 0.8910575859375001 0.859788359375
0 1.0265455532368408 0.32729229540631505 0.9738876317917455 0.32184492437618095 0.9151190940043167 0.889940805698469 0.967777015449412 0.8953881767286032