0 0.90390625 0.3312500000000001 0.8765625 0.3312500000000001 0.8765625 0.93671875 0.90390625 0.93671875
0 0.1710937500000001 0.3265625 0.14375000000000004 0.3265625 0.1437500000000001 0.94375 0.17109375000000013 0.94375
0 0.28906250000000006 0.3265625 0.25625 0.3265625 0.25625000000000003 0.94921875 0.2890625000000001 0.94921875
0 0.97734375 0.3312500000000001 0.934375 0.3312500000000001 0.934375 0.94296875 0.97734375 0.94296875
0 0.39921875000000007 0.3375000000000001 0.3640625 0.3375000000000001 0.36406250000000007 0.94296875 0.39921875000000007 0.94296875
0 0.5750000000000001 0.3421875000000001 0.5421875 0.3421875000000001 0.5421875 0.93671875 0.5750000000000002 0.93671875
0 0.6273437500000001 0.3421875000000001 0.6046875 0.3421875000000001 0.6046875 0.93671875 0.6273437500000002 0.93671875
0 0.6640625000000001 0.3421875000000001 0.63125 0.3421875000000001 0.6312500000000001 0.93671875 0.6640625000000002 0.93671875
0 0.7289062500000001 0.34843750000000007 0.7015625 0.34843750000000007 0.7015625000000001 0.93125 0.7289062500000002 0.93125
0 0.7671875000000001 0.3421875000000001 0.7375 0.3421875000000001 0.7375 0.93671875 0.7671875000000001 0.93671875
0 0.8734375 0.3375000000000001 0.840625 0.3375000000000001 0.840625 0.94296875 0.8734375 0.94296875
0 0.7953125000000001 0.34843750000000007 0.7703125 0.34843750000000007 0.7703125000000001 0.93671875 0.7953125000000002 0.93671875
0 0.83984375 0.3437500000000001 0.8 0.3437500000000001 0.8 0.94375 0.83984375 0.94375
0 0.93515625 0.3375000000000001 0.9078125 0.3375000000000001 0.9078125 0.94921875 0.93515625 0.94921875
0 0.36562500000000003 0.35468750000000004 0.340625 0.3546875 0.34062500000000007 0.9375 0.3656250000000001 0.9375
0 0.43437500000000007 0.3375000000000001 0.4015625 0.3375000000000001 0.4015625000000001 0.9546875 0.4343750000000002 0.9546875
0 0.6039062500000001 0.34843750000000007 0.5765625 0.34843750000000007 0.5765625000000001 0.94296875 0.6039062500000002 0.94296875
0 0.1140625000000001 0.3484375 0.08125000000000004 0.3484375 0.08125000000000007 0.94296875 0.11406250000000014 0.94296875
0 0.1960937500000001 0.3546875 0.17343750000000005 0.3546875 0.17343750000000008 0.9375 0.19609375000000012 0.9375
0 0.22109375000000003 0.3609375 0.19843750000000004 0.3609375 0.1984375000000001 0.93203125 0.2210937500000001 0.93203125
0 0.25312500000000004 0.3484375 0.2203125 0.3484375 0.22031250000000005 0.94296875 0.2531250000000001 0.94296875
0 0.7039062500000001 0.3593750000000001 0.66875 0.3593750000000001 0.6687500000000001 0.93671875 0.7039062500000002 0.93671875
0 0.13828125000000008 0.3546875 0.11562500000000005 0.3546875 0.11562500000000009 0.94296875 0.13828125000000013 0.94296875
0 0.33906250000000004 0.3609375 0.29375 0.3609375 0.29375000000000007 0.94375 0.3390625000000001 0.94375
0 0.07265625000000007 0.3609375 0.029687500000000044 0.3609375 0.02968750000000008 0.94375 0.07265625000000012 0.94375
0 0.5054687500000001 0.3656250000000001 0.478125 0.3656250000000001 0.4781250000000001 0.94296875 0.5054687500000001 0.94296875
0 0.5421875 0.3656250000000001 0.5125 0.3656250000000001 0.5125000000000001 0.94296875 0.5421875000000002 0.94296875
0 0.47343750000000007 0.3656250000000001 0.4359375 0.3656250000000001 0.4359375000000001 0.9484375 0.4734375000000002 0.9484375