1 0.1611328125 0.9909678812499999 0.162109375 0.9473242187500001 0.158203125 0.9370551218750001 0.154296875 0.8857096359375 0.138671875 0.7881532124999999 0.09375 0.5416948781250001 0.0625 0.3055056421875 0.0595703125 0.2926692703125 0.0361328125 0.2926692703125 0.0283203125 0.30807291718749996 0.0087890625 0.3183420140625 0.001953125 0.33117838593750004 0.001953125 0.34658203125 0.03125 0.5262912328125 0.037109375 0.587905815625 0.05859375 0.71626953125 0.08984375 0.9421896703125 0.1005859375 0.99610243125 0.130859375 0.9986697046874999 0.1513671875 0.9858333328125 0.1611328125 0.9909678812499999
1 0.2294921875 0.9858333328125 0.2373046875 0.9858333328125 0.240234375 0.9729969625000001 0.15625 0.5827712671875 0.126953125 0.4081966140625 0.1181640625 0.4004947921875 0.0869140625 0.43130208281250004 0.083984375 0.44413845468749996 0.09375 0.49034939218750007 0.103515625 0.5725021703125 0.125 0.6854622390625 0.134765625 0.7573459203125 0.146484375 0.80869140625 0.1484375 0.8394986984375 0.154296875 0.8600368921875001 0.154296875 0.8754405375 0.173828125 0.9884006078124999 0.1845703125 1 0.201171875 0.9986697046874999 0.2236328125 0.99610243125 0.2294921875 0.9858333328125
1 0.2705078125 0.9858333328125 0.2919921875 0.9755642359375001 0.29296875 0.957593315625 0.2890625 0.9319205734375 0.25390625 0.7881532124999999 0.2265625 0.6495204 0.1953125 0.5160221359375 0.1806640625 0.518589409375 0.16015625 0.557098525 0.158203125 0.5827712671875 0.240234375 0.9678624125 0.2490234375 0.99610243125 0.2578125 0.9935351562499999 0.2626953125 0.9806987843750001 0.2705078125 0.9858333328125
1 0.326171875 0.9319205734375 0.2265625 0.49034939218750007 0.19140625 0.310640190625 0.1806640625 0.30293836875 0.1650390625 0.3234765625 0.162109375 0.3414474828125 0.1875 0.4544075515625 0.19921875 0.5365603296875 0.22265625 0.6238476562499999 0.294921875 0.9524587671875 0.298828125 0.9832660593749999 0.3056640625 0.99610243125 0.32421875 0.9935351562499999 0.33203125 0.9781315109375001 0.326171875 0.9319205734375
1 0.369140625 0.9524587671875 0.30078125 0.6495204 0.2578125 0.43900390624999996 0.2529296875 0.42616753437500005 0.2470703125 0.42616753437500005 0.2294921875 0.4467057296875 0.224609375 0.4595421 0.224609375 0.4800802953125 0.234375 0.5262912328125 0.33203125 0.9627278640625001 0.3408203125 0.99610243125 0.349609375 0.9935351562499999 0.3642578125 0.9755642359375001 0.369140625 0.9524587671875
1 0.412109375 0.8703059890624999 0.4072265625 0.8523350687500001 0.390625 0.8292296 0.33203125 0.5519639749999999 0.326171875 0.5365603296875 0.32421875 0.521156684375 0.328125 0.5006184890625 0.3349609375 0.49291666718749994 0.33984375 0.4698111984375 0.3193359375 0.451840278125 0.314453125 0.43900390624999996 0.3046875 0.35685112812500003 0.2978515625 0.3388802078125 0.2861328125 0.34401475625 0.2548828125 0.3850911453125 0.251953125 0.39279296874999997 0.25390625 0.42360026093750003 0.36328125 0.9319205734375 0.373046875 0.9729969625000001 0.3828125 0.9884006078124999 0.408203125 0.9524587671875 0.412109375 0.8703059890624999
1 0.41796875 0.76248046875 0.40625 0.7008658859375 0.384765625 0.6187131078125 0.361328125 0.48521484375 0.3466796875 0.47237847187500004 0.3310546875 0.498051215625 0.32421875 0.521156684375 0.388671875 0.818960503125 0.3955078125 0.8420659718750001 0.408203125 0.8446332468750001 0.416015625 0.8240950515625001 0.41796875 0.76248046875
1 0.5078125 0.4800802953125 0.5078125 0.4698111984375 0.5009765625 0.4569748265625 0.3544921875 0.34401475625 0.3349609375 0.333745659375 0.326171875 0.3414474828125 0.328125 0.36198567656249997 0.32421875 0.4081966140625 0.31640625 0.428734809375 0.3212890625 0.451840278125 0.4326171875 0.52885850625 0.4521484375 0.53399305625 0.4814453125 0.564800346875 0.5 0.5622330734375 0.5 0.5262912328125 0.5078125 0.4800802953125
1 0.49609375 0.71626953125 0.490234375 0.5981749125 0.486328125 0.57763671875 0.4755859375 0.5596657984375 0.4384765625 0.564800346875 0.4296875 0.5981749125 0.427734375 0.67005859375 0.4140625 0.8292296 0.408203125 0.9884006078124999 0.4111328125 0.99610243125 0.4306640625 0.9858333328125 0.5078125 0.9935351562499999 0.5 0.741942275 0.49609375 0.71626953125
1 0.6376953125 0.9806987843750001 0.640625 0.9832660593749999 0.6396484375 0.9909678812499999 0.6533203125 0.9909678812499999 0.65234375 0.9370551218750001 0.576171875 0.49548394062499995 0.5703125 0.43900390624999996 0.56640625 0.428734809375 0.56640625 0.403062065625 0.546875 0.2849674484375 0.546875 0.264429253125 0.5341796875 0.266996528125 0.5048828125 0.30293836875 0.4970703125 0.30293836875 0.48828125 0.3260438375 0.521484375 0.5365603296875 0.5234375 0.5725021703125 0.544921875 0.7008658859375 0.576171875 0.926786025 0.5908203125 0.99610243125 0.615234375 0.9986697046874999 0.6337890625 0.9909678812499999 0.6376953125 0.9806987843750001
1 0.7177734375 0.9858333328125 0.7255859375 0.9858333328125 0.73046875 0.9678624125 0.6953125 0.8138259546875 0.646484375 0.5725021703125 0.646484375 0.5519639749999999 0.671875 0.5006184890625 0.66796875 0.474945746875 0.650390625 0.39792751718749997 0.6396484375 0.3696875 0.6142578125 0.3645529515625 0.6103515625 0.3850911453125 0.5771484375 0.4158984375 0.57421875 0.42360026093750003 0.57421875 0.44927300312499996 0.5859375 0.5108875875 0.591796875 0.567367621875 0.630859375 0.7830186625 0.66015625 0.9781315109375001 0.6650390625 0.99610243125 0.68359375 0.9986697046874999 0.7119140625 0.99610243125 0.7177734375 0.9858333328125
1 0.7724609375 0.9806987843750001 0.7822265625 0.9755642359375001 0.78515625 0.957593315625 0.685546875 0.5006184890625 0.6689453125 0.5083203125 0.6484375 0.5519639749999999 0.646484375 0.5725021703125 0.736328125 0.9884006078124999 0.7392578125 0.99610243125 0.748046875 0.9935351562499999 0.7548828125 0.9704296875 0.7724609375 0.9806987843750001
1 0.826171875 0.9678624125 0.712890625 0.46467665 0.681640625 0.30037109375000004 0.6767578125 0.287534721875 0.6689453125 0.287534721875 0.6513671875 0.313207465625 0.650390625 0.3260438375 0.6796875 0.4595421 0.6875 0.5160221359375 0.779296875 0.9165169265625 0.791015625 0.9832660593749999 0.7998046875 1 0.80859375 0.9986697046874999 0.8212890625 0.9909678812499999 0.826171875 0.9678624125
1 0.861328125 0.9473242187500001 0.74609375 0.42360026093750003 0.7353515625 0.4158984375 0.7275390625 0.42616753437500005 0.71484375 0.44927300312499996 0.716796875 0.4800802953125 0.826171875 0.9678624125 0.8330078125 0.9909678812499999 0.841796875 0.9884006078124999 0.8583984375 0.9652951390625001 0.861328125 0.9473242187500001
1 0.904296875 0.8651714406250001 0.8994140625 0.8472005203125 0.8916015625 0.8420659718750001 0.8828125 0.818960503125 0.828125 0.5725021703125 0.81640625 0.5108875875 0.826171875 0.4698111984375 0.8193359375 0.4467057296875 0.806640625 0.428734809375 0.796875 0.34658203125 0.7861328125 0.3234765625 0.7705078125 0.3388802078125 0.7421875 0.38252387187500003 0.74609375 0.41846571250000003 0.86328125 0.9627278640625001 0.8720703125 0.9858333328125 0.876953125 0.9832660593749999 0.900390625 0.9473242187500001 0.904296875 0.8651714406250001
1 0.91015625 0.7470768234375 0.880859375 0.6238476562499999 0.8515625 0.4698111984375 0.8369140625 0.462109375 0.8271484375 0.48778211875000005 0.8212890625 0.48778211875000005 0.81640625 0.5160221359375 0.8828125 0.818960503125 0.8916015625 0.8420659718750001 0.900390625 0.8394986984375 0.908203125 0.8240950515625001 0.91015625 0.7470768234375
1 1 0.4544075515625 0.9931640625 0.44157118124999994 0.8330078125 0.3234765625 0.8212890625 0.3234765625 0.818359375 0.33117838593750004 0.81640625 0.39279296874999997 0.80859375 0.41846571250000003 0.8154296875 0.44157118124999994 0.8896484375 0.48778211875000005 0.9169921875 0.5134548609375 0.9521484375 0.52885850625 0.9755859375 0.5545312499999999 0.994140625 0.5519639749999999 0.994140625 0.5160221359375 1 0.49034939218750007 1 0.4544075515625