2 0.1078125 0.21640625 0.02734375 0.27578125
2 0.21875 0.22109375 0.0296875 0.25859375
2 0.5515625 0.22109375 0.01875 0.27578125
2 0.253125 0.2234375 0.0203125 0.28359375
2 0.98671875 0.22421875 0.01328125 0.2890625
2 0.5203125 0.2328125 0.025 0.26796875
2 0.371875 0.23359375 0.0078125 0.24296875
2 0.62109375 0.2390625 0.0203125 0.24296875
2 0.06796875 0.2390625 0.02578125 0.24296875
2 0.80625 0.2390625 0.0171875 0.24296875
2 0.334375 0.23984375 0.0046875 0.23125
2 0.83203125 0.24296875 0.01953125 0.23671875
2 0.40546875 0.24375 0.0109375 0.24296875
2 0.44765625 0.24453125 0.01328125 0.2328125
2 0.47734375 0.246875 0.01875 0.23671875
2 0.65703125 0.2484375 0.01171875 0.23671875
2 0.78984375 0.2609375 0.00625 0.2078125
2 0.57265625 0.46796875 0.00078125 0.0078125
2 0.05234375 0.5640625 0.02578125 0.27734375
2 0.0828125 0.56484375 0.02421875 0.27578125
2 0.46484375 0.56640625 0.015625 0.28125
2 0.14140625 0.56796875 0.0296875 0.28515625
2 0.11015625 0.56953125 0.01328125 0.28515625
2 0.52421875 0.56953125 0.01171875 0.28125
2 0.659375 0.575 0.01171875 0.29140625
2 0.64296875 0.57578125 0.01171875 0.26640625
2 0.31171875 0.5765625 0.03515625 0.29140625
2 0.38046875 0.57734375 0.01015625 0.271875
2 0.4953125 0.57890625 0.03125 0.271875
2 0.24609375 0.5796875 0.015625 0.26640625
2 0.409375 0.5796875 0.028125 0.26953125
2 0.5421875 0.5796875 0.01171875 0.2625
2 0.43984375 0.5875 0.01875 0.24296875
2 0.76171875 0.5875 0.0203125 0.246875
2 0.625 0.58828125 0.01328125 0.25234375
2 0.7328125 0.58828125 0.0203125 0.24453125
2 0.68125 0.5890625 0.025 0.24296875
2 0.709375 0.5890625 0.01953125 0.24296875
2 0.79296875 0.5890625 0.02421875 0.24296875
2 0.5875 0.59140625 0.015625 0.23515625
2 0.66640625 0.8828125 0.015625 0.22734375
2 0.64375 0.88515625 0.01328125 0.22109375
2 0.275 0.88828125 0.01640625 0.215625
2 0.53984375 0.89140625 0.01875 0.209375
2 0.7 0.8953125 0.02734375 0.2015625
2 0.03515625 0.89609375 0.0359375 0.20390625
2 0.73203125 0.903125 0.021875 0.18828125
2 0.3390625 0.90390625 0.01328125 0.1921875
2 0.3140625 0.90546875 0.0203125 0.18828125
2 0.09609375 0.90546875 0.0140625 0.18828125
2 0.3984375 0.90625 0.015625 0.1875
2 0.13828125 0.9078125 0.01328125 0.184375
2 0.37265625 0.90859375 0.0109375 0.1828125
2 0.78125 0.90859375 0.02578125 0.1828125
2 0.43203125 0.9265625 0.01015625 0.1359375
2 0.44765625 0.928125 0.0109375 0.1359375
2 0.46484375 0.928125 0.01328125 0.14375