0 0.6378984828125 0.8319642999999999 0.641446990625 0.8449873984374999 0.659189465625 0.8639302296875 0.67515771875 0.8686658515625 0.6952658203125 0.8520909015625 0.7023628375000001 0.8260445687500001 0.8017206671875 0.187909628125 0.7839781921875 0.1867257046875 0.763278684375 0.1677829421875 0.7449219078125 0.1396566765625 0.6378984828125 0.8319642999999999
0 0.6905344984374999 0.134633065625 0.5763912296875 0.8603784437499999 0.583488246875 0.8840568296875 0.598865025 0.8994479421875001 0.6177903812500001 0.89826396875 0.7272022609375 0.1654150796875 0.7094597874999999 0.1583115265625 0.6958572281250001 0.151207990625 0.6905534421875 0.12856107187500002 0.6905344984374999 0.134633065625
0 0.5740256015625 0.164231175 0.48294753593750006 0.8805051125000001 0.5089698406250001 0.8899764937500001 0.5959079921875 0.1926453359375 0.5728427203125 0.174886478125 0.5740256015625 0.164231175
0 0.6116333625 0.19809741875 0.51961533125 0.8556426859374999 0.5692942796875 0.8805051125000001 0.6538667359375 0.23053089375 0.6116333625 0.19809741875
0 0.8357120421875001 0.292088753125 0.7557526734375 0.8260706078125001 0.7749429328125 0.8350344140624999 0.8600197734374999 0.30105244999999997 0.83635178125 0.27928340937499996 0.8357120421875001 0.292088753125
0 0.7787810000000001 0.8388759515625 0.797331521875 0.8439980015625 0.87857029375 0.293369265625 0.8597120640625 0.28306373125 0.7787810000000001 0.8388759515625
0 0.8382707765624999 0.9656486609374999 0.8574610375 0.9528432421874999 0.9598090671874999 0.21397626718749999 0.9374204796875001 0.21781785937499998 0.916950815625 0.20245147187499998 0.906420465625 0.17603565000000002 0.796052190625 0.9272327015625 0.80244891875 0.9425990703125 0.8120440500000001 0.9579654390625001 0.8382707765624999 0.9656486609374999
0 0.8779306281249999 0.2997719375 0.79413319375 0.846559171875 0.807566390625 0.8555228328125001 0.8894448296874999 0.2959303640625 0.8789136750000001 0.2902643359375 0.8779306281249999 0.2997719375
0 0.781979328125 0.30105244999999997 0.702659625 0.8260706078125001 0.71801181875 0.8529617343749999 0.797331521875 0.322821528125 0.7841057234375 0.30466554375 0.781979328125 0.30105244999999997
0 0.9540520046875001 0.2434285296875 0.8676958328125 0.91826889375 0.9099144203125 0.9413184843750001 0.9956309984375 0.278002896875 0.96044880625 0.2459895734375 0.9540520046875001 0.2434285296875
0 0.718651484375 0.8555228328125001 0.7429591421875 0.8683281765625 0.8293153125 0.33818793281250004 0.8009071328124999 0.33346795937499996 0.718651484375 0.8555228328125001