0 0.708187746875 0.060104826562500005 0.59731059375 0.8900629609375 0.6094178703125 0.902851221875 0.6278973953125 0.9041300484375 0.733676746875 0.0856813484375 0.7096000703125 0.069056609375 0.708187746875 0.060104826562500005
0 0.9184720000000001 0.8516981781249999 0.9363143 0.8670440906250001 0.9567055015625 0.8619287874999999 0.9688127765625 0.8529770046875 0.9688127765625 0.16752621875 0.9369515249999999 0.1700838703125 0.9205630593749999 0.164968565625 0.9184720000000001 0.8516981781249999
0 0.733676746875 0.8721593953125 0.742597896875 0.888784134375 0.7629890968749999 0.8926206125 0.7840175234375 0.88366883125 0.855386725 0.16113208750000002 0.8279860484375 0.1547379578125 0.8083893859375 0.141949696875 0.733676746875 0.8721593953125
0 0.733039521875 0.143228521875 0.733039521875 0.1329979140625 0.6336324203125 0.873438221875 0.6438280203125 0.8977359171874999 0.6782381703125 0.9054088734375 0.703089946875 0.9002935703125001 0.761714646875 0.4514256109375 0.7954875734375 0.1662473921875 0.7338193859375 0.13811321875 0.733039521875 0.143228521875
0 0.5068246421875 0.8785535265625001 0.53040196875 0.8964570921874999 0.5507931687500001 0.8990147437499999 0.6559352953124999 0.1700838703125 0.6451024703125 0.16752621875 0.6291718453125 0.163689740625 0.6159095578125 0.1406708703125 0.5068246421875 0.8785535265625001
0 0.55525374375 0.8862264828124999 0.57245881875 0.9041300484375 0.59030111875 0.902851221875 0.692894346875 0.163689740625 0.6725031453125 0.1624109140625 0.6598867359375 0.141949696875 0.55525374375 0.8862264828124999
0 0.2500229625 0.6279036125 0.21051501250000001 0.8875053093749999 0.2238967375 0.8964570921874999 0.2379156875 0.9002935703125001 0.2876192390625 0.588260003125 0.352616190625 0.18287213125 0.32782716562499997 0.16880504375 0.2500229625 0.6279036125
0 0.375556290625 0.8964570921874999 0.387663565625 0.9066877 0.40295696562499994 0.910524178125 0.419524815625 0.909245353125 0.52721584375 0.1841509578125 0.48707066718750003 0.15985326093750002 0.375556290625 0.8964570921874999
0 0.1678209359375 0.9066877 0.1824771125 0.918197134375 0.1939471625 0.9233124390624999 0.3143826890625 0.1879874359375 0.2883114390625 0.16880504375 0.1678209359375 0.9066877
0 0.47496339218749994 0.8823900046875 0.5004523921875 0.8977359171874999 0.59412446875 0.222515740625 0.5725697281250001 0.2058910015625 0.47496339218749994 0.8823900046875
0 0.8413677734375 0.8785535265625001 0.9095508499999999 0.8785535265625001 0.915285875 0.2391404796875 0.8491798125000001 0.2391404796875 0.8413677734375 0.8785535265625001
0 0.2353667875 0.23402517500000003 0.12385241093749999 0.9361007000000001 0.13978303593750002 0.939937178125 0.1531647609375 0.9373795265625 0.2716886140625 0.19693921875 0.2563952125 0.193102740625 0.2417848578125 0.1803144796875 0.2353667875 0.23402517500000003
0 0.52084359375 0.259601696875 0.425259840625 0.8811111781250001 0.4507488421875 0.8977359171874999 0.4685911421875 0.9002935703125001 0.55397929375 0.273668784375 0.5228563953124999 0.2532075671875 0.52084359375 0.259601696875
0 0.2920798140625 0.8759958734375 0.3054615390625 0.8875053093749999 0.3309505390625 0.888784134375 0.409966440625 0.36318661093750004 0.388938015625 0.35423482812499996 0.375628446875 0.3363312625 0.2920798140625 0.8759958734375
0 0.3296760890625 0.3337736109375 0.24237626250000002 0.8900629609375 0.26467913906249996 0.8977359171874999 0.2850703390625 0.8990147437499999 0.30609876406250003 0.7506709171875 0.34815561562499997 0.49234804531250004 0.366635140625 0.351677175 0.33165126875 0.32865830625000003 0.3296760890625 0.3337736109375
0 0.32840163906250003 0.9143606562500001 0.3366855640625 0.9220336140625 0.349430065625 0.9194759609375 0.4290831921875 0.3657442625 0.41323212187499997 0.3529560015625 0.32840163906250003 0.9143606562500001
0 0.351341740625 0.9207547875 0.359625665625 0.9258700921875 0.366635140625 0.9271489171875 0.4494743921875 0.3567924796875 0.4336273359375 0.34784069687499997 0.351341740625 0.9207547875