0 0.5973816328125 0.8867313921875001 0.60545106875 0.899676375 0.6272385484375 0.9061488671875001 0.734562059375 0.0809061484375 0.7105402546875 0.06472491875 0.5973816328125 0.8867313921875001
0 0.9185452203125 0.8495145624999999 0.9322632625 0.862459546875 0.9532437984375 0.862459546875 0.970189615625 0.852750809375 0.9693826718749999 0.16504854375 0.9500160234375 0.1699029125 0.9220011093749999 0.1666666671875 0.9185452203125 0.8495145624999999
0 0.8039592171875001 0.1488673140625 0.733755115625 0.8705501625000001 0.7466662140625 0.8834951453125001 0.7668398062499999 0.8883495140625 0.7870133984375001 0.8786407765625001 0.8539897249999999 0.15533980625 0.8241328093750001 0.1504854375 0.80577835 0.1440129453125 0.8039592171875001 0.1488673140625
0 0.5045831078125 0.8770226531249999 0.52717753125 0.8932038828125 0.5497719546875001 0.8964401296875 0.653060746875 0.1682847890625 0.6304663234375 0.1618122984375 0.6128808515624999 0.14563106718750002 0.5045831078125 0.8770226531249999
0 0.5546136171875 0.8883495140625 0.573980265625 0.907766990625 0.5917330265625 0.899676375 0.6926009875 0.15857605156250001 0.6740412828125 0.156957928125 0.6580785921875 0.1440129453125 0.5546136171875 0.8883495140625
0 0.6361149296875 0.8786407765625001 0.651446859375 0.8948220062500001 0.6780760015625 0.9110032359375 0.7022843125 0.9012944984375 0.7918550609375 0.1699029125 0.7611912015625 0.15533980625 0.733139125 0.14077669843750001 0.6361149296875 0.8786407765625001
0 0.3762790625 0.8915857609375 0.38434849843749996 0.907766990625 0.40371514687500004 0.9207119734375 0.42066096562500005 0.9158576046875 0.5239497578125001 0.17961164999999998 0.4869728609375 0.1634304203125 0.3762790625 0.8915857609375
0 0.4739192484375 0.8786407765625001 0.48763729062500005 0.8915857609375 0.499741446875 0.8932038828125 0.5949608015625001 0.2184466015625 0.5757541359375 0.207119740625 0.4739192484375 0.8786407765625001
0 0.8418855703125001 0.8802589 0.9096688390625 0.8770226531249999 0.9137035578124999 0.2394822 0.8477476796875001 0.23786407812500002 0.8418855703125001 0.8802589
0 0.42711651406250006 0.8915857609375 0.45051788125 0.90453074375 0.46746369843749996 0.90453074375 0.5538066734375 0.27508090625000003 0.51764275625 0.2540453078125 0.42711651406250006 0.8915857609375
0 0.3512638078125 0.9223300968749999 0.3585263015625 0.9239482203125 0.36740268125000003 0.9255663437500001 0.44729010625 0.3511326859375 0.4312827890625 0.339805825 0.3512638078125 0.9223300968749999
0 0.328454325 0.9151817515625 0.34036023125 0.9231398531250001 0.34886445 0.91745549375 0.42313462968750004 0.3558408546875 0.403950159375 0.349019625 0.328454325 0.9151817515625