0 0.26558055937499997 0.8291392421875001 0.27455560625 0.831481371875 0.2851144296875 0.8209416265625 0.21753786718749998 0.168648415625 0.22123342968749998 0.14639783125 0.211730471875 0.044513615625 0.1904270609375 0.060935575 0.26558055937499997 0.8291392421875001
0 0.15682451875 0.12414724531250002 0.22281725468750002 0.7916645171875001 0.23126434375 0.8045465 0.24868643124999998 0.8022042624999999 0.25977321249999996 0.778782640625 0.19219665 0.10540993750000001 0.18005395156249998 0.12531833750000002 0.16949512656250001 0.1346869921875 0.1579451125 0.1277303453125 0.15682451875 0.12414724531250002
0 0.1452097765625 0.1721616640625 0.1943083859375 0.777611521875 0.21384225625000003 0.7822958890625 0.160520128125 0.15693757656250001 0.1452097765625 0.16162191718750002 0.1452097765625 0.1721616640625
0 0.47341774374999995 0.14343953125 0.5800620015625 0.8121279203125 0.6043473500000001 0.8109568015624999 0.49928687031249996 0.1317287203125 0.47721890624999996 0.1505811875 0.47341774374999995 0.14343953125
0 0.0612669953125 0.1370291765625 0.0749934953125 0.812744009375 0.0823846921875 0.8279681234374999 0.0976949953125 0.8267970046875 0.1082538671875 0.8162572578124999 0.097167084375 0.12297618125000001 0.0823846921875 0.1323448359375 0.0707699515625 0.1393713328125 0.0604992640625 0.1330036171875 0.0612669953125 0.1370291765625
0 0.10885379843750001 0.28912475625 0.14697182656250002 0.7864983203125 0.180238540625 0.777263715625 0.145585815625 0.1783088953125 0.10469545 0.21063014062500002 0.10885379843750001 0.28912475625
0 0.5425781328125 0.825009796875 0.4681383078125 0.29099598125 0.461803003125 0.254692428125 0.4464927 0.1364130328125 0.4396294375 0.1481238984375 0.42643087187499995 0.161005775 0.41896112499999993 0.158315484375 0.5161810484375 0.8226676671875 0.52726783125 0.8414050296875001 0.5341310453125 0.8390627921875 0.5425781328125 0.825009796875
0 0.21700990937500003 0.15693757656250001 0.287754125 0.8349946203125 0.2977850390625 0.8619294921874999 0.3152071265625 0.8736403578124999 0.32998951875000004 0.8619294921874999 0.34160421093750004 0.8443632484375 0.281946778125 0.2822434421875 0.2882820828125 0.24242664062500002 0.2708599953125 0.1171207484375 0.25660556093750003 0.141713490625 0.24182316875 0.153424328125 0.221324525 0.16640100156249998 0.21700990937500003 0.15693757656250001
0 0.6049623453125 0.82090366875 0.6191939718749999 0.8419494343749999 0.6276275453125 0.8043650328125 0.5237893421875001 0.1531155453125 0.5164099953125 0.16013080156249998 0.5033485078125 0.15911498125 0.6049623453125 0.82090366875
0 0.5511984187500001 0.2489906828125 0.6365881843750001 0.7692887578125001 0.654509509375 0.766950375 0.5675384515624999 0.2279449171875 0.5515979875 0.24159738281249998 0.5511984187500001 0.2489906828125
0 0.3236542140625 0.21197846562499997 0.41234847500000005 0.9169704624999999 0.43029847187500003 0.8935487312499999 0.3437159953125 0.20495196875000002 0.33526890625 0.21314958437499998 0.3266928 0.208587171875 0.3236542140625 0.21197846562499997
0 0.9403700031250001 0.9055955296875 0.9514390468749999 0.9219644234375 0.9598726187500001 0.9301489234375 0.9762126046875 0.9301489234375 0.988862940625 0.911441540625 0.9746313125 0.20056235625 0.9493306406249999 0.22160812187499998 0.9350990140625 0.2134236484375 0.9241472484375001 0.199478709375 0.9403700031250001 0.9055955296875
0 0.46444269687500006 0.27811410468750003 0.5504972640625 0.8777085296875 0.5705590453125 0.862484521875 0.48397656875 0.260547859375 0.4692964796875 0.2806552140625 0.46444269687500006 0.27811410468750003
0 0.2803629515625 0.284585625 0.34529982187499997 0.8818379734375 0.39492638750000003 0.8994042171875 0.3922866453125 0.8830089859375001 0.32576594999999997 0.238913390625 0.2815349671875 0.27362418593750004 0.2803629515625 0.284585625
0 0.40848087499999997 0.3284706515625 0.47077800156249994 0.8578001546875 0.5024545234375 0.8589712734375 0.4396294375 0.3015357265625 0.405313221875 0.3272995875 0.40848087499999997 0.3284706515625
0 0.363249865625 0.3160349578125 0.43029847187500003 0.9029174671875 0.4603911671875 0.904088478125 0.3875351671875 0.2728748140625 0.3615514765625 0.29647502812500004 0.363249865625 0.3160349578125