0 0.12513560625 0.1354625453125 0.119001615625 0.7499528890625 0.12749479218749998 0.7666453093750001 0.1388191 0.7697750921875001 0.155333615625 0.7582990984375 0.1624112796875 0.1323327171875 0.149671515625 0.1406789421875 0.137875425 0.1406789421875 0.1242569546875 0.126976875 0.12513560625 0.1354625453125
0 0.1633550078125 0.11459702187500001 0.15674918124999998 0.7937705796875 0.1647705203125 0.8052465734375 0.174207425 0.797943625 0.185531678125 0.7749915781250001 0.1888345921875 0.2815213796875 0.19213750624999998 0.1093806171875 0.184588003125 0.1104239015625 0.1756229359375 0.1218999390625 0.1632071359375 0.103510921875 0.1633550078125 0.11459702187500001
0 0.341240309375 0.8617470375 0.36436070625 0.8596604546875 0.3261413046875 0.09131795312499999 0.3021884640625 0.0995999296875 0.341240309375 0.8617470375
0 0.409675921875 0.8157194328124999 0.3733438671875 0.1781134796875 0.3757031078125 0.16872400781250002 0.37287203125 0.1280361921875 0.3573011890625 0.14368535 0.347864284375 0.15307485 0.3375861109375 0.14465984999999998 0.3751236953125 0.8243632359375 0.38873458906249997 0.8313853015625 0.4002390703125 0.8271955468750001 0.409675921875 0.8157194328124999
0 0.0705043671875 0.1516272890625 0.0614391203125 0.8347883328125001 0.0780587625 0.84314009375 0.0969447265625 0.8180852875 0.10676540000000001 0.13325375781249998 0.0886348625 0.1499570421875 0.0685492609375 0.1375470109375 0.0705043671875 0.1516272890625
0 0.29783064375 0.7895974156250001 0.33557815468749996 0.7937705796875 0.3077393328125 0.199102484375 0.2782872171875 0.2188851921875 0.29783064375 0.7895974156250001
0 0.37467000625 0.1788653796875 0.41278050000000005 0.8524514406250001 0.416863809375 0.86549249375 0.42820620312499996 0.8805397625 0.4431781671875 0.8805397625 0.451344734375 0.8715113671875001 0.46450193906250004 0.8454293749999999 0.43274315156250004 0.19507295468750002 0.43092839375 0.1659816140625 0.4313820828125 0.140902815625 0.4050676734375 0.1609658203125 0.3932715890625 0.16899102187499998 0.3832902625 0.1760130875 0.37483305 0.1728608375 0.37467000625 0.1788653796875
0 0.43047470312499997 0.1770162796875 0.4726684546875 0.8495992343750001 0.47992759218750003 0.863643365625 0.4835571609375 0.863643365625 0.4908163484375 0.856621271875 0.45815018125 0.29755162031250004 0.45905756093749994 0.2794948875 0.45043735625 0.1671419796875 0.447715165625 0.17015144375 0.43909490937499995 0.173160909375 0.43271356406250006 0.1728608375 0.43047470312499997 0.1770162796875
0 0.506695690625 0.20325544375 0.5842778515625 0.8875617703125 0.60015719375 0.881542840625 0.5302879109374999 0.23134364999999998 0.531195290625 0.20827115156249998 0.525297275 0.1851987109375 0.506766575 0.195424253125 0.506695690625 0.20325544375
0 0.1893064296875 0.2888243265625 0.186003515625 0.8021167296874999 0.2195044375 0.7969004234375 0.2176170890625 0.28047808750000003 0.189764078125 0.28146106875 0.1893064296875 0.2888243265625
0 0.2242229171875 0.8344583671875 0.23837824687500003 0.8417612546875001 0.251589903125 0.8302852015625 0.237906409375 0.241876853125 0.21632101874999998 0.24626213749999998 0.2242229171875 0.8344583671875
0 0.2548928171875 0.8857424046875 0.27376657187500003 0.8888722484375 0.256308328125 0.22935749374999997 0.236681340625 0.232573665625 0.2548928171875 0.8857424046875
0 0.63100855 0.8323884953125 0.638721428125 0.838407425 0.6500637703125001 0.8404136390625 0.59062955625 0.2835074890625 0.583824109375 0.29153271875 0.5740101125 0.293199059375 0.63100855 0.8323884953125
0 0.531195290625 0.22918009062500003 0.6033331234375 0.8985964937500001 0.60787001875 0.9156499765625 0.6137680875 0.9206657125 0.6196662078124999 0.9176563046874999 0.6260178609375 0.9026090375000001 0.549343184375 0.20726801562500002 0.5466209953125001 0.212283809375 0.5361859796874999 0.22131214687499998 0.530599728125 0.21798767031250002 0.531195290625 0.22918009062500003
0 0.45815018125 0.2995579484375 0.493084796875 0.8937379 0.5452599265625 0.9037693734375001 0.5116863796875 0.2642904203125 0.45739790156250004 0.2856779203125 0.45815018125 0.2995579484375