0 0.1851969484375 0.1467288 0.16402635000000002 0.16289211875 0.20900971875000002 0.7797953015625 0.21983372031249998 0.7797953015625 0.22921454375 0.7653710390625 0.1851969484375 0.1467288
0 0.6275378296875 0.0938396828125 0.6094978546875 0.20442598906249998 0.52507069375 0.8326844187500001 0.5301218171875 0.8406978890625 0.542389078125 0.8519168 0.6491858328125 0.10505859531249999 0.62324454375 0.0809095015625 0.6275378296875 0.0938396828125
0 0.6513506 0.0954423578125 0.556821025 0.8038358015625 0.5669233546875 0.8246710421874999 0.5791907000000001 0.8406978890625 0.6022817984375 0.8182600640625 0.6996978109375 0.16756385625 0.6939250984374999 0.16756385625 0.6722770953125 0.1467288 0.6503205515625 0.113954228125 0.6513506 0.0954423578125
0 0.061803275000000005 0.130701815625 0.07912170156250001 0.8134520375 0.08345131875 0.826273625 0.0986049375 0.8278763015624999 0.115201734375 0.8166573890625 0.1043777328125 0.1274963734375 0.0928321421875 0.135509934375 0.074792084375 0.14192068124999999 0.0614173734375 0.1259704921875 0.061803275000000005 0.130701815625
0 0.1159233234375 0.21243954999999998 0.16210568593750002 0.7781926265625 0.1967425390625 0.770179065625 0.15994091875 0.17878281406250002 0.116923190625 0.2070802734375 0.1159233234375 0.21243954999999998
0 0.7610658124999999 0.168745815625 0.6678750375 0.8145920562500001 0.6756487375 0.836259834375 0.6846122453125 0.835088775 0.7712192499999999 0.25715923749999997 0.7812372734374999 0.1868946078125 0.7742475062499999 0.1886541421875 0.7637021625 0.1664036796875 0.7610658124999999 0.168745815625
0 0.6107949671874999 0.7812193093750001 0.6593034953125 0.81518043125 0.7383934140624999 0.2507212390625 0.69676560625 0.188627234375 0.6107949671874999 0.7812193093750001
0 0.5770257671875 0.1595503421875 0.4781665765625 0.8342870953125001 0.48538255 0.8519168 0.4983714015625 0.8695465984374999 0.512081759375 0.8615329453125 0.614548978125 0.19320703125 0.5979522640625 0.1883989140625 0.5878497687500001 0.18519356250000002 0.575139940625 0.1528057078125 0.5770257671875 0.1595503421875
0 0.858218159375 0.18455245468749998 0.77069193125 0.8555797343749999 0.7865099156250001 0.8871988046875 0.7981097734375 0.87431701875 0.8903813859374999 0.20446076406249997 0.86981801875 0.2021186125 0.8589958328125 0.17545698437499999 0.858218159375 0.18455245468749998
0 0.7221834640625 0.8426979484375 0.8001531828124999 0.2689160515625 0.7722737656249999 0.25130385624999996 0.686329371875 0.81927629375 0.6968747140625 0.8274738421875 0.7221834640625 0.8426979484375
0 0.9177992875 0.20914506875 0.90619936875 0.3297660359375 0.8350184421875 0.8871988046875 0.854527353125 0.898909665625 0.9452170703125 0.22671122656249998 0.9193375640625 0.203992525 0.9177992875 0.20914506875
0 0.971053078125 0.24310630781250003 0.9557624125 0.2360798515625 0.9456543281249999 0.2210043375 0.8555818093750001 0.8778302640625 0.8682361843749999 0.9153046296875 0.8808905593749999 0.912962578125 0.971053078125 0.24310630781250003
0 0.7970552578125 0.30048911718750004 0.73431058125 0.83332920625 0.7654192906249999 0.8473821859375 0.8318548343750001 0.3403057375 0.798654103125 0.302769396875 0.7970552578125 0.30048911718750004
0 0.9626168281249999 0.29814693281250004 0.9489079374999999 0.4234522546875 0.9378353359375 0.863777284375 0.95945321875 0.8766590703125001 0.969471303125 0.3040023625 0.9618735375 0.3049644375 0.9626168281249999 0.29814693281250004
0 0.809182375 0.9106203265625 0.8134005 0.9246732390625001 0.8297457406250001 0.9293575421875 0.9083084609375 0.332108221875 0.8837260499999999 0.320329728125 0.809182375 0.9106203265625