0 0.5154968140625 0.0599426484375 0.5144463484374999 0.0620459 0.389440871875 0.888623478125 0.4172782265625 0.904397859375 0.5375566046875 0.07992353125 0.5160951828125 0.0599426484375 0.5154968140625 0.0599426484375
0 0.4325099859375 0.8539198390625 0.4377623171875 0.86338446875 0.449842678125 0.8749523484375 0.4682258359375 0.8823137265625001 0.47820526562500004 0.8844169765625001 0.595857478125 0.1535373109375 0.5758986203124999 0.14617593281250002 0.564868725 0.13776292968749998 0.5560227640625001 0.1209369234375 0.4325099859375 0.8539198390625
0 0.637876125 0.8286808296875 0.6499564875 0.856023090625 0.6641377796875 0.86443609375 0.6846218703125 0.86443609375 0.6972274656249999 0.8591779671875001 0.80490025 0.195602328125 0.7859918578125 0.18929257500000002 0.766033 0.17456981875 0.7513264734375 0.150382434375 0.637876125 0.8286808296875
0 0.58062571875 0.86443609375 0.5848275828125 0.8770555984374999 0.5932313125 0.8896751046875 0.6000593421875 0.8928299796875001 0.6126649375000001 0.9001913578125 0.6200182 0.8980881078125 0.732943315625 0.17246656875 0.71613585625 0.163001940625 0.7035302625 0.1514340609375 0.6941932093750001 0.13671130468749998 0.58062571875 0.86443609375
0 0.48188189687499994 0.8802104749999999 0.5070930859375 0.8980881078125 0.6126649375000001 0.2155832109375 0.5917474421875 0.18824095000000002 0.48188189687499994 0.8802104749999999
0 0.521274378125 0.86233284375 0.5685453578125 0.8907267296875 0.67149104375 0.24608034843749998 0.631573328125 0.211376709375 0.62527053125 0.213479959375 0.521274378125 0.86233284375
0 0.7592049703125 0.83288733125 0.7781133625 0.8391970843750001 0.8616254234375 0.304971371875 0.841294825 0.29235186562500004 0.7592049703125 0.83288733125
0 0.7823152265625 0.8370938328124999 0.7975469859375 0.8507649640625001 0.8810590484375 0.3007648703125 0.8637263562499999 0.2881453640625 0.7823152265625 0.8370938328124999
0 0.7959712875 0.9369982484375001 0.8164553781249999 0.95697913125 0.841666565625 0.967495384375 0.8589992578125001 0.95908238125 0.9598440125 0.21242833437500003 0.951965515625 0.21453158593750002 0.9388346890625 0.213479959375 0.9209767640625 0.1998088296875 0.9106427296874999 0.17351819375 0.7959712875 0.9369982484375001
0 0.8810139625 0.2989652046875 0.798597453125 0.8539198390625 0.8085768812499999 0.86338446875 0.8905132437500001 0.304971371875 0.8810139625 0.2989652046875
0 0.7051059609375 0.8339389562499999 0.7213881875 0.8591779671875001 0.74449844375 0.870745846875 0.8327376031249999 0.3270555046875 0.8070011812500001 0.323900628125 0.7919107109375 0.3028681203125 0.7051059609375 0.8339389562499999
0 0.8703618984375 0.92230609375 0.908524471875 0.9447794390625001 0.9969718484375001 0.28046735 0.96209593125 0.24990359999999998 0.8703618984375 0.92230609375