0 0.6764553953125 0.7683237046875 0.6878305953125 0.7636896656250001 0.69415015 0.748860740625 0.6954140609375 0.1167777890625 0.689515809375 0.1204850203125 0.68193234375 0.121411828125 0.6722901328125 0.11029013437499999 0.6667654093750001 0.759982434375 0.6764553953125 0.7683237046875
0 0.7126875125 0.7748113609375 0.72827575 0.1371675609375 0.7131088171875 0.125119059375 0.712266209375 0.126972675 0.69415015 0.7664700890625 0.7126875125 0.7748113609375
0 0.7198496750000001 0.7822258234375 0.7320674828125 0.78315263125 0.73754443125 0.7729577437499999 0.7573457046875001 0.1427284078125 0.7522900609375001 0.14458202343749998 0.7447065937499999 0.1418016 0.738871896875 0.1316067140625 0.7160579421875 0.7664700890625 0.7198496750000001 0.7822258234375
0 0.9511454046875001 0.7609092421875 0.9494601906250001 0.21038538125 0.9276606953125001 0.2057513421875 0.9254458796874999 0.7636896656250001 0.9511454046875001 0.7609092421875
0 0.7522900609375001 0.7395926625 0.758609615625 0.741446278125 0.7624013484375001 0.7432998937499999 0.7826239265625 0.2456040796875 0.769212953125 0.23818961718749998 0.7484983265625 0.7284709671875 0.7522900609375001 0.7395926625
0 0.8306525484374999 0.7803722078125 0.8428703546874999 0.7822258234375 0.857615984375 0.22150707500000003 0.850453821875 0.22058026718749998 0.8394999249999999 0.2187266515625 0.8247542953125 0.2140926125 0.8116938812500001 0.77573816875 0.8306525484374999 0.7803722078125
0 0.3385425703125 0.52491694375 0.34231810937499996 0.546511628125 0.6050956968750001 0.5564784046875 0.5998099406249999 0.539867109375 0.6043405890625 0.4950166109375 0.35450103906249997 0.46179402031250005 0.34307321874999996 0.4916943515625 0.3385425703125 0.52491694375
0 0.96125669375 0.8424683328125001 0.9713679828125 0.8443219484375 0.9747384125 0.839687909375 0.9717892859375 0.1927760328125 0.96125669375 0.1927760328125 0.9587288718750001 0.187215184375 0.9557797453125 0.1807275296875 0.9542091203125 0.176093490625 0.952409315625 0.828566215625 0.96125669375 0.8424683328125001
0 0.802846503125 0.76183605 0.8108512734375 0.7609092421875 0.8230690812500001 0.2678474671875 0.8113533109375 0.26506704375 0.7982121625 0.7627628578125 0.802846503125 0.76183605
0 0.89426940625 0.8109568656249999 0.9048019984375 0.80539601875 0.9077511234375001 0.8016887875 0.9157558937499999 0.2317019625 0.9077511234375001 0.23911642500000002 0.8993250500000001 0.2400432328125 0.89352700625 0.240970040625 0.8841581171874999 0.8100300578124999 0.89426940625 0.8109568656249999
0 0.7809387109375 0.7933475171875 0.784309140625 0.792420709375 0.7998973781250001 0.291944471875 0.79315651875 0.29009085625000003 0.786415659375 0.288237240625 0.786415659375 0.29009085625000003 0.786069096875 0.29009085625000003 0.7716700296875 0.7914939015625 0.7809387109375 0.7933475171875
0 0.8837368140624999 0.25765258125 0.8753107390625001 0.25765258125 0.8677272734375 0.2567257734375 0.8601884390625001 0.2548830671875 0.8453981765625 0.8332002546874999 0.8630929328124999 0.8322734468749999 0.8740468281249999 0.8294930234375 0.8837368140624999 0.25765258125
0 0.6005650484375 0.6279069765624999 0.5998099406249999 0.596345515625 0.355256325 0.5780730890625 0.35213451406249996 0.6212624578125 0.6005650484375 0.6279069765624999
0 0.5507279203125 0.769102990625 0.5499728125 0.7292358796875 0.2289559578125 0.8018349703125001 0.2207457203125 0.90199335625 0.245664284375 0.8920265781250001 0.5522381359375 0.7940199328124999 0.5507279203125 0.769102990625