0 0.547599475 0.0619606875 0.44773802968750004 0.67129916875 0.4572486609375 0.6882614 0.472703390625 0.6934806124999999 0.5559212437500001 0.18983043593749999 0.5689983546875 0.15068664062499998 0.5808866046875 0.084142190625 0.567809546875 0.09066614687499999 0.54889975625 0.0561466703125 0.547599475 0.0619606875
0 0.494102271875 0.0932757234375 0.3960240671875 0.6804326406250001 0.408506746875 0.7104429624999999 0.42455590781249997 0.7091381296875 0.4465492203125 0.6817374734375 0.533927984375 0.1258955609375 0.5202564421875 0.123285984375 0.5065849515624999 0.10762846718750001 0.4962722765625 0.081608534375 0.494102271875 0.0932757234375
0 0.6866922015625 0.063265490625 0.567809546875 0.7508914718749999 0.5939637171875 0.778292128125 0.7074966500000001 0.08544696406249999 0.6844824140625 0.0561466703125 0.6866922015625 0.063265490625
0 0.71106313125 0.07239905156250001 0.6005022453125 0.72740519375 0.6094184453125 0.7561106843750001 0.62130675 0.7652442749999999 0.6438944390625 0.7665489890625 0.6557826875 0.7417579984375 0.7592106125 0.1402482765625 0.7467279328124999 0.13894350312499998 0.7300843953125 0.118066803125 0.7148101140625001 0.0796499296875 0.71106313125 0.07239905156250001
0 0.760993853125 0.157210596875 0.662321271875 0.713052509375 0.7152240421875 0.7469770921875 0.802008375 0.232888609375 0.7629776359375 0.15211831250000002 0.760993853125 0.157210596875
0 0.718790521875 0.7600250625 0.7259234828125 0.77046336875 0.7348396828125 0.7665489890625 0.838862040625 0.1585154 0.8281626 0.1598201734375 0.8182810890625 0.1403666828125 0.718790521875 0.7600250625
0 0.5559212437500001 0.193744815625 0.4673536703125 0.718271721875 0.50539614375 0.7352339531250001 0.5903972359375 0.2133167125 0.5631716140624999 0.17953878125 0.5559212437500001 0.193744815625
0 0.378786096875 0.235498215625 0.3074564671875 0.6830423062500001 0.3211279828125 0.6934806124999999 0.3918631546875 0.24071736875 0.37585346875000003 0.22458669531250003 0.378786096875 0.235498215625
0 0.408506746875 0.2368029890625 0.338960384375 0.6973949921875 0.3508486328125 0.7013093718750001 0.425150340625 0.24593652187499998 0.410641125 0.23046251093749998 0.408506746875 0.2368029890625
0 0.6296285187499999 0.136333896875 0.5226341125 0.767853821875 0.533927984375 0.7991688578125 0.5493827140625 0.797864025 0.563054203125 0.7835113406249999 0.666482128125 0.1728681453125 0.6421111984375 0.168953765625 0.631854934375 0.14428389218749998 0.6296285187499999 0.136333896875
0 0.595152525 0.1715633125 0.503612903125 0.7652442749999999 0.5226341125 0.767853821875 0.6165514062499999 0.19896396875 0.5988512609375001 0.1677871515625 0.595152525 0.1715633125
0 0.42693357968749995 0.235498215625 0.3544151140625 0.6934806124999999 0.3663033890625 0.718271721875 0.43763302031249995 0.2524605078125 0.42491298281249995 0.2265453 0.42693357968749995 0.235498215625
0 0.39424082656250004 0.243326975 0.3211279828125 0.7013093718750001 0.319939146875 0.7143573421875 0.332421828125 0.7104429624999999 0.4061290765625 0.24593652187499998 0.390125328125 0.2382969296875 0.39424082656250004 0.243326975
0 0.8097357671875001 0.7795969609375 0.8150854875 0.8017784046875001 0.8251904968750001 0.80830245 0.8358899375 0.7991688578125 0.9381291078125 0.17547769062500002 0.9226743234375 0.17417291875000002 0.9065882140625 0.15211831250000002 0.8097357671875001 0.7795969609375
0 0.4400106375 0.2589844921875 0.369275465625 0.7143573421875 0.38651343437499996 0.706528584375 0.46319275937500004 0.2589844921875 0.44007683281250004 0.2578829796875 0.4400106375 0.2589844921875
0 0.9594256968750001 0.168734621875 0.8667995046874999 0.80830245 0.8876039 0.8239599671875 0.9809268703124999 0.1872208296875 0.9594256968750001 0.168734621875
0 0.7419726437499999 0.7639394421875 0.754455325 0.7795969609375 0.7693156765625 0.7717682015625 0.8549111999999999 0.25376527968749996 0.8280929921875 0.222628090625 0.7419726437499999 0.7639394421875
0 0.9838988640625 0.1885256625 0.8911703796875001 0.8043880703124999 0.9006810656249999 0.8370078187500001 0.9078140265625001 0.8370078187500001 0.9987592703124999 0.2720324046875 0.998164784375 0.2041831796875 0.9868709671874999 0.18330645 0.9838988640625 0.1885256625
0 0.8513447203125001 0.26811802500000004 0.7758542046875 0.7691586546875 0.8061692875 0.77568258125 0.8786876984375 0.305957046875 0.8644217781249999 0.285080315625 0.8513447203125001 0.26811802500000004
0 1 0.2823567328125 0.9892485843750001 0.305957046875 0.9940033500000001 0.30293089375000004 0.9773603890624999 0.78742571875 0.9975704078125001 0.790035265625 1 0.7260370703125 1 0.2823567328125
0 0.9167302265625 0.27464201093749996 0.840050903125 0.8396174859375 0.8590720578125 0.8435318640625 0.9422899656249999 0.2889946953125 0.9190760906250001 0.27159321406250003 0.9167302265625 0.27464201093749996