0 0.459486975 0.7428227265625 0.4682093515625 0.7628990156250001 0.48139160781249996 0.774444003125 0.5814579265625001 0.2820718734375 0.611059571875 0.21073428593750002 0.5924171578124999 0.1956810875 0.5815559921875 0.174663721875 0.459486975 0.7428227265625
0 0.331107984375 0.7608913875 0.3517707015625 0.7990363375 0.3723192609375 0.8060630390625001 0.49422859218750004 0.213561534375 0.46737988750000004 0.1676370203125 0.331107984375 0.7608913875
0 0.77902373125 0.8285930984375 0.798835015625 0.8342813796874999 0.8332768843749999 0.1829716796875 0.8145164765624999 0.176336746875 0.77902373125 0.8285930984375
0 0.40730135624999997 0.8060630390625001 0.42211821250000003 0.8271446062500001 0.43784811562500003 0.8221377953125 0.5541169265625 0.23890785 0.5435608828125 0.2325781625 0.5322319140625 0.2077896 0.40730135624999997 0.8060630390625001
0 0.366383009375 0.84621561875 0.3847090421875 0.8652983875 0.5165761078125 0.19574550625 0.50300283125 0.17365990781250001 0.366383009375 0.84621561875
0 0.7989548734375 0.8560864625000001 0.806030925 0.8693591203125001 0.8212641375 0.8608559671875 0.8571314875 0.2033414421875 0.8347890781249999 0.198141828125 0.7989548734375 0.8560864625000001
0 0.7523121890625 0.864618884375 0.76081388125 0.86749046875 0.77405069375 0.86177351875 0.8051283484375 0.2057412625 0.78604856875 0.20383010937499998 0.7523121890625 0.864618884375
0 0.5348811921875 0.8371812890625 0.55091335 0.8642842796875 0.5649515953125 0.86708591875 0.689652784375 0.2701593203125 0.674008109375 0.257684109375 0.6614792656249999 0.24091547812499997 0.5348811921875 0.8371812890625
0 0.9231590046875 0.8399696625 0.93082938125 0.8451246687499999 0.9515301515625 0.8426402109375 0.9591101484375001 0.2659403609375 0.9270941171875 0.2692453546875 0.9231590046875 0.8399696625
0 0.8751952171875 0.8492131203125 0.9157350687499999 0.8485020859375 0.924091334375 0.2760631453125 0.8861175812500001 0.2730375421875 0.8751952171875 0.8492131203125
0 0.9580791625 0.8517091515624999 0.9791312703124999 0.84655451875 0.9733416890625 0.2796221046875 0.9598753453125 0.28441410624999997 0.9580791625 0.8517091515624999
0 0.8617803453124999 0.8200605218750001 0.8751960593750001 0.8171190640624999 0.8842964468750001 0.31475161093750004 0.8723149578125 0.3128555171875 0.8617803453124999 0.8200605218750001
0 0.468212534375 0.8432041765625 0.48683226562500004 0.8634015484375 0.599773528125 0.3099774734375 0.58429621875 0.2840795015625 0.468212534375 0.8432041765625
0 0.609997590625 0.8150973703125001 0.6227833609375 0.8198654890625001 0.703379375 0.3683999203125 0.6916217578125 0.360369403125 0.609997590625 0.8150973703125001
0 0.49738007343749996 0.857257578125 0.5242073578124999 0.8733186109375 0.6239249484375 0.3573579609375 0.6011942828125 0.31921300937499997 0.49738007343749996 0.857257578125
0 0.6241532656250001 0.8241317 0.6399019453125 0.8457518234375 0.7159586828125 0.3986330546875 0.703496071875 0.3834571375 0.6241532656250001 0.8241317
0 0.81949973125 0.884527871875 0.8408025921875 0.8913715874999999 0.8672492875 0.358873909375 0.84816036875 0.3517254453125 0.81949973125 0.884527871875
0 0.6420761749999999 0.84621561875 0.6595309109375 0.8563881734375001 0.7371703390625 0.4065448703125 0.71856731875 0.40252961249999997 0.6420761749999999 0.84621561875
0 0.5708946828125 0.85223850625 0.5838272265625 0.86755635625 0.6809043890625001 0.40770553125 0.6687865359375 0.391487653125 0.5708946828125 0.85223850625
0 0.713471290625 0.8883200609375 0.7466787765625 0.8788988359375001 0.77067600625 0.38407841249999997 0.7429153734375 0.3744785734375 0.713471290625 0.8883200609375