0 0.3896573890625 0.883903521875 0.4173435546875 0.8941623265624999 0.5444947890625 0.077561409375 0.5205112609375 0.0569205734375 0.3896573890625 0.883903521875
0 0.32710717968749997 0.8387646875 0.33531048750000003 0.8490234921875001 0.3506916859375 0.8715929875 0.371199959375 0.875696446875 0.3865811578125 0.8654376421875 0.5065544921875 0.1473213125 0.4891224796875 0.14116604531250002 0.471690446875 0.1144931296875 0.4551851671875 0.09281642968750001 0.32710717968749997 0.8387646875
0 0.5701301187500001 0.1452695046875 0.5579431359375 0.12378236718749999 0.43067391875 0.8510753781249999 0.446055115625 0.8715929875 0.46143631406249996 0.8818517921875 0.4757920953125 0.87979990625 0.5988416812499999 0.1473213125 0.5855113171874999 0.1493730421875 0.5701301187500001 0.1452695046875
0 0.640883646875 0.8285058828125 0.6480615078125 0.8428683031249999 0.66344270625 0.8613341828125 0.6839509703125 0.8592822968749999 0.6962559374999999 0.8531271078125 0.8049497609375 0.18425299374999998 0.7946956296875001 0.18425299374999998 0.77931443125 0.1698906515625 0.7608569609375 0.16168365468749998 0.7506028296875 0.13911423750000002 0.640883646875 0.8285058828125
0 0.5803842515625 0.8674893718750001 0.5916637812500001 0.8818517921875 0.604994184375 0.8982657859375 0.6203753828125 0.8982657859375 0.7362470671875 0.159631846875 0.7280437703125 0.159631846875 0.7147133671875 0.1534765796875 0.704459234375 0.1473213125 0.6959950796875 0.12871228437499999 0.5803842515625 0.8674893718750001
0 0.5930335 0.1884530515625 0.4809191609375 0.87979990625 0.5086053265625 0.8941623265624999 0.6203753828125 0.212977678125 0.5930335 0.1884530515625
0 0.521935690625 0.8551788374999999 0.568079284375 0.8900587109375 0.6726714406250001 0.2396505546875 0.625545371875 0.208195965625 0.521935690625 0.8551788374999999
0 0.7608569609375 0.826454153125 0.77931443125 0.8326094984375001 0.8603220515625001 0.3012033828125 0.8381754015625 0.28511565625 0.7608569609375 0.826454153125
0 0.7987972578125 0.9372492749999999 0.8172546890625 0.9598186140625 0.84596625 0.96187034375 0.8623729250000001 0.9495598093750001 0.9638887703125001 0.204770603125 0.952609240625 0.204770603125 0.938253440625 0.204770603125 0.9238977171875 0.1986153359375 0.90734420625 0.1748641 0.7987972578125 0.9372492749999999
0 0.7823906625 0.8428683031249999 0.8100768265625 0.8633859125000001 0.889033653125 0.299151575 0.8637934765624999 0.2825516671875 0.7823906625 0.8428683031249999
0 0.7054846718750001 0.8244024234375 0.7208658703124999 0.8408165734375 0.7331708359375 0.8572305671875 0.7454757640625 0.8633859125000001 0.8305850921875001 0.323772721875 0.812127621875 0.319669184375 0.7987972578125 0.315565725 0.7843774421874999 0.29537161562500003 0.7054846718750001 0.8244024234375
0 0.8695507859375 0.916731665625 0.90851651875 0.9393010046875 0.99362576875 0.278633965625 0.957299453125 0.24152783125 0.8695507859375 0.916731665625