0 0.059712484375 0.1148959625 0.06839589375 0.721172521875 0.0770793046875 0.7419135375 0.092275271875 0.7530817640625 0.11181294374999999 0.7243634015625 0.11036573125 0.097345828125 0.0958933375 0.10851409218750001 0.07780294374999999 0.11170500937500001 0.06554855312499999 0.10457848750000001 0.059712484375 0.1148959625
0 0.1589198921875 0.059073359375 0.1928581265625 0.8216867890625 0.21890835625 0.8360459703125 0.185621928125 0.0590546796875 0.1589198921875 0.059073359375
0 0.02497884375 0.11968235625000001 0.025702449999999998 0.7802046859375 0.0322150078125 0.7897774734375 0.042345664062499996 0.8009457015624999 0.059712484375 0.7945638671874999 0.061159696875 0.0989413046875 0.038727565625 0.11010957031249999 0.025371065625 0.1093683421875 0.02497884375 0.11968235625000001
0 0.1075468453125 0.1407094859375 0.11470743593749999 0.7722273390625001 0.13424510781250001 0.7849910796875 0.1291797640625 0.1468052421875 0.1075468453125 0.1407094859375
0 0.3346871109375 0.2122192765625 0.40632524375 0.7865865203125 0.458425703125 0.7833956390625 0.379551440625 0.15797350625 0.3315886734375 0.209955290625 0.3346871109375 0.2122192765625
0 0.27317966875 0.8264731828125 0.2905464875 0.8408323640625 0.30140075 0.8328550171875 0.3151494390625 0.8264731828125 0.2261444859375 0.11808687968750001 0.21890835625 0.1372324546875 0.20588324062500002 0.159568946875 0.18933865 0.1476871796875 0.27317966875 0.8264731828125
0 0.1270089109375 0.197860096875 0.146546584375 0.7913729140625 0.1820038640625 0.7945638671874999 0.16753146875 0.1803099984375 0.1307012359375 0.1931907984375 0.1270089109375 0.197860096875
0 0.7487640015625 0.1740902734375 0.6494607234374999 0.8057320953125 0.6740638062500001 0.8264731828125 0.7710284625 0.197860096875 0.7487640015625 0.1740902734375
0 0.29633540625 0.20105105 0.38968206250000004 0.8567869859374999 0.40921973593749994 0.8472141984375 0.3151494390625 0.16116442343749998 0.2935829421875 0.1836110890625 0.29633540625 0.20105105
0 0.8034333874999999 0.2257660171875 0.7761116859375 0.203303515625 0.67761863125 0.815876053125 0.689628225 0.85370361875 0.703353475 0.857486375 0.8034333874999999 0.2257660171875
0 0.23772238906249998 0.20902836093750002 0.31949114375 0.8839099078125001 0.3404760953125 0.9174146625 0.35350121093750003 0.9190101765625001 0.3658026859375 0.9158191499999999 0.3766569484375 0.8711461671875 0.284757503125 0.14840071875 0.2753505203125 0.1707372109375 0.2587072734375 0.18669186875 0.24640579843750002 0.20424196718749998 0.23603140625000002 0.190795871875 0.23772238906249998 0.20902836093750002
0 0.8549030765625 0.20054765 0.77884235 0.8650518875 0.8045771937499999 0.8953139390624999 0.891503759375 0.2219832609375 0.85678168125 0.1924291578125 0.8549030765625 0.20054765
0 0.7067847875 0.8083105406250001 0.7182224781250001 0.8209197671874999 0.793711353125 0.32159585625 0.7881268671874999 0.3097794015625 0.7067847875 0.8083105406250001
0 0.8508999125000001 0.86126913125 0.8806379203124999 0.8940529828124999 0.9383983812500001 0.302682075 0.9048400515624999 0.2700317375 0.8508999125000001 0.86126913125
0 0.74681673125 0.8764001578125 0.759398228125 0.9091840078125 0.769692165625 0.907923165625 0.8446091375 0.3279004703125 0.813872421875 0.3154576390625 0.74681673125 0.8764001578125