0 0.5185406921875 0.933756196875 0.534603678125 0.9427905046875 0.5525941624999999 0.9414998546875 0.637406628125 0.096150421875 0.63098148125 0.0871161734375 0.6183903640625 0.0806631046875 0.5185406921875 0.933756196875
0 0.34353026249999996 0.8813371078125 0.3469870265625 0.8952242125 0.3563697671875 0.8942323359375 0.3662463046875 0.8853048921875001 0.4798267015625 0.1671415890625 0.4704439609375 0.164165775 0.464518028125 0.1572222 0.34353026249999996 0.8813371078125
0 0.7685686953124999 0.9027815625000001 0.7769214578125 0.9105252203124999 0.7846316828125001 0.9105252203124999 0.8013371484375 0.8963285531249999 0.8199702296875 0.1490654421875 0.79194261875 0.14842011718749998 0.7685686953124999 0.9027815625000001
0 0.597317046875 0.8924567234375 0.6140225125 0.9118158703124999 0.6332980734375 0.920850059375 0.653216171875 0.91439705 0.6699216375 0.8976190828125 0.7290333375 0.1606809296875 0.712327871875 0.1619715203125 0.6885546609375 0.15422786093750002 0.6637067859375 0.146484203125 0.597317046875 0.8924567234375
0 0.4837773078125 0.90613559375 0.4951353296875 0.9210146671875 0.509950159375 0.9229985125000001 0.5232835078125 0.9150630375000001 0.610197209375 0.1621819046875 0.5993330296875 0.1601980140625 0.5879749624999999 0.15325446250000002 0.4837773078125 0.90613559375
0 0.36476482187500003 0.8991919953125 0.3741475640625 0.9120872234374999 0.38550558437500004 0.9071274718750001 0.48674027343750004 0.2336014546875 0.49711065468750004 0.2197143046875 0.502048946875 0.1830126078125 0.48047045781250003 0.16763755 0.36476482187500003 0.8991919953125
0 0.4195796953125 0.905143625 0.429456278125 0.9259743265625 0.4452587484375 0.9349017703125 0.4610612203125 0.9368856171875001 0.47636989218750003 0.9269662953125 0.572172446875 0.1820206609375 0.5529131671874999 0.177060978125 0.5390860234375 0.170117403125 0.529379746875 0.1572222 0.4195796953125 0.905143625
0 0.8546814828124999 0.895037903125 0.8585365953125 0.9066533906249999 0.8765270796875001 0.9131064 0.899015271875 0.9066533906249999 0.913793240625 0.8911660734375 0.9202183890625 0.19036494531249998 0.902870384375 0.19552739375 0.8816672671875001 0.1942367734375 0.8613635203125 0.18907432500000002 0.8546814828124999 0.895037903125
0 0.92609274375 0.8360376015625001 0.9482126281250001 0.8351308921875 0.9504696984375001 0.28744460312500003 0.9310213671875 0.28653783125 0.92609274375 0.8360376015625001
0 0.945504078125 0.8369443953125 0.9658182078124999 0.8451052828125001 0.9649153296874999 0.30467315 0.9506665328125001 0.3014994578125 0.945504078125 0.8369443953125
0 0.7023893109375 0.9040722109375 0.7692112343749999 0.8963285531249999 0.7891293328125 0.2574766625 0.7215575375000001 0.25102359375 0.7023893109375 0.9040722109375
0 0.382048821875 0.9259743265625 0.410690796875 0.9388695531250001 0.5084686765625 0.24352082187500002 0.48713990625000003 0.2316175640625 0.382048821875 0.9259743265625
0 0.827037975 0.31555410156249997 0.81740019375 0.8782599375 0.854023759375 0.8730975765625001 0.8604489078125 0.3091010328125 0.8247247109375 0.311036946875 0.827037975 0.31555410156249997
0 0.289665784375 0.91498128125 0.29966339531249997 0.9225119906250001 0.31216036875 0.921256834375 0.4096368984375 0.3376268453125 0.3885349234375 0.3269583015625 0.289665784375 0.91498128125