0 0.6219265609375 0.7995570328125 0.645084740625 0.8117386484375 0.6908976625000001 0.0664451828125 0.672897784375 0.0520487265625 0.6219265609375 0.7995570328125
0 0.6636647765625 0.7497231453125 0.6752595984374999 0.7674418609375 0.6924079562500001 0.7556256578125 0.724187546875 0.12403100781250001 0.710531771875 0.126245846875 0.7026057406249999 0.1074197125 0.6636647765625 0.7497231453125
0 0.6924176890625 0.7630121812499999 0.7133006859375 0.7785160578125 0.74633885 0.143410853125 0.7272784484375 0.12292358750000001 0.6924176890625 0.7630121812499999
0 0.715053846875 0.7619047625 0.7208316171875 0.7790697671875 0.7377174625 0.7718715390625001 0.7692277921875 0.15007525625 0.748930009375 0.136212625 0.715053846875 0.7619047625
0 0.9280172921875 0.763877353125 0.9509552187500001 0.7588593578125 0.9512384031250001 0.2076411953125 0.9271777437500001 0.2148394234375 0.9280172921875 0.763877353125
0 0.74772319375 0.7320044296875 0.7632029203124999 0.7435481140625 0.7894831921875001 0.2479027109375 0.7761203421875 0.2347729796875 0.74772319375 0.7320044296875
0 0.8087180515625001 0.77630121875 0.8449499062499999 0.783914728125 0.8615633828125 0.22093023281250002 0.8274798593750001 0.2104097453125 0.8087180515625001 0.77630121875
0 0.341511203125 0.5171650062500001 0.341664840625 0.55370985625 0.6094139000000001 0.5638263890624999 0.600278696875 0.5325217656250001 0.603047609375 0.4795127359375 0.35114551875 0.45404208125 0.341511203125 0.5171650062500001
0 0.9531892281250001 0.17414175 0.9526857890624999 0.8295957921875001 0.9667820718750001 0.8455452390625 0.9748370921875 0.8405315609375 0.9714879156249999 0.1849390921875 0.9632501359375001 0.190476190625 0.9531892281250001 0.17414175
0 0.796368071875 0.7641196015625 0.8091900265625 0.7628910578125 0.8253157968749999 0.270210409375 0.81338116875 0.2646733109375 0.796368071875 0.7641196015625
0 0.8849732828124999 0.809523809375 0.8952937765625 0.8117386484375 0.9063694281249999 0.8065995296875 0.9180166109375 0.2337185515625 0.8934415906250001 0.23698781875 0.8849732828124999 0.809523809375
0 0.7699375390625 0.7916666671875 0.7860003812499999 0.787556425 0.8056666453125001 0.28931369375 0.7902190328125 0.2868217046875 0.7699375390625 0.7916666671875
0 0.8447305593750001 0.8361018828125 0.8610599453125 0.837194103125 0.8741493515625001 0.8368916671875001 0.8877421953125 0.2580287921875 0.8607124875000001 0.2535991140625 0.8447305593750001 0.8361018828125
0 0.5992167562499999 0.6344685265625001 0.59927181875 0.5891472875 0.35668429062499996 0.56921373125 0.3519609453125 0.6219675140625001 0.5992167562499999 0.6344685265625001
0 0.5515037703125001 0.7962347734375 0.5494313875 0.7353365625 0.2292925484375 0.795127353125 0.22043419531250003 0.8982558140625001 0.5515037703125001 0.7962347734375