0 0.26097630625 0.7197760359375 0.2787844359375 0.706308434375 0.2057098140625 0.089494153125 0.1799187828125 0.1110422609375 0.18369280625 0.10646233125 0.173778071875 0.116429265625 0.26097630625 0.7197760359375
0 0.41203805156250006 0.059865509375 0.5231851265625 0.7817268578125 0.5440635984375 0.7736463203125 0.4341446484375 0.0490914703125 0.416336575 0.06525254375 0.41203805156250006 0.059865509375
0 0.3770359390625 0.12855007031250001 0.32302594687499997 0.18777624531249998 0.4058973671875 0.7049617609375 0.4445839125 0.6780265562500001 0.365982640625 0.1608722171875 0.3770359390625 0.12855007031250001
0 0.2682434078125 0.11588111406249998 0.2505370984375 0.14471114375 0.3451042265625 0.7480579140625 0.35861377499999997 0.7318968406249999 0.2682434078125 0.11588111406249998
0 0.1565840609375 0.7211228328125 0.1909720828125 0.7157357671875 0.15596997031249998 0.1622190140625 0.12933071406250002 0.17519118125 0.1565840609375 0.7211228328125
0 0.20202538125 0.6753330859375 0.232728996875 0.68072015 0.21921941875 0.40328831249999997 0.1928142984375 0.2093554359375 0.1768484421875 0.21204896875 0.20202538125 0.6753330859375
0 0.47098897656250005 0.79788793125 0.486954890625 0.7776865890625 0.502920746875 0.7642189875 0.509675521875 0.73728390625 0.41817879218750004 0.097574721875 0.41695066562500005 0.10430846093749999 0.36352639062500003 0.168952753125 0.47098897656250005 0.79788793125
0 0.21799126562499999 0.1905008921875 0.2867673359375 0.7386305796875 0.30457546562500004 0.7197760359375 0.24623857500000002 0.1716462859375 0.22146985312499998 0.185298365625 0.21799126562499999 0.1905008921875
0 0.555116896875 0.7992346046875001 0.5747671875 0.7736463203125 0.4851126734375 0.230903575 0.49370966406249994 0.20666196406249998 0.480200059375 0.11777606249999999 0.480200059375 0.12316306562499998 0.4470401640625 0.164912484375 0.555116896875 0.7992346046875001
0 0.3770359390625 0.7197760359375 0.3899314546875 0.7049617609375 0.3168568890625 0.21878277031249999 0.315014671875 0.230903575 0.2965925078125 0.2443711140625 0.3770359390625 0.7197760359375
0 0.684072046875 0.818089271875 0.7000379031249999 0.8113554093750001 0.7129334171874999 0.7844203281250001 0.58950491875 0.1608722171875 0.5863408453125001 0.150933940625 0.55327468125 0.1999281640625 0.684072046875 0.818089271875
0 0.75714666875 0.8100087359374999 0.7731124687500001 0.8086619390625 0.780481334375 0.7965411328124999 0.7921487796875 0.7736463203125 0.6527543671875 0.18780735937499998 0.6517596343750001 0.1933841125 0.614067821875 0.26187892343749997 0.75714666875 0.8100087359374999
0 0.584592359375 0.84233088125 0.605470775 0.8261698093750001 0.5053770546874999 0.21878277031249999 0.501692621875 0.21204896875 0.4863407984375 0.230903575 0.584592359375 0.84233088125
0 0.610997425 0.8571451578125 0.6318758953125 0.8477178234375 0.6392447609375 0.84233088125 0.55450280625 0.225516509375 0.55450280625 0.232250309375 0.517658478125 0.273999728125 0.610997425 0.8571451578125
0 0.246852665625 0.146057940625 0.2689592625 0.10430846093749999 0.2634326125 0.0800668515625 0.24266185468749998 0.100398021875 0.246852665625 0.146057940625