0 0.20526722656250002 0.7709446796874999 0.2091968515625 0.786305996875 0.2188026171875 0.78726601875 0.22709850625 0.777665271875 0.21443635312499998 0.14977257187499998 0.1922154625 0.153612878125 0.20526722656250002 0.7709446796874999
0 0.178196484375 0.8016672265624999 0.1991544890625 0.8007072046875001 0.1838726234375 0.1564931203125 0.16404142187499998 0.157933240625 0.178196484375 0.8016672265624999
0 0.1496571015625 0.810768221875 0.159351778125 0.8150316828124999 0.171631721875 0.8079259578125001 0.158059175 0.1698278609375 0.13031631875 0.1655644 0.1496571015625 0.810768221875
0 0.247183234375 0.7719047890625 0.277747003125 0.76614430625 0.2808033921875 0.2909044078125 0.24725312187499998 0.2918644734375 0.247183234375 0.7719047890625
0 0.279493515625 0.7642240874999999 0.29346550625 0.7719047890625 0.29826836874999996 0.30338543906250004 0.2846001046875 0.2947447140625 0.279493515625 0.7642240874999999
0 0.29608525625 0.775745053125 0.313550271875 0.76614430625 0.3174798984375 0.296664890625 0.300980359375 0.30338543906250004 0.29608525625 0.775745053125
0 0.133499346875 0.795135575 0.14901082968749998 0.7979778390625001 0.13479195156249998 0.28778363906250004 0.118677865625 0.28920477187500004 0.133499346875 0.795135575
0 0.9230571078124999 0.85159144375 0.9514377250000001 0.8410305859375 0.9527476 0.2717027828125 0.92539570625 0.2717027828125 0.9230571078124999 0.85159144375
0 0.8741550859375 0.85159144375 0.91519785625 0.8506313328124999 0.9173809687500001 0.277463265625 0.9042822156250001 0.2745830234375 0.894239853125 0.27266287031249997 0.879831225 0.278423375 0.8741550859375 0.85159144375
0 0.9571138640625 0.85159144375 0.9793817828125 0.8477510921875 0.97588875625 0.2736229578125 0.955535378125 0.2832237484375 0.9571138640625 0.85159144375
0 0.09957965156250001 0.8256903359375001 0.11638376718750001 0.8256903359375001 0.10798169531249999 0.32544419062499996 0.0924913421875 0.32544419062499996 0.09957965156250001 0.8256903359375001