0 0.276369084375 0.822756871875 0.29807096718750004 0.816251471875 0.22592686875 0.044711070312500004 0.20290370625 0.0633598828125 0.276369084375 0.822756871875
0 0.1766577296875 0.131883425 0.16551351875 0.13318450625 0.22592686875 0.8019395921875001 0.23941722968749998 0.8019395921875001 0.2499749015625 0.791530953125 0.2611191125 0.7772190734375 0.2013392421875 0.10325966718749999 0.1895615515625 0.1188726265625 0.1766577296875 0.131883425
0 0.19425385 0.7798212343750001 0.21360958437500002 0.78242339375 0.16551351875 0.1500985453125 0.149711915625 0.1587724109375 0.19425385 0.7798212343750001
0 0.55229139375 0.8010911796875 0.5657113703125 0.82274115 0.5797413437500001 0.8308598890625 0.591941321875 0.8349192578125001 0.6029213015625 0.8240942734375001 0.693811134375 0.167829553125 0.671851175 0.1515920765625 0.6566012031249999 0.12723585937499998 0.6421862593750001 0.100173396875 0.55229139375 0.8010911796875
0 0.0792925234375 0.816251471875 0.0892636578125 0.8266601109374999 0.10158094375 0.8279611906250001 0.1115520796875 0.8149503921875001 0.09982133125 0.12017370624999998 0.0927828828125 0.1279801859375 0.083984821875 0.135786665625 0.071081 0.1396899046875 0.06404255156250001 0.13318450625 0.0792925234375 0.816251471875
0 0.145571246875 0.7863266328125 0.181936565625 0.785025553125 0.150850084375 0.17612014375 0.1113825359375 0.2108156078125 0.145571246875 0.7863266328125
0 0.76396100625 0.1610639375 0.666361184375 0.80920991875 0.6700211781250001 0.825447396875 0.6791711609375 0.83627238125 0.6864911484375 0.8376255046875001 0.7804309765624999 0.18406703124999998 0.7767709828125 0.18271390781250002 0.7682309984375 0.1800076625 0.763400965625 0.1651233078125 0.76396100625 0.1610639375
0 0.6102412875 0.7835005796875001 0.6608711953124999 0.82274115 0.738341053125 0.2571356796875 0.6909975515625 0.1921857703125 0.6102412875 0.7835005796875001
0 0.7693425109375001 0.8586289 0.7783672546875 0.8764235984375001 0.787893371875 0.8864331156249999 0.796416740625 0.881984440625 0.8881682953125001 0.2057859421875 0.8816504249999999 0.2057859421875 0.8706201828125 0.19355208906250002 0.8601520218750001 0.180206065625 0.7693425109375001 0.8586289
0 0.6962511296875 0.8335661359375001 0.7218710828125 0.8498036125 0.8017809375 0.27743252812499997 0.77153618125 0.2517231875 0.6962511296875 0.8335661359375001
0 0.8345212109375 0.8853209468750001 0.8520693218750001 0.9086764875 0.942818128125 0.225804978125 0.9203310078125 0.203932328125 0.8345212109375 0.8853209468750001
0 0.8575844437500001 0.8864331156249999 0.8676119359375001 0.9153494984374999 0.8821517999999999 0.9186860046875 0.9693909828124999 0.24359967500000002 0.9593634906249999 0.2335901578125 0.9484145343750001 0.2172783515625 0.8575844437500001 0.8864331156249999
0 0.7322407890625 0.8386098656250001 0.762323265625 0.8519558890625 0.828504715625 0.344807015625 0.7989236125 0.3092176203125 0.7322407890625 0.8386098656250001
0 0.9461174828125 0.42066127968749994 0.9398503 0.8730144624999999 0.9586518484375001 0.8805002125 0.96829366875 0.3115832078125 0.9605802125 0.3115832078125 0.9461174828125 0.42066127968749994
0 0.8109566046875001 0.9164616671875001 0.8204827218749999 0.926471184375 0.8300088390625 0.926471184375 0.90621778125 0.3281244875 0.884223615625 0.316632078125 0.8109566046875001 0.9164616671875001