0 0.6240623484375 0.7998177281250001 0.6456569812499999 0.8099054296875 0.689500590625 0.0734967734375 0.6720342359375 0.0533211703125 0.6240623484375 0.7998177281250001
0 0.7045514359375 0.12105349843749999 0.7025882875 0.1196123734375 0.6659428093749999 0.7479375984375001 0.67444980625 0.7695542921875 0.6823024 0.765230953125 0.6927725453125 0.7407320125 0.7248372640625 0.12681792812499998 0.7130583734375 0.12681792812499998 0.7034576859375 0.11384791093749999 0.7045514359375 0.12105349843749999
0 0.693108296875 0.7666720437500001 0.71273978125 0.7825243734375 0.7441501578125 0.142670190625 0.7270252734375 0.131141265625 0.693108296875 0.7666720437500001
0 0.74611330625 0.14987574374999998 0.7179748234375001 0.7580253671875 0.7232099265625 0.7868477125 0.740223859375 0.779642059375 0.7670535359375 0.152757959375 0.7466649296875 0.14411128125 0.74611330625 0.14987574374999998
0 0.924808028125 0.76234870625 0.9509833609375 0.76234870625 0.9516377046875 0.2104024859375 0.9283317500000001 0.2089613609375 0.924808028125 0.76234870625
0 0.750720153125 0.739290921875 0.7657709390624999 0.7493786890624999 0.7939094203125 0.2521947484375 0.7741604484375 0.23922473125 0.750720153125 0.739290921875
0 0.81157775625 0.776759878125 0.8462600265625 0.779642059375 0.8619652140625 0.224813625 0.828169503125 0.2176080390625 0.81157775625 0.776759878125
0 0.34006016093749997 0.5288884203124999 0.3472584125 0.5533873609375 0.6070483546875 0.5677984671874999 0.6031220578125 0.5447406828125 0.602467715625 0.5188006515625 0.60508520625 0.47700835625 0.351184709375 0.4582739109375 0.3426777125 0.4928606203125 0.34006016093749997 0.5288884203124999
0 0.954255315625 0.8286399421875 0.9568728078125 0.8488154781249999 0.9771586343750001 0.8516977921875 0.9712691890625 0.19166800625 0.9538633031250001 0.1808596609375 0.954255315625 0.8286399421875
0 0.7945637624999999 0.765230953125 0.8122320999999999 0.7709953828125 0.8259741390625001 0.2666059203125 0.8134397609375 0.26300309374999997 0.7945637624999999 0.765230953125
0 0.88489065625 0.8113465874999999 0.9084484375 0.802699909375 0.9195729859374999 0.23922473125 0.894944334375 0.2435480703125 0.88489065625 0.8113465874999999
0 0.791946271875 0.29398704375 0.771660384375 0.7940532328125001 0.7860568265625 0.7998177281250001 0.8024163578125 0.29398704375 0.792818121875 0.28678145625 0.791946271875 0.29398704375
0 0.8586933203125 0.263723671875 0.84495128125 0.8315221234375001 0.8743985078125001 0.8300810984375 0.8874862046875001 0.2651647640625 0.8595929531250001 0.25867975625 0.8586933203125 0.263723671875
0 0.602467715625 0.6369718859375 0.602467715625 0.59517965625 0.355835771875 0.574283475 0.3531478578125 0.618237440625 0.602467715625 0.6369718859375
0 0.2216168796875 0.8920488640625001 0.2288151 0.9050188796875 0.552080196875 0.7969354140625 0.5527346 0.779642059375 0.5514258546875 0.7522609375 0.55600649375 0.7162331375 0.23308792031249997 0.8012587531250001 0.2255431765625 0.847374453125 0.2216168796875 0.8920488640625001