0 0.8094489218750001 0.1577443640625 0.8090086718749999 0.179035015625 0.8037256640624999 0.456781228125 0.7975621562499999 0.7993671484375 0.813851428125 0.805173690625 0.8279394468750001 0.1470990390625 0.8112920953125 0.1412924984375 0.8094489218750001 0.1577443640625
0 0.7667446140624999 0.8400129359375 0.777310628125 0.84291620625 0.7874363921875001 0.8332386390625001 0.795801153125 0.1770995015625 0.7843546375 0.180970528125 0.776944409375 0.1780672578125 0.7667446140624999 0.8400129359375
0 0.8129709265624999 0.8351741515625 0.813851428125 0.84291620625 0.819134434375 0.8525937750000001 0.8288199484375 0.8458194765625 0.83410295625 0.7364629546875 0.8380652109375 0.6087190515625001 0.8407067140625 0.4954915015625 0.846429971875 0.33774713749999996 0.8512727296874999 0.17419623125 0.84378846875 0.1829060421875 0.8385054609375 0.1867770703125 0.8306677140625001 0.1732284734375 0.8129709265624999 0.8351741515625
0 0.25894021875 0.2183803796875 0.2580874703125 0.227752928125 0.2563819703125 0.2418117515625 0.24700172812500001 0.821035246875 0.25936659375 0.8294705406249999 0.2815380765625 0.821972503125 0.29134469375 0.33366272656249996 0.2998721875 0.3186666484375 0.3015776859375 0.20150979218749998 0.2815380765625 0.2099450859375 0.2768479546875 0.2099450859375 0.26115642499999997 0.202447046875 0.25894021875 0.2183803796875
0 0.8784603390625 0.781746846875 0.8794640015624999 0.7824822625000001 0.8874933031250001 0.78395309375 0.8975299328125 0.2779871203125 0.887568515625 0.2757808734375 0.8784603390625 0.781746846875
0 0.9343309015625 0.820723878125 0.9356691187499999 0.81851763125 0.949051290625 0.820723878125 0.9627680156249999 0.8163113828125 0.9701282093750001 0.24415800000000001 0.941444521875 0.244893415625 0.9343309015625 0.820723878125
0 0.8868241953125 0.825136371875 0.8888315203125 0.8244009562500001 0.9252979375000001 0.8266072031249999 0.93366179375 0.249305909375 0.8996153250000001 0.24636424687499997 0.8868241953125 0.825136371875
0 0.21971374843749997 0.31679213906250003 0.21374450312499998 0.7976038765625 0.21971374843749997 0.8088509343749999 0.22610936874999998 0.8079136796874999 0.2440171046875 0.7994783859375 0.25297097343749997 0.31304311875 0.23762148437500002 0.32054115781250003 0.22533246093749998 0.3149176296875 0.21971374843749997 0.31679213906250003
0 0.1752898109375 0.38010174375 0.1713212609375 0.6168864359375 0.16747468906250002 0.8290056640625 0.1768615296875 0.8290056640625 0.1790701984375 0.684566903125 0.181278865625 0.56076225 0.1840397015625 0.4296749703125 0.1851440359375 0.343497221875 0.1890092046875 0.320435571875 0.179143021875 0.3192218 0.1752898109375 0.38010174375
0 0.283243575 0.8350940703124999 0.296461190625 0.8350940703124999 0.30882605625 0.8360313250000001 0.317779925 0.3374117453125 0.2927156296875 0.33366272656249996 0.283243575 0.8350940703124999
0 0.1783554046875 0.8388430890624999 0.1821927765625 0.8416548546874999 0.189014771875 0.83978034375 0.1988213890625 0.34209802031250003 0.1873761203125 0.34116076562500003 0.1783554046875 0.8388430890624999
0 0.062562946875 0.8945493046875 0.0918278015625 0.8921217625000001 0.10452764375000001 0.30951163125000003 0.0747587078125 0.310725403125 0.062562946875 0.8945493046875
0 0.82970045 0.87291666875 0.8354237078125 0.8787232093749999 0.8415872156249999 0.8816264796875 0.8468702234375 0.8787232093749999 0.864039996875 0.33581162343750004 0.8552349843749999 0.33871489375 0.8482819125000001 0.333876109375 0.82970045 0.87291666875