0 0.26450804687499996 0.8235066265625001 0.2745147140625 0.819997890625 0.2850480390625 0.8188283109375 0.21763483125 0.171674753125 0.21921486406250001 0.14594355 0.21289485625000001 0.046527810937500004 0.192305771875 0.058815778124999996 0.26450804687499996 0.8235066265625001
0 0.1588138953125 0.140110775 0.22473912812500002 0.802564396875 0.23336487187500002 0.8094056843749999 0.2450711875 0.798459671875 0.25924203125 0.7847769796875 0.1957813265625 0.1029532828125 0.1791459890625 0.12758194843749998 0.1622519703125 0.12806110625 0.1588138953125 0.140110775
0 0.14609188125 0.18893581875 0.196397440625 0.7845626421875 0.2142650421875 0.7804578375 0.16149668749999999 0.1583266890625 0.1465838625 0.1718945734375 0.14609188125 0.18893581875
0 0.0617711125 0.1385206875 0.07312195625 0.811922796875 0.08771590312500001 0.8317287484375001 0.095823734375 0.8335292609374999 0.11041772968750001 0.8155238234375 0.098256075 0.12051529999999999 0.0869051390625 0.1295179671875 0.0723111453125 0.1439222765625 0.060149490625 0.1295179671875 0.0617711125 0.1385206875
0 0.4788609078125 0.1720412875 0.5836671984375 0.819997890625 0.6021005625 0.8071323218750001 0.49834746562500004 0.139292578125 0.4785936640625 0.15550476875000002 0.4788609078125 0.1720412875
0 0.107174578125 0.21234289843749998 0.148524221875 0.7813136671875001 0.18176603281249998 0.7777125375 0.14690269218750002 0.1781325359375 0.10399289687499999 0.20901840468750002 0.107174578125 0.21234289843749998
0 0.21763483125 0.15683652812499999 0.2924213 0.8492377624999999 0.3113812609375 0.867951425 0.32718121875 0.8644426218750001 0.34034789062500004 0.8433898687499999 0.279781346875 0.28315298125 0.2834680078125 0.23402990156249998 0.27188136875 0.11239185468749999 0.24976146406250002 0.1404621734375 0.2334348484375 0.1521581625 0.22132149218750002 0.1591757359375 0.21763483125 0.15683652812499999
0 0.41566101718750004 0.14864935937499998 0.5188873984375 0.8398810640625 0.5420607375000001 0.8293547218749999 0.466220953125 0.28783139687500003 0.46674755 0.2597610703125 0.44462758593749996 0.14397095937499998 0.4383076390625 0.1544973375 0.4277743140625 0.162684521875 0.4193087796875 0.1533125015625 0.41566101718750004 0.14864935937499998
0 0.500980871875 0.16619330937500001 0.6073671953125 0.837541840625 0.6163205484375001 0.8328635249999999 0.6300137578125 0.8118107718750001 0.5209940875 0.1498189375 0.5052718625 0.1598893015625 0.500980871875 0.16619330937500001
0 0.5504225625 0.2456196875 0.6362690140625 0.7614119109375 0.6525956296875 0.7520550796875 0.5678024921875 0.226906159375 0.549735525 0.23661863125 0.5504225625 0.2456196875
0 0.571489153125 0.2584852890625 0.6615489218749999 0.79416051875 0.672082246875 0.7812949515625001 0.58518248125 0.2526372609375 0.574437559375 0.251964496875 0.571489153125 0.2584852890625
0 0.8887751171874999 0.820150665625 0.9177416859375 0.830677075 0.90931505 0.21897790156250002 0.876135103125 0.2271650859375 0.8887751171874999 0.820150665625
0 0.5904491140625 0.28304681249999997 0.6757689078125 0.8046869296875 0.6873554875 0.8175525640625001 0.6915688656250001 0.8035174171874999 0.6036157249999999 0.2584852890625 0.5882706984375 0.2738871625 0.5904491140625 0.28304681249999997
0 0.4114476984375 0.9170744718750001 0.425667625 0.907717640625 0.4298809421875 0.8936824937500001 0.345087865625 0.19309402343749998 0.33297456875 0.2036204 0.32445296562500003 0.2059269 0.4114476984375 0.9170744718750001
0 0.9272216359375 0.2084515234375 0.9424949375 0.9137183765625 0.9609282406249999 0.9289231687499999 0.9783081703125 0.9289231687499999 0.9872615234375001 0.9055311906249999 0.9714615656250001 0.20026435468749998 0.9613493796875 0.2188965546875 0.9517275843749999 0.221145809375 0.9385609796875001 0.2188965546875 0.9272216359375 0.2084515234375
0 0.2803080046875 0.279644178125 0.34666783749999996 0.8843256625 0.3914344234375 0.8925129140625 0.3292879078125 0.2375387046875 0.279001221875 0.2760794296875 0.2803080046875 0.279644178125
0 0.46516751875000006 0.2773050203125 0.5504873124999999 0.881986571875 0.5699739312500001 0.8539162109375 0.48623416875 0.258591440625 0.46871285 0.2760794296875 0.46516751875000006 0.2773050203125
0 0.4077610390625 0.338124021875 0.4725409 0.8609338171875001 0.503087440625 0.8574250140625 0.439360953125 0.29952731875 0.4123922109375 0.32430929375 0.4077610390625 0.338124021875
0 0.3577278203125 0.2901705546875 0.4351476359375 0.9112264437500001 0.46306095 0.894852071875 0.389327734375 0.270287446875 0.36002389687499997 0.29361756250000004 0.3577278203125 0.2901705546875