0 0.459949153125 0.738432296875 0.469509996875 0.7673389390625001 0.483851234375 0.77390858125 0.5830447578125 0.290379996875 0.6033615296875 0.2457061171875 0.6081419234375 0.21285772500000003 0.5804920874999999 0.174753546875 0.459949153125 0.738432296875
0 0.7764721031249999 0.8309394046874999 0.7990811640625 0.8372523093750001 0.8346096890625001 0.1854423046875 0.8128457156250001 0.1747892359375 0.7764721031249999 0.8309394046874999
0 0.36135314375 0.8527447703125001 0.3834625703125 0.8724538171875 0.5298626859375 0.18132325 0.5132395546875 0.15110269062499998 0.36135314375 0.8527447703125001
0 0.4055719421875 0.8067570343750001 0.41393769999999996 0.8251521046875 0.42349848906250004 0.830407890625 0.43544955625000004 0.8172684859375 0.5561549375 0.23913644375 0.5436063546875001 0.23388068906249998 0.5329669640625 0.20825892656249997 0.4055719421875 0.8067570343750001
0 0.7506331765625001 0.859742121875 0.7603227734375 0.868422375 0.773601121875 0.8621094703125 0.8073352546875 0.2083266859375 0.7869960328125 0.20083007031250003 0.7506331765625001 0.859742121875
0 0.83290114375 0.2062612046875 0.798314421875 0.8538521890625 0.8072231546875 0.8745935359375 0.8203241546875001 0.8561567484375001 0.855434934375 0.2051088734375 0.8338591 0.1999235359375 0.83290114375 0.2062612046875
0 0.5370333046875 0.8343497 0.54480149375 0.85800055625 0.5591427312499999 0.8671981515624999 0.5651182109375 0.8671981515624999 0.6923966953125 0.27329878281250003 0.6798481125 0.271984865625 0.6714824078125 0.2614733546875 0.662091828125 0.23190978437499998 0.5370333046875 0.8343497
0 0.9256564453125 0.842329184375 0.9518585406250001 0.842329184375 0.9570989203125 0.26848524687499997 0.9508104265625 0.2673329140625 0.9366613125000001 0.2696375265625 0.9274393984374999 0.27424669687500003 0.9256564453125 0.842329184375
0 0.876920609375 0.8469384078125 0.8889735906249999 0.8526998578124999 0.9141275703125 0.849242965625 0.9225121984375001 0.2777035875 0.904694828125 0.2696375265625 0.8865471671874999 0.2707898046875 0.876920609375 0.8469384078125
0 0.8601513046875 0.8181309453125 0.8748244765625 0.8100648312500001 0.884781228125 0.3111202203125 0.8739649421875001 0.3088156078125 0.8601513046875 0.8181309453125
0 0.9550027875 0.8538521890625 0.979632759375 0.848090634375 0.9743922828124999 0.2730944171875 0.958108571875 0.2811604796875 0.9550027875 0.8538521890625
0 0.464729546875 0.8488029609375 0.48743654375 0.8632563421875 0.5997762203125 0.31140296093750003 0.5831821890625 0.28512421093749996 0.464729546875 0.8488029609375
0 0.6056028343750001 0.8179189875 0.6152924328125 0.8242318921875 0.6239054078125 0.8163407062499999 0.6999866828125 0.3973200046875 0.7060875296875 0.3752247625 0.6916753296875 0.3594424265625 0.6056028343750001 0.8179189875
0 0.49281450781249997 0.8566865796875 0.5244847218750001 0.8711399609375 0.6224831609375 0.3547628640625 0.62069050625 0.344251353125 0.612324803125 0.3258562828125 0.599322796875 0.31862959062499996 0.49281450781249997 0.8566865796875
0 0.6239054078125 0.8210754031249999 0.6386192312500001 0.8463271703125 0.7147005046875 0.3941635515625 0.7035231015625001 0.3819322375 0.6239054078125 0.8210754031249999
0 0.8187520296875 0.8872687687499999 0.8391896390625 0.8930302187500001 0.8659157437499999 0.359516696875 0.8472277140625 0.3468414109375 0.8187520296875 0.8872687687499999
0 0.7107981624999999 0.8889394453125 0.7481210468749999 0.8810482593750001 0.7718067296875 0.38153768593750004 0.7385278796875 0.3700954953125 0.7107981624999999 0.8889394453125
0 0.6382603453125 0.84869451875 0.657639540625 0.859742121875 0.7365918625 0.4099458875 0.7175250125 0.4008710265625 0.6382603453125 0.84869451875
0 0.5704331625 0.8518509359375 0.5747396499999999 0.8660550265625 0.5851470171875001 0.86447681875 0.67988975 0.4115240953125 0.6663641828125 0.3973200046875 0.5704331625 0.8518509359375