0 0.39096763437500004 0.8790542468749999 0.4179239625 0.8970449734375 0.5482128765625001 0.0836070859375 0.52571605 0.055705840625 0.39096763437500004 0.8790542468749999
0 0.3287113546875 0.8212269078125001 0.33962225 0.8456428953125 0.3608022203125 0.86106351875 0.3806985578125 0.8662037265625001 0.39096763437500004 0.858493415625 0.5116292890625 0.144004528125 0.494300221875 0.131154009375 0.47889660625 0.11316328125 0.46838647812499995 0.09338723593750001 0.3287113546875 0.8212269078125001
0 0.4763293375 0.8790542468749999 0.6008418953125 0.15428494375 0.5931400874999999 0.1568550484375 0.5815873765624999 0.1555699953125 0.5687510296875 0.141434425 0.5606465984375 0.1255933953125 0.42626758750000004 0.8430727921875001 0.44038756718750005 0.867488778125 0.4602839046875 0.8803392984375 0.4763293375 0.8790542468749999
0 0.6374254828125 0.82765216875 0.6444854734375001 0.8430727921875001 0.6541127328125 0.858493415625 0.6682327140625001 0.864918675 0.6829945109375 0.86106351875 0.6983981265625 0.858493415625 0.8049398 0.18898134687499998 0.7933870890625 0.185126190625 0.7779834734375 0.1799859828125 0.763221675 0.1632803078125 0.7523107812500001 0.1452895796875 0.6374254828125 0.82765216875
0 0.29533685468750004 0.858493415625 0.29790412499999996 0.8636336234374999 0.3068895671875 0.8726289859374999 0.3203677296875 0.8700588828125 0.43910393281250004 0.1504297875 0.43204394218750003 0.15299989218750001 0.4198494140625 0.151714840625 0.4127682359375 0.143058165625 0.29533685468750004 0.858493415625
0 0.22858785468749998 0.8289372203125 0.29533685468750004 0.8559233109375001 0.385191278125 0.240383425 0.35374223125 0.1876962953125 0.34089235625000003 0.177313978125 0.22858785468749998 0.8289372203125
0 0.5783782890625 0.8662037265625001 0.5828710109374999 0.8790542468749999 0.591856453125 0.8893346624999999 0.6079018859375 0.9009001296875001 0.6188127796875 0.9021851812499999 0.73562353125 0.17227567187499998 0.7234290015625 0.1658504109375 0.706099934375 0.15299989218750001 0.69903994375 0.13757926874999998 0.5783782890625 0.8662037265625001
0 0.48018024062500003 0.8790542468749999 0.50649475 0.895759921875 0.616887328125 0.2185375421875 0.5967362656249999 0.19615467656250002 0.48018024062500003 0.8790542468749999
0 0.6258727703125 0.2172524890625 0.519331096875 0.8559233109375001 0.530241990625 0.8726289859374999 0.5507801453125001 0.8803392984375 0.5687510296875 0.8880496093750001 0.6714418 0.24552363281249998 0.6573218187500001 0.230103009375 0.6399927515625 0.2185375421875 0.6283958796875 0.2184209546875 0.6258727703125 0.2172524890625
0 0.759526771875 0.82879678125 0.7774626921875 0.840415190625 0.8623945453124999 0.307024578125 0.8428242375 0.28792586249999996 0.759526771875 0.82879678125
0 0.7827379624999999 0.8361903156249999 0.79750871875 0.84886494375 0.8813855203125 0.2996310453125 0.8639230703124999 0.285110284375 0.7827379624999999 0.8361903156249999
0 0.7985637734375 0.9312500281249999 0.81175195 0.944980875 0.8291603421874999 0.9650490375 0.8434035718749999 0.9650490375 0.8597569109375 0.9587117234375 0.9626246843749999 0.20668377031250001 0.949436509375 0.20668377031250001 0.930445534375 0.20245889374999998 0.9183124125000001 0.1866156078125 0.9103405062500001 0.1696715796875 0.7985637734375 0.9312500281249999
0 0.80067388125 0.85308981875 0.8096418421875 0.861539571875 0.889298425 0.3006872640625 0.881913046875 0.2964623875 0.80067388125 0.85308981875
0 0.706246540625 0.82668434375 0.7231274062499999 0.8520336000000001 0.7463385953125 0.8678768859374999 0.83285303125 0.331317615625 0.8085867875 0.3218116453125 0.790780446875 0.3005959640625 0.706246540625 0.82668434375
0 0.87136250625 0.91751918125 0.9103995078124999 0.9396997796875001 0.9958588890625 0.27956288281249997 0.9623842953124999 0.24850776875 0.87136250625 0.91751918125