0 0.705089771875 0.0643630875 0.7083837484375 0.061062417187499995 0.599682546875 0.8917311859374999 0.628779315625 0.899432784375 0.7363825421875 0.08196664687500001 0.70797608125 0.0605122890625 0.705089771875 0.0643630875
0 0.803360034375 0.1358776078125 0.7336375796875 0.8565240671875 0.7352845671875 0.8796287609375 0.7605383484375 0.8895307718750001 0.7857921796875 0.8840295875 0.8560636468749999 0.15788207031249998 0.803541140625 0.1364277109375 0.803360034375 0.1358776078125
0 0.91919825 0.8488224687500001 0.9301781015625 0.86202515 0.9504910203125 0.8653258218750001 0.9697058109375 0.8455217984375001 0.9691568484375 0.16448341093750002 0.9444520296875 0.1699845453125 0.9188782812499999 0.16448341093750002 0.91919825 0.8488224687500001
0 0.729245578125 0.138078046875 0.7325395546875 0.138078046875 0.6353672687499999 0.8587244796875 0.6414062578124999 0.8873302578125 0.6573271234375 0.8983325265625 0.6798359406250001 0.906034125 0.702344809375 0.890630928125 0.7962231203125001 0.1710847515625 0.7599893859375 0.1523809609375 0.7302196734375 0.1298263703125 0.729245578125 0.138078046875
0 0.6114047078125 0.14357918125 0.5070955078125 0.876328090625 0.514781434375 0.8873302578125 0.5323492875 0.8950318562499999 0.55266215625 0.8928314421874999 0.6558733796875 0.16778408125 0.6306196 0.15788207031249998 0.6108557453125 0.1424789484375 0.6114047078125 0.14357918125
0 0.5546648609375 0.876328090625 0.5579588375 0.8884305156250001 0.5771737296875 0.9038336109375 0.5941925703125001 0.8972322703125 0.69136485625 0.16228297187500001 0.6743460156250001 0.1600825328125 0.6584250984375 0.1424789484375 0.5546648609375 0.876328090625
0 0.328773690625 0.17186117343750001 0.2123530015625 0.8895117390625 0.22170823281250002 0.9009691171875 0.2378200359375 0.9009691171875 0.3525185859375 0.1828041 0.3387277421875 0.1804351484375 0.328968725 0.1666162578125 0.328773690625 0.17186117343750001
0 0.41925613593750005 0.9082345374999999 0.5312513125 0.1875881046875 0.5087424953124999 0.1776860921875 0.48791161875 0.160787846875 0.4880057578125 0.1612595109375 0.4869899765625 0.16019092031249998 0.37808143906249997 0.8961321124999999 0.39729627968750003 0.912635465625 0.41925613593750005 0.9082345374999999
0 0.5751709734375 0.20739212812500002 0.47635170000000004 0.88292943125 0.4862336265625 0.8928314421874999 0.50215454375 0.8895307718750001 0.5987778171875 0.2227952734375 0.57616220625 0.2007907859375 0.5751709734375 0.20739212812500002
0 0.1664769375 0.9050779640625001 0.1773656203125 0.9185866218750001 0.19395788281249998 0.923782215625 0.315288925 0.191199015625 0.2873977 0.1709360765625 0.1664769375 0.9050779640625001
0 0.84727974375 0.23929862656249998 0.8406917921874999 0.876328090625 0.910414246875 0.8741275765625 0.9148062484375 0.23929862656249998 0.8480283234374999 0.23379749218749998 0.84727974375 0.23929862656249998
0 0.1254195953125 0.92198838125 0.1275704359375 0.9271608265625 0.1301514125 0.9366436171875 0.14090545625 0.935781515625 0.152950028125 0.935781515625 0.27167496562500004 0.19957017500000002 0.25963039375 0.1918115078125 0.24758586093749999 0.1823286984375 0.1254195953125 0.92198838125
0 0.42694206250000005 0.8796287609375 0.4472549296875 0.8972322703125 0.46646977187500005 0.899432784375 0.55650514375 0.27560600156250004 0.5217889828125 0.24700017343749997 0.42694206250000005 0.8796287609375
0 0.2424976515625 0.8874286046875 0.26224756875 0.894719621875 0.2835567390625 0.89680285 0.36983273125 0.3499718328125 0.3325332859375 0.3244530375 0.2424976515625 0.8874286046875
0 0.289793559375 0.8707632484375001 0.30330665625000003 0.8895117390625 0.30538561249999996 0.8665968859375001 0.3121421359375 0.8582642546875 0.385944534375 0.3770530015625 0.388023490625 0.3562213296875 0.373089496875 0.344763903125 0.289793559375 0.8707632484375001
0 0.10179778125000001 0.9144452890625001 0.12195697187500001 0.9229915546875 0.2192637671875 0.3395179234375 0.199754678125 0.3282524484375 0.10179778125000001 0.9144452890625001
0 0.39218135468750004 0.36142925937500003 0.3137013421875 0.8645137515625001 0.31474084375 0.8645137515625001 0.3069448171875 0.886386990625 0.3324118046875 0.8936781015624999 0.41089181718749995 0.365595575 0.394147528125 0.3588252703125 0.39218135468750004 0.36142925937500003
0 0.330332896875 0.8957612359375 0.328773690625 0.915551340625 0.3506025640625 0.915551340625 0.430641734375 0.359346078125 0.4146693953125 0.35111502968749997 0.4129707734375 0.3562213296875 0.41326175000000004 0.3503896265625 0.41277015625 0.35013629218750003 0.4124510234375 0.3520550140625 0.4124510234375 0.3499718328125 0.330332896875 0.8957612359375
0 0.3526814734375 0.9197176078125 0.3693130265625 0.923883971875 0.450911403125 0.357262896875 0.4339238109375 0.3416391546875 0.3526814734375 0.9197176078125