0 0.660716796875 0.7785870328125 0.672081178125 0.7922331546875 0.6800018078125001 0.7922331546875 0.6892999375 0.783135740625 0.7636849812500001 0.1645115734375 0.7550756015625 0.1705765171875 0.747499346875 0.1629953375 0.7399873015625 0.1485910984375 0.660716796875 0.7785870328125
0 0.17064930312499998 0.18355089062500002 0.15179497343749998 0.7978468359375 0.16226959999999999 0.7996915671875 0.169392346875 0.7877008062499999 0.187827690625 0.7554179859375 0.2054250640625 0.1457338734375 0.1865707359375 0.153112803125 0.17364456718750002 0.1512680703125 0.17064930312499998 0.18355089062500002
0 0.6903330640625 0.7763126796875001 0.6937768156249999 0.784651975 0.7003199453125 0.7975399796875 0.7106512 0.805879275 0.7230487078125 0.8020886859375 0.7970893765625 0.181948284375 0.78538061875 0.187255109375 0.7757381140625 0.17967393125 0.7675427390625 0.160720984375 0.6903330640625 0.7763126796875001
0 0.79605625 0.213031115625 0.7289030859375 0.7975399796875 0.7447443453125 0.8096698640625 0.7833143687499999 0.503390253125 0.811897509375 0.23046782656250003 0.7999203796875001 0.2115148796875 0.79605625 0.213031115625
0 0.7443999703124999 0.818767278125 0.7505987234375 0.8286228109374999 0.757141853125 0.835445871875 0.76402935625 0.837720225 0.8401362765625 0.21075676250000003 0.8236869453125 0.1910456984375 0.7443999703124999 0.818767278125
0 0.7698837359375 0.8202835140625 0.7733274875 0.837720225 0.7805593671875 0.8392364609375 0.789513121875 0.835445871875 0.8663087921875 0.207724290625 0.8552887859375 0.20620805468749998 0.847797953125 0.1933200515625 0.7698837359375 0.8202835140625
0 0.8515006578125 0.850608228125 0.8576994125 0.8551569359375 0.8669975421875 0.8574312890625 0.8787062984375 0.8604637609375001 0.8900706812499999 0.8634962328125001 0.928296328125 0.276713015625 0.9203756984375 0.26913183749999997 0.9076338156249999 0.2592763046875 0.8946421984375 0.25245324375 0.8515006578125 0.850608228125
0 0.82705001875 0.803604921875 0.8408250265625 0.8104279828125 0.8893819296875 0.3176513796875 0.8808644796875 0.3115864359375 0.82705001875 0.803604921875
0 0.9010906875 0.8589475249999999 0.905567565625 0.8642543500000001 0.9131438187500001 0.8680449390625 0.9207200734375001 0.8688030578125 0.928353121875 0.87043189375 0.960044996875 0.2790697671875 0.935365565625 0.269102990625 0.9010906875 0.8589475249999999
0 0.9539518796875001 0.8639850453125 0.9659486375 0.8526664640625 0.9728039296875 0.6215787609375 0.9715185625 0.2801348890625 0.9643690062499999 0.278248459375 0.94366894375 0.8583257546875 0.9539518796875001 0.8639850453125
0 0.7967450015625 0.8111860999999999 0.800877503125 0.8210416328125 0.811553134375 0.8301390468750001 0.86940816875 0.33281373593749997 0.8570979140625001 0.31916761562499996 0.7967450015625 0.8111860999999999
0 0.060037239062500004 0.9002294921875 0.09062315 0.8993071265625 0.09648894218750001 0.6668708234375 0.10696356874999999 0.31360453593750004 0.0734874234375 0.3126821703125 0.060037239062500004 0.9002294921875
0 0.1962073921875 0.674249753125 0.1928555125 0.70837730625 0.194531453125 0.7378930265625 0.48488811875 0.7074549390625 0.48279319374999996 0.6816286828125 0.48405014843750005 0.651190596875 0.4890779703125 0.6069170140625 0.20381743125 0.643811665625 0.1962073921875 0.674249753125
0 0.3851696671875 0.82736255625 0.385588653125 0.796002103125 0.163586946875 0.8043034 0.1589177203125 0.8365862187499999 0.3851696671875 0.82736255625