0 0.7980874874999999 0.8041273453125 0.8144976156249999 0.8030340046875001 0.8199676437500001 0.5340804765625 0.8239458421875 0.1426765796875 0.8024643812500001 0.1454098296875 0.7980874874999999 0.8041273453125
0 0.1531792203125 0.800300803125 0.16760027187499998 0.8101405671874999 0.1730703 0.3268988296875 0.1999232390625 0.283166515625 0.20240960624999998 0.1454098296875 0.182518571875 0.1585295140625 0.165187865625 0.1486897515625 0.1531792203125 0.800300803125
0 0.767753596875 0.8445797374999999 0.780185528125 0.8434863968749999 0.7896337531250001 0.831460053125 0.791125584375 0.17438247499999998 0.780682775 0.18312892187500002 0.7718691390625 0.1765690796875 0.767753596875 0.8445797374999999
0 0.264071925 0.8309133328125 0.27451473437499996 0.8254468312500001 0.2924166921875 0.804673965625 0.30236220937499997 0.20226182812500001 0.28595208125 0.20663504062500002 0.2715310734375 0.20663504062500002 0.26108826406249996 0.195034703125 0.26108826406249996 0.2000751984375 0.26086903281249996 0.19695054843749998 0.24368359687500002 0.8090472265624999 0.24965091718750002 0.8363799359374999 0.264071925 0.8309133328125
0 0.8144976156249999 0.834739975 0.8199676437500001 0.8544195015625 0.8314049906250001 0.8511395796875 0.8478151203125 0.32963207968749997 0.852290609375 0.18312892187500002 0.8443342140625001 0.18640884375 0.8348859421875 0.18203563125 0.8300747234375001 0.17164919843749998 0.8144976156249999 0.834739975
0 0.8774282437500001 0.7778879765625 0.8888655906249999 0.7746080546874999 0.8968220328125 0.27606005312500004 0.8875340812499999 0.2733267515625 0.8774282437500001 0.7778879765625
0 0.935609609375 0.819433609375 0.963954378125 0.8128737671874999 0.9659435000000001 0.24544742187500002 0.9405160859375 0.24544742187500002 0.935609609375 0.819433609375
0 0.8888655906249999 0.823806871875 0.8998056921875 0.8281801328125 0.9191994812500001 0.8281801328125 0.924669509375 0.8128737671874999 0.9346150718749999 0.24872734375 0.9142267000000001 0.2410742109375 0.8987274624999999 0.24872734375 0.8888655906249999 0.823806871875
0 0.2123551703125 0.8024873843749999 0.224289809375 0.8112338078124999 0.22727346874999999 0.357511409375 0.23373803437500001 0.33236533125 0.22040854687500003 0.32088560781250003 0.2123551703125 0.8024873843749999
0 0.1661084421875 0.828726753125 0.177545790625 0.8276334125 0.183513109375 0.345485015625 0.1904749671875 0.32361890781249997 0.1741425703125 0.3258054890625 0.1661084421875 0.828726753125
0 0.224289809375 0.8134204875 0.24517542812499998 0.7981141234375 0.2531318234375 0.341111803125 0.22712457656249999 0.355324778125 0.224289809375 0.8134204875
0 0.17605395937499999 0.83965985625 0.1874913078125 0.8407530968750001 0.1979341171875 0.341111803125 0.1845897265625 0.345485015625 0.17605395937499999 0.83965985625
0 0.060685765625 0.897058475 0.0925114859375 0.895965134375 0.10941890624999999 0.3044860015625 0.0726559125 0.31104584375 0.060685765625 0.897058475
0 0.7215068703124999 0.8719123468750001 0.7568134953125 0.8653525046875 0.75233800625 0.33947184375 0.7159022328125 0.3536848171875 0.7215068703124999 0.8719123468750001
0 0.8289186234375 0.8719123468750001 0.8488097031249999 0.8784721890625 0.8622361734374999 0.338378553125 0.8487303578125 0.33400529218749997 0.8289186234375 0.8719123468750001