0 0.38829362968750003 0.8831427109375 0.41647046093749995 0.898735896875 0.54596384375 0.0830942328125 0.5240010796875 0.0602401296875 0.38829362968750003 0.8831427109375
0 0.3277434875 0.8195706968750001 0.33913411875 0.8447596125000001 0.357718809375 0.8627517062500001 0.3763035 0.8699485265625 0.3876941328125 0.8663501625000001 0.5099934578124999 0.1430678828125 0.49500579531250005 0.133472109375 0.481816671875 0.1202779015625 0.4678069296875 0.0917088546875 0.3277434875 0.8195706968750001
0 0.43085862343750003 0.849557521875 0.4440477484375 0.8687490718750001 0.462032940625 0.8831427109375 0.4758216078125 0.8855417125 0.602317459375 0.1550626140625 0.58373276875 0.153863159375 0.5705435984375 0.1442673609375 0.5615510031250001 0.121477378125 0.43085862343750003 0.849557521875
0 0.63708880625 0.8291664265625001 0.6472804421875 0.8507569765625 0.6610690640625 0.8627517062500001 0.6802532968749999 0.8663501625000001 0.6946414609375 0.8591532515625 0.8067491953125 0.193445759375 0.78156985 0.181451028125 0.7641842 0.163458934375 0.7487776796875 0.1426582171875 0.63708880625 0.8291664265625001
0 0.2917731 0.8651506156250001 0.2995666796875 0.87114798125 0.31215632968749996 0.8735469828125 0.3193504109375 0.8699485265625 0.4362541453125 0.1502647265625 0.42846058906250006 0.1550626140625 0.4194679921875 0.15266368125000002 0.410863525 0.14115970625000002 0.2917731 0.8651506156250001
0 0.574740171875 0.8663501625000001 0.591526325 0.8879406218750001 0.60471549375 0.8975364421875 0.6197031546875 0.895137440625 0.7360073703125 0.1706557765625 0.7216192515625 0.1646584109375 0.707830584375 0.153863159375 0.698577571875 0.138162684375 0.574740171875 0.8663501625000001
0 0.22762590624999998 0.8243686078125 0.23901653750000001 0.8339643359375 0.2540041984375 0.8411611562499999 0.273188409375 0.8531558859375 0.29117360312499996 0.8567543421874999 0.38349760625 0.2330283578125 0.33818575625 0.1801209828125 0.22762590624999998 0.8243686078125
0 0.47941863749999997 0.877145346875 0.5057969296875 0.8915390765625 0.6155065828125 0.2150362640625 0.5981773578125 0.195106090625 0.47941863749999997 0.877145346875
0 0.518986053125 0.8603527968750001 0.5693446046874999 0.8807438015625 0.6712607 0.24262415625 0.62964608125 0.21158970781250003 0.518986053125 0.8603527968750001
0 0.7599876734375 0.8327648812499999 0.7779728671874999 0.842360703125 0.8613042265624999 0.30379726093750004 0.8409360859375001 0.2895122625 0.7599876734375 0.8327648812499999
0 0.7827689375 0.8387622468749999 0.79835605 0.8471585218750001 0.8804884140624999 0.2977998953125 0.8649013015625 0.28580516562499997 0.7827689375 0.8387622468749999
0 0.79835605 0.932321178125 0.807348646875 0.9431163609375 0.8247343875 0.9563106375 0.8433190328125001 0.9635074578125 0.8595056890624999 0.9563106375 0.9632203234375 0.20783944375000002 0.953628275 0.2090388984375 0.933245 0.20184207812500002 0.919456334375 0.191046803125 0.9076198109375 0.17112991875 0.79835605 0.932321178125
0 0.79835605 0.8567543421874999 0.8097467265624999 0.8627517062500001 0.8900805546875 0.3013983515625 0.8791481078125001 0.29400779374999997 0.79835605 0.8567543421874999
0 0.7036340578125 0.8267675171875 0.7204202109375 0.8543554328124999 0.74619900625 0.8675496171875 0.8307294531249999 0.33018567656250003 0.8085476406250001 0.3205899015625 0.7892374671875 0.297004815625 0.7036340578125 0.8267675171875
0 0.8678988343749999 0.9167279921875 0.9116628234374999 0.9347200875 0.9973921718750001 0.27980780156249996 0.9632203234375 0.24742206718749998 0.8678988343749999 0.9167279921875