0 0.5204334421875 0.9375 0.5560826015625 0.9483416984374999 0.641594934375 0.09686030625 0.6168886609374999 0.0793495296875 0.5204334421875 0.9375
0 0.37335668437499997 0.8846003140625 0.38919548437499996 0.888013690625 0.47874079375 0.1574738953125 0.468069675 0.15478056406250001 0.4583211359375 0.143025078125 0.37335668437499997 0.8846003140625
0 0.7677381609375 0.903213165625 0.781171509375 0.9100705328125 0.7977572796875 0.8992742640625 0.819709034375 0.1469435734375 0.7920447890625 0.14008620624999998 0.7677381609375 0.903213165625
0 0.598728034375 0.904192790625 0.6270214078125 0.919866771875 0.669949284375 0.9002742953125 0.72749248125 0.1618530703125 0.66275126875 0.132249215625 0.598728034375 0.904192790625
0 0.387015553125 0.9051724140624999 0.40311739687500003 0.9088375937500001 0.488969259375 0.221394984375 0.504579396875 0.20768025156249997 0.50994538125 0.16831735781249998 0.4812524390625 0.15478056406250001 0.387015553125 0.9051724140624999
0 0.4944034421875 0.9100705328125 0.50701848125 0.9247648906249999 0.5246162390625 0.92016263125 0.610059121875 0.16359717812500002 0.596121915625 0.164113034375 0.58371145625 0.1440047015625 0.4944034421875 0.9100705328125
0 0.43579723125000003 0.9179075234375 0.44664677812500003 0.9286833859374999 0.48015483437500006 0.932154653125 0.4909205265625 0.9208463953124999 0.572751790625 0.1753526640625 0.5485732515625 0.172934059375 0.524675546875 0.1528213171875 0.43579723125000003 0.9179075234375
0 0.8777592296875 0.9100545078125 0.896784084375 0.9022335421875001 0.9128820375 0.8918862609374999 0.9172723890625001 0.190047021875 0.9055647859375 0.19298589375 0.8855642984375001 0.195924765625 0.86286564375 0.184689565625 0.861173459375 0.188087775 0.8515527546874999 0.8963558 0.8641003609375 0.91105015625 0.8777592296875 0.9100545078125
0 0.9255957625000001 0.839307278125 0.9484926625 0.8397810421875 0.9502466859375 0.2889622421875 0.9281689109375 0.2880094046875 0.9255957625000001 0.839307278125
0 0.9519073796875 0.2899686515625 0.9504306265625001 0.8434561125 0.9676356609375001 0.8478605937499999 0.967137540625 0.2880094046875 0.952563915625 0.2880094046875 0.9519073796875 0.2899686515625
0 0.6977549484375001 0.9059998406249999 0.76946390625 0.9051724140624999 0.78800094375 0.2595390875 0.7212992781249999 0.25176332343749996 0.6977549484375001 0.9059998406249999
0 0.404038053125 0.929663009375 0.43140687968749997 0.9375 0.5144271984375 0.23720098437499998 0.49052254062499995 0.2204153609375 0.404038053125 0.929663009375
0 0.8175937624999999 0.874803428125 0.852880575 0.8706406734375 0.85680095 0.307590034375 0.82229459375 0.30564263281250004 0.8175937624999999 0.874803428125
0 0.3168918921875 0.9100705328125 0.3411314875 0.9238467578125 0.41699198437499996 0.325235109375 0.40994294218749994 0.3271943578125 0.390015125 0.3125 0.3168918921875 0.9100705328125