0 0.7329480625 0.081078153125 0.70817284375 0.0649775125 0.7086934421875 0.0716984421875 0.7094199859375 0.0707277515625 0.7089370359375 0.074303321875 0.7094199859375 0.081078153125 0.70891045625 0.0745001109375 0.59866576875 0.8907095234375 0.6285062953125 0.897609790625 0.7329480625 0.081078153125
0 0.919451315625 0.830907171875 0.9246160203124999 0.8527580546875001 0.945274834375 0.8608084 0.9590473765624999 0.859658321875 0.9693767843750001 0.848157840625 0.9705244265624999 0.1661814390625 0.9481440437499999 0.171931653125 0.9182915453125 0.15813111875000002 0.919451315625 0.830907171875
0 0.7346696296874999 0.8320572515625001 0.7340958093750001 0.8792090437500001 0.7650840296875 0.8884094703125 0.7880382328125 0.8780590687500001 0.856900946875 0.15813111875000002 0.8011762046875001 0.1374303171875 0.7346696296874999 0.8320572515625001
0 0.5085704203125 0.8803591234375 0.5188998265625 0.8872593906249999 0.5372632 0.8964597109374999 0.5527573109375 0.8964597109374999 0.6549036874999999 0.16848152031250002 0.63194943125 0.1650313859375 0.6125860578125 0.1357052515625 0.5085704203125 0.8803591234375
0 0.63481869375 0.8608084 0.64113114375 0.8907095234375 0.6772840687499999 0.9102602453124999 0.7025337140625 0.88955944375 0.7995153875 0.171931653125 0.7314236843749999 0.1322551171875 0.63481869375 0.8608084
0 0.5544788781250001 0.8780590687500001 0.5607912765624999 0.8930095781249999 0.5751376921875 0.9022100046875 0.5940749390625 0.8941596578125001 0.6916304328125 0.1650313859375 0.6573654531249999 0.144330584375 0.5544788781250001 0.8780590687500001
0 0.3759559515625 0.8907095234375 0.39374545 0.9068101125 0.41956896875 0.9102602453124999 0.5291754906249999 0.1845821609375 0.4859981515625 0.15813111875000002 0.3759559515625 0.8907095234375
0 0.4718436203125 0.8826591765625 0.5022579687500001 0.8964597109374999 0.59866576875 0.22368365781250002 0.5746958 0.20298285625 0.4718436203125 0.8826591765625
0 0.8391114484375001 0.8757589093749999 0.9102695515624999 0.8700087218749999 0.9160081812499999 0.23633416562499998 0.8502613109375 0.239209259375 0.8391114484375001 0.8757589093749999
0 0.4270291125 0.8803591234375 0.444818665625 0.8953097375000001 0.4666251734375 0.8999098453125001 0.5555728296875 0.271985528125 0.5187215562499999 0.2512847265625 0.4270291125 0.8803591234375
0 0.2376566484375 0.8861093109375 0.2806958453125 0.9045100578125 0.3662003640625 0.3478884671875 0.323242271875 0.3237375328125 0.2376566484375 0.8861093109375
0 0.36734811093749997 0.349038546875 0.28241741249999996 0.8723087765624999 0.3036501015625 0.8872593906249999 0.384563790625 0.3812397765625 0.384563790625 0.3616890015625 0.36629938281249996 0.34443833437500004 0.36734811093749997 0.349038546875
0 0.303076228125 0.8872593906249999 0.325456609375 0.8964597109374999 0.40464873125 0.3835398828125 0.4052226046875 0.363989109375 0.3895502234375 0.3616890015625 0.303076228125 0.8872593906249999
0 0.448835621875 0.35823886875 0.43192740937499996 0.34738528281250003 0.4304722484375 0.35248868125 0.346689296875 0.920610646875 0.36849580625 0.920610646875 0.448835621875 0.35823886875
0 0.32430891562499997 0.9148604593749999 0.34726311875000004 0.9148604593749999 0.4264552390625 0.3593889484375 0.4110787796875 0.3513386015625 0.32430891562499997 0.9148604593749999