0 0.6697103609374999 0.06836264375 0.6119258453125 0.9478249218749999 0.6456335 0.9643925015624999 0.7041058859375 0.0738851484375 0.6754243890625 0.053188584375 0.6697103609374999 0.06836264375
0 0.553453396875 0.1429167484375 0.5486380625 0.269934871875 0.5080512765625 0.91192854375 0.5169941390624999 0.91192854375 0.53144026875 0.9133092171875001 0.5864731203125 0.1332523171875 0.5720269906250001 0.138774853125 0.555691090625 0.1257184796875 0.553453396875 0.1429167484375
0 0.7006663515625 0.1304910640625 0.6559521640625 0.9091673234375 0.6648949640625 0.9215930078125 0.6834685578124999 0.9312573437499999 0.7041058859375 0.9298767968749999 0.7495080062499999 0.14153610625 0.7247432125 0.1442973578125 0.706389896875 0.12779076250000002 0.7006663515625 0.1304910640625
0 0.59266431875 0.129110421875 0.5871610515625 0.12634916875 0.5307523359374999 0.905025428125 0.5458863968750001 0.9229735546875 0.562396259375 0.9353992390625001 0.59266431875 0.9478249218749999 0.60298298125 0.9423024796874999 0.6091741796875 0.899502859375 0.666958696875 0.15258114843749998 0.6525125671875001 0.1470586421875 0.62843570625 0.148439253125 0.5947280515625 0.12634916875 0.59266431875 0.129110421875
0 0.2604033484375 0.9326380171875 0.276225309375 0.9547281640625 0.2954868046875 0.9395411328125001 0.34914385625 0.148439253125 0.3141601265625 0.131935328125 0.2604033484375 0.9326380171875
0 0.3952339078125 0.1512005375 0.3340098265625 0.9367799124999999 0.362214184375 0.9492055953125 0.4289415640625 0.1732906203125 0.397767 0.148513590625 0.3952339078125 0.1512005375
0 0.8437518421875 0.1539617890625 0.8657649703124999 0.9588700593749999 0.9166703578125001 0.96025060625 0.8994726265624999 0.148439253125 0.8447025 0.1464413078125 0.8437518421875 0.1539617890625
0 0.7488201375 0.20366452499999999 0.74056520625 0.26303169375 0.74194100625 0.9312573437499999 0.7694574640625 0.9381605859375 0.771521196875 0.18433569375 0.751805975 0.1858146796875 0.7488201375 0.20366452499999999
0 0.3649658171875 0.9464443749999999 0.37322074843749997 0.9837214265625001 0.393170175 0.9781988593750001 0.40211300625 0.96991506875 0.46264915625 0.1788131578125 0.43375689843750004 0.167768115625 0.3649658171875 0.9464443749999999
0 0.475031553125 0.23265778906249998 0.4344448296875 0.9215930078125 0.5046117421874999 0.9395411328125001 0.5520775953125 0.26441230312499997 0.47311640156249996 0.2293326171875 0.475031553125 0.23265778906249998
0 0.34914385625 0.250606009375 0.2961747359375 0.9146897656249999 0.311308765625 0.9312573437499999 0.33263399374999997 0.9326380171875 0.37528448124999997 0.254747903125 0.3451256359375 0.24591087812499998 0.34914385625 0.250606009375
0 0.9762877984375 1 0.99165273125 0.992005215625 0.9772066015625 0.2105676734375 0.9531296781249999 0.21609020937499998 0.9304286171875 0.21885146249999998 0.9118550234375 0.221612746875 0.9001604953125 0.22023210468749999 0.9256132203125 0.9740569640625001 0.9478464953125 1 0.9762877984375 1
0 0.4041767390625 0.9229735546875 0.4179349671875 0.9271154484374999 0.46815248593750003 0.31135381875 0.46815248593750003 0.30445063906250003 0.450266759375 0.3016893546875 0.4041767390625 0.9229735546875
0 0.793534325 0.322398828125 0.7942222578125 0.9781988593750001 0.8458155749999999 0.987863321875 0.849255109375 0.2713154828125 0.788964584375 0.272850553125 0.793534325 0.322398828125