0 0.51788069375 0.9429632859374999 0.5513393296875 0.9507980296874999 0.6400047140625 0.1001723578125 0.61620021875 0.0817048265625 0.51788069375 0.9429632859374999
0 0.7686165125 0.8948358515624999 0.7819999671875 0.9071475031249999 0.7981716234375 0.899312759375 0.8199197375 0.1460613890625 0.7936048 0.1421440171875 0.7686165125 0.8948358515624999
0 0.5951481328125 0.8948358515624999 0.616896246875 0.91386296875 0.640317290625 0.9183399796874999 0.668199521875 0.9093859578125001 0.7300979984375 0.1617308 0.6638986203125 0.1354285515625 0.5951481328125 0.8948358515624999
0 0.5856187640625 0.15165760156250002 0.483569925 0.9105052359375 0.495280446875 0.928413178125 0.5053180375 0.9272938999999999 0.5209320843749999 0.9161014234374999 0.6079245375 0.1706847453125 0.593983421875 0.1639692796875 0.5869117265625 0.147180615625 0.5856187640625 0.15165760156250002
0 0.420556178125 0.9093859578125001 0.42724790468749996 0.9216977125 0.44341956250000003 0.9340093656249999 0.45736067656249996 0.9396055531249999 0.47353233437500003 0.9295323546875001 0.5727929703125 0.18075794375 0.549929534375 0.18075794375 0.53654608125 0.1706847453125 0.526661115625 0.1572538140625 0.420556178125 0.9093859578125001
0 0.34806244999999997 0.914982246875 0.3776175609375 0.928413178125 0.4841275859375 0.2389586546875 0.49193458437500004 0.22664697500000003 0.49918397187499997 0.19418887499999998 0.46892094531249995 0.1706847453125 0.34806244999999997 0.914982246875
0 0.853378371875 0.8914781187499999 0.8567242359374999 0.906028225 0.8706653515625 0.9161014234374999 0.8818182125 0.9161014234374999 0.8952016671875 0.9071475031249999 0.9113733234374999 0.8914781187499999 0.9191803734375 0.1863541828125 0.8996628015624999 0.1908311421875 0.8779146875 0.19418887499999998 0.8597131109375 0.187473409375 0.853378371875 0.8914781187499999
0 0.9292395499999999 0.8332773828125 0.9459688671875 0.8411121265625001 0.949872340625 0.29156312500000003 0.929168678125 0.28820539375 0.9292395499999999 0.8332773828125
0 0.9509876625 0.2971593640625 0.9476418000000001 0.8388735687500001 0.9626981859375 0.8489467671875 0.9643711171874999 0.2971593640625 0.9534362859375 0.2949208578125 0.9509876625 0.2971593640625
0 0.6994275640625001 0.9026704921875 0.7680177671874999 0.90490905 0.7897658812499999 0.26134353125 0.7199651625000001 0.2512703328125 0.6994275640625001 0.9026704921875
0 0.3770599515625 0.9239361671875 0.40940326562499996 0.9429632859374999 0.5030874453124999 0.24791259999999998 0.48314678437499997 0.23280280156250002 0.3770599515625 0.9239361671875
0 0.8171315343750001 0.8802856406249999 0.8522631015625001 0.8758086296875 0.85783950625 0.3061133359375 0.8228932921875 0.30499405625 0.8171315343750001 0.8802856406249999