0 0.058803392187500005 0.11323405312499998 0.065291921875 0.7099862359375 0.084757425 0.7529033468749999 0.096807484375 0.7447286906249999 0.10885754375000001 0.7263356421875 0.10885754375000001 0.09688464687500001 0.0921728265625 0.10914667812500001 0.0801227671875 0.11732142812499999 0.0630939890625 0.100204490625 0.058803392187500005 0.11323405312499998
0 0.1982099609375 0.8278638140625001 0.2207913015625 0.8426939140625 0.1847572234375 0.0524597125 0.1607345203125 0.0492818265625 0.1982099609375 0.8278638140625001
0 0.022653170312500002 0.129583459375 0.0263609140625 0.7733401296875 0.0356301875 0.7999079265625 0.042118675 0.7999079265625 0.059730348437500004 0.7896894421875 0.058803392187500005 0.11119041249999999 0.042118675 0.11732142812499999 0.02543395625 0.10914667812500001 0.022653170312500002 0.129583459375
0 0.1079306296875 0.15615116406250001 0.11163833125 0.7672091140624999 0.1357384921875 0.7692527546875 0.1266222515625 0.1412868171875 0.10899106875 0.1400817921875 0.1079306296875 0.15615116406250001
0 0.327925009375 0.2132242234375 0.405081325 0.777584015625 0.45460731406250005 0.7741357890625 0.38005766093750004 0.17874195937499998 0.376408359375 0.1637996625 0.3303862234375 0.21162759062499997 0.327925009375 0.2132242234375
0 0.12758316875 0.19440527968750002 0.1477622515625 0.7876105328125 0.18187449687499999 0.7907884187499999 0.1679413359375 0.177456525 0.13002538749999998 0.1934460203125 0.12758316875 0.19440527968750002
0 0.2770044625 0.824685928125 0.28228946875 0.835278815625 0.29141809375 0.8373974703125 0.3005467421875 0.8310416984375 0.312077646875 0.8130336171874999 0.22367402812499998 0.1308475453125 0.22031085468749997 0.1467369734375 0.20733858593750001 0.1562706296875 0.20157313437500002 0.1594485140625 0.18913944375 0.1584667390625 0.2770044625 0.824685928125
0 0.4211726140625 0.156834153125 0.40213818281249997 0.1715225 0.405081325 0.1844890203125 0.5036120078125 0.8212615156249999 0.51299588125 0.8350544203125001 0.519773140625 0.83045675 0.52707169375 0.8132156187499999 0.42034266875000004 0.1495194921875 0.4211726140625 0.156834153125
0 0.3971409890625 0.16049711875 0.3790150234375 0.1775925671875 0.47441774687500005 0.8476978828125 0.498398728125 0.8316061953125 0.3968757703125 0.1581456171875 0.3971409890625 0.16049711875
0 0.2903895109375 0.1798913765625 0.38787755625 0.852295553125 0.3930908359375 0.8580425625 0.40143202499999997 0.8568932234375 0.40873062656250003 0.8373532031250001 0.31124258125000004 0.1683972796875 0.293621415625 0.180573540625 0.2903895109375 0.1798913765625
0 0.2356854015625 0.2018203296875 0.32120629375 0.87886366875 0.3293740046875 0.9011088671874999 0.342346271875 0.9117017546874999 0.3543576453125 0.91276108125 0.36732991406250004 0.9074646390625001 0.37789988124999996 0.8767450140624999 0.28228946875 0.1488555546875 0.2707585640625 0.168982171875 0.2592276578125 0.1816937125 0.2520208421875 0.1933459515625 0.23383543750000002 0.1966259546875 0.2356854015625 0.2018203296875
0 0.893146175 0.2351052453125 0.8598061984375001 0.19613265468750002 0.76802785 0.8534872437500001 0.7794970453125 0.877624828125 0.7940941515625 0.876475384375 0.893146175 0.2351052453125
0 0.849876103125 0.5132621671875001 0.80764866875 0.7960167328125001 0.825895075 0.79141916875 0.8826405703125 0.2927131625 0.849876103125 0.5132621671875001
0 0.9056772531249999 0.27047222031249996 0.8514400828124999 0.8626824781250001 0.8775063843750001 0.890268290625 0.9416295265624999 0.2983227390625 0.9056772531249999 0.27047222031249996