0 0.20587114999999997 0.7925673109375 0.226246840625 0.7793668453125 0.212618184375 0.14125900625 0.1916731359375 0.14694728906250001 0.20587114999999997 0.7925673109375
0 0.18128898437500002 0.7944634046875 0.1989708921875 0.7897231703125 0.1846020765625 0.1516875265625 0.163636559375 0.15547971249999998 0.18128898437500002 0.7944634046875
0 0.15110036093749998 0.8077360640625001 0.16781711875 0.8018224265624999 0.15227924375 0.1657880625 0.13387465468749998 0.1725445578125 0.15110036093749998 0.8077360640625001
0 0.2360597734375 0.7683939640624999 0.264092065625 0.7669700421875 0.2664720953125 0.291049703125 0.23092434375 0.2929465296875 0.2360597734375 0.7683939640624999
0 0.2815777296875 0.7650727765625 0.295143221875 0.7608669890625 0.3021261609375 0.29601474843750003 0.2891541578125 0.30053090625 0.2815777296875 0.7650727765625
0 0.27487371718750003 0.2910504359375 0.2688191734375 0.7622298062499999 0.28134270781250004 0.7721808578125 0.28271736875000003 0.29579067187499997 0.2753515359375 0.29010238906249997 0.27487371718750003 0.2910504359375
0 0.295143221875 0.783086840625 0.3106688 0.7830794484375 0.31535881875 0.29838298750000003 0.30338811250000003 0.29579067187499997 0.295143221875 0.783086840625
0 0.1329871875 0.7944634046875 0.14786586562499998 0.801099734375 0.1355747828125 0.2863102015625 0.1239540203125 0.28346605937499997 0.1329871875 0.7944634046875
0 0.3127777296875 0.788775121875 0.32619437812499996 0.787516571875 0.33093830468749996 0.297686765625 0.317190734375 0.29579067187499997 0.3127777296875 0.788775121875
0 0.9213921578125 0.8399715593750001 0.9519614171875 0.8397268484374999 0.9563357296874999 0.267349253125 0.9234978578125 0.2682973078125 0.9213921578125 0.8399715593750001
0 0.8759758296875001 0.8475540390624999 0.916166334375 0.8486027406250001 0.9197991765625 0.27397181875 0.8813729296874999 0.27682973125 0.8759758296875001 0.8475540390624999
0 0.9567963140625 0.852760890625 0.9774636015624999 0.8496570546875001 0.9751507687500001 0.2749372953125 0.9588616734375 0.28346605937499997 0.9567963140625 0.852760890625
0 0.10236729687499999 0.8295411453125 0.1179198296875 0.8224530124999999 0.10826128906250002 0.3261277125 0.0933294515625 0.3251801296875 0.10236729687499999 0.8295411453125