0 0.1182241921875 0.7454345484375 0.128857684375 0.7665649765625 0.142681225 0.7653910640625 0.155441415625 0.75482585 0.162884859375 0.13030430625 0.1453395984375 0.13969560781249998 0.1267545671875 0.12913039375 0.1182241921875 0.7454345484375
0 0.1565047640625 0.7900432296875 0.16766993125000001 0.8006084437500001 0.1830884953125 0.7876954046875 0.1910636140625 0.273521653125 0.1921269625 0.104478228125 0.1745817015625 0.1138695296875 0.163979115625 0.106826053125 0.1565047640625 0.7900432296875
0 0.338869153125 0.16317386250000002 0.35481939218749997 0.4519563796875 0.3755547015625 0.8217388718749999 0.3957583359375 0.8299562609375 0.4095818765625 0.818217134375 0.37661805 0.1760869015625 0.3792764234375 0.1619999484375 0.3792764234375 0.1150434421875 0.3596044625 0.1420434328125 0.3405298234375 0.144391259375 0.338869153125 0.16317386250000002
0 0.3415275265625 0.8675214656250001 0.35428771718749996 0.8675214656250001 0.364389534375 0.866347553125 0.32770398749999996 0.0892173625 0.30702773125 0.0950869265625 0.3415275265625 0.8675214656250001
0 0.062398359375000004 0.8287823484375 0.070905153125 0.8346519109375 0.086855390625 0.8334779984375 0.09961558125 0.818217134375 0.10918572499999998 0.13969560781249998 0.0974888828125 0.14791299687499998 0.08313366875 0.1537825609375 0.07038596875 0.144391259375 0.062398359375000004 0.8287823484375
0 0.28038494687500004 0.23360862187500003 0.29739853437499997 0.7900432296875 0.30377862968749997 0.7923910546874999 0.31919719375 0.7900432296875 0.3340840828125 0.7853475796875 0.3112220734375 0.2042608046875 0.2952718359375 0.21013036875000002 0.281502328125 0.21247819375 0.28038494687500004 0.23360862187500003
0 0.449457471875 0.3909129203125 0.4723194796875 0.858130165625 0.48295297187499997 0.863999728125 0.49199143906250004 0.8546084265625 0.4584959390625 0.14791299687499998 0.44998914531249995 0.164347775 0.4389089828125 0.1666956 0.449457471875 0.3909129203125
0 0.4622176609375 0.8534345140624999 0.43457058281250005 0.1408695203125 0.4170253203125 0.1596521234375 0.397353359375 0.16786951249999998 0.378271603125 0.166756771875 0.410645225 0.8499127765625 0.4276588125 0.88043450625 0.44998914531249995 0.8722171171875001 0.4622176609375 0.8534345140624999
0 0.2234957640625 0.8311301734375001 0.237850978125 0.8346519109375 0.2500794953125 0.8276084359375 0.2405093515625 0.23360862187500003 0.216625259375 0.2453477484375 0.2234957640625 0.8311301734375001
0 0.18946859062500002 0.29582599374999996 0.18415184375 0.79591279375 0.1995704078125 0.79826061875 0.2165839953125 0.79826061875 0.2160523203125 0.28056512968749997 0.1932269734375 0.2829129546875 0.18946859062500002 0.29582599374999996
0 0.2527378671875 0.88747798125 0.27187815312499997 0.8898258078125 0.25964963750000003 0.23243470937500002 0.241618884375 0.2371303609375 0.2527378671875 0.88747798125