0 0.5465971578125 0.08743027656249999 0.4527976390625 0.8853797125 0.47624751875 0.909238665625 0.5748572515625 0.1271951984375 0.5508061296875 0.0847792609375 0.5465971578125 0.08743027656249999
0 0.61935193125 0.2610704515625 0.536375434375 0.860195221875 0.55200866875 0.8694737437500001 0.5658380671875001 0.8761011906249999 0.5748572515625 0.8694737437500001 0.6692580671874999 0.22130553125 0.6530235359375001 0.19877205625 0.6325800328125 0.1762385796875 0.6151429609375 0.13912467343749998 0.6115352875 0.136473659375 0.6037186421875 0.1722620875 0.61935193125 0.2610704515625
0 0.6824862234375 0.8469403296875001 0.7798934171874999 0.2000975328125 0.7566720140625 0.17450216875 0.7360000328125 0.2783018984375 0.7420128421875 0.310113834375 0.6692580671874999 0.82573233125 0.6824862234375 0.8469403296875001
0 0.686093896875 0.832359778125 0.70533480625 0.8469403296875001 0.7131514515624999 0.8429638374999999 0.799134325 0.22130553125 0.8023809328124999 0.2181849125 0.7822984953125001 0.197446578125 0.686093896875 0.832359778125
0 0.78771000625 0.8747757734375 0.8045458359375001 0.8814032203125001 0.8887248734375 0.213352546875 0.8591960437499999 0.1740112875 0.8406225734375001 0.29288238906249997 0.84362895 0.326019803125 0.781697253125 0.8615207593750001 0.78771000625 0.8747757734375
0 0.6752708765625 0.2160035015625 0.5856802734375 0.8747757734375 0.6037186421875 0.894658234375 0.69872075625 0.2372115 0.6778779203124999 0.21221632812500002 0.6752708765625 0.2160035015625
0 0.6145416640625 0.8270578687500001 0.6638465578125 0.8575442671875001 0.740810246875 0.3061373421875 0.7366013312499999 0.29818435781249997 0.69872075625 0.2531174671875 0.6145416640625 0.8270578687500001
0 0.7263795515625 0.8151283921875001 0.801539459375 0.31276485 0.791918978125 0.29818435781249997 0.7185629609374999 0.801873378125 0.725778309375 0.8124773171875 0.7263795515625 0.8151283921875001
0 0.9392323062499999 0.28625488125 0.9055988109375 0.25487505312500003 0.847837921875 0.8429638374999999 0.8562558093750001 0.8734502359375 0.8754967718750001 0.8774267281249999 0.9392323062499999 0.28625488125
0 0.48406416406249997 0.8747757734375 0.48887437812499995 0.9052621734375 0.5015012359375 0.9224936796875 0.52434981875 0.929121125 0.618750634375 0.26372140625 0.6067250734375 0.2610704515625 0.59830713125 0.245164484375 0.5831473671875 0.226143025 0.48406416406249997 0.8747757734375
0 0.7528358625 0.8853797125 0.7576460765624999 0.8973091890625 0.772076771875 0.90261121875 0.8448315453124999 0.326019803125 0.8249893390624999 0.3087883578125 0.7528358625 0.8853797125