0 0.149267778125 0.7995012406249999 0.1614849078125 0.8038054515624999 0.186407909375 0.7521553062499999 0.208887496875 0.143113940625 0.19618166718750002 0.15279834375 0.18396449374999999 0.1506462625 0.1711343125 0.143113940625 0.149267778125 0.7995012406249999
0 0.80626480625 0.1958401390625 0.7007085578125001 0.8253263140625 0.72025598125 0.841466984375 0.820925396875 0.21413289062500002 0.80766875625 0.191535953125 0.80626480625 0.1958401390625
0 0.7241655031249999 0.8156419109374999 0.7456676859375 0.8468471750000001 0.8419388781249999 0.22381729374999998 0.8233688125 0.1958401390625 0.7241655031249999 0.8156419109374999
0 0.7593509187499999 0.8134898546875 0.761305634375 0.84039090625 0.7666812140625 0.8446951171875 0.77987574375 0.8274783703124999 0.8639297640624999 0.22381729374999998 0.8546447531249999 0.2130568625 0.851668834375 0.1979922203125 0.7593509187499999 0.8134898546875
0 0.851507621875 0.8533034421875 0.8901138578125 0.8662159796875001 0.9277426906249999 0.2786955734375 0.8942022406250001 0.2528705 0.851507621875 0.8533034421875
0 0.8172684875 0.8048814312499999 0.8348611953124999 0.8070335859375 0.8817750828124999 0.38414797031250003 0.8895940343750001 0.32604155625 0.8780688796874999 0.31259098125 0.8172684875 0.8048814312499999
0 0.9428920265625 0.8629878453125001 0.9668376265624999 0.8597597109375 0.9731905187500001 0.47238361875 0.971235803125 0.2808476796875 0.9631356953125 0.273853371875 0.9428920265625 0.8629878453125001
0 0.900864971875 0.8662159796875001 0.9306748078125 0.8683681343749999 0.96243945 0.2819237078125 0.9345356453125 0.2690111703125 0.900864971875 0.8662159796875001
0 0.8558746781250001 0.32388944999999997 0.8558746781250001 0.324965528125 0.852942559375 0.324965528125 0.7869699046874999 0.8091856421875001 0.8006531359375 0.8339346375 0.8724900718749999 0.3432582546875 0.854602171875 0.31904725 0.8558746781250001 0.32388944999999997
0 0.057883418750000006 0.9092578 0.092091478125 0.900649475 0.1082181265625 0.3045206453125 0.0736008078125 0.31259098125 0.057883418750000006 0.9092578
0 0.1940133953125 0.6918967375 0.194990753125 0.724178078125 0.1964568109375 0.7349385578125001 0.4842930765625 0.713417696875 0.47696278124999997 0.6940488921875 0.478917496875 0.65853936875 0.48624779218749997 0.617649653125 0.488202596875 0.6047371171875 0.2078010421875 0.6370184578125 0.2008549890625 0.659615396875 0.1940133953125 0.6918967375
0 0.38725799375 0.829630525 0.38725799375 0.797349184375 0.1608676265625 0.8016532968750001 0.1585527890625 0.843619040625 0.38725799375 0.829630525