0 0.5112424343749999 0.789249146875 0.5293548125 0.789249146875 0.46919584375 0.0739476671875 0.4466610859375 0.0853242328125 0.5112424343749999 0.789249146875
0 0.34767341093750004 0.778072846875 0.363403603125 0.7823954734375 0.375692815625 0.7737502187499999 0.336858903125 0.2507123609375 0.3437408625 0.22909922656249998 0.336367334375 0.134001434375 0.3010758265625 0.1523725984375 0.34767341093750004 0.778072846875
0 0.4407335375 0.7778725828125 0.45108346718750003 0.784982934375 0.46466775 0.779294653125 0.47631142187500003 0.7707622296875 0.41938680625 0.1706484640625 0.41938680625 0.1393629125 0.400627559375 0.1535836171875 0.38196129375 0.162116040625 0.4407335375 0.7778725828125
0 0.47954577499999995 0.7750284421875 0.49377692812499996 0.7878270765625001 0.5093018234375 0.7736063703125 0.44720224374999995 0.14220705312499998 0.4316773484375 0.1535836171875 0.42078116874999993 0.1606939703125 0.47954577499999995 0.7750284421875
0 0.20659324843750002 0.7888794140625001 0.212000503125 0.7910407265625 0.22035716718749998 0.7877987562500001 0.2262559890625 0.7834761296874999 0.20610168125 0.14696931562499999 0.184059496875 0.15561456875 0.20659324843750002 0.7888794140625001
0 0.5364703890625 0.7835608640625 0.54682031875 0.8034698515625 0.5655795671875 0.7992036406249999 0.5811044609375 0.779294653125 0.5274142 0.1379408421875 0.5034799875 0.14789533593749998 0.47836398437499994 0.16496018125 0.5364703890625 0.7835608640625
0 0.17906541250000002 0.7888794140625001 0.1884052140625 0.7975246671875 0.2006944265625 0.7877987562500001 0.1815232546875 0.15345325625 0.1565262421875 0.1577758828125 0.17906541250000002 0.7888794140625001
0 0.1495713015625 0.808331234375 0.1579279671875 0.814815175 0.1707087484375 0.8104925484375001 0.1525207140625 0.16642113593750002 0.12997631875 0.1707437640625 0.1495713015625 0.808331234375
0 0.357287228125 0.22610921562500003 0.405155653125 0.819112628125 0.41679932500000005 0.8176905578125 0.42262115937500006 0.8134243453125001 0.3766933453125 0.21473265000000002 0.3580223703125 0.22610921562500003 0.357287228125 0.22610921562500003
0 0.3771675203125 0.79968598125 0.3889651640625 0.7975246671875 0.40223751406249997 0.792121384375 0.3575047796875 0.23882513749999998 0.3369673890625 0.24855104843750003 0.3771675203125 0.79968598125
0 0.27590440781250003 0.7607823390624999 0.2891767578125 0.7607823390624999 0.3009744015625 0.7542983984375 0.27983695625 0.3069065109375 0.2827863671875 0.287454690625 0.2660730375 0.29609994375 0.25289263125 0.29393863124999997 0.27590440781250003 0.7607823390624999
0 0.23412108593749997 0.7683469359374999 0.24100304375 0.7737502187499999 0.2572248046875 0.7769921890625 0.26754774375 0.7672662796874999 0.24985127812500002 0.2842127203125 0.2179843984375 0.29393863124999997 0.23412108593749997 0.7683469359374999
0 0.2926177375 0.300422571875 0.3191624375 0.7834761296874999 0.324569690625 0.7888794140625001 0.3329263546875 0.7813148171875001 0.30883949843749997 0.286374034375 0.2927175171875 0.29609994375 0.2926177375 0.300422571875
0 0.3009744015625 0.78563744375 0.3181793 0.780234159375 0.29409244375 0.29609994375 0.2804258859375 0.30150322812499997 0.3009744015625 0.78563744375
0 0.1323664046875 0.792121384375 0.147113459375 0.79968598125 0.1397399328125 0.5003440671875 0.134332678125 0.286374034375 0.121618009375 0.289616003125 0.1323664046875 0.792121384375
0 0.8793118171875 0.8759954499999999 0.887721134375 0.8902161546875 0.902599159375 0.8959044374999999 0.926533371875 0.8802616609375 0.9304145953124999 0.246018203125 0.9064803828124999 0.2588168375 0.8827376906250001 0.251706484375 0.8793118171875 0.8759954499999999
0 0.75899388125 0.8944823656249999 0.7693438109375 0.9044368593750001 0.7822812234375001 0.9115472125 0.8016873421874999 0.898748578125 0.804274825 0.2374857796875 0.7822812234375001 0.23890785 0.7623960765625 0.2403299203125 0.75899388125 0.8944823656249999
0 0.098939746875 0.8310250265624999 0.10483856875 0.8331863390625 0.11516150624999999 0.8256217421875001 0.108771115625 0.32419701875 0.09408475468750001 0.3274389890625 0.098939746875 0.8310250265624999
0 0.9336489484375001 0.8759954499999999 0.9549956796875 0.8759954499999999 0.9724611859375001 0.8774175203125001 0.9750486687500001 0.2943686 0.9498207140625 0.2972127421875 0.9357915203125 0.2972127421875 0.9336489484375001 0.8759954499999999
0 0.8210934609375 0.888794084375 0.8502026390624999 0.891638225 0.8760774640625 0.8930602953125 0.8760774640625 0.311433446875 0.8245078765624999 0.30858930625 0.8210934609375 0.888794084375