0 0.6220428765625 0.800614290625 0.641591265625 0.8178317640625 0.6873902375000001 0.07132967968750001 0.6741664125 0.052882348437500004 0.6220428765625 0.800614290625
0 0.6653145171875 0.749570309375 0.6704158921875 0.7625311781249999 0.679441365625 0.765123353125 0.684935128125 0.7599390046875001 0.692390975 0.75043439375 0.7249611953125 0.1231282703125 0.714758484375 0.1283126171875 0.7061253984375 0.121400140625 0.7015512921875 0.10714318437499999 0.6653145171875 0.749570309375
0 0.726358428125 0.1330649234375 0.6918261218749999 0.7664194390625 0.71183915625 0.78024439375 0.7432321390625 0.1399774 0.7268724296875 0.127880575 0.726358428125 0.1330649234375
0 0.7181177671875 0.7603710078125 0.7212570546875 0.7819724828125 0.729497715625 0.7811083984375 0.7361687156250001 0.778516225 0.767561734375 0.1486179671875 0.748660384375 0.135657096875 0.7181177671875 0.7603710078125
0 0.9261439125 0.7625311781249999 0.9520431328125 0.7590749203125 0.9524355218749999 0.20434970625 0.9294415265625 0.2082379671875 0.9261439125 0.7625311781249999
0 0.7491354765625 0.732721178125 0.7640471734375 0.748274221875 0.79033878125 0.2453924859375 0.774249884375 0.23675187968750003 0.7491354765625 0.732721178125
0 0.8107648203125001 0.7741959609375 0.844512278125 0.78024439375 0.8586391250000001 0.254897096875 0.8621708375000001 0.24107218281249998 0.861386025 0.21774261718750001 0.8263903875 0.209534053125 0.8107648203125001 0.7741959609375
0 0.3396686625 0.503612184375 0.3396686625 0.5269787874999999 0.3419027765625 0.5503454453125001 0.608318940625 0.5626436484374999 0.6021751890625 0.5503454453125001 0.600499615625 0.5245191796875 0.600499615625 0.503612184375 0.6055263359375 0.48393505000000003 0.353998690625 0.4531894578125 0.34692949687499997 0.47409645312500004 0.3396686625 0.503612184375
0 0.9534300046874999 0.1758357921875 0.9526452265625001 0.8273355265625 0.961670665625 0.83856830625 0.9671644625000001 0.8472088328125 0.974620275 0.84288856875 0.9703037859375 0.1887966625 0.9687340890625 0.1887966625 0.959316190625 0.1844763796875 0.9535849359374999 0.1693553578125 0.9534300046874999 0.1758357921875
0 0.79721605625 0.7664194390625 0.8089884296875001 0.7664194390625 0.825077328125 0.26699392187500004 0.8134353859375001 0.2652657921875 0.79721605625 0.7664194390625
0 0.8853329953125 0.809190309375 0.90573841875 0.8048700453125001 0.917510790625 0.2380479671875 0.8964651625 0.240640140625 0.8853329953125 0.809190309375
0 0.7713168359375 0.7966614421875 0.785443684375 0.7966614421875 0.80310224375 0.29118753124999996 0.7887031125 0.286003184375 0.7713168359375 0.7966614421875
0 0.8460917406249999 0.8333839578125 0.8751302484375 0.8325198734375 0.8865102328125 0.2570572484375 0.8593667515625001 0.2523049234375 0.8460917406249999 0.8333839578125
0 0.597706959375 0.636432978125 0.5988240421875 0.5946190437500001 0.35483682656250004 0.5730971171875 0.3541903328125 0.61552598125 0.597706959375 0.636432978125
0 0.22461264218750002 0.8418132953124999 0.2218200109375 0.8811675671874999 0.2257296734375 0.9057640843750001 0.5485568421875 0.8012291640625 0.54688126875 0.7852414390625 0.54688126875 0.7532661 0.5507909062499999 0.7163714359375 0.23079278749999999 0.7981545718749999 0.22628821562499998 0.8258255703125 0.22461264218750002 0.8418132953124999