0 0.2660945515625 0.8239453250000001 0.2870564078125 0.8266017343750001 0.2109948625 0.0442869984375 0.1906098859375 0.056334609375 0.2660945515625 0.8239453250000001
0 0.22297304062499998 0.79206833125 0.22836323281249998 0.7973811484375 0.241539246875 0.7987093078124999 0.251720721875 0.7907400828125 0.2589076359375 0.7840990156250001 0.1936264734375 0.10272816874999999 0.188835190625 0.11601025625000001 0.18045045937499998 0.1239794828125 0.1696700765625 0.13062055 0.1603087234375 0.1294101609375 0.22297304062499998 0.79206833125
0 0.14707910625 0.1620568359375 0.1936264734375 0.7774580390625 0.2133904953125 0.7787861984375 0.16248316093749998 0.15320006875 0.14707910625 0.1620568359375
0 0.0768390796875 0.8173042593750001 0.088817278125 0.825273484375 0.1031911078125 0.8226170765624999 0.109779115625 0.8133196015624999 0.0989987421875 0.1199948703125 0.0894161859375 0.1266358921875 0.0780368953125 0.131948753125 0.06905325625 0.1359333671875 0.062818025 0.132333184375 0.0768390796875 0.8173042593750001
0 0.1457137 0.7854272640625 0.17925264375 0.780114446875 0.146911515625 0.17710783593749999 0.12894421875 0.19038992500000002 0.11816385625 0.19835914999999998 0.10798238125 0.2089848296875 0.1457137 0.7854272640625
0 0.5143758640625 0.8267090343750001 0.52157024375 0.8354117625 0.5307266984375001 0.8354117625 0.5366130109375 0.8325108531250001 0.448318390625 0.127587784375 0.44243207656249994 0.1406419015625 0.43523769687499997 0.14644374375 0.4273892859375 0.153696040625 0.42108177968750005 0.1493014546875 0.5143758640625 0.8267090343750001
0 0.2939662625 0.8513668125 0.3063929109375 0.8629704500000001 0.3214357015625 0.8571686312500001 0.3332083296875 0.848465903125 0.339748675 0.836862265625 0.273691190625 0.11308319062500001 0.2593024328125 0.13338960312499998 0.2481838484375 0.1406419015625 0.2331410578125 0.15659695 0.21822486562500001 0.1588776421875 0.2939662625 0.8513668125
0 0.407768246875 0.9050337796875001 0.4149626265625 0.9079346890625001 0.42215700468749995 0.9064842828125 0.42804331875 0.8963310515625 0.3436728703125 0.1812547765625 0.33909464375 0.191407959375 0.33124623125 0.20591255468749997 0.3254081296875 0.20037444999999998 0.407768246875 0.9050337796875001
0 0.829329834375 0.876189184375 0.8509892812500001 0.8969312765625 0.9391038437500001 0.22008321406250003 0.9168219390625 0.19525862968750002 0.829329834375 0.876189184375
0 0.8568964015624999 0.8750974593749999 0.8598499703125 0.8925645281250001 0.8642803140625 0.9012980984375 0.8696951765625001 0.9089398718749999 0.8746177625 0.911123246875 0.8800326234375 0.907848221875 0.9642091171875 0.233183496875 0.955840703125 0.22663335468749998 0.94796453125 0.2211749 0.9433515484375 0.207271184375 0.8568964015624999 0.8750974593749999
0 0.3469430546875 0.8789254984375001 0.3914173921875 0.8890787296875 0.32732201562499996 0.23492174375000002 0.2815277328125 0.2721958484375 0.3469430546875 0.8789254984375001
0 0.5438073906249999 0.8977814578125001 0.56604458125 0.8789254984375001 0.4888685328125 0.259579521875 0.471436334375 0.284964096875 0.5438073906249999 0.8977814578125001
0 0.46990152656250006 0.8470154000000001 0.4764418734375 0.8542677218750001 0.484290284375 0.858619134375 0.49279272812499997 0.864420953125 0.5012951718750001 0.8542677218750001 0.4411240109375 0.29584103281249996 0.406694765625 0.324864875 0.46990152656250006 0.8470154000000001
0 0.9445187046875001 0.399120459375 0.9356580156250001 0.8630888640625001 0.9563329453125 0.8696390609375 0.9656859093750001 0.3019600078125 0.9573174625 0.3019600078125 0.9445187046875001 0.399120459375
0 0.4339296328125 0.9093851921875 0.460745028125 0.8948805484375001 0.388801240625 0.269732753125 0.3613756671875 0.294540284375 0.4339296328125 0.9093851921875