0 0.5214992859375001 0.0509639375 0.388735765625 0.8816822046875 0.41751603125000003 0.8878161609375 0.5437064265625 0.08732269375 0.5214992859375001 0.0509639375
0 0.3872598765625 0.8770816671875 0.5031189171875 0.1455961875 0.489097740625 0.12566055 0.47581454062499995 0.11952645312500002 0.461847684375 0.0843923640625 0.32527161250000003 0.8341432734374999 0.340768678125 0.8617464968749999 0.3629073453125 0.8740145500000001 0.3872598765625 0.8770816671875
0 0.5569896265625001 0.12566055 0.4285853640625 0.8571459593749999 0.44703427500000004 0.8786150859375 0.4743386515625 0.8832156234375 0.6012669578125001 0.1593977984375 0.5857698921875001 0.16093128750000002 0.57174878125 0.133328065625 0.5592034921875 0.1225935015625 0.5569896265625001 0.12566055
0 0.748858109375 0.1455961875 0.6389026890625 0.826475759375 0.6440684015625 0.8433443484375 0.6566136218749999 0.8617464968749999 0.678014378125 0.8694140125 0.6986770875 0.8510118640625001 0.804942684375 0.191601559375 0.799777040625 0.1900680703125 0.7813281296875 0.1731994109375 0.7540237515625 0.1486632359375 0.748858109375 0.1455961875
0 0.576914425 0.8755481078124999 0.5865078703125 0.8908832796875 0.6020049359375 0.901617771875 0.61971586875 0.8939502578124999 0.7363128203125 0.1593977984375 0.7171259984375 0.157864309375 0.709008509375 0.1563307515625 0.6972011984375001 0.1271940390625 0.576914425 0.8755481078124999
0 0.625619490625 0.20847021875 0.51935389375 0.85867951875 0.5732246703125 0.8847491828124999 0.6706348 0.24527451562499997 0.628571334375 0.20847021875 0.625619490625 0.20847021875
0 0.47655251875 0.8755481078124999 0.50754665 0.906218309375 0.612336290625 0.20847021875 0.593887446875 0.1885345109375 0.47655251875 0.8755481078124999
0 0.9089944140625 0.16093128750000002 0.8027288171875 0.9368886515625 0.8152741062500001 0.9506902625 0.8211777953125001 0.953757240625 0.8366748609375 0.9598913359375001 0.857337571875 0.953757240625 0.9643410781249999 0.20847021875 0.95031996875 0.21307075625 0.9259674359375 0.1931350484375 0.9222776125 0.1931350484375 0.9082565031250001 0.17166592187500002 0.9089944140625 0.16093128750000002
0 0.8411025953125 0.2820788140625 0.7540237515625 0.821875221875 0.7614033296875 0.8418107890625001 0.778376284375 0.8402773703124999 0.8602893484375 0.3050815 0.8411025953125 0.289746328125 0.8411025953125 0.2820788140625
0 0.858813528125 0.2866793515625 0.7820661078125 0.8387438109375 0.794611328125 0.8510118640625001 0.8757864140624999 0.2912798875 0.8632412609375001 0.28054525468749997 0.858813528125 0.2866793515625
0 0.7901835953125 0.2928133765625 0.70015304375 0.8203416625 0.7186018875 0.85407898125 0.8056806625 0.3265506265625 0.7909215734374999 0.3096820359375 0.7901835953125 0.2928133765625
0 0.8765244593749999 0.28514579218749997 0.79534930625 0.8571459593749999 0.8115842828125001 0.8740145500000001 0.893497346875 0.3004809625 0.8757864140624999 0.2928133765625 0.8765244593749999 0.28514579218749997
0 0.9591754343750001 0.25294203125000003 0.8676689937500001 0.9215534796875 0.9126842359375 0.9384220703124999 0.998287121875 0.2713441796875 0.9562236578125001 0.2437409578125 0.9591754343750001 0.25294203125000003
0 0.806418640625 0.3250171375 0.7178639765625 0.8479448859375 0.7459062640624999 0.86328005625 0.8285573062499999 0.332684721875 0.8078945281250001 0.3311511640625 0.806418640625 0.3250171375