0 0.47517492031249997 0.08198815000000001 0.37949157968749997 0.7250608609375 0.389721909375 0.751744334375 0.4095807171875 0.7557468609375 0.5094764953124999 0.1166767375 0.4896176875 0.1046691265625 0.47713895937500006 0.08745169375 0.47517492031249997 0.08198815000000001
0 0.41920919218749997 0.11400836562500001 0.329543690625 0.7263950765625 0.3367650734375 0.763751915625 0.3506060421875 0.7770937124999999 0.3710666484375 0.7570810781249999 0.4661481890625 0.156702009375 0.4535107671875 0.156702009375 0.438466253125 0.1473627390625 0.428235921875 0.13535515781250002 0.4175377421875 0.1014706671875 0.41920919218749997 0.11400836562500001
0 0.6283265375 0.0937523046875 0.6141111546875 0.165789084375 0.6134342125 0.1928028765625 0.5220496171875 0.8276269875000001 0.5443880734375 0.8456361828125001 0.65201881875 0.10725920156249999 0.629154878125 0.0803490453125 0.6283265375 0.0937523046875
0 0.64660345625 0.113262278125 0.5511573234375 0.80961779375 0.5687572984375 0.8306286125 0.5816188546875 0.838132396875 0.5992188296875 0.8321292874999999 0.69534190625 0.1702913828125 0.68315729375 0.162787596875 0.66961879375 0.143277590625 0.6540495875000001 0.11776457656249999 0.64660345625 0.113262278125
0 0.49503372656250005 0.2087348625 0.4174038453125 0.7797620234375 0.44628938281249997 0.7904355109375001 0.5311406468750001 0.2354183359375 0.4988121296875 0.20761433281250002 0.49503372656250005 0.2087348625
0 0.30535274375 0.28965831875000003 0.236529696875 0.7409159359374999 0.2548337140625 0.75552499375 0.325853240625 0.26530988906249997 0.30913436875 0.255031184375 0.30535274375 0.28965831875000003
0 0.7610033890625 0.185299090625 0.664880375 0.817121715625 0.6878957125 0.8351309109375 0.7819880203125 0.1898013890625 0.7652730203125 0.1772184609375 0.7610033890625 0.185299090625
0 0.5734957796875 0.14477836875 0.47331116562500003 0.8291278 0.482788065625 0.8441355078124999 0.4949726796875 0.8681476765625 0.5159573109375 0.8666470015625001 0.6161419234375 0.1943036875 0.5958342359375 0.188300578125 0.5824277546875 0.15919624375000002 0.5734957796875 0.14477836875
0 0.6960187875 0.1928028765625 0.6100496171875001 0.7796025156249999 0.6608188375 0.8261263140624999 0.6675880249999999 0.8051154953124999 0.7413726453125 0.251332759375 0.69534190625 0.188300578125 0.6960187875 0.1928028765625
0 0.3375677546875 0.27829574375 0.270209071875 0.768510775 0.28338794843750004 0.76039468125 0.36319339375 0.271802778125 0.34209527500000003 0.2623409953125 0.3375677546875 0.27829574375
0 0.3580682515625 0.2831654296875 0.291441684375 0.7263068765625 0.30535274375 0.7620179593749999 0.374175790625 0.2977744875 0.3640692125 0.2769606171875 0.3580682515625 0.2831654296875
0 0.25117293749999997 0.7652643671875 0.2680125921875 0.779873425 0.33683563906249997 0.27991894687499996 0.32231873125 0.2672142015625 0.25117293749999997 0.7652643671875
0 0.5403265359375 0.2003067296875 0.45571119062500004 0.8321292874999999 0.46924962812500004 0.8471369953125001 0.5619880484374999 0.227320521875 0.5437111296875 0.2018074734375 0.5403265359375 0.2003067296875
0 0.3752791421875 0.31813725000000004 0.3042688453125 0.7704228750000001 0.3235258515625 0.7704228750000001 0.39573969375 0.290119559375 0.37419140156249997 0.2957336015625 0.3752791421875 0.31813725000000004
0 0.7670956953125 0.860643890625 0.7813110765625 0.8846561968750001 0.7867265015625 0.8861568703125 0.7955264578125 0.8846561968750001 0.8882649406249999 0.197305175 0.876080328125 0.2003067296875 0.874726440625 0.197305175 0.8611880031249999 0.185299090625 0.7670956953125 0.860643890625
0 0.7745418890625 0.26033735625 0.69128036875 0.8246255015624999 0.7244495515625 0.85314010625 0.8029726515625001 0.2768458078125 0.7704803515624999 0.24983201562500001 0.7745418890625 0.26033735625
0 0.9173725859375 0.207810584375 0.837495721875 0.8891584953124999 0.851711103125 0.905666878125 0.9451264671875 0.22581977812499998 0.9196756890625 0.20650456250000002 0.9173725859375 0.207810584375
0 0.9715264609375 0.251332759375 0.9470867859375 0.21432928125 0.8550956968750001 0.8876576828125 0.864572596875 0.9146714749999999 0.8808187468750001 0.9131706625 0.9715264609375 0.251332759375
0 0.7928188078125 0.32487035 0.7291880328125 0.8396332093750001 0.7650649265625 0.84863780625 0.8334341843749999 0.3443802875 0.7982341703125 0.3083618984375 0.7928188078125 0.32487035
0 0.9681418046875001 0.3053603421875 0.9606609625000001 0.3056147515625 0.9471572359374999 0.4044109140625 0.938357278125 0.8696484874999999 0.9573110796875 0.8846561968750001 0.9681418046875001 0.3053603421875
0 0.8808187468750001 0.314364940625 0.8104187828124999 0.923676071875 0.8300495281250001 0.9296791828125001 0.901126434375 0.32336953749999997 0.8820908281250001 0.3123850875 0.8808187468750001 0.314364940625