0 0.1109810578125 0.164570296875 0.2056729828125 0.74576410625 0.2136590859375 0.743231709375 0.1229601609375 0.1544405953125 0.1115929 0.1609133046875 0.1109810578125 0.164570296875
0 0.122389709375 0.15570679375000002 0.2227859875 0.8002114953125 0.23932859374999998 0.804010146875 0.2404694421875 0.7989452390625 0.25073724531249997 0.7875492828125 0.2518780953125 0.762224971875 0.1554748703125 0.1202526953125 0.14463661562500002 0.135447334375 0.1406435640625 0.14810948906250002 0.1326575125 0.1544405953125 0.1252890015625 0.14951 0.122389709375 0.15570679375000002
0 0.6499502734375 0.1070076265625 0.623139915625 0.809758340625 0.6356894703125 0.8186219015624999 0.652232025 0.8186219015624999 0.68075368125 0.120936009375 0.6767606828125 0.12220223593749999 0.665351978125 0.13359819374999998 0.651732934375 0.10959843124999999 0.6499502734375 0.1070076265625
0 0.575793953125 0.8705367781250001 0.602033859375 0.899659740625 0.655084175 0.0791508328125 0.6277647546875 0.0487808015625 0.575793953125 0.8705367781250001
0 0.060781035937500005 0.1368365234375 0.06363047656250001 0.8136153109375 0.0740783984375 0.8368070421875 0.0854761625 0.8389154515625 0.0997233671875 0.8157237203125 0.098773525 0.11786141718750001 0.0873757609375 0.12840307812500001 0.07787768125 0.1368365234375 0.053256218749999994 0.1223628609375 0.060781035937500005 0.1368365234375
0 0.6830354328125 0.1247346609375 0.6533728734375 0.8186219015624999 0.6779015312500001 0.840147559375 0.704141490625 0.1462603765625 0.6851171828125 0.1267033890625 0.6830354328125 0.1247346609375
0 0.7081344890625 0.138663071875 0.6830354328125 0.8300178578124999 0.6904510859374999 0.8528097718750001 0.7024301890625 0.8439462109375 0.7275292453125 0.1500590296875 0.70737335 0.1343055921875 0.7081344890625 0.138663071875
0 0.8889686078124999 0.22468081093749998 0.8923845421875001 0.8300178578124999 0.9214766515624999 0.822420553125 0.9186244484375001 0.2348955796875 0.8889686078124999 0.22468081093749998
0 0.7024301890625 0.7996286390625 0.7223953437499999 0.808492084375 0.74293095 0.255155096875 0.7236374718749999 0.2464380953125 0.7024301890625 0.7996286390625
0 0.7822908609375 0.237428034375 0.776016109375 0.8388813031250001 0.8176577203125 0.85534216875 0.8222212234375 0.24629153593750003 0.78184590625 0.23123368906250003 0.7822908609375 0.237428034375
0 0.7531987531250001 0.8287516015625 0.7708822093750001 0.8363489062499999 0.780009109375 0.2779470109375 0.7664377906250001 0.26924470624999997 0.7531987531250001 0.8287516015625
0 0.929462703125 0.21083746718750002 0.94030095625 0.9135882093750001 0.9551322093750001 0.92625030625 0.9636887125 0.931315215625 0.976808665625 0.931315215625 0.9882173703125 0.91485435 0.9716747640625 0.19690905625 0.9676817640625 0.22729827500000002 0.951709609375 0.22729827500000002 0.9408713546874999 0.2159023171875 0.928321853125 0.2032401625 0.929462703125 0.21083746718750002
0 0.864433284375 0.2640186 0.865003734375 0.88446513125 0.8843984390624999 0.8781340828124999 0.889532340625 0.255155096875 0.8691585578125001 0.2635430546875 0.864433284375 0.2640186
0 0.7492057015625 0.300738925 0.7372265984374999 0.8680043812499999 0.7531987531250001 0.8680043812499999 0.76803000625 0.31846593125 0.7509170015625 0.303271321875 0.7492057015625 0.300738925
0 0.8284959734375 0.2627524015625 0.8256438234375001 0.9034583921875001 0.8581585328125 0.91485435 0.863292434375 0.2779470109375 0.8332062890625 0.26734415624999996 0.8284959734375 0.2627524015625