0 0.6677850875 0.11421708906250001 0.610062959375 0.9193192218749999 0.61326976875 0.9370315671875 0.6445359203125001 0.9515234078124999 0.707869946875 0.0675211375 0.673396984375 0.054639478124999995 0.6677850875 0.11421708906250001
0 0.5443239171875 0.241423209375 0.547530653125 0.27040688749999997 0.5042390578125 0.9080478890625001 0.52828994375 0.9096579953124999 0.5804002484375 0.1351497203125 0.5766343828125 0.14903994062499998 0.5579527296875 0.1303191078125 0.5443239171875 0.241423209375
0 0.6493460984375 0.9064376359375 0.6982495921874999 0.9289804484375 0.7495581015624999 0.139980334375 0.7471530125 0.1415905140625 0.7030597703125 0.1190477015625 0.6493460984375 0.9064376359375
0 0.6413291109375 0.1367599015625 0.6228901234374999 0.139980334375 0.6004426046875 0.1303191078125 0.5795985265625 0.12065788125000002 0.529091665625 0.9016070234375 0.5491340953125 0.9289804484375 0.577995159375 0.9370315671875 0.6036494140625 0.9289804484375 0.6584325375 0.1369556203125 0.6413291109375 0.1367599015625
0 0.314237053125 0.1351497203125 0.26052341874999996 0.9273703421875 0.2725488625 0.9450825406250001 0.29259125468749997 0.9402519281249999 0.34710664687500004 0.2559150484375 0.3543219140625 0.1496415609375 0.3334777625 0.1464211265625 0.31560203593749997 0.12728816406250001 0.314237053125 0.1351497203125
0 0.8786312421875 0.9627947390625 0.908293953125 0.9579641265625 0.892260053125 0.14320076718750002 0.8714159765625 0.144810946875 0.8601921796875001 0.1496415609375 0.84656336875 0.1367599015625 0.8424783859374999 0.12728816406250001 0.861795621875 0.9483029000000001 0.8786312421875 0.9627947390625
0 0.332676115625 0.9338110609375001 0.3583303703125 0.9547437671875001 0.428077940625 0.1737946265625 0.42086267499999996 0.151251740625 0.41664681562499994 0.1466230765625 0.3992168765625 0.1383701546875 0.332676115625 0.9338110609375001
0 0.7319208328125 0.9160988624999999 0.75917845625 0.9241498343749999 0.772709371875 0.1852929 0.739937746875 0.18023541875 0.7319208328125 0.9160988624999999
0 0.3687524453125 0.9515234078124999 0.3775710796875 0.97406621875 0.3960100671875 0.96923560625 0.46575763906249995 0.181845671875 0.4601458140625 0.18023541875 0.43529320781249997 0.1721844453125 0.3687524453125 0.9515234078124999
0 0.4729729046875 0.22532119062499997 0.43368983906249997 0.9144886078125 0.5050407781249999 0.9370315671875 0.547530653125 0.252694615625 0.474576346875 0.22532119062499997 0.4729729046875 0.22532119062499997
0 0.298203153125 0.9241499078125001 0.303814978125 0.9402518531249999 0.330270953125 0.9370314937499999 0.376769359375 0.262355840625 0.375165990625 0.252694615625 0.3495116625 0.241423209375 0.298203153125 0.9241499078125001
0 0.9018804078124999 0.2059987375 0.9171126609375 0.9627947390625 0.9443702828125 0.9853376984375 0.9668178749999999 0.994998925 0.98445514375 0.97406621875 0.9684211703125 0.2059987375 0.9395601062500001 0.21243953124999998 0.9219228375 0.21243953124999998 0.905029915625 0.19496035625000002 0.9018804078124999 0.2059987375
0 0.40082024531249993 0.9193192218749999 0.4152507765625 0.9225397281250001 0.47217125781249997 0.3042211796875 0.46837211874999995 0.291634915625 0.45293054843749997 0.2929497734375 0.40082024531249993 0.9193192218749999
0 0.7888412406249999 0.2720170671875 0.7880395203125 0.9627947390625 0.843356559375 0.9821171921875 0.850571825 0.2639660953125 0.7859414265625 0.27230000312499997 0.7888412406249999 0.2720170671875