0 0.1492596953125 0.7934336531249999 0.16731221875 0.7963650578125 0.17264687031249998 0.324191 0.19665280624999998 0.29217248906250004 0.1973335296875 0.1470588234375 0.1829022578125 0.1553667828125 0.16334311562499998 0.14852452656249998 0.1492596953125 0.7934336531249999
0 0.31579337500000004 0.1778385765625 0.33713198437499997 0.8402750640625 0.3593467203125 0.8254662171874999 0.33846564687499997 0.170021496875 0.316293184375 0.1778385765625 0.31579337500000004 0.1778385765625
0 0.24725689687500002 0.8286105140625001 0.26422506874999996 0.8286105140625001 0.28467456874999997 0.8119992187499999 0.284230015625 0.337653190625 0.29801120000000003 0.3076753953125 0.2954848140625 0.1954270078125 0.2723383265625 0.199348609375 0.2544906859375 0.19640414374999998 0.24725689687500002 0.8286105140625001
0 0.42515374687499996 0.8139534890625001 0.4393761078125 0.811046490625 0.42291708281249996 0.2855829828125 0.40254990937499996 0.2931405125 0.42515374687499996 0.8139534890625001
0 0.44382502968750004 0.8108846734374999 0.45805077031249997 0.8104724453125 0.44282478281250004 0.300041528125 0.4274487578125 0.3077975375 0.44382502968750004 0.8108846734374999
0 0.8541485453125001 0.8520617546875 0.8946031515625 0.8601977749999999 0.9213401734375 0.270408909375 0.8854097187500001 0.2550322453125 0.8541485453125001 0.8520617546875
0 0.2119204703125 0.8041821375 0.22288151250000002 0.8091337968750001 0.2277716109375 0.32343169843749997 0.21714241250000002 0.3126832125 0.2119204703125 0.8041821375
0 0.2270005875 0.8029454515625 0.24555378593750002 0.79688335 0.249792040625 0.320499621875 0.229549828125 0.32929450781249997 0.2270005875 0.8029454515625
0 0.901716021875 0.8618331046875 0.9310566093749999 0.8608293796875 0.9549323578125 0.277017784375 0.9294273265624999 0.2648035953125 0.901716021875 0.8618331046875
0 0.9448268828125 0.8558202187499999 0.9528397734375 0.8569474296875 0.9679546203125 0.850107484375 0.9742339515625 0.629274965625 0.9734449328125001 0.276529215625 0.9612863062500001 0.2735978109375 0.9448268828125 0.8558202187499999
0 0.16553400000000001 0.8354504593750001 0.1770924140625 0.8344733234374999 0.1846498375 0.3266073875 0.17312480624999999 0.326363103125 0.16553400000000001 0.8354504593750001
0 0.2849793328125 0.8339804375 0.31779386875000004 0.8312365640625 0.31743266875 0.32929450781249997 0.2860082328125 0.33515731875 0.2849793328125 0.8339804375
0 0.17423018125 0.8403385578125 0.18953993593750001 0.8383818640625 0.19763226875 0.3367154625 0.18557422968749998 0.336134453125 0.17423018125 0.8403385578125
0 0.060839967187499996 0.8953172281249999 0.09351619375 0.8853230265625 0.10838130312500001 0.30878658593749997 0.0721955453125 0.311706078125 0.060839967187499996 0.8953172281249999