0 0.413548009375 0.7279403703125 0.4196758515625 0.7254893921875001 0.39850694062500003 0.1017155734375 0.3874602734375 0.1017155734375 0.40909139687499996 0.7279403703125 0.413548009375 0.7279403703125
0 0.1639776859375 0.8014697 0.1678772234375 0.7965677453125 0.17511921875 0.1593135484375 0.1629051796875 0.1495096390625 0.151164925 0.792891278125 0.1639776859375 0.8014697
0 0.34781296875 0.84068534375 0.355054965625 0.8284304546874999 0.3366714375 0.17769588125 0.331657746875 0.1813723484375 0.32274452187499997 0.1850488140625 0.320516215625 0.1850488140625 0.3133515203125 0.1813723484375 0.335557284375 0.8431363218750001 0.34781296875 0.84068534375
0 0.254781175 0.8333324109375001 0.264808553125 0.82965594375 0.273164703125 0.8235284999999999 0.2826350046875 0.814950078125 0.289319925 0.8026951890625 0.289319925 0.20588212499999997 0.2815208515625 0.203431146875 0.27260762656250004 0.20588212499999997 0.26592270625 0.2046566359375 0.26313732343749996 0.203431146875 0.254781175 0.20098017031249998 0.2458679484375 0.8198520328125 0.254781175 0.8333324109375001
0 0.428589078125 0.814950078125 0.43694522812500003 0.814950078125 0.43917353437499995 0.8124990999999999 0.41689046875 0.2867643890625 0.41243385625 0.2867643890625 0.4063060140625 0.289215365625 0.42524661874999997 0.8051461671875 0.428589078125 0.814950078125
0 0.22692734374999998 0.8112736109375 0.23862595312499998 0.8051461671875 0.2458679484375 0.7941167671875 0.2480962546875 0.3100486765625 0.2402971828125 0.31495063125 0.23249810937499998 0.31495063125 0.2252561140625 0.31495063125 0.2230278078125 0.3137251421875 0.2169544203125 0.3100486765625 0.2135575046875 0.80637165625 0.22692734374999998 0.8112736109375
0 0.45532875625 0.81862654375 0.4581141390625 0.810048121875 0.44418722343750006 0.300244765625 0.43638815 0.3051467203125 0.42980813281249997 0.306372209375 0.44697260625 0.8210775218749999 0.45532875625 0.81862654375
0 0.8746461203125 0.8640937046875001 0.89250045625 0.8596049062500001 0.9190269000000001 0.27606110625 0.9052535546874999 0.265961309375 0.8950510765624999 0.264839109375 0.8844376781250001 0.26259470937499996 0.8547512875000001 0.8528717078125 0.8746461203125 0.8640937046875001
0 0.9562659453125001 0.85848270625 0.9695291671874999 0.8551161078125 0.973100034375 0.2794277046875 0.9669785484375 0.27606110625 0.96199489375 0.27606110625 0.9460634671875001 0.8562383062500001 0.9562659453125001 0.85848270625
0 0.9169864046875 0.868582503125 0.9333103703125 0.85848270625 0.9547355734374999 0.283916503125 0.9287192546874999 0.2693279078125 0.9016826874999999 0.8618493046875001 0.9169864046875 0.868582503125
0 0.17511921875 0.8259794781249999 0.18347536874999998 0.32843100937499997 0.1756762953125 0.3272055203125 0.16732014687500002 0.8247539890625 0.17511921875 0.8259794781249999
0 0.3188449859375 0.8394598546875001 0.318287909375 0.3296564984375 0.3065893 0.33088198593749996 0.30157561093749996 0.3296564984375 0.29154823125 0.32843100937499997 0.2887628484375 0.33210747500000004 0.285977465625 0.8419108328125 0.3188449859375 0.8394598546875001
0 0.189046134375 0.8370088765625001 0.19238859375 0.8345579000000001 0.1962881296875 0.345587853125 0.1851465984375 0.3382349203125 0.1846363171875 0.33700943125 0.176233371875 0.8455872984375 0.189046134375 0.8370088765625001
0 0.089886496875 0.8897048968749999 0.10214218281250001 0.3075976984375 0.072080165625 0.31249965468749996 0.0603614359375 0.9007342968750001 0.089886496875 0.8897048968749999