0 0.524434990625 0.9391376640625 0.5405412375 0.9463157859375 0.552471771875 0.9463157859375 0.6419509203125 0.10527911875 0.6312134234375 0.0945119359375 0.61888461875 0.083744753125 0.524434990625 0.9391376640625
0 0.360383328125 0.8836240703125 0.3616829953125 0.8914437515625 0.3694811171875 0.8914437515625 0.37727924062499996 0.8875339109375 0.4793046953125 0.1681231640625 0.46161141250000004 0.14987722187500002 0.360383328125 0.8836240703125
0 0.7941086765625001 0.153133275 0.7708440984375 0.8972653218750001 0.7732302265625 0.9080325046875 0.786353853125 0.9116215656250001 0.7982843890625 0.8948725421875 0.8197594390624999 0.153133275 0.79433675 0.14655332031249999 0.7941086765625001 0.153133275
0 0.597211346875 0.8960689328125 0.604966225 0.9104251765625 0.616896759375 0.9187996890625 0.635389134375 0.9164069078124999 0.6532849640625 0.9140142375 0.6693912109375 0.9020506640624999 0.7296404859375001 0.1639004578125 0.6866904953125 0.15552597343750002 0.663642815625 0.141169728125 0.597211346875 0.8960689328125
0 0.485064165625 0.90444344375 0.4958016640625 0.9235850296875 0.5107148734375 0.9235850296875 0.5226454078125 0.9164069078124999 0.61093151875 0.16629315625000002 0.59661485625 0.16270409531250002 0.5884490453125 0.15193691250000002 0.485064165625 0.90444344375
0 0.3752799671875 0.9080325046875 0.391982759375 0.9152106265625 0.4898132765625 0.2261108578125 0.500550775 0.2201290703125 0.5059195234375 0.174667640625 0.47923904687499996 0.1609095640625 0.3752799671875 0.9080325046875
0 0.42479179843750003 0.9104251765625 0.4331431671875 0.92837048125 0.4492494140625 0.9391376640625 0.4653556609375 0.9391376640625 0.4784792875 0.9247814203125 0.57511676875 0.1818457625 0.55543135625 0.1794530640625 0.5387285625 0.16988221718750002 0.5293682265624999 0.15552597343750002 0.42479179843750003 0.9104251765625
0 0.853761515625 0.8960689328125 0.8656919953125 0.9116215656250001 0.8841844265625 0.9092287859375 0.8979044890625 0.90444344375 0.9116246609375 0.8960689328125 0.9211690671874999 0.1866311859375 0.9014836546874999 0.190220246875 0.87702609375 0.190220246875 0.858788553125 0.18423846093750001 0.853761515625 0.8960689328125
0 0.9319065656250001 0.28951759374999997 0.9265378171875 0.8458220781250001 0.9486094125 0.84342940625 0.951591978125 0.28592853281249997 0.9321919953125001 0.28473216875 0.9319065656250001 0.28951759374999997
0 0.9468198296875 0.8398403453125001 0.9653121499999999 0.8458220781250001 0.9623294765624999 0.30028477656249997 0.9518856015624999 0.2990884140625 0.9468198296875 0.8398403453125001
0 0.698621084375 0.905639725 0.7702044031249999 0.9020506640624999 0.788696725 0.2620014671875 0.7209333078125 0.2524306203125 0.698621084375 0.905639725
0 0.2325000078125 0.900132028125 0.25808448125 0.9133261453125 0.283669021875 0.914792203125 0.361884459375 0.2726784375 0.32289873125 0.24335815468750002 0.2325000078125 0.900132028125
0 0.3901931765625 0.9331559328125 0.4176334671875 0.93674499375 0.51307785625 0.2440561625 0.48908585000000004 0.22371813281250003 0.3901931765625 0.9331559328125
0 0.14697469375 0.917724184375 0.156477528125 0.9206561656250001 0.16963526874999998 0.9221222234375 0.18352395 0.914792203125 0.27270423906249996 0.26388235937500004 0.25662253281249997 0.253620290625 0.242822490625 0.2521542328125 0.14697469375 0.917724184375
0 0.18206200156250002 0.917724184375 0.1981437078125 0.9265202625000001 0.212763396875 0.9250542046874999 0.2281140953125 0.9221222234375 0.302674625 0.280008525 0.2968267625 0.26241636874999996 0.2843999640625 0.25508628125 0.27243973125 0.256552271875 0.18206200156250002 0.917724184375
0 0.8179698562500001 0.87573095625 0.8525684234375 0.8697491140625001 0.860919846875 0.309855596875 0.8238771593750001 0.309855596875 0.8179698562500001 0.87573095625
0 0.2985335921875 0.8971231656249999 0.314009040625 0.9013172640624999 0.38971340312499997 0.3401434578125 0.37179480468750004 0.331755203125 0.2985335921875 0.8971231656249999
0 0.3116450625 0.9096896343750001 0.333739703125 0.9188126359375 0.41756952031249994 0.3323364734375 0.39237426875 0.319955290625 0.3116450625 0.9096896343750001