0 0.5111083234375 0.7885860984375 0.53029445 0.7885860984375 0.469816440625 0.07427380624999999 0.446958903125 0.0825264515625 0.5111083234375 0.7885860984375
0 0.48441458125 0.782167375 0.492756375 0.7840012953125 0.509857053125 0.77299776875 0.44645941718750004 0.14671369218750002 0.4210932109375 0.1586341796875 0.48441458125 0.782167375
0 0.443956878125 0.7876691375 0.476906965625 0.7757486499999999 0.41601186874999996 0.14396281093750002 0.38563218125 0.1632189828125 0.443956878125 0.7876691375
0 0.5434215609375 0.7940878625 0.5546829828125001 0.7995896265625 0.566778584375 0.7959217828125 0.5859647109375 0.7812504140625001 0.5304917796875 0.1366271265625 0.478445871875 0.16688682500000002 0.5434215609375 0.7940878625
0 0.20682212031249997 0.790132453125 0.22610326406249998 0.78589354375 0.2056652515625 0.15005734375 0.1837386234375 0.1559918140625 0.20682212031249997 0.790132453125
0 0.17982851875 0.7943713609375 0.198724040625 0.7960669234375 0.1805997640625 0.1559918140625 0.1563529078125 0.1619262859375 0.17982851875 0.7943713609375
0 0.1509068015625 0.8104792109375 0.1543774078125 0.8138703375 0.1686454546875 0.807088084375 0.1516780484375 0.167012975 0.1301243359375 0.17125188281249998 0.1509068015625 0.8104792109375
0 0.37847379375 0.79683874375 0.400162459375 0.789503059375 0.35595095 0.23657582968750002 0.33765549375 0.2466623953125 0.37847379375 0.79683874375
0 0.40683589375 0.8206797187499999 0.4243536625 0.8170118765625001 0.37597125625 0.216402696875 0.3589321125 0.2219044609375 0.40683589375 0.8206797187499999
0 0.2527509171875 0.30181025 0.2751170453125 0.7579167515624999 0.2874569765625 0.761307878125 0.3005681546875 0.7562211890625 0.280515765625 0.3052013765625 0.282829503125 0.28485461875 0.2654764734375 0.295027996875 0.2527814828125 0.293332434375 0.2527509171875 0.30181025
0 0.236129459375 0.7714812578125 0.2650511765625 0.7680901312499999 0.24924063749999997 0.28655018125 0.21768148125 0.295875778125 0.236129459375 0.7714812578125
0 0.3183068078125 0.7850457625 0.3321892328125 0.7850457625 0.30712374374999996 0.2899413078125 0.293281484375 0.29672356093749996 0.3183068078125 0.7850457625
0 0.13201128125 0.7943713609375 0.14782181875 0.7943713609375 0.13393939531250001 0.2857024 0.12163862031249999 0.2873979625 0.13201128125 0.7943713609375
0 0.2797445203125 0.308592503125 0.3013394015625 0.7867413265625001 0.3171499390625 0.778263509375 0.2932413203125 0.2984191234375 0.2801671984375 0.30265803125 0.2797445203125 0.308592503125
0 0.92306975625 0.8411227 0.95176430625 0.838786246875 0.9524728140625 0.27024960781249996 0.9249487140625 0.27336487656249997 0.92306975625 0.8411227
0 0.8755997578124999 0.8473532374999999 0.9127963984375 0.8481320546875001 0.9177559499999999 0.2772589640625 0.8799478265625 0.2788165984375 0.8755997578124999 0.8473532374999999
0 0.957432365625 0.8496896906250001 0.9641631875 0.8512473249999999 0.977270575 0.8473532374999999 0.97549930625 0.2749225125 0.9579021187500001 0.2819318671875 0.957432365625 0.8496896906250001
0 0.0992333359375 0.8248914984375 0.11465825 0.8248914984375 0.10810266093750001 0.324700353125 0.091167190625 0.32809147968749997 0.0992333359375 0.8248914984375