0 0.35025046249999997 0.78899249375 0.374363596875 0.7826755390625 0.3450833625 0.2293068703125 0.3387679828125 0.1433957421875 0.30271526875 0.150976134375 0.35025046249999997 0.78899249375
0 0.204997515625 0.7927826890625 0.2170540828125 0.7902559296875 0.2256659171875 0.7814121015625 0.20786810937500003 0.1522395421875 0.1846840375 0.15855652656250002 0.204997515625 0.7927826890625
0 0.17743964843749999 0.796572884375 0.19753390937499998 0.7940461265625001 0.1791620140625 0.1560297390625 0.157976240625 0.15855652656250002 0.17743964843749999 0.796572884375
0 0.148733553125 0.82310425625 0.1722725484375 0.8054167140624999 0.1521782859375 0.17245393125 0.130406903125 0.17371730937500002 0.148733553125 0.82310425625
0 0.4099591578125 0.82310425625 0.4289051921875 0.8205774984374999 0.38814252968749996 0.20024868125 0.370777071875 0.20782907343749998 0.4099591578125 0.82310425625
0 0.37378945625000004 0.8066800359374999 0.4024955515625 0.80162651875 0.36862235625 0.21919966093749998 0.34579235937499997 0.23057025000000003 0.37378945625000004 0.8066800359374999
0 0.23255538437499998 0.773831709375 0.2629838453125 0.772568271875 0.2526496453125 0.279842796875 0.2191457109375 0.2874231890625 0.23255538437499998 0.773831709375
0 0.2865228921875 0.7599343625 0.2957088140625 0.7574074875 0.29800532031250004 0.7296127375 0.28250401875 0.303847409375 0.2682535953125 0.3120594625 0.2865228921875 0.7599343625
0 0.2715956796875 0.762461121875 0.28250401875 0.7649878796875 0.283652246875 0.740983325 0.26700271875000003 0.3114278015625 0.253607384375 0.3025839734375 0.2715956796875 0.762461121875
0 0.29800532031250004 0.29626701875 0.3152289875 0.7826755390625 0.32958206093750003 0.785202296875 0.3112101140625 0.2886866265625 0.2975460171875 0.291213384375 0.29800532031250004 0.29626701875
0 0.1320839734375 0.7940461265625001 0.1481594140625 0.80162651875 0.13495461875 0.286159809375 0.1200684 0.291213384375 0.1320839734375 0.7940461265625001
0 0.2997276875 0.785202296875 0.3169513546875 0.7902559296875 0.296282953125 0.2987937765625 0.2846228890625 0.2987937765625 0.2997276875 0.785202296875
0 0.91942495 0.8458454328125 0.9515758312499999 0.8433186734375001 0.9561687921875001 0.274789221875 0.9238869265625 0.2722624046875 0.91942495 0.8458454328125
0 0.9532981984375001 0.8546892609375 0.9768371921875 0.8546892609375 0.975688965625 0.6424382296875 0.9739665984375 0.2722624046875 0.9557639734375 0.285528090625 0.9532981984375001 0.8546892609375
0 0.8780881484374999 0.2823696140625 0.8734951875 0.8521623875 0.91425785 0.8445819953125 0.9182767234375 0.2760526015625 0.87994829375 0.2779476984375 0.8780881484374999 0.2823696140625
0 0.098784890625 0.8281578906249999 0.116582671875 0.8218408203124999 0.1091190921875 0.3253251484375 0.0916375203125 0.3253251484375 0.098784890625 0.8281578906249999