0 0.1238589265625 0.12224279375 0.115654240625 0.749004640625 0.13425154687500002 0.7715680640625 0.1440971703125 0.7653003703125 0.156130728125 0.7527652109375 0.1632414234375 0.12851043125 0.1451911125 0.1397921421875 0.137533421875 0.1397921421875 0.12784700468750002 0.1222973546875 0.1238589265625 0.12224279375
0 0.191137359375 0.1021864375 0.1807447890625 0.114721653125 0.16980517343749998 0.11722871875 0.164811728125 0.11018646875 0.1533958 0.7953849359375 0.1708991640625 0.8041596390624999 0.1856676015625 0.7928779265625 0.191137359375 0.1021864375
0 0.4086297671875 0.823473396875 0.3753174578125 0.11636574375 0.3594804109375 0.1426476203125 0.34910446875 0.148905228125 0.3433206171875 0.145006709375 0.3747713375 0.8297309484375001 0.39279276875 0.83724005625 0.40207651875000006 0.8347370578125 0.4086297671875 0.823473396875
0 0.34374453437499997 0.8705963484374999 0.3661707125 0.8731034718749999 0.3349929015625 0.08213005 0.3070969671875 0.0946652953125 0.34374453437499997 0.8705963484374999
0 0.0676438140625 0.149098934375 0.057151853125 0.8303639609375001 0.09562238749999999 0.8243527984375 0.10698870468749999 0.13106545 0.065895140625 0.1350728296875 0.0676438140625 0.149098934375
0 0.2813889140625 0.2212711921875 0.301627159375 0.796638496875 0.33444590625 0.78911735625 0.3098318453125 0.2012147765625 0.28412384375 0.2200176296875 0.2813889140625 0.2212711921875
0 0.3769557703125 0.1639488078125 0.413469909375 0.86790353125 0.44740318125 0.8748109562499999 0.45341030781249997 0.8622958546874999 0.46487849062500003 0.8535351906249999 0.4621479875 0.8047259921875 0.43375056562500003 0.1489305921875 0.4053531421875 0.1677033609375 0.395523271875 0.170206415625 0.38023239375 0.1626973078125 0.3769557703125 0.1639488078125
0 0.4409827234375 0.1931807546875 0.46633834687500003 0.864427146875 0.47945329843750006 0.868434528125 0.49431688124999995 0.868434528125 0.46458963437499995 0.1571137859375 0.4514746828125 0.185165903125 0.4383597328125 0.16713241875 0.4409827234375 0.1931807546875
0 0.2245031015625 0.8392583359374999 0.2513050953125 0.8267230624999999 0.23981853437499998 0.2400740453125 0.2152044734375 0.2501021953125 0.2245031015625 0.8392583359374999
0 0.1889494765625 0.2852008921875 0.18676154218750002 0.8029060765624999 0.2184863484375 0.806666646875 0.21301654062500003 0.2764261890625 0.1916843546875 0.2826938265625 0.1889494765625 0.2852008921875
0 0.2387245421875 0.2475951859375 0.2534929796875 0.8906527625 0.27427821875 0.8969203421874999 0.2622446625 0.2375669796875 0.243100409375 0.2375669796875 0.241459471875 0.2388204828125 0.2387245421875 0.2475951859375
0 0.496939871875 0.2893593375 0.49431688124999995 0.8964867359375001 0.5485253171875 0.9085090593749999 0.55114830625 0.29136302812500003 0.4986885046875 0.2833481765625 0.496939871875 0.2893593375