0 0.1492553546875 0.7964966671875 0.1626814125 0.7976336374999999 0.189533575 0.751015028125 0.20915628125 0.14610965 0.189533575 0.1506578203125 0.17231109375 0.14269852968750002 0.1492553546875 0.7964966671875
0 0.759001290625 0.8169633890625001 0.761066809375 0.8385670828125 0.7791404015625 0.8328819171875 0.866409846875 0.2188802265625 0.8576313234375 0.21774317812500002 0.8488527046875 0.1927283125 0.759001290625 0.8169633890625001
0 0.7244033171875001 0.819237434375 0.7466079921875 0.8385670828125 0.8436888625 0.21774317812500002 0.8232300890625 0.1938653359375 0.7244033171875001 0.819237434375
0 0.8483363484374999 0.8533486390625 0.8891309250000001 0.8578968343750001 0.9278599828124999 0.27914334375 0.89219650625 0.2552655015625 0.8483363484374999 0.8533486390625
0 0.815287490625 0.8033189078125 0.8328447265625 0.8101411484375 0.8839670828124999 0.37124359375 0.8891309250000001 0.3212138640625 0.8766984359375 0.309843428125 0.815287490625 0.8033189078125
0 0.78585340625 0.8146892390625 0.8044433546875001 0.8249226015625 0.870024621875 0.3359953671875 0.85422623125 0.3200767890625 0.78585340625 0.8146892390625
0 0.8994587062500001 0.8624449249999999 0.9190813656250001 0.8726782859375 0.9314746640625 0.8601708796875001 0.9603923921874999 0.28028041875 0.9332663953125 0.272321103125 0.8994587062500001 0.8624449249999999
0 0.9443844125 0.8669931203125 0.966589040625 0.8613079546875 0.9722693343750001 0.5770478906250001 0.971752884375 0.282554465625 0.9624579093750001 0.278006321875 0.9443844125 0.8669931203125
0 0.0723135953125 0.3155286453125 0.057854754687499996 0.898830278125 0.09090354218749999 0.9022413984375 0.107427971875 0.309843428125 0.073898340625 0.31154898750000004 0.0723135953125 0.3155286453125
0 0.192115496875 0.7339594265625 0.48284160781249996 0.710081584375 0.483358059375 0.6577777031250001 0.49265303281249995 0.604336853125 0.2040821390625 0.6390165421875 0.195213821875 0.6896148609375 0.192115496875 0.7339594265625
0 0.3852443828125 0.8294707953125 0.3852443828125 0.8021818328125001 0.160615846875 0.804455878125 0.158550328125 0.8351559625 0.3852443828125 0.8294707953125