0 0.509302728125 0.7937139359375001 0.5326764515625 0.79137769375 0.4662737984375 0.0776776671875 0.44191931249999994 0.087022340625 0.509302728125 0.7937139359375001
0 0.348005753125 0.7750245375 0.36394239375000004 0.78320116875 0.37669170625000004 0.7738564171875 0.3368501046875 0.25055428125 0.34269352343750004 0.23887342031249997 0.33419396562500003 0.1384181046875 0.2992270078125 0.155355321875 0.348005753125 0.7750245375
0 0.43990703125 0.78320116875 0.45956223906250004 0.7878734390625 0.4781549703125 0.777360671875 0.41812697187500003 0.14659468281250002 0.38292919687500004 0.1641159609375 0.43990703125 0.78320116875
0 0.540113584375 0.7925458140625 0.5565814140625001 0.8042267015625001 0.583673703125 0.786705425 0.5268330328124999 0.21901598125000002 0.534270115625 0.1816372390625 0.5305516 0.13140959375 0.47699451562500006 0.1676202171875 0.540113584375 0.7925458140625
0 0.48380410312500005 0.777360671875 0.4912411859375 0.7937139359375001 0.5103651546875 0.7703521609374999 0.44714982968749994 0.1500989390625 0.43546294375 0.15477128906249998 0.4188015640625 0.16061170625 0.48380410312500005 0.777360671875
0 0.2087454765625 0.7983862046875 0.22680701874999998 0.7785287921874999 0.20715181249999998 0.1559393828125 0.19652740156249998 0.1617798 0.181246778125 0.155355321875 0.2087454765625 0.7983862046875
0 0.178997096875 0.7983862046875 0.1991834921875 0.8007224468749999 0.18059076093749998 0.1559393828125 0.1573318671875 0.1536031953125 0.178997096875 0.7983862046875
0 0.5263017953125 0.2248563984375 0.590048359375 0.8007224468749999 0.6001415812500001 0.817075603125 0.6107659921875 0.8088989718749999 0.6235153046875 0.7983862046875 0.6298899609374999 0.780864928125 0.5746429562500001 0.1617798 0.535187465625 0.18514149375 0.5263017953125 0.2248563984375
0 0.148717478125 0.817075603125 0.17102877656249998 0.8053947156250001 0.1503111421875 0.1699564046875 0.1279998453125 0.1687883109375 0.148717478125 0.817075603125
0 0.631483625 0.79488195 0.67716869375 0.7937139359375001 0.6468890765624999 0.36035426875 0.631483625 0.22836065468750003 0.582220125 0.2499702203125 0.631483625 0.79488195
0 0.7047921734375 0.8264202484375 0.7180727234375001 0.833428759375 0.7324157 0.82291599375 0.7430401109375 0.8018904609374999 0.6755750296875 0.19448619375 0.661232053125 0.20967128281249997 0.631644275 0.2236883046875 0.7047921734375 0.8264202484375
0 0.3750980421875 0.8007224468749999 0.40431518437499997 0.7902096796875 0.3559740734375 0.23770532656249999 0.3527867453125 0.23770532656249999 0.337490865625 0.2482180921875 0.3750980421875 0.8007224468749999
0 0.40378399531250003 0.817075603125 0.4250328171875 0.8194117375 0.3750980421875 0.2201840484375 0.35662279531249996 0.230696815625 0.40378399531250003 0.817075603125
0 0.28736625312499997 0.757503259375 0.3011779921875 0.7528308828125 0.280460359375 0.3112946921875 0.28311644999999996 0.296109603125 0.26574613125 0.3060383078125 0.28736625312499997 0.757503259375
0 0.23477533906249998 0.7761926578125 0.26611738281249997 0.7796969140625001 0.24805584062500002 0.28442876875 0.21632198125 0.2937734140625 0.23477533906249998 0.7761926578125
0 0.27249203906249997 0.76334365 0.2884286796875 0.7645117703125 0.26452371874999997 0.30428618125 0.250600021875 0.300781925 0.27249203906249997 0.76334365
0 0.3319888484375 0.78320116875 0.30967755 0.292605346875 0.29055358125 0.2937734140625 0.2936468625 0.2937734140625 0.31923953437499997 0.7796969140625001 0.3319888484375 0.78320116875
0 0.1306559359375 0.797218190625 0.14924866718750002 0.799554325 0.1327808375 0.2914372796875 0.11906800937499999 0.286764903125 0.1306559359375 0.797218190625
0 0.318177059375 0.7785287921874999 0.293209671875 0.3031181140625 0.28168940625 0.30428618125 0.3017092296875 0.7902096796875 0.318177059375 0.7785287921874999
0 0.9226971078125 0.2809245125 0.9226971078125 0.845109646875 0.9545703890624999 0.8369330156249999 0.955101578125 0.273915975 0.9218118656250001 0.27450000937499996 0.9226971078125 0.2809245125
0 0.8759496109375 0.84744578125 0.9163224515625 0.8439415265625 0.917916115625 0.27975639218750004 0.8787650250000001 0.2780042640625 0.8759496109375 0.84744578125
0 0.9572264796875001 0.8521181578125001 0.9790065390624999 0.8509500375 0.9758192109375001 0.27508406875 0.9552927406249999 0.28851703125 0.9572264796875001 0.8521181578125001
0 0.1014387453125 0.8310926249999999 0.1173753859375 0.8264202484375 0.1072822125 0.329984090625 0.090370115625 0.32881596874999997 0.1014387453125 0.8310926249999999