0 0.8004282921874999 0.802727478125 0.81585554375 0.80163241875 0.850691209375 0.1500322890625 0.8299558265625 0.13908101875 0.8004282921874999 0.802727478125
0 0.440351946875 0.7709688531250001 0.4393566328125 0.7884909046875 0.4567745109375 0.8082031765625001 0.475187634375 0.7994421 0.5667557624999999 0.2299765078125 0.5742205546875 0.21026423749999998 0.5786994296875 0.191647075 0.5548120953125 0.18507631875 0.5483425937499999 0.1533176671875 0.440351946875 0.7709688531250001
0 0.81336725 0.8366764234374999 0.8168508343750001 0.850913096875 0.832775709375 0.8454373984375 0.8651231703125 0.18507631875 0.8478787828125001 0.1785055609375 0.81336725 0.8366764234374999
0 0.547347303125 0.82463006875 0.5493379296875001 0.8377715828125 0.5647651359375 0.850913096875 0.5786994296875 0.8377715828125 0.639910721875 0.3548208921875 0.657826221875 0.20150321093749998 0.6453848875 0.20150321093749998 0.6275757640624999 0.1785055609375 0.547347303125 0.82463006875
0 0.7989353343750001 0.182886075 0.767085540625 0.8443423390625 0.77554566875 0.8585789125 0.7884846265625 0.8399618015625 0.817846125 0.18507631875 0.79859065 0.176862871875 0.7989353343750001 0.182886075
0 0.8785597953125001 0.7852055265625 0.8895081265625 0.7808249875 0.898963590625 0.27925718593750004 0.891192596875 0.2770669171875 0.8785597953125001 0.7852055265625
0 0.941264046875 0.2540692671875 0.93628755 0.823534909375 0.9651513812499999 0.8202495296875 0.9726161734375 0.2474985109375 0.9419743109375001 0.2474985109375 0.941264046875 0.2540692671875
0 0.88801516875 0.8279154468750001 0.9278274218749999 0.82463006875 0.940766425 0.2474985109375 0.90164765625 0.24421313125 0.88801516875 0.8279154468750001
0 0.4632439671875 0.857483853125 0.48613601093750003 0.8739107468749999 0.5816853453124999 0.2507838890625 0.565592203125 0.23271430624999997 0.4632439671875 0.857483853125
0 0.5005679265625 0.8443423390625 0.5319200515625 0.8487227781250001 0.603582053125 0.3066353234375 0.579197096875 0.2737815375 0.5005679265625 0.8443423390625
0 0.6662863046874999 0.8618642921875 0.667281640625 0.8815765624999999 0.6757417234374999 0.9001937734375 0.6891783484375 0.8980034546875 0.7016196828125 0.88814731875 0.7150563078125 0.8640546109375 0.7568591421875001 0.245308265625 0.7304835140625 0.24092775312499998 0.7112162328125 0.22450086093750002 0.6662863046874999 0.8618642921875
0 0.673751096875 0.3372988890625 0.6389154312499999 0.7873957453125 0.640408390625 0.8082031765625001 0.6508590984375 0.8290105062500001 0.689676015625 0.34934524375 0.6747464328125 0.3318232421875 0.673751096875 0.3372988890625
0 0.6508590984375 0.8333910437500001 0.6687745984375 0.8333910437500001 0.7026149734375 0.34058426875 0.690306115625 0.34441717656250004 0.6508590984375 0.8333910437500001
0 0.5811876781249999 0.8333910437500001 0.585666553125 0.8410569609375 0.59860555625 0.8410569609375 0.6528496796875001 0.34496475625 0.6410179828125 0.33784641875 0.5811876781249999 0.8333910437500001
0 0.8287945015625 0.877196125 0.8482029609374999 0.880481503125 0.873085584375 0.3394891078125 0.8583338421875 0.3329183515625 0.8287945015625 0.877196125
0 0.724287415625 0.87938634375 0.7561372093750001 0.876100965625 0.7840057515625001 0.3613916484375 0.7500493078125 0.3559160015625 0.724287415625 0.87938634375