0 0.267799434375 0.8256257421875001 0.289124275 0.8256257421875001 0.22448351406249997 0.1892632078125 0.2258162921875 0.153745290625 0.2124883515625 0.0457116453125 0.1904945890625 0.0608412296875 0.267799434375 0.8256257421875001
0 0.2204851015625 0.778268575 0.23581228593749998 0.8093466953125 0.24380903437499998 0.798987378125 0.26046907343750003 0.7886280609375 0.19316267812500001 0.11674746093749999 0.172504340625 0.1330265078125 0.16117552968749999 0.1285867734375 0.2204851015625 0.778268575
0 0.1485139796875 0.1626248015625 0.1598427140625 0.3431741734375 0.19316267812500001 0.78122835625 0.2178194671875 0.7723489296875 0.16517390468749998 0.1478256859375 0.1458483078125 0.15670515625 0.1485139796875 0.1626248015625
0 0.0598827796875 0.138946196875 0.07587635468750001 0.8137864499999999 0.0838731796875 0.8315454734375001 0.097867546875 0.8315454734375001 0.1111955640625 0.8123065609375001 0.09653480625000001 0.1152675484375 0.0745436140625 0.130066728125 0.0604698171875 0.132963059375 0.0598827796875 0.138946196875
0 0.1065308 0.2144217671875 0.1465147734375 0.78418830625 0.18050112812500002 0.78122835625 0.150513146875 0.1774238734375 0.10547839218749999 0.20508489062500002 0.1065308 0.2144217671875
0 0.221151490625 0.175943984375 0.2977874140625 0.8404249 0.3117818203125 0.8670633484374999 0.3364386078125 0.859663896875 0.35176579218750004 0.8493044109375001 0.288457809375 0.2499396859375 0.27512986875 0.130066728125 0.2571370515625 0.14634571093749998 0.24447549999999998 0.15522518125 0.22550125781250002 0.1634761421875 0.221151490625 0.175943984375
0 0.8858354046875 0.19758495781250002 0.8738402437499999 0.20054482343750002 0.8556790843750001 0.17372923125 0.7678827296875 0.8531864046875001 0.7785451125 0.8783448796875 0.795871465625 0.869465453125 0.8858354046875 0.19758495781250002
0 0.759219515625 0.23754258906249998 0.696577921875 0.82802793125 0.7232339546875 0.851706515625 0.7912066624999999 0.2641810390625 0.7612186828125 0.2316229859375 0.759219515625 0.23754258906249998
0 0.9418130281250001 0.22422336562499998 0.9165830046875 0.1977598703125 0.9011625890625 0.32189765000000004 0.83318988125 0.8798248546874999 0.85384825625 0.8901843406250001 0.9418130281250001 0.22422336562499998
0 0.33310658437499996 0.21146190156250003 0.425736159375 0.9025812249999999 0.43773132031250006 0.90702098125 0.447060925 0.8877821515625 0.35176579218750004 0.19074309843749998 0.3457682125 0.199622609375 0.3330217421875 0.20508489062500002 0.33310658437499996 0.21146190156250003
0 0.2897906640625 0.2514195328125 0.3524321828125 0.8803825312500001 0.40174575937499996 0.8759428609375 0.35976261875 0.42900908125 0.3404370203125 0.239580240625 0.29176388124999997 0.260563221875 0.2897906640625 0.2514195328125
0 0.9411465625 0.22866312031249997 0.8605122265625 0.8813048296874999 0.8651770296875 0.906463303125 0.8805042140625 0.9123830343750001 0.9668425296875001 0.23362403281250002 0.9418877359375 0.213406640625 0.9411465625 0.22866312031249997
0 0.787874715625 0.30265882187500004 0.72789875625 0.8295078218749999 0.763217928125 0.8383872484375001 0.826525834375 0.33817674062499997 0.7905402734375 0.296739134375 0.787874715625 0.30265882187500004
0 0.9452493437499999 0.40906353125 0.936431128125 0.863742803125 0.9574978390625001 0.86959083125 0.9663158734374999 0.3178350125 0.9599959265625 0.29444310156250003 0.9452493437499999 0.40906353125
0 0.87783865625 0.30265882187500004 0.8125315046875 0.910902975 0.82119464375 0.927182021875 0.82919146875 0.9227422671875001 0.8978306421875001 0.318937828125 0.8793758281249999 0.3077198046875 0.87783865625 0.30265882187500004