0 0.597795903125 0.8861602890625001 0.6113326781249999 0.9013896828125001 0.628151478125 0.8985341703125 0.7347020515625 0.08007324375 0.7079577796875001 0.0628212453125 0.597795903125 0.8861602890625001
0 0.7346331453125 0.8737864078124999 0.7670405484375 0.8853002578125 0.7831583578125 0.8820542281250001 0.7875856156250001 0.86997975625 0.8553439890625001 0.15324576406249998 0.827844065625 0.14943598281249998 0.8061551234375001 0.138016371875 0.7346331453125 0.8737864078124999
0 0.9177152109375 0.85189415625 0.9397704328125001 0.8614125265625001 0.9687030921875 0.8530839515625 0.9644936265625 0.164667809375 0.918583965625 0.163715971875 0.9177152109375 0.85189415625
0 0.5067379765625 0.8728345703124999 0.5295255015625 0.8918713109375 0.5522029609375 0.8948245968749999 0.6541790125 0.1669879109375 0.6102348203125 0.138968209375 0.5067379765625 0.8728345703124999
0 0.6381119015625 0.8814011046875001 0.6831116703125 0.904483153125 0.7040404171875 0.8930611078125 0.795344296875 0.1647867890625 0.7634450640625 0.15320708593750001 0.7345232453125 0.13230535000000002 0.6381119015625 0.8814011046875001
0 0.5523815515625 0.8871121265624999 0.578152884375 0.903772728125 0.59352715 0.8918713109375 0.69105629375 0.160503521875 0.672617653125 0.155863315625 0.6595706828125001 0.1399200453125 0.5523815515625 0.8871121265624999
0 0.37563533437499996 0.8928231484375001 0.39967149218750003 0.9109080531249999 0.41898259062500004 0.9137635640624999 0.526650021875 0.1808490390625 0.484997628125 0.15229392656250001 0.37563533437499996 0.8928231484375001
0 0.4734431734375 0.8833047781250001 0.502934728125 0.8956786593749999 0.5999451015624999 0.22284884843750002 0.5732329218750001 0.1989339421875 0.4734431734375 0.8833047781250001
0 0.84253773125 0.8804492671874999 0.9094148578125001 0.8731848875000001 0.9170037515624999 0.23891109843749997 0.849324003125 0.23891109843749997 0.84253773125 0.8804492671874999
0 0.42621575468749995 0.8823529406249999 0.46878470625 0.8994860078125001 0.55463406875 0.27008376093750003 0.5201019921875 0.2503331421875 0.42621575468749995 0.8823529406249999
0 0.34967464531250003 0.9156672374999999 0.3561642140625 0.9242540484375 0.3696547796875 0.920890721875 0.4502431140625 0.34596892968750004 0.42996916562500004 0.33599847656250004 0.34967464531250003 0.9156672374999999
0 0.32425481562499997 0.9166190750000001 0.3473624046875 0.918790453125 0.42467426093749994 0.3559870546875 0.40625 0.34456501093749997 0.32425481562499997 0.9166190750000001