0 0.5829836 0.100908678125 0.5734700546875 0.776341478125 0.5824240140625 0.771195284375 0.6076069734375 0.0970490625 0.5980933765625001 0.09962215937499999 0.5908183328125001 0.0970490625 0.5801855109375 0.0880433125 0.5829836 0.100908678125
0 0.5376542734374999 0.8085048625000001 0.571231553125 0.8380953281249999 0.5796258734374999 0.063599040625 0.5801855109375 0.055879809375 0.5505255984375 0.054593290625 0.5376542734374999 0.8085048625000001
0 0.58913946875 0.773768321875 0.6048088328125 0.787920325 0.614882015625 0.787920325 0.63894575 0.125352890625 0.6367072484375 0.125352890625 0.6087261984375 0.1060548125 0.58913946875 0.773768321875
0 0.44990104999999997 0.523025209375 0.44990104999999997 0.4972944765625 0.44934146249999996 0.4702771671875 0.446543321875 0.4561252234375 0.17344813125 0.4162425484375 0.1726585109375 0.39972780937499997 0.17400774375 0.4921482828125 0.44990104999999997 0.523025209375
0 0.6383861125 0.131785603125 0.619359021875 0.786633746875 0.6221571109374999 0.79821259375 0.6322302953125 0.8020722093750001 0.642303478125 0.7904933625 0.6669267999999999 0.1369317375 0.6439823421875001 0.125352890625 0.6383861125 0.131785603125
0 0.641510978125 0.7456151953125 0.6510375703125 0.7456151953125 0.66975048125 0.2287306609375 0.6609043781249999 0.225601946875 0.641510978125 0.7456151953125
0 0.82309929375 0.2131192515625 0.8360228203125001 0.24282969843750002 0.8362812749999999 0.26956909375000004 0.8448107921875 0.2725401453125 0.847395503125 0.7837976125 0.8548911312499999 0.7796381609374999 0.857475840625 0.7754787078125001 0.8502386671875 0.20301770624999999 0.823357771875 0.2000466671875 0.82309929375 0.2131192515625
0 0.7165609671875 0.783321284375 0.727704384375 0.7937582578125 0.7479275953125 0.7966047140625 0.7586583171875 0.8004000171874999 0.761547325 0.2064396 0.7202754390624999 0.195053778125 0.7165609671875 0.783321284375
0 0.7102384796875 0.2887756171875 0.705134953125 0.7823323203125 0.711259184375 0.7823323203125 0.713640809375 0.2551418140625 0.7017325921875 0.24966653593750002 0.7102384796875 0.2887756171875
0 0.8380905750000001 0.77778314375 0.847395503125 0.77778314375 0.8445759765625 0.2752922765625 0.835908875 0.27813873125 0.8380905750000001 0.77778314375
0 0.885361121875 0.1824419765625 0.900159153125 0.8687053359375 0.911385271875 0.89216729375 0.9139366437499999 0.8945135656250001 0.9323066328125 0.9003790281249999 0.943022459375 0.8945135656250001 0.94761495625 0.8886479953125 0.9307757999999999 0.19065368437500002 0.9251627640625 0.1953460640625 0.91189551875 0.20707709843750002 0.8960769484375 0.191826765625 0.8838302890625 0.1765764875 0.885361121875 0.1824419765625
0 0.8194000984375001 0.2487253515625 0.8235273015625 0.8474298546875 0.8330198296875 0.8521739171875 0.8379724578125 0.84648100625 0.83467071875 0.2439812671875 0.8264163109375 0.24967417812499998 0.816923784375 0.246827721875 0.8194000984375001 0.2487253515625
0 0.6894841281249999 0.8151839546874999 0.7020728375 0.8253523406250001 0.712279890625 0.286429071875 0.695608359375 0.2856469015625 0.6894841281249999 0.8151839546874999
0 0.45605691875 0.60922333125 0.45661650624999994 0.5641944624999999 0.199190703125 0.5358906328125 0.19881889218749998 0.5291083078125001 0.19639258906249998 0.5757733093749999 0.45605691875 0.60922333125
0 0.78961225 0.8778048640625 0.799517509375 0.8844466234375 0.8131372390625 0.8806513203125 0.8209788781249999 0.872111953125 0.8201534515625 0.27245866875 0.8222170343749999 0.27285692031250003 0.7904376765625 0.2605222515625 0.78961225 0.8778048640625
0 0.2042272953125 0.9398637000000001 0.4599742328125 0.8292214234375 0.46333196093750006 0.7739002265625 0.4610935109375 0.7327310328125 0.1790443359375 0.8266483859375 0.1813786375 0.8264903484375001 0.1818424515625 0.9064137375 0.2042272953125 0.9398637000000001