0 0.6374546796875 0.7768223562500001 0.6580475375 0.7914793828125 0.7393390265625001 0.11044883750000001 0.7239092765625 0.0791479375 0.6374546796875 0.7768223562500001
0 0.5855358140625 0.7504397109375 0.5998726390625 0.7738909515625 0.6183689640625001 0.7867265875 0.63665585 0.774729346875 0.71401911875 0.165135821875 0.69806714375 0.152519096875 0.6869773609375 0.1413807046875 0.6785920562500001 0.10650771875000001 0.5855358140625 0.7504397109375
0 0.66111663125 0.7748680875 0.6679555374999999 0.7934336531249999 0.677343759375 0.795332853125 0.6886986421875 0.7836609125 0.7655485109375 0.17099863125 0.7543322921875 0.17351800625 0.744670221875 0.160250146875 0.7430135953125 0.14168458125 0.66111663125 0.7748680875
0 0.1498308609375 0.8040181203125 0.163797340625 0.8019102984375 0.17537643125 0.3222591359375 0.19652085625 0.29457364375 0.20042250625000002 0.142026578125 0.1831810328125 0.1516513796875 0.1658484390625 0.1439645625 0.1498308609375 0.8040181203125
0 0.7691022624999999 0.152433065625 0.6904836421875 0.7836623015625 0.6991429625000001 0.803205003125 0.710954009375 0.8137654609375 0.7245553671875 0.800339615625 0.7980348515625 0.18565565781249999 0.7935343015625 0.19640414374999998 0.782133821875 0.1852830140625 0.7749791484374999 0.1763580953125 0.7696707843749999 0.155364471875 0.7691022624999999 0.152433065625
0 0.4705717015625 0.7758452218749999 0.478138884375 0.7963650578125 0.495463421875 0.808090678125 0.514120615625 0.7826851671874999 0.5964159828125 0.196437109375 0.5807566015625001 0.1953573484375 0.568853296875 0.1582958765625 0.4705717015625 0.7758452218749999
0 0.5270138296875 0.766073871875 0.58030923125 0.7865937078125 0.643735359375 0.260500003125 0.612737209375 0.1954270078125 0.5270138296875 0.766073871875
0 0.42117128125000003 0.7944107875 0.42844574062499996 0.8074671953125 0.44171293437500003 0.799271771875 0.543990384375 0.2227869421875 0.52664608125 0.197381278125 0.42117128125000003 0.7944107875
0 0.7269014671875 0.7963650578125 0.7436930765625 0.806966715625 0.8152595 0.2344241953125 0.8086727249999999 0.23109585156249998 0.801086021875 0.2081297640625 0.7269014671875 0.7963650578125
0 0.2480334953125 0.8325190546875 0.2613600625 0.8340295921875001 0.291566946875 0.8051592734374999 0.30347583125 0.2003126828125 0.2826825703125 0.20617549375 0.271577096875 0.20715262812500002 0.26091584375 0.19054133281250002 0.2480334953125 0.8325190546875
0 0.7440450109375 0.822747703125 0.762883228125 0.8373032046875 0.8416830093750001 0.213255134375 0.8229851609375001 0.19054133281250002 0.7440450109375 0.822747703125
0 0.7709641640625 0.8276333796875001 0.781288721875 0.843433603125 0.793505903125 0.8274379828124999 0.8662615578124999 0.20617549375 0.8614127515625001 0.20715262812500002 0.854392290625 0.20715262812500002 0.850530921875 0.19054133281250002 0.7709641640625 0.8276333796875001
0 0.383076040625 0.7768223562500001 0.41683667656249995 0.785616571875 0.49806352187499997 0.35019389218749997 0.477250446875 0.3087746734375 0.383076040625 0.7768223562500001
0 0.8928036953125 0.863627521875 0.929479165625 0.27310924375 0.895377796875 0.24752888906249998 0.8957046468750001 0.2511237046875 0.8945718890625001 0.2515389875 0.894371990625 0.253077975 0.8944397531250001 0.2515874296875 0.8930393343749999 0.252100840625 0.8517408968750001 0.8559702953125001 0.8928036953125 0.863627521875
0 0.828609446875 0.8071135437500001 0.84199933125 0.8111185203125 0.8914525687499999 0.3194493734375 0.880742403125 0.3077975375 0.828609446875 0.8071135437500001
0 0.22226880000000002 0.3097518078125 0.2158571140625 0.8129763531249999 0.24447974375 0.8029348921875 0.2553115359375 0.3136651109375 0.22319841875000002 0.3107289421875 0.22226880000000002 0.3097518078125
0 0.9028901109374999 0.8608559703124999 0.9312076859375 0.8638801656249999 0.9618689703125 0.284239421875 0.9340567796875 0.262849325 0.9028901109374999 0.8608559703124999
0 0.856169165625 0.3175688875 0.7986179265625 0.8090678125 0.8114131171875 0.8278725109374999 0.872175065625 0.331003540625 0.85763950625 0.3136603484375 0.856169165625 0.3175688875
0 0.9436238921875001 0.86267995625 0.9531892281250001 0.8672960859375 0.9677889499999999 0.852713178125 0.9734526359375 0.5470653375000001 0.9729984890625 0.276854928125 0.9642648796875 0.2746400890625 0.9436238921875001 0.86267995625
0 0.16515474218749998 0.8317868687500001 0.175625815625 0.8286089515624999 0.18717550624999998 0.3283173734375 0.17477119218749998 0.32538596875 0.16515474218749998 0.8317868687500001
0 0.1755702875 0.8449775265625 0.18756566875 0.8382427187499999 0.2009462921875 0.33808872343749996 0.188988359375 0.336134453125 0.1755702875 0.8449775265625
0 0.058352026562500006 0.8989642375000001 0.0876704734375 0.8931014265625 0.102159265625 0.30869785625 0.07125244375 0.3097518078125 0.058352026562500006 0.8989642375000001