0 0.6330669375 0.7790594078125 0.6569796296875 0.794477346875 0.741910909375 0.11246026406250001 0.7259174828125 0.0852521359375 0.6330669375 0.7790594078125
0 0.5868907078125 0.7509443421875 0.6000839171875 0.7781524703125 0.618224578125 0.7863149093749999 0.6343038015625 0.7781524703125 0.7159367796875 0.1695973328125 0.6916118015625 0.14873776875 0.6780826890625 0.1197157640625 0.5868907078125 0.7509443421875
0 0.149390578125 0.789035721875 0.1568117578125 0.7981050984375 0.17206640625 0.796291221875 0.1840227515625 0.7845010343750001 0.20834772968749998 0.1405753296875 0.1836104625 0.14873776875 0.17045655625 0.14420307968749999 0.149390578125 0.789035721875
0 0.66151479375 0.7781524703125 0.6718219890625 0.796291221875 0.6862520609375 0.792663471875 0.7654113125 0.173225084375 0.7501566656249999 0.172318146875 0.7419998718749999 0.15055164375000002 0.66151479375 0.7781524703125
0 0.471799615625 0.7754316578125 0.48293138593749996 0.8026397859375001 0.49694916874999995 0.8071744734375 0.5122038171875001 0.794477346875 0.5991965375 0.1949915859375 0.59012620625 0.199526275 0.577345284375 0.1886430234375 0.5688049265624999 0.1614348953125 0.471799615625 0.7754316578125
0 0.6874889234375 0.7808732828125 0.7048050109374999 0.8098952875000001 0.722121096875 0.8126161 0.7988066218750001 0.1895499609375 0.7909731546875001 0.1968054609375 0.778604521875 0.1859222109375 0.7700409578125 0.15871408125 0.6874889234375 0.7808732828125
0 0.5282830406250001 0.7663622812499999 0.5637397890625 0.7826871578125 0.5806435875 0.7863149093749999 0.6445481921875 0.2639188453125 0.6112789249999999 0.2058748375 0.5282830406250001 0.7663622812499999
0 0.32584974375 0.7772455328125 0.3378060890625 0.8026397859375001 0.3530607375 0.8044536609374999 0.3699645359375 0.794477346875 0.489940278125 0.25212865624999997 0.47674706875000006 0.24578009218750002 0.4639661484375 0.229455215625 0.4545787375 0.203154025 0.32584974375 0.7772455328125
0 0.42026364374999997 0.7899426593750001 0.43015855 0.8062675359375 0.44129032031250004 0.8035467234375 0.547248278125 0.2212927765625 0.5361165078125001 0.21857196406249998 0.5271556671875001 0.2040609625 0.42026364374999997 0.7899426593750001
0 0.7266562624999999 0.7953842843750001 0.7468583625 0.8071744734375 0.8152981328125 0.23580377968750002 0.8005562562499999 0.2113164640625 0.7266562624999999 0.7953842843750001
0 0.8491057312500001 0.18410833437500002 0.769946478125 0.8234993515625 0.7757185078125 0.841638103125 0.7897362921875 0.838010353125 0.86807096875 0.20496789999999998 0.8577637734374999 0.20859565 0.8492157890625001 0.1895499609375 0.8491057312500001 0.18410833437500002
0 0.7460337874999999 0.8225924140625 0.7637621625000001 0.840731165625 0.8433337015625 0.21494421406250003 0.824473653125 0.1913638359375 0.7460337874999999 0.8225924140625
0 0.26235742812499996 0.796291221875 0.272664621875 0.794477346875 0.27719978749999996 0.789035721875 0.22277780156250002 0.3029171625 0.2063326515625 0.3156142890625 0.26235742812499996 0.796291221875
0 0.3852191828125 0.77089696875 0.396350953125 0.7808732828125 0.40707043593750003 0.7863149093749999 0.4165530546875 0.7835940953125 0.5018966234375 0.35007791718750003 0.490352565625 0.33193916562500003 0.48138271718750003 0.3156142890625 0.3852191828125 0.77089696875
0 0.8532286078125001 0.8597768546875001 0.8903345078125 0.86975316875 0.9299141343749999 0.275709034375 0.8962258453124999 0.25394253125 0.8532286078125001 0.8597768546875001
0 0.826842190625 0.8062675359375 0.8396231125 0.8180577250000001 0.8903345078125 0.31742816406249996 0.8817929328125 0.3083587875 0.826842190625 0.8062675359375
0 0.9014662781249999 0.8643115437500001 0.9175454999999999 0.86884623125 0.931975571875 0.8643115437500001 0.9620725796875 0.281150659375 0.9354008921875 0.2693604703125 0.9014662781249999 0.8643115437500001
0 0.9447564937499999 0.8561491046875 0.9521776734375 0.8643115437500001 0.9657831703124999 0.86068379375 0.9736166374999999 0.56048744375 0.9732043499999999 0.278429846875 0.9650914531250001 0.277522909375 0.9447564937499999 0.8561491046875
0 0.797569759375 0.8089883484374999 0.7996311984375 0.814429975 0.807052378125 0.8262201640625 0.81241211875 0.8253132265625001 0.8721938453125 0.33465997812500003 0.8570507984375 0.31924203906250004 0.797569759375 0.8089883484374999
0 0.05868726875 0.897868234375 0.07847708125 0.9014959859375 0.092494865625 0.8987751734374999 0.10651265000000001 0.3083587875 0.07478696875 0.3119865375 0.05868726875 0.897868234375