0 0.22229603281250002 0.1512374984375 0.21809074218750002 0.0473033546875 0.19139228125000002 0.053152732812500006 0.26494950156249997 0.8268094265625001 0.2913826296875 0.8134846187500001 0.21688925312500001 0.1618974296875 0.22229603281250002 0.1512374984375
0 0.22169526093749997 0.7961622203125 0.2379156015625 0.8054896843750001 0.24692690156250002 0.8028246250000001 0.25894195 0.7775074140625 0.196463621875 0.0979379578125 0.1832470296875 0.11659279375 0.1742357296875 0.1339151609375 0.1616199109375 0.124587728125 0.22169526093749997 0.7961622203125
0 0.1466011140625 0.1645623984375 0.1946613625 0.7775074140625 0.21388544999999998 0.776174884375 0.1640229421875 0.1485725296875 0.1472018296875 0.15923243125 0.1466011140625 0.1645623984375
0 0.11115663125 0.8188144921875 0.09673855 0.1205902609375 0.0895295109375 0.1312501625 0.0733091703125 0.1405775953125 0.059632015625 0.1356020859375 0.0763129734375 0.8121520890625 0.085924990625 0.8294744859375 0.096137834375 0.8268094265625001 0.11115663125 0.8188144921875
0 0.4199438609375 0.1512374984375 0.5142621515625 0.8321394234374999 0.5334862953124999 0.8348043609375001 0.543699028125 0.8161495562500001 0.4481792484375 0.1312501625 0.43376116875 0.14724003125000001 0.4213315265625 0.15534721406250002 0.4199438609375 0.1512374984375
0 0.10815288281249999 0.21386450156249998 0.1441980828125 0.7894998156249999 0.1814447703125 0.7841698187499999 0.1472018296875 0.1778872984375 0.10670625468749999 0.21135221875000001 0.10815288281249999 0.21386450156249998
0 0.3280286015625 0.854791696875 0.33884216093749997 0.8481292921874999 0.281169840625 0.277823975 0.287778109375 0.24717670625000002 0.272158540625 0.1139278265625 0.25593820156249997 0.1325826625 0.24332238125 0.14457506250000002 0.23431108125 0.153902496875 0.2187476671875 0.1534119015625 0.29198340156249997 0.8414668875 0.297990953125 0.8574567562500001 0.3142112921875 0.8654516890625 0.3280286015625 0.854791696875
0 0.8334984734375 0.878172440625 0.8521217890624999 0.8901648421875 0.939231040625 0.22125531718749997 0.9164024328125 0.195938046875 0.8334984734375 0.878172440625
0 0.4115333328125 0.9107562343750001 0.43135819218749993 0.8987638328124999 0.34364816875000004 0.1898797 0.337640671875 0.20720203593750003 0.32442408125 0.2058695671875 0.4115333328125 0.9107562343750001
0 0.9404325281249999 0.21592538125 0.85392405 0.8874999046875001 0.867140640625 0.91681458125 0.8815587203125 0.9141496437500001 0.9680671999999999 0.2372451859375 0.954850609375 0.22392031562499998 0.9460074828125 0.2133523984375 0.9404325281249999 0.21592538125
0 0.2829721015625 0.289816375 0.3478534609375 0.8814415578125001 0.3935107328125 0.896098896875 0.3292300890625 0.23518430625 0.2817706125 0.2738265078125 0.2829721015625 0.289816375
0 0.41333559218750004 0.341783446875 0.4722094 0.8574567562500001 0.498642528125 0.8561242265625 0.440970209375 0.2951463109375 0.41141497187500004 0.3293627671875 0.41333559218750004 0.341783446875
0 0.9578544125 0.297207190625 0.9446378203125001 0.42512613593750004 0.9362272921875 0.8608500421875 0.9578544125 0.8608500421875 0.968667971875 0.3012046578125 0.9604315640625 0.3013602640625 0.9578544125 0.297207190625
0 0.36167076875 0.30314124531250003 0.43075742031250003 0.9094238265625 0.4577913203125 0.9027613000000001 0.3923091890625 0.2751589765625 0.36002918125 0.295359728125 0.36167076875 0.30314124531250003
0 0.867140640625 0.2998721890625 0.809468321875 0.9141496437500001 0.8274909218750001 0.9208120484375 0.8953760296875 0.30919959218750004 0.87028105625 0.29735990625 0.867140640625 0.2998721890625