0 0.6942508890625 0.7687315578125 0.712613553125 0.77681811875 0.7158269875000001 0.12786921406250001 0.6974037296875 0.120793440625 0.6942508890625 0.7687315578125
0 0.71536795 0.7697423203125 0.7194995453125 0.783893915625 0.7351077703125 0.77681811875 0.7475025578125 0.13494498906250002 0.7337305703125 0.13898826875 0.7270258265625 0.1268583828125 0.71536795 0.7697423203125
0 0.9238032078125 0.7636753296875 0.9522443218750001 0.764545146875 0.95184933125 0.2096193 0.9279009125 0.20831461562500003 0.9238032078125 0.7636753296875
0 0.7484373421875 0.7384068453125 0.764045565625 0.749525875 0.7746041171875 0.244113959375 0.75802569375 0.22996241093749997 0.7484373421875 0.7384068453125
0 0.8088418656249999 0.780201359375 0.84478825 0.7819409125 0.85900880625 0.253108796875 0.8597988624999999 0.22092657343750002 0.8235734203125 0.2174474078125 0.8088418656249999 0.780201359375
0 0.9510829515625 0.8306491062499999 0.9645134546874999 0.8480449515625 0.975178871875 0.8419563984374999 0.9720187609375 0.1896141453125 0.9621433609375 0.1939630875 0.9522044765625 0.1796115578125 0.9510829515625 0.8306491062499999
0 0.7964691078125 0.764952821875 0.8092917453125 0.7629829859374999 0.8215179640624999 0.2685542515625 0.8087724734374999 0.2646145796875 0.7964691078125 0.764952821875
0 0.8831047625 0.8167325249999999 0.9075957109375 0.8010763109375001 0.9162861 0.240931728125 0.892334721875 0.24354109687499997 0.8831047625 0.8167325249999999
0 0.7717184625 0.7958136203125 0.78603209375 0.7912173171875 0.795276296875 0.2915356765625 0.7823707296875 0.28825260625000004 0.7717184625 0.7958136203125
0 0.84478825 0.83586784375 0.8736243921875 0.8349981078125 0.8866599031250001 0.258327534375 0.857954071875 0.253978571875 0.84478825 0.83586784375
0 0.601491409375 0.633786534375 0.5991960921875 0.60042935 0.3529607515625 0.578696621875 0.35221844999999996 0.6236783124999999 0.601491409375 0.633786534375
0 0.221604084375 0.8915466500000001 0.2275719390625 0.9046872984375 0.5461639125 0.802594125 0.54570483125 0.7722694109375 0.5484592296875 0.7439663140625 0.55167270625 0.7237498687499999 0.2317168234375 0.7970345640625001 0.221604084375 0.842016253125 0.221604084375 0.8915466500000001