0 0.5698143015625 0.78545995625 0.5813107343749999 0.768493390625 0.6142671281250001 0.09491653125 0.6110675062500001 0.09847012968749999 0.5805442828125 0.0932198515625 0.5698143015625 0.78545995625
0 0.5928071671875 0.768493390625 0.6142671281250001 0.78036995625 0.638792896875 0.13563657499999998 0.64032573125 0.11697321406250001 0.611967840625 0.110186571875 0.5928071671875 0.768493390625
0 0.553719296875 0.044016523437499996 0.5376242921875 0.8193933984375 0.56904785 0.8499334031249999 0.583610021875 0.0728598484375 0.563682825 0.0524998453125 0.553719296875 0.044016523437499996
0 0.6147444296875 0.7710604828125 0.6329353640625001 0.8060316765625 0.64346698125 0.7880161484375 0.6621366390625 0.145510353125 0.6616673609375 0.129029828125 0.6426250171875 0.12375985625000001 0.6147444296875 0.7710604828125
0 0.1758698609375 0.40201325781249997 0.1774026953125 0.503813271875 0.45025140468749997 0.539443278125 0.4510177875 0.49363327031250004 0.44182064062500004 0.43933990312500004 0.1775187546875 0.3989738234375 0.1758698609375 0.40201325781249997
0 0.8387450578125 0.2520884859375 0.8393274984374999 0.7923166359375 0.8538880359375 0.7897380203125001 0.8527232078125 0.1837541140625 0.8488783906249999 0.187073021875 0.8177778328124999 0.18762209531250001 0.8387450578125 0.2520884859375
0 0.64032573125 0.7532233890625 0.6501135890625 0.7519331375 0.6697889046875 0.25104049375000004 0.67201733125 0.233442128125 0.6594334828124999 0.236139815625 0.64032573125 0.7532233890625
0 0.7135241484375 0.779423440625 0.7612827921875 0.81423528125 0.7659422109375 0.2185659546875 0.7230363625 0.1967492140625 0.7135241484375 0.779423440625
0 0.7018756546875 0.25337779375 0.7042053640625 0.2688497234375 0.7123592671875 0.2959255984375 0.7024580953124999 0.78200205625 0.7088647296875 0.7858700390625 0.7193483421875 0.2507991203125 0.702062690625 0.24513016875 0.7018756546875 0.25337779375
0 0.8166130046875001 0.2340378828125 0.8195251015625 0.85549371875 0.8399098859375 0.86065106875 0.8369977890625 0.237905865625 0.8191656890625 0.23932445468750002 0.8166130046875001 0.2340378828125
0 0.6948865796875 0.2946362921875 0.6890623859375 0.81423528125 0.7024580953124999 0.82326049375 0.7123592671875 0.2856109609375 0.6960514609375 0.2765856875 0.6948865796875 0.2946362921875
0 0.8853388750000001 0.1992260421875 0.9063060999999999 0.890305559375 0.9202842499999999 0.9057774890625 0.9342624 0.9070668546875 0.94940543125 0.8838589609374999 0.92902059375 0.1992260421875 0.9249436687499999 0.2108299890625 0.90921825 0.20438333281249998 0.8911631218749999 0.19535806093750002 0.8853388750000001 0.1992260421875
0 0.7898215328125 0.2636924328125 0.7944808984375 0.8787016124999999 0.8224371984375001 0.8825695953125001 0.8183602734375001 0.267560415625 0.792074696875 0.260612075 0.7898215328125 0.2636924328125
0 0.1996291421875 0.5377466375 0.198862725 0.5818599250000001 0.4602149328125 0.6107032890624999 0.4602149328125 0.5513199203125 0.1959187015625 0.5339458203125 0.1996291421875 0.5377466375
0 0.176636278125 0.8312699640625001 0.17816914687500002 0.9042266921875 0.1827677203125 0.936463415625 0.46098138437499997 0.8312699640625001 0.46328067187500005 0.8024266765625001 0.46328067187500005 0.766796671875 0.45255069062500003 0.724379946875 0.17433699062500002 0.8244833984375 0.176636278125 0.8312699640625001