0 0.5247181265624999 0.06628118125 0.385327934375 0.8831714578125001 0.418516075 0.8964422375 0.546843553125 0.0795519609375 0.5247181265624999 0.0559594515625 0.5247181265624999 0.06628118125
0 0.46055438750000005 0.10019538593749999 0.32558928125 0.82124115 0.34771470937500004 0.8551553203125 0.3639400453125 0.865477084375 0.386065471875 0.8684261015624999 0.5136554125 0.1355841671875 0.469606709375 0.0922176171875 0.46055438750000005 0.10019538593749999
0 0.6412454203125 0.8404100984375 0.66042076875 0.861053490625 0.6759085671875 0.8684261015624999 0.69877153125 0.8625280656250001 0.8027610375 0.19161630624999998 0.7983359531249999 0.185718203125 0.776210525 0.18276911875 0.7503974828125 0.1326350828125 0.6412454203125 0.8404100984375
0 0.55348118125 0.14443135468749999 0.427366246875 0.846308134375 0.445804125 0.871375253125 0.4561293015625 0.8743242703125 0.4760421859375 0.8787478640625 0.59330695 0.153278540625 0.5741316015625 0.14148226875 0.5548157921875 0.12541596093750002 0.55348118125 0.14443135468749999
0 0.412615984375 0.147380371875 0.293138678125 0.8699006765625 0.31895165312499996 0.8728496937499999 0.44211657656250003 0.15032945625 0.4295787890625 0.1606511515625 0.412615984375 0.138533184375 0.412615984375 0.147380371875
0 0.6965589875 0.13705867656249998 0.58003169375 0.8831714578125001 0.5940444859375 0.8979168140624999 0.6198574625 0.90086583125 0.733434678125 0.1694983390625 0.692871371875 0.1326350828125 0.6965589875 0.13705867656249998
0 0.3366519953125 0.18866728906250002 0.228237403125 0.8271393187499999 0.292401140625 0.8595789140625 0.386803009375 0.23142864687500003 0.342346390625 0.180746534375 0.3366519953125 0.18866728906250002
0 0.5210305765625 0.8625280656250001 0.570444053125 0.880222440625 0.6707459453125 0.24175040937499997 0.6301827062500001 0.2048870859375 0.5210305765625 0.8625280656250001
0 0.5896194015625 0.2063616625 0.48120480781249997 0.8846460328125 0.504067771875 0.8979168140624999 0.61690745 0.21520884843750002 0.5979736390625 0.1918126484375 0.5896194015625 0.2063616625
0 0.8396367281250001 0.29483353125 0.7540850984375 0.8271393187499999 0.77842306875 0.833037353125 0.8624996921875001 0.306629734375 0.8414281625 0.2847680125 0.8396367281250001 0.29483353125
0 0.7821106171875 0.8315629124999999 0.796123409375 0.8389355234375 0.8757749484374999 0.3036807171875 0.8790529515625 0.2958341265625 0.8602871484374999 0.28156275000000003 0.7821106171875 0.8315629124999999
0 0.9114213671875 0.165969321875 0.8008960890625 0.9281619109375001 0.8219363859375 0.9583725453125 0.8374241843749999 0.9642707156249999 0.85807460625 0.949525359375 0.9598515703125001 0.20193806875 0.9451012406249999 0.2137342734375 0.9310885156250001 0.2048870859375 0.9078248500000001 0.15861430468749999 0.9114213671875 0.165969321875
0 0.796123409375 0.8595789140625 0.80497358125 0.8595789140625 0.892000215625 0.311053328125 0.8923322890625001 0.30247379531249996 0.8757749484374999 0.2904099375 0.796123409375 0.8595789140625
0 0.7872732390625 0.3036807171875 0.704671621875 0.8271393187499999 0.7231095 0.8536808796875001 0.80571105 0.3287477015625 0.7883108109375 0.3091134640625 0.7872732390625 0.3036807171875
0 0.7216344265625 0.8522063031249999 0.7496600124999999 0.8566298968750001 0.8322615624999999 0.339069465625 0.8292554359375 0.3290324703125 0.8064485875 0.325798684375 0.7216344265625 0.8522063031249999
0 0.9537385374999999 0.2520212046875 0.870367321875 0.914977784375 0.9095265671874999 0.9440215562500001 0.9954241453125 0.2758306875 0.9584615609375 0.2457679765625 0.9537385374999999 0.2520212046875