0 0.6736819984375 0.057514762500000004 0.6157048625 0.9372949890625 0.6474282015624999 0.9537702734375 0.7086870625 0.0739900484375 0.6747759078125 0.058613115625000003 0.6736819984375 0.057514762500000004
0 0.5085018531250001 0.8988526562500001 0.5167061656249999 0.90434441875 0.5227226609375 0.9076394750000001 0.5292861109375 0.9076394750000001 0.5812467515625 0.1387928359375 0.5785119812499999 0.14538295 0.5670259453125001 0.1398911890625 0.5561199234374999 0.1296399 0.5085018531250001 0.8988526562500001
0 0.5374904218750001 0.899951009375 0.5566338171874999 0.9197213515625 0.5757772109375 0.9318032265625 0.5932797421875 0.9372949890625 0.6075005499999999 0.9274098171875 0.6616490078124999 0.15636647343750001 0.63977084375 0.1508747125 0.610782275 0.13549777968750001 0.5845681703125 0.1135307328125 0.5374904218750001 0.899951009375
0 0.6507099249999999 0.8955576000000001 0.6616490078124999 0.9131312375 0.6840741265625 0.926311465625 0.6988418890625 0.929606521875 0.7502555765625 0.1431862453125 0.7398634484375 0.14208789375 0.7218139609375 0.13549777968750001 0.707114465625 0.1267109609375 0.6507099249999999 0.8955576000000001
0 0.26083089843749996 0.9235290656249999 0.2710032765625 0.933742771875 0.2779967875 0.9401263375 0.2881691671875 0.9401263375 0.2970699984375 0.936296196875 0.3523823078125 0.1409039140625 0.3479318921875 0.144734053125 0.3377595140625 0.144734053125 0.3269513609375 0.1357970609375 0.31741475625 0.13069020781250001 0.26083089843749996 0.9235290656249999
0 0.3328296625 0.9350053812500001 0.3605536734375 0.9532257296875001 0.426587225 0.165701828125 0.400253709375 0.1518678609375 0.3328296625 0.9350053812500001
0 0.73767563125 0.917524646875 0.7661172453125 0.9285081703125 0.7726806953125 0.18492363437499998 0.7472337890625 0.1794318734375 0.73767563125 0.917524646875
0 0.8664515234374999 0.9523058046875 0.8834071015625 0.9643876796875 0.8976279093749999 0.9687810890625 0.9113017609374999 0.966584384375 0.8954400921874999 0.1450168328125 0.87903146875 0.14831188906249998 0.8631697984375 0.15050859375 0.8478550828125 0.141721775 0.8664515234374999 0.9523058046875
0 0.3686188390625 0.9491767624999999 0.37214735 0.96638486875 0.379204371875 0.9785317671874999 0.389789903125 0.9795440093750001 0.3983591421875 0.9754950421874999 0.46288047656250003 0.18189769218750002 0.45733567343750003 0.18392217500000002 0.44624606875 0.179873209375 0.4345386609375 0.1694133796875 0.3686188390625 0.9491767624999999
0 0.435156465625 0.9177972765625 0.5057266734375 0.9410788312499999 0.5465565812500001 0.26591373749999997 0.5354669765625 0.26085253124999996 0.515304059375 0.250730115625 0.4921167046875 0.237570975 0.47436982656250004 0.228798215625 0.435156465625 0.9177972765625
0 0.3015771421875 0.9208339999999999 0.3166993296875 0.930956415625 0.329805225 0.9289319328125 0.3771880796875 0.250730115625 0.35050691562499997 0.247693390625 0.3015771421875 0.9208339999999999
0 0.9244286609374999 0.9731744984375 0.9309921093750001 0.980862965625 0.944119009375 0.9907481359375 0.963262403125 0.99733825 0.98021798125 0.9962398984374999 0.9889692468750001 0.985256375 0.9709197609375 0.20322950624999997 0.9616215406249999 0.213114678125 0.9474007343749999 0.2142130296875 0.92716343125 0.2175080875 0.9062521968749999 0.2028633890625 0.9244286609374999 0.9731744984375
0 0.40440801718749997 0.9147605515624999 0.4165057671875 0.922858484375 0.4694334234375 0.3064033984375 0.4560507875 0.30032994999999996 0.40440801718749997 0.9147605515624999
0 0.7948005328125001 0.9731744984375 0.8478550828125 0.9819613171875 0.8462142203124999 0.270229 0.7909718546875 0.2669339421875 0.7948005328125001 0.9731744984375
0 0.2532016140625 0.32602731875 0.2169625140625 0.9439564765625 0.258287803125 0.9554468937499999 0.2970699984375 0.345178015625 0.25385209375 0.32602731875 0.2532016140625 0.32602731875