0 0.52719694375 0.77494710625 0.5442020656250001 0.781034653125 0.5941204421874999 0.16131862187499998 0.570696646875 0.140104709375 0.52719694375 0.77494710625
0 0.66762658125 0.12479311875000001 0.62319375625 0.8151251609375001 0.6391018374999999 0.8260828109375 0.65226711875 0.8175601562500001 0.6950186609375 0.13884525625 0.6813404328125 0.1394033203125 0.66762658125 0.12479311875000001
0 0.062064929687500006 0.1548429921875 0.0645009078125 0.7982363359375 0.0791167828125 0.8288740593749999 0.08236474218749999 0.8288740593749999 0.10104059531250001 0.8054452796874999 0.10022857656249999 0.129611853125 0.0831767234375 0.13862299218750002 0.0799287640625 0.13862299218750002 0.06501748125 0.123531821875 0.062064929687500006 0.1548429921875
0 0.6423931578125 0.09192016562500001 0.5941204421874999 0.8686958609375001 0.618256775 0.8869586125 0.6659809203125 0.12114056875000001 0.666529490625 0.0955727171875 0.6423048734375 0.0797987671875 0.6423931578125 0.09192016562500001
0 0.6956028046875 0.140620846875 0.6566555296875001 0.827300365625 0.6807918625 0.8248652578125 0.7175449578124999 0.151578496875 0.700743771875 0.140104709375 0.6956028046875 0.140620846875
0 0.6785976828125 0.8309529156250001 0.6890201640625 0.850433109375 0.7071224265625 0.8370404625000001 0.741681290625 0.16131862187499998 0.7433269499999999 0.156448546875 0.7169963874999999 0.140620846875 0.6785976828125 0.8309529156250001
0 0.60234874375 0.1588835984375 0.5458477265624999 0.8455631171875 0.5562702578125001 0.8686958609375001 0.569984109375 0.8760009625 0.580406590625 0.87113096875 0.638004696875 0.1783638484375 0.6215480953125 0.183233953125 0.612771275 0.17714635 0.60509149375 0.154013521875 0.60234874375 0.1588835984375
0 0.887596528125 0.22462950468749998 0.88869366875 0.8260828109375 0.9227039125 0.8297353624999999 0.9199612125 0.22706455625 0.8859374624999999 0.2223400859375 0.887596528125 0.22462950468749998
0 0.7087680859375001 0.8053850640625001 0.7241275984375 0.8078200593749999 0.7537494812500001 0.259937509375 0.751774921875 0.262544046875 0.7345501296875 0.2550674046875 0.7087680859375001 0.8053850640625001
0 0.7842591140625 0.2787265015625 0.7767887250000001 0.8419105671875 0.8168331390624999 0.8577382109375 0.8315623406249999 0.249502565625 0.7847467921875 0.2246081359375 0.7842591140625 0.2787265015625
0 0.768011853125 0.2818528109375 0.75649223125 0.8175601562500001 0.7724003140625 0.823647815625 0.7855655953125 0.2891579125 0.771528915625 0.2881283859375 0.768011853125 0.2818528109375
0 0.92526255 0.1943586515625 0.9411326859375 0.9060201953125 0.9559418359375 0.9238241421875 0.9695168546874999 0.927932765625 0.98802829375 0.9114982749999999 0.9739152875 0.2080469015625 0.9509594140625 0.21869328124999998 0.94068066875 0.21108871875 0.9293740484375 0.2004423046875 0.92526255 0.1943586515625
0 0.8645572843749999 0.2708951609375 0.865654425 0.8820886203124999 0.8859508671875 0.8784360703124999 0.888131115625 0.2581615265625 0.8670065515625 0.2661989515625 0.8645572843749999 0.2708951609375
0 0.7532009109375 0.3183783140625 0.7405842 0.8528682171874999 0.7526523921875 0.8577382109375 0.768011853125 0.3135082109375 0.75649223125 0.3183783140625 0.7532009109375 0.3183783140625
0 0.8321926015625 0.279417759375 0.8310955609375 0.904003921875 0.8579746437500001 0.912526465625 0.8651058046875001 0.2806352578125 0.8390217281250001 0.2735087640625 0.8321926015625 0.279417759375