0 0.8260309671874999 0.7304463640625001 0.8319633453125 0.7445563203125001 0.8411314984375 0.7499832140625 0.8497603984375001 0.7467270453125 0.8966798421875 0.042316242187500006 0.8744421359375 0.042306321875000004 0.8260309671874999 0.7304463640625001
0 0.7947513093749999 0.7488977703125 0.8222558546875 0.7640930874999999 0.8707932265625 0.04557238125 0.8416708359375 0.0401454875 0.7947513093749999 0.7488977703125
0 0.70360894375 0.7575808328125 0.7165522515625 0.7662638953124999 0.726798996875 0.7630077265625 0.7704826234375 0.04882851875 0.7575393578125 0.049913892187499996 0.747727265625 0.04366229375 0.70360894375 0.7575808328125
0 0.6394317421875 0.052084657812500004 0.6286456593749999 0.050999275 0.6205560984375 0.0477431359375 0.585501328125 0.77060534375 0.5968267078125 0.78145913125 0.60923071875 0.7858006625 0.62109539375 0.786886025 0.630802884375 0.77928840625 0.6642397250000001 0.050999275 0.652914346875 0.053170029687499995 0.6394317421875 0.052084657812500004
0 0.7289562218750001 0.722848746875 0.7947513093749999 0.7478124078125 0.8335812734375001 0.13891494375 0.770643784375 0.11010491250000001 0.7289562218750001 0.722848746875
0 0.70576616875 0.08030449687499999 0.6885084109374999 0.07053609375 0.6788009609375 0.0618530609375 0.6744865109375 0.05751155 0.671789990625 0.050999275 0.6318814765625 0.806422875 0.6437461921875001 0.82161819375 0.6539929375 0.8281304484374999 0.66639695 0.8313866187500001 0.6766437359374999 0.8313866187500001 0.687969115625 0.825959725 0.69551938125 0.8172766625 0.7376170359375 0.08162950468749999 0.7235631796875001 0.0835606359375 0.70576616875 0.08030449687499999
0 0.54073906875 0.9377536828125 0.5693222046875 0.9496928312499999 0.586040625 0.05968230625 0.558536121875 0.050999275 0.54073906875 0.9377536828125
0 0.46469719375 0.15953715625 0.46092208125 0.8758871296875 0.488426584375 0.879143215625 0.49166239999999994 0.162793284375 0.466315121875 0.16062251875 0.46469719375 0.15953715625
0 0.8565963640625001 0.8468600296875 0.8812888484375 0.8551425484375 0.9198708312500001 0.253626821875 0.898397103125 0.2447154109375 0.8565963640625001 0.8468600296875
0 0.49004451250000003 0.8769724906249999 0.54127840625 0.8878262781249999 0.5531430796875 0.21814760312499998 0.50238570625 0.2145147421875 0.49004451250000003 0.8769724906249999
0 0.9085533874999999 0.8872371734375 0.9383901359375001 0.88827246875 0.9553662234375 0.21532030781249997 0.9234711171875001 0.21626012968750002 0.9085533874999999 0.8872371734375