0 0.6713396796875 0.050535987500000004 0.6690518921875 0.053598775 0.666001509375 0.131699846875 0.6156701921875001 0.9402756515625 0.6431236375 0.9571209796875 0.7048938921875 0.0704441046875 0.66922911875 0.0474732 0.6713396796875 0.050535987500000004
0 0.5531373421875 0.127105665625 0.55161215 0.11944869843749999 0.5508495546875001 0.11944869843749999 0.5058564062500001 0.90045941875 0.5165327468750001 0.918836140625 0.5272090875 0.9096477796875 0.57296483125 0.1470137828125 0.553287090625 0.11791730468749999 0.5531373421875 0.127105665625
0 0.5607632984375 0.9310872890624999 0.5836411703125 0.9433384374999999 0.6049938515625 0.923430321875 0.6568503609375 0.1669218984375 0.58745415 0.125574271875 0.5821159796875001 0.11638591093749999 0.5813533843750001 0.1102603375 0.5317846609375 0.9035222046875001 0.5607632984375 0.9310872890624999
0 0.704131296875 0.134762634375 0.7010809124999999 0.1500765703125 0.6507495953125 0.9081163859375 0.666001509375 0.923430321875 0.6835412109375001 0.9341500765624999 0.697267934375 0.9341500765624999 0.7437862734375 0.1424196015625 0.7254839765625001 0.1408882078125 0.7043168390625001 0.130168453125 0.704131296875 0.134762634375
0 0.735397721875 0.9157733531250001 0.7628511671875 0.921898928125 0.7697145296875 0.189892803125 0.7453114656250001 0.177641653125 0.74474399375 0.1669218984375 0.7392107 0.2725880546875 0.735397721875 0.9157733531250001
0 0.39299223906249997 0.1500765703125 0.3258838140625 0.9310872890624999 0.3533372609375 0.9555895859374999 0.422733471875 0.1669218984375 0.392341246875 0.1439509953125 0.39299223906249997 0.1500765703125
0 0.8421611234374999 0.1470137828125 0.8444489109375001 0.18683001562499998 0.8642764 0.95099540625 0.8894420578125001 0.973966309375 0.9130825265625001 0.969372128125 0.8917298453125 0.1439509953125 0.87647793125 0.1500765703125 0.8581756328125 0.15313935625 0.841616609375 0.1393568140625 0.8421611234374999 0.1470137828125
0 0.367063984375 0.9785604906250001 0.379265515625 0.9846860640624999 0.3884166640625 0.9754977031250001 0.46010066250000003 0.19295558906250002 0.4280716421875 0.1699846859375 0.42742896718749995 0.1653905046875 0.357912834375 0.946401225 0.367063984375 0.9785604906250001
0 0.47230219375000004 0.22664624843749998 0.434935003125 0.921898928125 0.5066190015625 0.9387442578125 0.54398619375 0.2618683 0.471670003125 0.22052067343749998 0.47230219375000004 0.22664624843749998
0 0.3365601546875 0.2511485453125 0.2991929640625 0.9310872890624999 0.306056325 0.9372128640625 0.32512121875 0.9341500765624999 0.3640136015625 0.25267993906249997 0.3374213390625 0.24502297031250003 0.3365601546875 0.2511485453125
0 0.9657016328125 1 0.9870543125 0.9785604906250001 0.96798941875 0.20367534531249998 0.955025290625 0.21592649375 0.922233675 0.21745788593749998 0.9026387296875 0.20061255781249998 0.9008809937500001 0.20673813124999998 0.90316878125 0.25267993906249997 0.9199458875 0.972434915625 0.9275718453125 0.9816232765624999 0.954415215625 1 0.9657016328125 1
0 0.451712109375 0.295558959375 0.453999896875 0.2986217453125 0.45018691874999994 0.294027565625 0.3968052171875 0.9157733531250001 0.410531940625 0.918836140625 0.46696402499999995 0.3016845328125 0.4510750375 0.289433384375 0.451712109375 0.295558959375
0 0.7880168265624999 0.27105666093749997 0.7918298046875 0.972434915625 0.820045846875 0.9831546703124999 0.8452115062500001 0.969372128125 0.8444489109375001 0.2725880546875 0.8055565281250001 0.26339969375 0.787459478125 0.26339969375 0.7880168265624999 0.27105666093749997