0 0.510845815625 0.789249146875 0.5282977718749999 0.78640500625 0.46624636875 0.0753697390625 0.44566807343750003 0.0839021609375 0.510845815625 0.789249146875
0 0.2999971640625 0.1573436203125 0.3480156203125 0.7743553875 0.362318990625 0.7810986843750001 0.374579021875 0.77885091875 0.3362664234375 0.24837814374999997 0.34392894375 0.22927213281249997 0.337798928125 0.134865959375 0.3006134984375 0.1517242046875 0.2999971640625 0.1573436203125
0 0.5379933046875001 0.78213879375 0.5463960984375 0.7977815703125 0.5651407921875 0.7963595 0.5806536437500001 0.7807167234375 0.5282977718749999 0.1279863484375 0.5005039140624999 0.1507394765625 0.4792858640625 0.16922639374999998 0.5379933046875001 0.78213879375
0 0.4410379875 0.78213879375 0.46042905 0.7835608640625 0.47529553281250003 0.7707622296875 0.41453686718749994 0.1450511953125 0.3829579609375 0.166382253125 0.4410379875 0.78213879375
0 0.2070252609375 0.7855942171875 0.21417694531249998 0.788965865625 0.22592614218749998 0.7867181000000001 0.2075360953125 0.142733140625 0.183098409375 0.1528480875 0.2070252609375 0.7855942171875
0 0.4824055890625 0.7835608640625 0.4940402265625 0.789249146875 0.5089067093749999 0.7736063703125 0.44620893749999996 0.14647326562500002 0.4319888234375 0.156427759375 0.41916173749999996 0.1606939703125 0.4824055890625 0.7835608640625
0 0.180461859375 0.792337515625 0.19016771875 0.7979569296875 0.2003844109375 0.7912136328125 0.179440190625 0.1528480875 0.15755165 0.1562197375 0.180461859375 0.792337515625
0 0.590349175 0.80204778125 0.6058620265625 0.8091581343750001 0.6246067203125001 0.7977815703125 0.569665375 0.1578498296875 0.5483352046875 0.176336746875 0.53100554375 0.1806029578125 0.590349175 0.80204778125
0 0.14981178125 0.81031964375 0.153898459375 0.8170629406250001 0.16105014374999999 0.8136912921875 0.17075600156249998 0.80694799375 0.15185512031249998 0.1652108015625 0.1284283453125 0.16745856718750002 0.14981178125 0.81031964375
0 0.376111525 0.7934613984375 0.40318576093749997 0.7855942171875 0.356699809375 0.2371393125 0.3384227015625 0.24613037656249998 0.376111525 0.7934613984375
0 0.4048413359375 0.819112628125 0.42293966093749996 0.8176905578125 0.377047478125 0.21331057968749997 0.359037609375 0.22610921562500003 0.4048413359375 0.819112628125
0 0.253000378125 0.29333346250000003 0.2739445984375 0.7530016093749999 0.2892696375 0.756373259375 0.300508 0.7485060781249999 0.2800746140625 0.30569617656250003 0.282117953125 0.2899618140625 0.26628207812500004 0.2978289953125 0.2541183984375 0.2922095796875 0.253000378125 0.29333346250000003
0 0.235632 0.7676120890625 0.2504462046875 0.7766031531250001 0.265260409375 0.77885091875 0.2484028671875 0.27984686718749996 0.2183529359375 0.291085696875 0.235632 0.7676120890625
0 0.32043055 0.78222256875 0.32604973125000003 0.7855942171875 0.33166891249999997 0.78222256875 0.30817051875 0.29333346250000003 0.2939713421875 0.29895287812500004 0.32043055 0.78222256875
0 0.1309109 0.7912136328125 0.1467467734375 0.7979569296875 0.1401059234375 0.5641892656249999 0.13755175 0.45292484843749997 0.1344867421875 0.28434239843750003 0.12178618906250001 0.286590165625 0.1309109 0.7912136328125
0 0.301018834375 0.7810986843750001 0.3045946765625 0.7833464515624999 0.3102138578125 0.784470334375 0.3178763765625 0.7777270359374999 0.29233464531250003 0.3023245265625 0.279154221875 0.3079439421875 0.301018834375 0.7810986843750001
0 0.8805687578124999 0.8731513078124999 0.8973743453124999 0.8902161546875 0.912887196875 0.884527871875 0.927107309375 0.8759954499999999 0.927107309375 0.2474402734375 0.9070698765625 0.2531285546875 0.8839923546874999 0.2502844140625 0.8805687578124999 0.8731513078124999
0 0.0971958140625 0.8215584734375 0.10230416093750001 0.8271778875000001 0.11405335781249999 0.8294256546875 0.1079233421875 0.32929771875 0.09317381875 0.331545484375 0.0971958140625 0.8215584734375
0 0.9335709968750001 0.8703071671875 0.9723531234375 0.8745733781249999 0.9742922296875 0.2929465296875 0.9542547984375 0.291524459375 0.9370050265625001 0.29579067187499997 0.9335709968750001 0.8703071671875
0 0.8191637234375 0.8831058015625001 0.8747514390625 0.8902161546875 0.8773369140625 0.3071672359375 0.8251612203124999 0.305745165625 0.8191637234375 0.8831058015625001