0 0.22513644687499998 0.1565680421875 0.2158016015625 0.0469158828125 0.19070107812499998 0.059604065625 0.269810678125 0.8322626296875001 0.2904809078125 0.8218902 0.2218026015625 0.18175840468749999 0.22513644687499998 0.1565680421875
0 0.1597920625 0.1224870125 0.21913544687500003 0.7848454328125001 0.2284703703125 0.807072225 0.2398056015625 0.80262685 0.26047583125 0.7833636687500001 0.19379783281250001 0.10766907968749999 0.1904639859375 0.11211445625000001 0.17446121718750002 0.1269323453125 0.16058037187500002 0.1275765125 0.1597920625 0.1224870125
0 0.14645652343749999 0.1758313078125 0.1971317546875 0.7907726562499999 0.21380121718749998 0.7892908078125 0.161125678125 0.1536045140625 0.14431800781249998 0.1664605015625 0.14645652343749999 0.1758313078125
0 0.075777909375 0.8129994500000001 0.08111210156250001 0.8307808671875 0.0931141390625 0.8322626296875001 0.1111172171875 0.8129994500000001 0.0984483703125 0.1135963046875 0.0797786015625 0.13730481875 0.0704436390625 0.13730481875 0.058002390625 0.12479908437500001 0.075777909375 0.8129994500000001
0 0.10578298593749999 0.21287590625 0.145122909375 0.7907726562499999 0.179795446875 0.7818819046875001 0.14779006249999999 0.1758313078125 0.10428757656250001 0.2053444921875 0.10578298593749999 0.21287590625
0 0.347823909375 0.8292990187499999 0.29381475468749996 0.26918385625 0.2731446015625 0.1180416375 0.2511409078125 0.1624952234375 0.2324710625 0.17286769531249999 0.22078871875 0.1722293203125 0.3018161390625 0.8500440484375 0.3111510625 0.8604165625 0.336488678125 0.853007659375 0.347823909375 0.8292990187499999
0 0.6812773375 0.839919090625 0.7827312859375 0.1762012140625 0.7667722234375 0.17366792343749998 0.759316253125 0.16628785 0.6601885953125 0.8196528437499999 0.6658882328125 0.8323192390624999 0.669308040625 0.8335859296875 0.6812773375 0.839919090625
0 0.7941305609375 0.8880512890625001 0.8853251484375001 0.2015339484375 0.875065721875 0.2015339484375 0.8648063625000001 0.19013420781249998 0.858369425 0.1724093625 0.7679121375 0.86145188125 0.7730418828125 0.8753849671875 0.7781715625000001 0.88931790625 0.7941305609375 0.8880512890625001
0 0.7650623515625 0.238266425 0.69438655 0.8310526203125 0.7188951 0.852585484375 0.8004002203124999 0.2800654625 0.768162475 0.24437988437499997 0.7650623515625 0.238266425
0 0.9193023421875001 0.19324298906249998 0.831178365625 0.886784671875 0.8528370656250001 0.9095841531250001 0.941751759375 0.2243334484375 0.9193023421875001 0.19324298906249998
0 0.9434616953124999 0.2167335796875 0.85682683125 0.8817180546875001 0.859106725 0.8981844484374999 0.8676562140625 0.9146506234375 0.8830452531249999 0.9108507703125 0.9691101609375 0.23953307812500002 0.9456692859375 0.22063831562499997 0.9434616953124999 0.2167335796875
0 0.7929456546875 0.2979994828125 0.730864396875 0.829786003125 0.7627824578125 0.842452325 0.8249087703125 0.3332642046875 0.7929456546875 0.2979994828125
0 0.293586715625 0.284034815625 0.353824909375 0.898943009375 0.40249983125 0.897461246875 0.3498242171875 0.2380663125 0.293586715625 0.284034815625
0 0.95999065 0.31299799375 0.9468814390625001 0.42952867499999997 0.9371921015625 0.867785115625 0.958280778125 0.8804514375 0.9691101609375 0.3066648328125 0.9585011031249999 0.306107965625 0.95999065 0.31299799375
0 0.8773456156250001 0.3205978453125 0.8106595796875 0.9045175375 0.8180691546875 0.922250475 0.82775855625 0.92478385625 0.9018541671875001 0.3256643890625 0.8783022421875 0.31560459375 0.8773456156250001 0.3205978453125