0 0.5231077156249999 0.9428472781250001 0.5531041203125 0.9428472781250001 0.6430933343749999 0.0981900046875 0.6171533078125 0.07643199218749999 0.5231077156249999 0.9428472781250001
0 0.4789453 0.1668114328125 0.4778342890625 0.1545376890625 0.45839219218749994 0.1456113328125 0.3750688453125 0.8775732375 0.3778462734375 0.8876153984374999 0.392844475 0.88649956875 0.47794539843750006 0.160116659375 0.4789453 0.1668114328125
0 0.5961784125 0.9060260250000001 0.6378400859375 0.919415571875 0.667836490625 0.9026786375 0.7272738453125001 0.1606745734375 0.6928334953124999 0.15509557812500002 0.6646673828125 0.1366849515625 0.5961784125 0.9060260250000001
0 0.7692635359375 0.9037944671875 0.7803732984375 0.910489240625 0.7975934734375 0.9026786375 0.8181465828125001 0.1528639953125 0.7922051671875 0.1484008046875 0.7692635359375 0.9037944671875
0 0.390622553125 0.890962784375 0.3889560859375 0.9054681609375 0.4039542890625 0.915510321875 0.49116602499999995 0.22706439218750002 0.5011648265625 0.2170222328125 0.5067197328125 0.1668114328125 0.47711181874999997 0.1517481921875 0.390622553125 0.890962784375
0 0.493387996875 0.9093734109374999 0.5072752390625 0.9283419015625001 0.527828296875 0.924994515625 0.61115164375 0.16848512499999999 0.58547725625 0.14505341875 0.493387996875 0.9093734109374999
0 0.43395069375000006 0.9188577078125 0.45617021874999997 0.9378261984374999 0.4867221296875 0.931131425 0.5744893703125 0.1790852 0.54838140625 0.1790852 0.5279602156250001 0.156769271875 0.43395069375000006 0.9188577078125
0 0.853995390625 0.90044708125 0.8651051531249999 0.9127207984375 0.88454725 0.9138366281250001 0.9117662265625001 0.8937523078125 0.922320534375 0.190801053125 0.887880184375 0.194148440625 0.8605587515625001 0.1868957515625 0.853995390625 0.90044708125
0 0.9267831578125 0.8480046218749999 0.947891721875 0.8491204515625 0.95122465625 0.28899104531250003 0.929745915625 0.28899104531250003 0.9267831578125 0.8480046218749999
0 0.9473362671875 0.8379624609375 0.9656674031250001 0.8524678375000001 0.9656674031250001 0.306843809375 0.95122465625 0.3012648140625 0.9473362671875 0.8379624609375
0 0.6994993625 0.9116049687500001 0.76893551875 0.9037944671875 0.788933121875 0.262211953125 0.72135084375 0.2504960984375 0.6994993625 0.9116049687500001
0 0.4028432765625 0.9288998671875 0.430617759375 0.9422894140625001 0.511163628125 0.23487497031250001 0.490449103125 0.2220433125 0.4028432765625 0.9288998671875
0 0.8203685046875 0.3135385828125 0.8231459828125001 0.312422753125 0.8175910765625 0.8736679875 0.8520313765624999 0.8736679875 0.85980825625 0.309075365625 0.8222140578125 0.307401671875 0.8203685046875 0.3135385828125