0 0.2827266703125 0.6917076671875 0.2975001078125 0.67706365625 0.2198204734375 0.0620124484375 0.212672040625 0.072472503125 0.2055236078125 0.0808405578125 0.195474759375 0.0852257890625 0.2827266703125 0.6917076671875
0 0.4218105375 0.6728438015625 0.45806623437500005 0.66122015625 0.38107381406249996 0.11937749375 0.3421426875 0.1611221828125 0.4218105375 0.6728438015625
0 0.5328267328125 0.7544511390624999 0.5471998546875 0.7577146265625 0.4505530515625 0.0375608640625 0.43236585156249996 0.050570787500000006 0.5328267328125 0.7544511390624999
0 0.359929740625 0.7262258765625 0.37756254375 0.710535796875 0.289398546875 0.0881625828125 0.2651250609375 0.1126758125 0.359929740625 0.7262258765625
0 0.17407050468750002 0.6917076671875 0.182172065625 0.6917076671875 0.19360955468750002 0.6896156890625 0.201711115625 0.6822936828125 0.1812189375 0.13314082656249998 0.14844592343750002 0.1518901328125 0.17407050468750002 0.6917076671875
0 0.478803659375 0.7664174234375001 0.4936723984375 0.7707688234375001 0.5139929999999999 0.750099740625 0.43370180625000004 0.07889898749999999 0.3809794078125 0.13213657343750002 0.478803659375 0.7664174234375001
0 0.235547028125 0.172889021875 0.3017891546875 0.7084438171875 0.32228134218750004 0.687523709375 0.2593751359375 0.1456928984375 0.2359552765625 0.17280443750000002 0.235547028125 0.172889021875
0 0.391859425 0.6854316515625001 0.4061562890625 0.6833396734375 0.3332422671875 0.19694713749999998 0.3151304046875 0.2146330453125 0.391859425 0.6854316515625001
0 0.5650423328125 0.7751201390625 0.58486731875 0.7675052531250001 0.4956548859375 0.10935865625 0.4633215421875 0.144371440625 0.5650423328125 0.7751201390625
0 0.59428419375 0.824073190625 0.6111354390625 0.8175461328125 0.5144886171875 0.1920349234375 0.49799191406250004 0.20826463906249998 0.59428419375 0.824073190625
0 0.6155960671875 0.8425666140624999 0.64186415 0.8371273859375 0.56752045625 0.2137918359375 0.5313398625 0.25948135781250004 0.6155960671875 0.8425666140624999