0 0.35250153906250004 0.7802427 0.36414572968750003 0.7858680265625 0.3812064703125 0.7744660359375 0.34522391875 0.1327265828125 0.31158342031249997 0.144103146875 0.35250153906250004 0.7802427
0 0.20630224843749997 0.7868790296875 0.22355290156250002 0.775502465625 0.21150524062499998 0.14765832343750002 0.19210446875 0.1526355703125 0.20630224843749997 0.7868790296875
0 0.17999500156249998 0.797307546875 0.199833253125 0.793278346875 0.184725453125 0.1509764890625 0.1601859046875 0.1535836171875 0.17999500156249998 0.797307546875
0 0.15110015625 0.8134243453125001 0.168350809375 0.8034698515625 0.15174705625 0.1678043234375 0.13085533124999998 0.1687523703125 0.15110015625 0.8134243453125001
0 0.259399421875 0.2853621546875 0.27401106406250003 0.75843761875 0.28284487187499996 0.7622594328125001 0.270069428125 0.29684403125 0.2619802453125 0.2853621546875 0.259399421875 0.2853621546875
0 0.2869490546875 0.7609993828125 0.299455778125 0.751327265625 0.2869490546875 0.29010238906249997 0.2719008796875 0.303375046875 0.2869490546875 0.7609993828125
0 0.235628359375 0.7688661359375 0.2648920875 0.7639399250000001 0.2545881578125 0.2851848921875 0.2253170296875 0.2882062953125 0.235628359375 0.7688661359375
0 0.3154126328125 0.7850125609374999 0.32824280781250004 0.77834660625 0.3174573578125 0.28915434218749997 0.3025254484375 0.2929465296875 0.3154126328125 0.7850125609374999
0 0.30074957812499997 0.78212253125 0.314765734375 0.779413159375 0.3008203328125 0.2938001421875 0.2869974984375 0.297686765625 0.30074957812499997 0.78212253125
0 0.1321244375 0.7944634046875 0.1487012640625 0.7983814765624999 0.1364640546875 0.2863102015625 0.1243853515625 0.2853621546875 0.1321244375 0.7944634046875
0 0.9231859921875 0.8456579453125 0.950667959375 0.8402066749999999 0.9541719984375 0.2711414484375 0.926231453125 0.2692453546875 0.9231859921875 0.8456579453125
0 0.8760973062499999 0.850658865625 0.915735384375 0.84968714375 0.9181225109375 0.275141021875 0.880510265625 0.2749336359375 0.8760973062499999 0.850658865625
0 0.9584307531249999 0.855139809375 0.9778377390624999 0.8498451796875001 0.9735250750000001 0.27777777812500004 0.9577186859375001 0.2825180125 0.9584307531249999 0.855139809375
0 0.1019357921875 0.828119075 0.11616758281249999 0.8238528625000001 0.10689535624999999 0.3280242703125 0.090310128125 0.3308684109375 0.1019357921875 0.828119075