0 0.37972707968749997 0.7263701375 0.3842860875 0.7375045734375 0.39249232031250003 0.752687884375 0.4038898609375 0.757749009375 0.409360678125 0.752687884375 0.506467690625 0.11701279375 0.49826145781250003 0.1139761390625 0.48640802499999997 0.1048661390625 0.4759222921875 0.08462172031250001 0.37972707968749997 0.7263701375
0 0.32912201093750004 0.7375045734375 0.33641643593750004 0.7567367578125 0.3478139734375 0.7719200671875 0.3614910140625 0.76787119375 0.3728885546875 0.757749009375 0.46224524375 0.1554772125 0.4531272109375 0.1554772125 0.44309737812499994 0.1473794484375 0.43033214375 0.13017168437499999 0.4203023109375 0.1089150296875 0.32912201093750004 0.7375045734375
0 0.6509884671874999 0.102841703125 0.6307280171875 0.07994103125 0.524247840625 0.81848225 0.52743915625 0.8346778125000001 0.544763421875 0.8427755593749999 0.6509884671874999 0.102841703125
0 0.552944140625 0.7965170796875001 0.5593267578125001 0.8167615156249999 0.574827415625 0.8278959531250001 0.58896035625 0.8349814468750001 0.60309330625 0.8197981375 0.6992885109375 0.17501308124999998 0.69153819375 0.1699519734375 0.6787729453125 0.15780531874999998 0.6619045953125 0.13452422656250002 0.6500368078125 0.1164054640625 0.552944140625 0.7965170796875001
0 0.6691990125 0.8137248265625001 0.672846228125 0.8238470109374999 0.6801406609375 0.8319448265625 0.6874350765624999 0.8319448265625 0.784086190625 0.189184190625 0.7831743890625 0.190196409375 0.7736004421875 0.1871597359375 0.76436305625 0.1720776421875 0.6691990125 0.8137248265625001
0 0.4148314953125 0.7881156296875 0.44902409375 0.8063356296874999 0.5319981578124999 0.23949159375 0.5037322750000001 0.2040638484375 0.496097515625 0.20325406093749998 0.4148314953125 0.7881156296875
0 0.6112995296875 0.7752603921875 0.6122113312499999 0.7833582078125 0.6623604953125 0.8167615156249999 0.7407755421875 0.257003009375 0.6976727453125 0.19323306875 0.6112995296875 0.7752603921875
0 0.4772899921875 0.8225311234375001 0.482304909375 0.8427755593749999 0.49142294218749993 0.856946684375 0.502364575 0.866056684375 0.5142180078125 0.868081121875 0.617707653125 0.1888805375 0.6122368203125 0.20102719218749998 0.6044865046875 0.19495384843750002 0.5917212703125 0.18280719375 0.581842203125 0.16317009375 0.4772899921875 0.8225311234375001
0 0.4540390109375 0.8296166859375 0.47273097656249996 0.8427755593749999 0.56208765625 0.225320503125 0.544234884375 0.19991373125 0.4540390109375 0.8296166859375
0 0.7689303468750001 0.8601858140624999 0.7789601875 0.875369125 0.7880782046875 0.885491309375 0.7976521375 0.881442434375 0.8888324328125 0.210339615625 0.8815380156250001 0.20730294374999997 0.8692286671874999 0.1981929609375 0.8601363609374999 0.17875830312500002 0.7689303468750001 0.8601858140624999
0 0.696097209375 0.8339692624999999 0.7211717921874999 0.850164825 0.8041458562500001 0.281296353125 0.77389024375 0.25335902187500003 0.696097209375 0.8339692624999999
0 0.8354919687500001 0.8865035609374999 0.85327211875 0.906747996875 0.9449083296874999 0.2285595984375 0.920809503125 0.20436750468749998 0.8354919687500001 0.8865035609374999
0 0.857831134375 0.881442434375 0.85965475 0.89156461875 0.8669491671875 0.9148457437499999 0.872419984375 0.9188946171874999 0.8824498171874999 0.9138334921875 0.9695269968750001 0.24677958125 0.9654238796874999 0.23969403437499998 0.9567617625 0.23463292500000002 0.9483882031249999 0.217728828125 0.857831134375 0.881442434375
0 0.733025225 0.8359937000000001 0.7622029234375 0.8532014468750001 0.8301322375 0.34304184531250004 0.8004660828124999 0.30791775625 0.733025225 0.8359937000000001
0 0.9485555296875001 0.409747234375 0.9389816124999999 0.8682835624999999 0.9590412781250001 0.881442434375 0.9690711109375 0.3115617453125 0.960923975 0.30791775625 0.9485555296875001 0.409747234375
0 0.8104173859375001 0.9178824328124999 0.8209031187500001 0.9259801812499999 0.8295652515624999 0.92395574375 0.9066125984375001 0.32978174375 0.8852079078124999 0.3179387484375 0.8104173859375001 0.9178824328124999