2 0.35 0.16953125 0.103125 0.01171875
2 0.55546875 0.1703125 0.03203125 0.1171875
2 0.83515625 0.175 0.128125 0.01171875
2 0.23359375 0.1890625 0.01171875 0.10859375
2 0.83671875 0.196875 0.1265625 0.01875
2 0.8515625 0.35625 0.1234375 0.01640625
2 0.18359375 0.4 0.11015625 0.01328125
2 0.365625 0.409375 0.01484375 0.140625
2 0.1765625 0.4203125 0.10703125 0.01171875
2 0.17734375 0.4390625 0.11171875 0.01171875
2 0.178125 0.459375 0.11640625 0.01171875
2 0.59296875 0.6265625 0.146875 0.021875
2 0.6 0.65234375 0.14296875 0.01640625
2 0.91953125 0.6640625 0.01171875 0.12578125
2 0.590625 0.67578125 0.1484375 0.01640625
2 0.60234375 0.7 0.1453125 0.01171875
2 0.5890625 0.7234375 0.1453125 0.01171875
2 0.12421875 0.83984375 0.10859375 0.01640625
2 0.12421875 0.86015625 0.11796875 0.01171875
2 0.1203125 0.88125 0.11328125 0.01015625
2 0.27578125 0.89921875 0.01171875 0.13359375
2 0.11328125 0.90546875 0.13984375 0.01484375
2 0.321875 0.9078125 0.01640625 0.1390625
2 0.3484375 0.91015625 0.0203125 0.13203125
2 0.1171875 0.94140625 0.1515625 0.0203125
2 0.37109375 0.11796875 0.11796875 0.01484375
2 0.8359375 0.13515625 0.125 0.01328125
2 0.36953125 0.14453125 0.10859375 0.01875
2 0.83671875 0.15546875 0.1234375 0.01328125