2 0.4265625 0.440625 0.0328125 0.58203125
2 0.12578125 0.44296875 0.0328125 0.1875
2 0.4796875 0.45390625 0.02265625 0.60546875
2 0.51328125 0.459375 0.02421875 0.6203125
2 0.25859375 0.4828125 0.02734375 0.309375
2 0.9046875 0.49921875 0.121875 0.98125
2 0.2953125 0.51328125 0.02734375 0.2640625
2 0.58515625 0.53515625 0.034375 0.58671875
2 0.6359375 0.5421875 0.0234375 0.60703125
2 0.67890625 0.546875 0.02421875 0.66015625
2 0.721875 0.5609375 0.0109375 0.6875
2 0.75078125 0.5640625 0.01171875 0.69609375
2 0.78515625 0.57890625 0.025 0.72421875