0 0.5953593546875 0.633377403125 0.6023855265625 0.6361427078124999 0.606996775 0.636311690625 0.6121924203125 0.6349134484375 0.6154618453125 0.630828278125 0.6304225156250001 0.429809896875 0.6252351171874999 0.43305657656249996 0.6188155015625 0.433525428125 0.613167696875 0.4335859703125 0.605752734375 0.43100007656250006 0.5953593546875 0.633377403125
0 0.616156684375 0.632080934375 0.62337560625 0.630469015625 0.63711105 0.472460159375 0.6288321234375001 0.4720301015625 0.616156684375 0.632080934375
0 0.6487518640625 0.47612599843750003 0.637552196875 0.6236490890625 0.6371720890625 0.6236490890625 0.637042590625 0.630756465625 0.6441603578125 0.6287667859375 0.6556962359375 0.48088713125 0.6553636421875 0.481394078125 0.655994359375 0.47435628906250005 0.648584753125 0.47572650000000005 0.6487518640625 0.47612599843750003
0 0.6280561015624999 0.6283886859375001 0.636220003125 0.6303821562499999 0.6359824359374999 0.6233692859375 0.637628675 0.62373044375 0.6479684046874999 0.48402661093750005 0.64682806875 0.48419559218749997 0.6469313546875 0.47643534374999996 0.6394361671875 0.47572650000000005 0.6280561015624999 0.6283886859375001
0 0.3469308578125 0.6115622953125001 0.46277654375 0.612299228125 0.46218720468749996 0.59126531875 0.345101215625 0.5908276375 0.3469308578125 0.6115622953125001
0 0.4247436484375 0.631560984375 0.42169805312499997 0.6419871859375 0.42852834062499995 0.6404129609375 0.42798819843749997 0.63068950625 0.4247671859375 0.6317322062499999 0.4247436484375 0.631560984375
0 0.31757869375 0.635163140625 0.41854301875 0.64995884375 0.4181887125 0.6399767140625 0.3165902546875 0.6255213562499999 0.31757869375 0.635163140625
0 0.320352934375 0.665509540625 0.3984760390625 0.6471698296875 0.3738503921875 0.6437668671875 0.31945999999999997 0.65568834375 0.320352934375 0.665509540625
0 0.6102766796875 0.8675181546875 0.61673060625 0.8701997171875 0.623742178125 0.8686618078125001 0.6270376453125001 0.8644008609375 0.6383206343750001 0.7141387796875 0.632461540625 0.7175190406249999 0.6244836609375 0.7165230203124999 0.6205027453125 0.7133869828125 0.6102766796875 0.8675181546875
0 0.4297144140625 0.72899186875 0.47748550156249997 0.8711108453125 0.48606475312499997 0.8697638390625 0.4385780921875 0.7225218140624999 0.42967932343750004 0.7285903296875 0.4297144140625 0.72899186875
0 0.4438133921875 0.7281114265624999 0.44059165624999996 0.72787271875 0.48736065 0.8706732234375 0.489718225 0.8736101734374999 0.49305663437499997 0.8713098 0.49518868749999995 0.8681847093749999 0.44926040624999997 0.7219762750000001 0.446498178125 0.7261221921875001 0.4438133921875 0.7281114265624999
0 0.4984203765625 0.8567607546874999 0.5054069875 0.85707525 0.4690569390625 0.74301799375 0.4622248046875 0.7464169765625 0.4984203765625 0.8567607546874999
0 0.4528721765625 0.8767811578125 0.455414815625 0.8782134078125001 0.4595683515625 0.8771790046874999 0.4618547984375 0.873922821875 0.4264142546875 0.762092190625 0.42531187031249995 0.7547290140625 0.41484841718750004 0.7246886031249999 0.41050395 0.7304963890625 0.40696679375 0.7329689515625 0.40383229531250003 0.7331157359375 0.4528721765625 0.8767811578125
0 0.353223434375 0.891407265625 0.361340090625 0.89098458125 0.34366499375 0.8366278703125 0.3113637453125 0.7462899000000001 0.31256399687499997 0.7408976859374999 0.3039380984375 0.7138862828125 0.29437404218749996 0.7191914109375 0.353223434375 0.891407265625
0 0.33518580781249996 0.888270703125 0.338499640625 0.89017059375 0.3468645078125 0.8875803921875001 0.3497046078125 0.8842306593749999 0.2984120296875 0.73131778125 0.2912097171875 0.7383459515624999 0.2860350375 0.740802840625 0.2825790875 0.7393585125000001 0.33518580781249996 0.888270703125
0 0.3652826703125 0.8938904046875 0.368436015625 0.8971964546875 0.376771765625 0.896957746875 0.38406246875 0.89032301875 0.3786804828125 0.8718568421875 0.3446792734375 0.77028433125 0.346141046875 0.7636799875 0.3347441203125 0.7290221609375 0.32995165625 0.7349964625000001 0.3208948828125 0.741673365625 0.311330146875 0.7450341046875 0.3652826703125 0.8938904046875
0 0.323855946875 0.8880326734375 0.330870384375 0.8870015234374999 0.28453134375 0.7463600031250001 0.277730121875 0.7487806015625 0.323855946875 0.8880326734375
0 0.4262328109375 0.7615183875 0.46531845 0.8855023671875 0.469126971875 0.885229515625 0.4734227625 0.8798071328124999 0.43437878281250003 0.7526097921875 0.4306680125 0.7561497265625 0.4262328109375 0.7615183875
0 0.41152279218750004 0.8984325953125 0.4150748828125 0.900274378125 0.41841508593750004 0.8978077265625 0.41988382343749997 0.893893125 0.369981915625 0.7437264796874999 0.369583815625 0.745162309375 0.36605675625 0.7496619203125 0.3621879671875 0.7506216828125 0.41152279218750004 0.8984325953125
0 0.30353005624999996 0.891842890625 0.3172237046875 0.888405428125 0.2784792515625 0.7542116546875001 0.2668173453125 0.7600918109375 0.26206525625 0.76444546875 0.30353005624999996 0.891842890625
0 0.2766924 0.90334915625 0.2806433078125 0.9043258296875001 0.28546285781249997 0.9034068828124999 0.2881844984375 0.9017936328125 0.289750615625 0.8988495656250001 0.253213140625 0.7417911578124999 0.2491228453125 0.745065571875 0.2442850734375 0.7475204953125 0.2392129484375 0.7483957578125 0.236805659375 0.7459957375 0.2766924 0.90334915625
0 0.43573233437500003 0.8857393328125 0.442742340625 0.8861099421875 0.4475960625 0.8839178640625001 0.4142585140625 0.767055259375 0.40560057031249996 0.7725616953125 0.40153150625 0.7762852671875 0.43573233437500003 0.8857393328125
0 0.3866726390625 0.89755535625 0.3951402484375 0.8985860828125001 0.402086284375 0.898462809375 0.4052526875 0.8971854499999999 0.37861609375 0.7989605046875 0.36472745156249997 0.759264215625 0.3572109875 0.7624950515625 0.34508904687499997 0.7703633062499999 0.3866726390625 0.89755535625
0 0.3805933578125 0.77117085625 0.421124209375 0.897773009375 0.42339839843749993 0.898170834375 0.4321760375 0.8949349 0.4323102625 0.8944574828125 0.3928668875 0.762704928125 0.3907585609375 0.7633242734375 0.3805933578125 0.77117085625