0 0.49235220156250004 0.651886971875 0.4875430640625 0.45701709375000005 0.47840510625 0.4559537390625 0.4839362359375 0.6500543515625 0.49235220156250004 0.651886971875
0 0.571187459375 0.6525074281250001 0.57376376875 0.65220198125 0.5816644656250001 0.4671061390625 0.5720649046874999 0.46639472968750006 0.5653478015625 0.650980221875 0.571187459375 0.6525074281250001
0 0.5158825421875 0.6534237390625 0.5239550078125 0.65586725625 0.5316839546875001 0.6534237390625 0.5339167640625 0.46924420937500005 0.5284206078125 0.47168771718749997 0.518974121875 0.471382278125 0.509470484375 0.46859283281249997 0.5105581546875 0.648536721875 0.5158825421875 0.6534237390625
0 0.5766835968749999 0.6586162046874999 0.57908815625 0.6595325140625 0.5830385046875 0.658005325 0.593000259375 0.4732149109375 0.5893934125 0.4747421046875 0.5852713140625 0.4741312265625 0.582523253125 0.472298596875 0.5741072875000001 0.654645496875 0.5766835968749999 0.6586162046874999
0 0.53769534375 0.6601433937500001 0.5421609609375 0.6586162046874999 0.5443937703125 0.47443666562500003 0.539756403125 0.475963859375 0.53559013125 0.474637615625 0.5334014953125 0.6573944453125 0.53769534375 0.6601433937500001
0 0.498363590625 0.6616705828125 0.506951325 0.6616705828125 0.5040314968749999 0.4747421046875 0.5000811484375001 0.47626929999999995 0.4921804328125 0.475963859375 0.48823008437500004 0.4738162265625 0.49286745156249995 0.6592270671875 0.498363590625 0.6616705828125
0 0.4796423671875 0.6494530328125 0.4765507890625 0.49367930312499997 0.4606313828125 0.49442054375 0.4653867625 0.648536721875 0.4796423671875 0.6494530328125
0 0.5644890328125001 0.6622814625 0.5703286890625 0.5062022921875 0.5465634734375 0.50348771875 0.54267623125 0.65831075625 0.5644890328125001 0.6622814625
0 0.5914544703125 0.6665576 0.60038570625 0.5205579046875 0.59540481875 0.5205579046875 0.592141490625 0.5190307140625 0.5838972734375 0.66441953125 0.5914544703125 0.6665576
0 0.597465878125 0.676331634375 0.602618515625 0.676331634375 0.613439040625 0.5156708875 0.6089734234375 0.5156708875 0.603439390625 0.5177753890625 0.5942025484375 0.67480444375 0.597465878125 0.676331634375
0 0.3042598359375 0.8294547250000001 0.3075231640625 0.8300656046875 0.3121605328125 0.8273166562500001 0.2942980796875 0.7014759078125 0.29086298125 0.7033085359375 0.28553859375 0.7023922265625 0.2804212765625 0.6996684171875 0.2997942171875 0.8270112078125 0.3042598359375 0.8294547250000001
0 0.31679789999999997 0.83586893125 0.3200612296875 0.835258053125 0.3222940390625 0.8334254156249999 0.3042598359375 0.696588890625 0.3008247375 0.6981160796875 0.2972179078125 0.698726959375 0.2944698296875 0.6971997703125 0.3128475515625 0.8346471734375 0.31679789999999997 0.83586893125
0 0.28863017343749997 0.839228759375 0.29378281093749997 0.8389233109375 0.2944698296875 0.8367852421875 0.27454631875 0.700865028125 0.2704242203125 0.7030031046875 0.264069303125 0.7033085359375 0.2608059734375 0.7023922265625 0.2833058046875 0.8389233109375 0.28863017343749997 0.839228759375
0 0.34565262812499997 0.8450320859374999 0.32658790625 0.7265218796874999 0.31859614375 0.72824375625 0.33775193125 0.8431994656249999 0.34565262812499997 0.8450320859374999
0 0.334488603125 0.8377015703125 0.3198894796875 0.736295921875 0.3099277234375 0.735379603125 0.3102712234375 0.7356850421875001 0.323496328125 0.8364798109375 0.334488603125 0.8377015703125
0 0.35320982500000003 0.8545006890625 0.3334580828125 0.7253001296875 0.32658790625 0.7253001296875 0.34719841875 0.8529735 0.35320982500000003 0.8545006890625