0 0.5464701015625 0.6363655890625 0.6018512859375 0.4752671515625 0.594627653125 0.470985465625 0.5937247 0.4704502546875 0.5398484375 0.6352951671875 0.5464701015625 0.6363655890625
0 0.538945484375 0.6433233296875 0.5904138671875 0.48168968124999995 0.58174848125 0.47366151875 0.530216928125 0.6369008 0.538945484375 0.6433233296875
0 0.52841101875 0.641717696875 0.571150846875 0.50470374375 0.5551986578125 0.4886474203125 0.5103519375000001 0.6320839031250001 0.52841101875 0.641717696875
0 0.5045315078125 0.6506136734375 0.553424690625 0.4860996734375 0.5448353484374999 0.4798324703125 0.5454402984375 0.4810075703125 0.498805265625 0.6474800671875001 0.5045315078125 0.6506136734375
0 0.4831682625 0.664714871875 0.49440048125 0.662364671875 0.5417519796875 0.4986340703125 0.5196615437500001 0.4774822703125 0.472156290625 0.6584476609375 0.4831682625 0.664714871875
0 0.4668705421875 0.663539771875 0.5146625140625 0.4986340703125 0.5008232234375 0.48453287031250003 0.4536561671875 0.654530684375 0.4668705421875 0.663539771875
0 0.5952296234375 0.6663373921875 0.6147936281249999 0.5116614828125 0.6042591640625 0.5089854296875 0.5865010671875 0.6679430234375 0.5952296234375 0.6663373921875
0 0.5645291828125 0.6599148625 0.6015503015625 0.526647384375 0.5934237140625 0.5202248546875 0.556402596875 0.6556331765625 0.5645291828125 0.6599148625
0 0.35583019843749997 0.6991844640625 0.457140384375 0.5918586765625 0.45559872187500006 0.5812827671874999 0.4552146578125 0.5797159656249999 0.3545087515625 0.686650059375 0.35583019843749997 0.6991844640625
0 0.3114184984375 0.8249201749999999 0.2951207765625 0.7011429703125 0.286531434375 0.7031014578125 0.2813733109375 0.6972259578125 0.3001862796875 0.82883715 0.3114184984375 0.8249201749999999
0 0.321769771875 0.8351043625000001 0.30326964843750004 0.6980093640625 0.29492368281250003 0.6937006578125 0.31296018124999997 0.8351043625000001 0.321769771875 0.8351043625000001
0 0.2942398125 0.8398047609375 0.2744182515625 0.7034931703125 0.261213003125 0.7031014578125 0.2834480875 0.8413715734375 0.2942398125 0.8398047609375
0 0.3733058296875 0.8374545624999999 0.35854977187500003 0.72111966875 0.3454897015625 0.7230781562499999 0.36097239999999997 0.8386296625 0.3733058296875 0.8374545624999999
0 0.34555564375 0.8425466734375 0.32947815 0.72699516875 0.32103293437499997 0.72425325625 0.33674605468749996 0.8433300609375 0.34555564375 0.8425466734375
0 0.3334424609375 0.83706285 0.32088880625 0.7387461671875 0.311448525 0.73482915625 0.323091209375 0.8366711734375001 0.3334424609375 0.83706285
0 0.35348426875 0.8535142484374999 0.335865090625 0.7250366625 0.3289648578125 0.72366570625 0.3477580265625 0.8554727734375 0.35348426875 0.8535142484374999