0 0.4601054984375 0.6524937328125 0.44405417031249994 0.455125415625 0.43423623750000007 0.45477602656249994 0.45069610156250006 0.6520015796874999 0.4601054984375 0.6524937328125
0 0.46965326406249996 0.6468339890625 0.45609265781249997 0.46522994375 0.44731043281250005 0.4667295765625 0.4616276 0.6475722125 0.46965326406249996 0.6468339890625
0 0.401020015625 0.6317361921875 0.4066933265625 0.6322283453125 0.3978374265625 0.500331640625 0.3917489890625 0.500331640625 0.401020015625 0.6317361921875
0 0.438519228125 0.6483104359375 0.43132380000000003 0.49303652343750004 0.4155492265625 0.49279044687500007 0.42385163124999997 0.647080059375 0.438519228125 0.6483104359375
0 0.5723069375 0.6722665625 0.5749073921875001 0.67371171875 0.58059589375 0.6725555875 0.5908351875 0.48237263124999996 0.588722315625 0.48526294999999997 0.584171521875 0.48555197968749997 0.5806778968749999 0.4839826625 0.5711692390625001 0.6667749484375001 0.5723069375 0.6722665625
0 0.5692189 0.6740007421875001 0.5763701484375 0.48526294999999997 0.5667809703125 0.48381778906250006 0.5604423625 0.6725555875 0.5692189 0.6740007421875001
0 0.408492184375 0.6571691687500001 0.41970043749999997 0.6566770156249999 0.41001428593749994 0.5006648765625 0.39787752187500003 0.5017047796874999 0.408492184375 0.6571691687500001
0 0.5984740359375 0.6806484875 0.6044875843749999 0.67949235625 0.6152144703125 0.517634515625 0.6054627499999999 0.5193687046875 0.59506093125 0.6789142906250001 0.5984740359375 0.6806484875
0 0.58920990625 0.6823826687500001 0.5994492 0.5332422359375 0.596036096875 0.53353126875 0.5913543046874999 0.5323433734374999 0.581896125 0.6792033156249999 0.58920990625 0.6823826687500001
0 0.293059528125 0.8278084578125 0.2973907046875 0.8273921265625 0.298327171875 0.8257267546874999 0.27877836093749997 0.6924973390625 0.2654336609375 0.6920809953125 0.287206590625 0.82718395 0.293059528125 0.8278084578125
0 0.50550773125 0.8409107109375 0.5103835906249999 0.8409107109375 0.5116838140625 0.8385984640625 0.5092458921875 0.70073026875 0.5056702640624999 0.7021754234375 0.50225716875 0.70246445625 0.4986304421875 0.700825846875 0.5027447515625 0.8383094234374999 0.50550773125 0.8409107109375
0 0.546627440625 0.8507378078125001 0.5524784656249999 0.85333909375 0.55914213125 0.8510268312499999 0.5653182140624999 0.714025734375 0.5594671890625 0.714892825 0.5534536390625 0.7143147671875 0.5449923734375 0.711486003125 0.542239171875 0.8472694140625 0.546627440625 0.8507378078125001
0 0.5129840453125001 0.8504487671875 0.5170472562499999 0.8524719875000001 0.5217605843750001 0.85333909375 0.5272865515625 0.852761028125 0.5277741328125 0.724141846875 0.5248486203125 0.725587003125 0.5186725375 0.7270321671875 0.51412174375 0.7252979703125 0.51062311875 0.720846140625 0.51119623125 0.8469803890625001 0.5129840453125001 0.8504487671875
0 0.530537121875 0.8579636015625001 0.536388146875 0.8588306921875001 0.5409389484375 0.8570964953125 0.543701928125 0.7160489546875 0.54158905625 0.720095396875 0.5367132046875 0.7221186265624999 0.5313497625 0.7192283078124999 0.5294896453125 0.7174660921875 0.5272865515625 0.85478425 0.530537121875 0.8579636015625001
0 0.586934509375 0.8732822796875 0.594573340625 0.744374075 0.585942975 0.7424264578125 0.5791331375000001 0.869813903125 0.586934509375 0.8732822796875
0 0.57767038125 0.8703919687499999 0.5846591125 0.753334065625 0.564443909375 0.74658651875 0.55914213125 0.86229906875 0.57767038125 0.8703919687499999