0 0.558330521875 0.62702146875 0.56247550625 0.6290860609375 0.567990646875 0.6277261249999999 0.5861705875000001 0.4110378203125 0.5854205484375 0.4135148125 0.580869771875 0.4141816921875 0.57662153125 0.41112369531250004 0.558330521875 0.62702146875
0 0.599230478125 0.6334192625 0.6043546046875 0.6368372250000001 0.6094411640625 0.63834473125 0.6169399515625 0.634692221875 0.6194043796875001 0.6321199734375 0.63390934375 0.43091350781250004 0.6282998015625 0.4341409328125 0.622803759375 0.4345220078125 0.617440115625 0.43420495 0.6103430000000001 0.4313776765625 0.599230478125 0.6334192625
0 0.6391033390625 0.6242008609374999 0.6384068734375 0.6242008609374999 0.6377492625000001 0.6309931093750001 0.6445808109375 0.6298006890625001 0.6574256609375 0.48067955625 0.6568899187499999 0.4805842875 0.6575475156249999 0.474711171875 0.6506674343750001 0.476391 0.6391033390625 0.6242008609374999
0 0.6204028625 0.6310628625 0.622974453125 0.63296823125 0.62736450625 0.6307247296875 0.6402742031249999 0.47301110625 0.6323807718750001 0.47305667968750004 0.6204028625 0.6310628625
0 0.62860275 0.628861003125 0.6366538453125 0.630473215625 0.6368881125 0.623159725 0.6389586375 0.623679009375 0.6488753890625001 0.48336116718750005 0.6480182015625 0.48317062968749996 0.649143259375 0.47650167187500003 0.641055215625 0.475974209375 0.62860275 0.628861003125
0 0.5701531421875 0.6333180921875 0.5787882890625 0.6332751515624999 0.58477596875 0.6311815859375 0.5994114859375 0.4737062609375 0.590265015625 0.47332518593749995 0.58314745 0.47347347031250003 0.5701531421875 0.6333180921875
0 0.49622344375000005 0.86592545 0.498227771875 0.86823806875 0.5009642140625 0.869066259375 0.50451981875 0.8688453203125001 0.5072316906250001 0.8654531796875 0.50246170625 0.7062671921875 0.5003748203125 0.7092359796875 0.49655358906249997 0.710531215625 0.49184953125 0.7097399734375001 0.4895140234375 0.7068679578125 0.49622344375000005 0.86592545
0 0.5939897359375 0.8555779906250001 0.6051154859375 0.8537464703125 0.6159861 0.7228088765625 0.610067096875 0.72331040625 0.603996909375 0.724234878125 0.5939897359375 0.8555779906250001
0 0.5079396828125 0.8678546562499999 0.5163245359374999 0.8689444484375001 0.514426509375 0.710367146875 0.5051582406249999 0.7099201171875 0.5079396828125 0.8678546562499999
0 0.5168737125 0.8667799625000001 0.5188327828125 0.86981519375 0.5212232593749999 0.8706248640625001 0.5235936453125001 0.8693733171875 0.5251426453125 0.8682262859375 0.526240259375 0.7110987984375 0.52491223125 0.7131229718750001 0.521555446875 0.713644225 0.518430696875 0.7129695015624999 0.5166151125 0.7113960421875001 0.5168737125 0.8667799625000001
0 0.62681871875 0.8646658328125 0.6388261265625 0.7143232875 0.6366343624999999 0.7171947203125 0.631833228125 0.7190431359375 0.6257312671874999 0.7180635109375 0.62171945 0.715528634375 0.6102008765625 0.86668278125 0.6141301796875 0.8705480046874999 0.6209916718749999 0.870181346875 0.6253885328125001 0.867611828125 0.62681871875 0.8646658328125
0 0.55045253125 0.8643545953125 0.56483868125 0.8650352281250001 0.5744030796875 0.731163515625 0.5581255140625 0.7308782578125 0.55045253125 0.8643545953125
0 0.5825361874999999 0.8673599375000001 0.5847453171875 0.8679578921875001 0.5900512531250001 0.8657474453124999 0.60173466875 0.7322159687500001 0.5931602921875 0.7350108484375 0.5825361874999999 0.8673599375000001
0 0.5256272234375 0.8594538093749999 0.5326864546875 0.8622450765625 0.535984425 0.739183021875 0.52861255 0.7385068296874999 0.5256272234375 0.8594538093749999
0 0.5432520140625 0.8622093140624999 0.547816553125 0.86292810625 0.554525634375 0.744768703125 0.54857963125 0.7445688171875 0.5432520140625 0.8622093140624999
0 0.35238833125 0.8921302531249999 0.3605132828125 0.8888885484375001 0.34594915312499996 0.8568243359375 0.29671825625000003 0.755640634375 0.298249928125 0.748618171875 0.285896775 0.720663734375 0.2771123875 0.7271605171875 0.35238833125 0.8921302531249999
0 0.569379778125 0.8738839515624999 0.5796256109375 0.8733146984375001 0.5911173468750001 0.7395888203125 0.57954488125 0.739438625 0.569379778125 0.8738839515624999
0 0.5368153234374999 0.8690064625 0.5417030234375 0.8696322343749999 0.54565255 0.7509775078125001 0.5401930203124999 0.7506556578125 0.5368153234374999 0.8690064625
0 0.33377130625 0.8883080609375 0.33639907812500003 0.8897353046875001 0.3391380421875 0.8893575703125001 0.3421721140625 0.8880031421875 0.3455390984375 0.8855036203125 0.3475267609375 0.8822341437500001 0.27910439062500003 0.737899371875 0.278110565625 0.7414183671875 0.27440653125000003 0.7469016515625 0.27165885 0.748668925 0.267239075 0.752167178125 0.2642309765625 0.7517644109375 0.33377130625 0.8883080609375
0 0.3641908734375 0.89447241875 0.3654975078125 0.8957580437500001 0.36973883281250003 0.8950909640625 0.37481844531249997 0.8941736109375 0.3789761515625 0.8918754968749999 0.3817566859375 0.8866355703125001 0.334279325 0.7763121 0.3345080375 0.7709062546875 0.3191009484375 0.733726946875 0.31126441875 0.7427498140625 0.3041506484375 0.7495863843749999 0.2975529046875 0.7542212484374999 0.3641908734375 0.89447241875
0 0.27123563125 0.9020301609375 0.27285794218750004 0.9034041500000001 0.2795070171875 0.9041798859375 0.283409246875 0.9034244421875 0.28579934218749997 0.8996559296875001 0.252890734375 0.74199503125 0.249593703125 0.7442816296875 0.24363155625 0.7464527203125 0.2392325265625 0.7466004609375 0.23731861406250002 0.7441701203125 0.27123563125 0.9020301609375
0 0.33504734375 0.7766619921875 0.3872540109375 0.8991824234375001 0.4041654375 0.8961856812500001 0.35614544062500003 0.7590768578125 0.34452145624999997 0.766726171875 0.33495470156249996 0.775483253125 0.33504734375 0.7766619921875