0 0.5992293234375 0.6333050484375 0.6037516390625 0.6364954 0.609004765625 0.63717511875 0.61434503125 0.6359772609375 0.6199040140625 0.6313618796875 0.6347066328125 0.4304849328125 0.63269984375 0.432269203125 0.6269442171875 0.4339542609375 0.6187465125 0.43390686718750004 0.612077934375 0.432302621875 0.5992293234375 0.6333050484375
0 0.6514079875000001 0.4764640578125 0.6381067984375 0.623326778125 0.6375418578125001 0.63030355 0.644659925 0.628302709375 0.6572354953125 0.48061167656250003 0.65804775625 0.47368933281250003 0.651595709375 0.476164796875 0.6514079875000001 0.4764640578125
0 0.6205310625 0.631503178125 0.6276473046875 0.63023076875 0.6411954828125 0.4726244109375 0.6332197093749999 0.47265959999999996 0.6205310625 0.631503178125
0 0.6289963359375 0.6277590234375 0.6368760765625 0.6299894625 0.6367064921875001 0.62374690625 0.637757653125 0.6235769765625 0.6498097734375 0.48292081875 0.6482745078125001 0.483220884375 0.6489291265625 0.47650368125 0.64114050625 0.4761512296875 0.6289963359375 0.6277590234375
0 0.5631491578125 0.635924421875 0.5694560875 0.636759096875 0.595365059375 0.4767147890625 0.5888690828125 0.4743062296875 0.5631491578125 0.635924421875
0 0.5707598765624999 0.638177978125 0.576946071875 0.6390892703125 0.6045513328125 0.47993225156249997 0.5980689875 0.4772799375 0.5707598765624999 0.638177978125
0 0.5917659875 0.8543948218749999 0.6037010390625001 0.8541811906250001 0.6118913234375001 0.721711675 0.6075967609374999 0.7215811390625 0.6038205375000001 0.722951028125 0.5997431125 0.7235253015625001 0.5917659875 0.8543948218749999
0 0.609842240625 0.867127828125 0.6123456328125 0.869307165625 0.615894446875 0.8706348281249999 0.620489021875 0.870097165625 0.62391265625 0.8682399000000001 0.62679045 0.8647187578125 0.638627234375 0.7128870640625 0.6351337796875 0.7161089515625 0.6292645328125 0.7176777390625 0.6248552546874999 0.7171553281249999 0.6205949390625001 0.714257821875 0.609842240625 0.867127828125
0 0.478341003125 0.8723153312499999 0.485972928125 0.8685874671875 0.4381850421875 0.7232749484375 0.42984486874999994 0.728618790625 0.478341003125 0.8723153312499999
0 0.44405326718750004 0.727444159375 0.4416932421875 0.72776755 0.4412169375 0.727902384375 0.4866587953125 0.86948675625 0.49014747812500004 0.8731938937500001 0.49281278906250003 0.872189596875 0.4952728875 0.869390375 0.44910486718750003 0.7235486328125 0.44887803593750003 0.7229227765624999 0.447268825 0.7252132125 0.44405326718750004 0.727444159375
0 0.465844275 0.74541718125 0.4638872 0.7463250375 0.4623555796875 0.7464006921874999 0.49837116249999996 0.8566650062500001 0.5018298531250001 0.8580550109375 0.5053710437500001 0.8557190109375 0.4688606625 0.7410673140624999 0.4674184390625 0.7436771156249999 0.465844275 0.74541718125
0 0.40807128437499995 0.732227384375 0.405293325 0.7330462484375 0.40335125781250003 0.732819284375 0.45315190625 0.8762516734375 0.45672776875 0.8789529171874999 0.46078960156250004 0.8771713265625 0.4618532 0.8745990296875 0.425584771875 0.76072213125 0.4248790921875 0.7545232296875 0.414869325 0.7251802078125 0.41167995625 0.7291708078125 0.40807128437499995 0.732227384375
0 0.353476209375 0.89211314375 0.36192391874999996 0.8914830796875 0.3402685078125 0.8267217562500001 0.31149749843749996 0.7466392515625 0.31279719687499996 0.740916075 0.303837615625 0.7142489890625 0.29385425625 0.7192225421875 0.353476209375 0.89211314375
0 0.3348424828125 0.8872495718750001 0.33757038906250003 0.88999390625 0.341899746875 0.8901960624999999 0.346729571875 0.8883024953125 0.3497751796875 0.884606853125 0.3237966484375 0.8072008046875 0.297776628125 0.7321900015625 0.2966779609375 0.734198596875 0.289433628125 0.7384598703125 0.2855645109375 0.740228134375 0.282125103125 0.7394124078125001 0.3348424828125 0.8872495718750001
0 0.324495125 0.7384005140625 0.314994725 0.743951259375 0.3113259234375 0.745657215625 0.3649211328125 0.8932591546875001 0.3674386453125 0.8967498328125 0.3716354734375 0.897224528125 0.378210015625 0.8957588890625001 0.384501628125 0.8922539687500001 0.37241655156250003 0.8542711890625 0.344410228125 0.769307153125 0.345785596875 0.7626519093749999 0.3353717328125 0.727828059375 0.3316368640625 0.7334172125 0.324495125 0.7384005140625
0 0.3233455078125 0.8873933468749999 0.3316939953125 0.8871408890625 0.29973782656250003 0.7892869218749999 0.284381390625 0.7460953859375 0.277470678125 0.7486798859375 0.3233455078125 0.8873933468749999
0 0.4258566015625 0.7623418875 0.4656994421875 0.8865638734375001 0.4735101890625 0.8814144296875 0.43423173437499996 0.75298264375 0.4292340671875 0.7582853453125 0.4258566015625 0.7623418875
0 0.3651281859375 0.7500184375 0.36170455156250003 0.7501905234375 0.361151475 0.7493583234375001 0.41168436406250003 0.8981017375 0.41529317031249996 0.901148709375 0.41795334687499996 0.8993041312500001 0.41986783125000005 0.895294415625 0.37018683750000003 0.7437151656250001 0.3681889703125 0.7482501796875 0.3651281859375 0.7500184375
0 0.27656653124999997 0.9026906296874999 0.280833565625 0.9039767578125 0.2845850125 0.9043757984375 0.2876257484375 0.9027870515625 0.2890297296875 0.900214775 0.289370084375 0.8968859109375 0.25320022343750004 0.7414207703125 0.25058492656250003 0.744282321875 0.24476754375 0.7473056984374999 0.2392620703125 0.7480696796874999 0.236697909375 0.7470249796874999 0.27656653124999997 0.9026906296874999
0 0.30319430468749997 0.8919894296875001 0.309198228125 0.8909643859375 0.3151093734375 0.8900617828125 0.317531959375 0.8884997015625 0.278875996875 0.7540338890625 0.274777071875 0.7553624812499999 0.2679551875 0.7585099859375 0.2635257296875 0.762295565625 0.262131165625 0.765481846875 0.30319430468749997 0.8919894296875001
0 0.40156451875 0.7761957734375 0.435538846875 0.8856456234375001 0.440307928125 0.8874596374999999 0.4478347703125 0.8849308140625001 0.4148122390625 0.7676559328125 0.41072138437500005 0.7689619999999999 0.40156451875 0.7761957734375
0 0.35186449999999997 0.7654497578125 0.3448145984375 0.7695654890625 0.38696484999999997 0.898033415625 0.40567782656249995 0.89767376875 0.378114621875 0.7980551203124999 0.3645955234375 0.7596554109375 0.3649685734375 0.7605908921875 0.3646015265625 0.759271290625 0.36095782656250003 0.7600598953125 0.35186449999999997 0.7654497578125
0 0.38019102656250003 0.7713800484375 0.420875740625 0.8978148156250001 0.42466924375000004 0.8982474312500001 0.4325266484375 0.8951842781250001 0.3930866125 0.7625811031249999 0.389697071875 0.7635769171875 0.38019102656250003 0.7713800484375