0 0.4190437109375 0.634512290625 0.4386821328125 0.5419272890625 0.4375411859375 0.5247408328125001 0.41779681718750006 0.6106730687499999 0.4190437109375 0.634512290625
0 0.5534154546875001 0.6995696984374999 0.563570640625 0.48283554687499997 0.553365246875 0.480427371875 0.5429217515625 0.7019778750000001 0.5534154546875001 0.6995696984374999
0 0.5723717921875 0.69535540625 0.5855735656250001 0.505713021875 0.5757568640625 0.5027028437500001 0.5747000140625 0.5021007859375 0.563570640625 0.6965595203125 0.5723717921875 0.69535540625
0 0.58571228125 0.5045171859375001 0.5727103078125 0.6971615234375 0.5821884609375 0.6941513453125 0.5957287515624999 0.5051109921875 0.58571228125 0.5045171859375001
0 0.5584333109374999 0.6954564765625 0.5620858390625 0.6929584281250001 0.5730434265625 0.5061044609375001 0.5646909984375 0.5056048515625 0.5542188546875 0.69245881875 0.5584333109374999 0.6954564765625
0 0.6090432671875 0.700095834375 0.6167677671875 0.5377109703125 0.6049320734375 0.5399090656250001 0.5959116421874999 0.6984472578124999 0.6090432671875 0.700095834375
0 0.341003453125 0.6305037312499999 0.3388907953125 0.6104678625 0.33435772343750003 0.622364159375 0.3364260296875 0.64177390625 0.341003453125 0.6305037312499999
0 0.5903500078125 0.7017444125 0.6031726578125001 0.55557055 0.595658825 0.5506248171875 0.5826255078125 0.6998210640625 0.5903500078125 0.7017444125
0 0.29819179687499997 0.8512154296875 0.2788805734375 0.7163068359375 0.26775730625 0.713284453125 0.26683036875 0.7124601640625 0.2881499625 0.8517649468749999 0.29819179687499997 0.8512154296875
0 0.310087521875 0.7215273390625 0.3281628296875 0.8561611609374999 0.33573282187500003 0.859458315625 0.341757925 0.85698545 0.3238371109375 0.718779703125 0.310087521875 0.7215273390625
0 0.310705471875 0.8602826046875001 0.289694865625 0.720977809375 0.28536914687500003 0.7218020984375 0.2807344515625 0.72125256875 0.2796729234375 0.7204282796875 0.3011271078125 0.8627554703125 0.310705471875 0.8602826046875001
0 0.3012816015625 0.7347159578125 0.293866090625 0.7316935625000001 0.3116324109375 0.8575349671874999 0.32012935468750003 0.861656409375 0.32769936093749996 0.8586340265624999 0.30957914531249997 0.7311440328125001 0.3012816015625 0.7347159578125
0 0.49709967187500004 0.878966471875 0.49570926249999997 0.7404859781249999 0.4755702734375 0.737326196875 0.480260290625 0.8764936062500001 0.49709967187500004 0.878966471875
0 0.5499351890625 0.8913308015625001 0.555033353125 0.76026890625 0.5477723359375 0.7575212687499999 0.5467424453125 0.7583455578125 0.541901728125 0.8905065125 0.5499351890625 0.8913308015625001
0 0.5420562078125 0.8896822249999999 0.5434466171875 0.7715341765625 0.5242548218749999 0.7661762999999999 0.5222815171875 0.8869345875000001 0.5420562078125 0.8896822249999999