0 0.45959104218749997 0.6527012671875 0.45123383281249996 0.45638249062499997 0.4411363625 0.455209271875 0.4499142734375 0.654265559375 0.45959104218749997 0.6527012671875
0 0.4690478859375 0.647226240625 0.46354972187500004 0.4661593234375 0.45607221718749996 0.46498610312500005 0.46157038124999994 0.6480083875 0.4690478859375 0.647226240625
0 0.4418296 0.6479098921875 0.43706907968750003 0.49423478125000003 0.420956546875 0.49097895312500006 0.42571706875000004 0.6498633890625001 0.4418296 0.6479098921875
0 0.49499922031250004 0.6476173140625 0.4941195140625 0.4962719640625 0.47193338125000006 0.49353445 0.47366634375 0.647226240625 0.49499922031250004 0.6476173140625
0 0.5719735218750001 0.6687352703125 0.5816502906250001 0.48219332656249997 0.5713137421875001 0.4814111796875 0.56471594375 0.6679531234375 0.5719735218750001 0.6687352703125
0 0.5792310984375 0.6749924421875 0.5831897765625 0.673819221875 0.593086471875 0.4868862046875 0.5832426078124999 0.48649513281249995 0.5735130078124999 0.67460136875 0.5792310984375 0.6749924421875
0 0.5337062984375 0.6812496140625 0.54008416875 0.6769478078125 0.5392044625 0.49079693750000003 0.5299675453125 0.49079693750000003 0.522528484375 0.4884504984375 0.524029528125 0.6792942484375 0.5337062984375 0.6812496140625
0 0.5543793953125 0.6847692734375 0.5640561640625 0.6812496140625 0.5691144765625 0.4927523046875 0.5581181468749999 0.49431659687499996 0.5429432140625 0.49236123125000003 0.542283434375 0.679685321875 0.5543793953125 0.6847692734375
0 0.6062820671875 0.678121028125 0.6155189828125 0.51738991875 0.604140584375 0.5185631390625 0.5928665453125 0.678121028125 0.6062820671875 0.678121028125
0 0.5911071328124999 0.682422834375 0.6014436828124999 0.5353792890625 0.5927016921875 0.53420606875 0.58296985 0.679685321875 0.5911071328124999 0.682422834375
0 0.5545993218749999 0.8638808250000001 0.5570185140625 0.8615343859375001 0.5631764578125 0.7238766 0.5581181468749999 0.7262230390625 0.5526199828125 0.723094453125 0.5484413781249999 0.8638808250000001 0.5545993218749999 0.8638808250000001
0 0.525788940625 0.87365765625 0.529307765625 0.8717022906249999 0.5328265921875001 0.7320891375 0.5253490875 0.732871284375 0.51919114375 0.7320891375 0.5189712171875 0.8713112171875 0.525788940625 0.87365765625
0 0.5403040953125 0.87092014375 0.5475616718749999 0.867400484375 0.5517402765625 0.7387373828125 0.542283434375 0.74069275 0.5346273140625 0.737173090625 0.5308472515625 0.8685737046875 0.5403040953125 0.87092014375
0 0.5906672796875 0.8724844375 0.5988045625 0.7438213359375 0.5906672796875 0.7422570421875 0.583409703125 0.8717022906249999 0.5906672796875 0.8724844375
0 0.5699941828124999 0.8611433125 0.5759322 0.76141963125 0.5638362375 0.75868211875 0.5640561640625 0.7582910453125 0.5636645031249999 0.75868211875 0.5581181468749999 0.8642718984375 0.5699941828124999 0.8611433125
0 0.5823100703125 0.87522195 0.5884680140625 0.7625928515625 0.58016290625 0.7563356796875 0.5717535953125 0.8763951703125 0.5823100703125 0.87522195