0 0.5838860078125 0.6609138156250001 0.589145703125 0.47545122500000003 0.580227078125 0.4697572015625 0.579387103125 0.46871864375000005 0.5751265765625 0.6623757343750001 0.5838860078125 0.6609138156250001
0 0.592118584375 0.6682347078124999 0.5987503750000001 0.5222235890625 0.5903719734374999 0.5232403734375 0.5843433671875 0.665794409375 0.592118584375 0.6682347078124999
0 0.603324021875 0.6775891671875 0.61247135625 0.51652955625 0.6034123109375 0.51652955625 0.5939480390625 0.67636901875 0.603324021875 0.6775891671875
0 0.5344905515625 0.64545859375 0.534947909375 0.6324436703125 0.42084758281249995 0.6269530015625 0.4224360375 0.6397645609375 0.5344905515625 0.64545859375
0 0.2797283671875 0.7004611203125 0.29841616875 0.8248213625 0.30448970468750003 0.8292529171874999 0.3119648265625 0.828145021875 0.2935884828125 0.7007380875 0.287062565625 0.7023999171875001 0.2797283671875 0.7004611203125
0 0.29872762812500003 0.6993532390625 0.2935884828125 0.69686049375 0.3133664109375 0.834515359375 0.31741543125 0.8372850843749999 0.32255457656250003 0.8334074906250001 0.3048231734375 0.6940907703125 0.29872762812500003 0.6993532390625
0 0.2611962921875 0.70461569375 0.2611215421875 0.70464893125 0.2837773859375 0.8425475515624999 0.2948343453125 0.8395008484375 0.27365483125 0.7037847796875 0.2611962921875 0.70461569375
0 0.34770303281250003 0.6993484953125 0.3762883796875 0.8526804859375 0.3852070046875 0.8526804859375 0.354959559375 0.6958913953125 0.34770303281250003 0.6993484953125
0 0.36736975625 0.7103298328125 0.3602805859375 0.709109684375 0.3865791 0.844546175 0.393210890625 0.8482066203124999 0.3980132265625 0.8461730515625 0.3738337328125 0.7038223609375 0.36736975625 0.7103298328125
0 0.373086809375 0.840479 0.35159065156249997 0.72253131875 0.3415760546875 0.7233447375 0.359823228125 0.8408857281250001 0.373086809375 0.840479
0 0.3762883796875 0.718870871875 0.39984268125 0.8551207828124999 0.41699388125 0.8534939421875001 0.395453240625 0.711143253125 0.3762883796875 0.718870871875
0 0.426598553125 0.8526804859375 0.405331065625 0.7127701296875 0.398541740625 0.716023846875 0.4195094046875 0.8555275109375 0.426598553125 0.8526804859375
0 0.3378696921875 0.8433260265625 0.3456448890625 0.8437327546875 0.325749496875 0.7282253328125 0.318927046875 0.7282253328125 0.3378696921875 0.8433260265625
0 0.3234626828125 0.8372252828125 0.333296025 0.8388521609374999 0.31797430000000004 0.7375798109375 0.31069104531249997 0.73493615 0.3234626828125 0.8372252828125
0 0.32666423437500003 0.7265984734375001 0.34930381875 0.855934240625 0.3550208921875 0.8563409312499999 0.3347127203125 0.7270051843750001 0.32666423437500003 0.7265984734375001
0 0.44512185000000004 0.8620349828125 0.441691609375 0.747341 0.422563415625 0.742867115625 0.42774198124999996 0.8616282546875 0.44512185000000004 0.8620349828125