0 0.5614195078125 0.5589298296874999 0.5767416703125 0.395135553125 0.5707509421875 0.39861436875 0.556040453125 0.559799534375 0.5614195078125 0.5589298296874999
0 0.5545734390625 0.564437965625 0.5695696015625 0.40006388125000003 0.5634128140625 0.39861436875 0.5474013703125 0.5664672562499999 0.5545734390625 0.564437965625
0 0.5901078125 0.568496575 0.6003769171875 0.42760451406250005 0.5937437437499999 0.42731460468750004 0.5842397515625 0.57052589375 0.5901078125 0.568496575
0 0.54772736875 0.5658874625 0.5565294578125 0.42731460468750004 0.53724015625 0.42905401249999997 0.5304492015625 0.5711056875 0.54772736875 0.5658874625
0 0.5741336390625 0.570815778125 0.5899448046875 0.440360165625 0.5839595734375 0.4394904609375 0.5687545828125 0.5713955984375 0.5741336390625 0.570815778125
0 0.5685057046875001 0.7620057328125001 0.58773990625 0.6451754765625 0.58040483125 0.644015875 0.58105684375 0.6454653859375 0.5603556265625 0.7643249359375 0.5685057046875001 0.7620057328125001
0 0.5434034578125 0.778820021875 0.5458484828125 0.776790703125 0.576818790625 0.6387976515625 0.5685495031250001 0.6373481390625 0.5390024125 0.7770806125 0.5434034578125 0.778820021875
0 0.38839045625 0.7485898375 0.3891526375 0.7494918968750001 0.43098467031250004 0.8615343843750001 0.436921625 0.8548861515624999 0.3951430734375 0.7410838234375 0.38839045625 0.7485898375
0 0.4184511015625 0.883043425 0.42658693437500006 0.8689647875000001 0.3854680234375 0.7461677796874999 0.3660548734375 0.7665035828125 0.40899596562499996 0.8842166453125 0.4184511015625 0.883043425
0 0.34726378750000003 0.7700661281250001 0.3933839625 0.8857809328125 0.404158440625 0.8724844468749999 0.3579821328125 0.757117825 0.34726378750000003 0.7700661281250001
0 0.3729344546875 0.902206009375 0.34017127187499996 0.7492963625 0.3314082265625 0.7524249453125 0.36413898125 0.90572566875 0.3729344546875 0.902206009375
0 0.35952134999999996 0.9014238562499999 0.3370928578125 0.7848840312500001 0.32051928125 0.7934876375 0.3456684578125 0.9131560546875 0.35952134999999996 0.9014238562499999
0 0.30824978281250004 0.790209640625 0.33291499375 0.9198043234375 0.34105082656249996 0.9135471390625 0.31664335 0.7833197453125 0.30824978281250004 0.790209640625
0 0.3058688703125 0.780191153125 0.29861259375000004 0.7887947578125 0.2939949625 0.7930965703124999 0.28779255625 0.7960382 0.3129052546875 0.9241061171875 0.32170074843749996 0.92097754375 0.3302763484375 0.9088542609375001 0.3058688703125 0.780191153125
0 0.3129052546875 0.939749059375 0.2854193625 0.79778945 0.2768437625 0.8032644812499999 0.26937423125 0.8063930546875 0.2992722546875 0.948352646875 0.3129052546875 0.939749059375