0 0.59977290625 0.6331298546874999 0.6036093796875 0.6361761671874999 0.609443325 0.637083553125 0.616104096875 0.6355081609375001 0.6198751578125 0.6307157546875 0.6353683875 0.42928855 0.6269674578125 0.4326665375 0.6186892515625 0.4328957625 0.6118912078125 0.4312454875 0.59977290625 0.6331298546874999
0 0.63290053125 0.4736048734375 0.6204346375 0.630560734375 0.628294803125 0.6308680421874999 0.6413265796875 0.47264933906250006 0.6329480328125 0.4725668515625 0.63290053125 0.4736048734375
0 0.6382372515625 0.6234214296875 0.63802831875 0.6237422390625 0.6373587625 0.6304783796875 0.6450583890625 0.629044615625 0.6576572374999999 0.48075578593749996 0.656961421875 0.4813332 0.65775 0.47468068125 0.6510686890625 0.4763548484375 0.6382372515625 0.6234214296875
0 0.6289602734375 0.627948334375 0.6367278390625 0.6304625421875001 0.636542290625 0.6234848656249999 0.6381194578125 0.623649840625 0.6489607828125 0.483521465625 0.6487656359375 0.483606871875 0.6487738109375 0.4766582578125 0.6410784578125 0.47638580625 0.6289602734375 0.627948334375
0 0.593062925 0.855775115625 0.6040720484375 0.8544057171875 0.6151593656250001 0.722921196875 0.6116176578125 0.72252934375 0.6036693046875 0.7244159703124999 0.593062925 0.855775115625
0 0.6099452421875 0.867308321875 0.6124506859375 0.8701875359375 0.6193069078125 0.8705529875 0.624188925 0.8680378421875 0.6267643890625 0.86415435625 0.6387022578125 0.7134911109375001 0.6346874625 0.7170959296875 0.6290781640625001 0.7179685921875001 0.6250533078125 0.7173738359375 0.6210562796875 0.7136749484375 0.6099452421875 0.867308321875
0 0.5815337203125 0.86819870625 0.5840850718749999 0.8681779437499999 0.5890634390625 0.866377328125 0.6014462468749999 0.73200156875 0.5930681546875001 0.7349826187499999 0.5815337203125 0.86819870625
0 0.4192827546875 0.7344012453125 0.4172649234375 0.7335967078125 0.46642487031249996 0.8721468640625 0.46935969375 0.8754433374999999 0.47485006875 0.8698901484375 0.42592876406249996 0.727608578125 0.42288837656249995 0.7326236765624999 0.4192827546875 0.7344012453125
0 0.491040928125 0.8574332578125 0.4962768796875 0.8563142765625 0.4641279375 0.7460763484374999 0.4586006328125 0.7500796578125 0.491040928125 0.8574332578125
0 0.3533629484375 0.8921260265625 0.3615557359375 0.8912013109375 0.3425927484375 0.8325371734375 0.3110055328125 0.745872153125 0.312627034375 0.7408237671875 0.30395115625 0.71391800625 0.2937935984375 0.7192562875 0.3533629484375 0.8921260265625
0 0.45780789843749997 0.8767551171875001 0.46553118437499996 0.87222299375 0.41475147031250004 0.730361415625 0.406134796875 0.736049215625 0.45780789843749997 0.8767551171875001
0 0.476484328125 0.860646878125 0.48305967031249997 0.8582418765625001 0.446587728125 0.7472049359375 0.43951224218749996 0.7512336375 0.476484328125 0.860646878125
0 0.3947226515625 0.738078934375 0.3901844125 0.7382002359375 0.444262375 0.8786390703125001 0.44845061093750005 0.8796826953125001 0.45225057187499995 0.8770341671875 0.4550049078125 0.8711751453125001 0.40145543281249996 0.7283059890625 0.3992401625 0.7342266609375 0.3947226515625 0.738078934375
0 0.5633777703125 0.8735382828124999 0.5701334015625 0.874021228125 0.5737200453125 0.8726978515624999 0.588666940625 0.73974696875 0.5764213203125 0.7386373109375 0.5633777703125 0.8735382828124999
0 0.48444252031249996 0.8634391015625 0.48944370625 0.8613889828125 0.456754440625 0.7526416578124999 0.45108075000000003 0.756466934375 0.48444252031249996 0.8634391015625
0 0.2909661453125 0.737621865625 0.286005771875 0.74029415 0.28257159375 0.7393224375 0.33415386406250003 0.8854880234375001 0.336941040625 0.889432440625 0.3410232890625 0.8893326437500001 0.3475947515625 0.8872806671875001 0.3497006625 0.8839489 0.3128102484375 0.7741066828125 0.29759218125000003 0.7310465578125 0.2948801296875 0.7347798421875 0.2909661453125 0.737621865625
0 0.3223392046875 0.7397103328125 0.3154237234375 0.7434844109375 0.310875453125 0.7454067109375 0.36491510781250003 0.89302556875 0.3665052265625 0.8971773187500001 0.37230217187500003 0.89716000625 0.3785236421875 0.895695653125 0.3838802 0.8906913640624999 0.3632706078125 0.8270748765624999 0.344708678125 0.769528078125 0.3462421234375 0.7602005234375 0.335140921875 0.7278300671875 0.3300371171875 0.7334934234375 0.3223392046875 0.7397103328125
0 0.3236821328125 0.8870424515625001 0.3306767578125 0.88736403125 0.29916163125 0.7861475812500001 0.2844888390625 0.7457771109375 0.27721006406250004 0.749148709375 0.3236821328125 0.8870424515625001
0 0.36645452500000003 0.7483257562500001 0.362449915625 0.7493514 0.4143426578125 0.8946239265625 0.41753898125 0.896346609375 0.42026135781249996 0.8949371421875 0.42237501875000005 0.891413453125 0.3708167375 0.741666259375 0.3692339296875 0.7457554921875 0.36645452500000003 0.7483257562500001
0 0.26828735 0.75811349375 0.26180379062500003 0.7634397265625 0.3037313765625 0.8918766046875 0.3173009625 0.889222328125 0.27890065 0.7543413875 0.2728381765625 0.7561084375 0.26828735 0.75811349375
0 0.2366415203125 0.74728903125 0.276189071875 0.902628721875 0.2791679234375 0.9046861140625 0.2843197 0.9047644171875 0.2876119921875 0.9032121640625 0.28971011406249997 0.8998803765625001 0.25250175937499997 0.7419031781250001 0.2492406640625 0.7450943953125 0.24193461562500002 0.7475893046875 0.236892878125 0.746804825 0.2366415203125 0.74728903125
0 0.3871769953125 0.898015075 0.40575694999999995 0.898328728125 0.3734886 0.7798520546875001 0.365228546875 0.757767096875 0.3449151265625 0.7699411640625 0.3871769953125 0.898015075
0 0.3894110109375 0.7850532640625 0.42874901562499995 0.8907261156249999 0.43401763281249994 0.8912389468749999 0.44118977031249995 0.8866337671875 0.4022262171875 0.7735253640625 0.3979890890625 0.7769254390625 0.3894110109375 0.7850532640625