2 0.065625 0.57578125 0.0765625 0.5828125
2 0.97421875 0.59140625 0.0265625 0.26796875
2 0.15546875 0.57734375 0.0703125 0.58515625
2 0.93828125 0.58828125 0.0203125 0.27734375
2 0.8765625 0.584375 0.0171875 0.2859375
2 0.90859375 0.584375 0.021875 0.284375
2 0.8609375 0.56875 0.02421875 0.328125
2 0.81796875 0.57109375 0.025 0.33828125
2 0.8046875 0.56328125 0.015625 0.34375
2 0.77890625 0.56484375 0.01953125 0.34296875
2 0.73984375 0.5609375 0.01953125 0.34296875
2 0.70390625 0.5578125 0.03046875 0.35
2 0.65546875 0.55703125 0.03671875 0.35625
2 0.58125 0.59140625 0.07265625 0.55078125
2 0.50625 0.59140625 0.0484375 0.54921875
2 0.4203125 0.590625 0.0921875 0.55
2 0.334375 0.59140625 0.04921875 0.5515625
2 0.28203125 0.5921875 0.03359375 0.5390625
2 0.2296875 0.5921875 0.06484375 0.55
2 0.01171875 0.6015625 0.0234375 0.51171875